target_id	length	eff_length	est_counts	tpm
NM_001305288.1	1667	1568	0	0
NM_001305289.1	2178	2079	1.64364	0.925003
NM_001305290.1	963	864	138	186.877
NM_001305291.1	722	623	1	1.87803
NM_001305292.1	2315	2216	6	3.16791
NM_001305293.1	2561	2462	212	100.749
NM_001305294.1	435	336	0	0
NM_001305295.1	3641	3542	90	29.7293
NM_001305296.1	1113	1014	187	215.772
NM_001305297.1	2361	2262	86	44.4833
NM_001305298.1	681	582	6.76329	13.5965
NM_001305299.1	1313	1214	1.4171	1.36575
NM_001305300.1	2361	2262	3	1.55174
NM_001305301.1	5652	5553	25.6368	5.40165
NM_001305302.1	1626	1527	3	2.29865
NM_001305303.1	1254	1155	6	6.07799
NM_001305304.1	774	675	0	0
NM_001305305.1	3436	3337	17.5359	6.1484
NM_001305306.1	1631	1532	3	2.29115
NM_001305307.1	543	444	1.50473	3.96521
NM_001305308.1	1760	1661	2.08149	1.46621
NM_001305309.1	1685	1586	1	0.737713
NM_001305310.1	833	734	8	12.7522
NM_001305311.1	1912	1813	0	0
NM_001305312.1	3517	3418	43	14.7193
NM_001305313.2	1779	1680	478.937	333.549
NM_001305314.1	524	425	817	2249.18
NM_001305315.1	1100	1001	126.238	147.552
NM_001305316.1	3845	3746	3	0.93701
NM_001305317.1	1655	1556	11	8.2713
NM_001305318.1	772	673	1374	2388.7
NM_001305319.1	2422	2323	11	5.54031
NM_001305320.1	1257	1158	4	4.0415
NM_001305321.1	2333	2234	1	0.52373
NM_001305322.1	1955	1856	9.19907	5.79905
NM_001305323.1	1697	1598	0	0
NM_001305324.1	4857	4758	0	0
NM_001305325.1	1260	1161	72.9144	73.4805
NM_001305326.1	2144	2045	1	0.572134
NM_001305327.1	1474	1375	1	0.850919
NM_001305328.1	1420	1321	200	177.141
NM_001305329.1	3088	2989	0	0
NM_001305330.1	1983	1884	8	4.96821
NM_001305331.1	1416	1317	0	0
NM_001305332.1	2647	2548	73	33.5208
NM_001305333.1	1727	1628	492	353.591
NM_001305334.1	1170	1071	1	1.09245
NM_001305335.1	1420	1321	120	106.284
NM_001305336.1	1301	1202	45	43.8025
NM_001305337.1	3182	3083	89	33.7759
NM_001305338.1	561	462	437	1106.7
NM_001305339.1	1063	964	13	15.7782
NM_001305340.1	1914	1815	107	68.976
NM_001305341.1	3018	2919	9.55478	3.82981
NM_001305342.1	1568	1469	6	4.77882
NM_001305343.1	381	282	546	2265.35
NM_001305344.1	1713	1614	7	5.07441
NM_001305345.1	478	379	0	0
NM_001305346.1	794	695	126.979	213.765
NM_001305347.1	529	430	2	5.44192
NM_001305348.1	5074	4975	0	0
NM_001305349.1	2016	1917	0	0
NM_001305350.1	1904	1805	0	0
NM_001305351.1	1392	1293	2	1.80977
NM_001305352.1	874	775	1063	1604.81
NM_001305353.1	1804	1705	0	0
NM_001305354.1	2065	1966	20.8074	12.383
NM_001305355.1	2154	2055	693.974	395.114
NM_001305356.1	5728	5629	41.8689	8.70265
NM_001305358.1	1594	1495	21	16.435
NM_001305359.1	1918	1819	1.19302	0.767374
NM_001305360.1	1214	1115	0	0
NM_001305361.1	987	888	27	35.5747
NM_001305362.1	2744	2645	463	204.808
NM_001305363.1	1608	1509	745	577.641
NM_001305364.1	1404	1305	0	0
NM_001305365.1	1546	1447	13	10.5115
NM_001305367.1	523	424	213.547	589.276
NM_001305368.2	1716	1617	4.18324	3.02687
NM_001305369.2	583	484	1495	3613.99
NM_001305370.1	1788	1689	13.6748	9.47289
NM_001305371.1	1531	1432	0	0
NM_001305372.1	792	693	217	366.368
NM_001305373.1	1593	1494	199	155.845
NM_001305375.1	527	428	30	82.0103
NM_001305376.1	674	575	135.707	276.137
NM_001305377.1	3063	2964	29.4299	11.6172
NM_001305378.1	3255	3156	5.35244	1.98429
NM_001305379.1	5926	5827	5.45504	1.09533
NM_001305380.1	2571	2472	10.8933	5.15586
NM_001305381.2	1961	1862	28.8544	18.131
NM_001308835.1	2208	2109	6	3.32863
NM_001308838.2	1156	1057	0	0
NM_001308841.1	1419	1320	30	26.5912
NM_001308844.1	1404	1305	1	0.896562
NM_001308845.1	1170	1071	0	0
NM_001308852.1	818	719	0	0
NM_001308854.1	2445	2346	0	0
NM_001308855.1	1515	1416	20.8279	17.2097
NM_001308857.1	1022	923	8	10.141
NM_001308859.1	1131	1032	0	0
NM_001308861.1	721	622	7	13.1674
NM_001308865.1	1958	1859	0	0
NM_001308866.2	1811	1712	0	0
NM_001308870.1	1830	1731	0	0
NM_001308872.1	2265	2166	24	12.9641
NM_001308876.1	1452	1353	62	53.6148
NM_001308878.1	2290	2191	15.751	8.41118
NM_001308879.1	2688	2589	49	22.1439
NM_001308882.2	1264	1165	47	47.2023
NM_001308885.1	1854	1755	0	0
NM_001308886.1	3234	3135	125	46.6513
NM_001308888.2	637	538	220.809	480.204
NM_001308889.1	1663	1564	425.837	318.565
NM_001308892.1	549	450	0	0
NM_001308896.1	1002	903	0	0
NM_001308898.1	1357	1258	0	0
NM_001308899.1	2293	2194	8.20583	4.37599
NM_001308902.1	785	686	0	0
NM_001308905.1	1535	1436	5	4.07386
NM_001308906.2	2136	2037	0.00816195	0.00468807
NM_001308908.1	908	809	0	0
NM_001308909.1	1836	1737	17	11.4509
NM_001308913.1	2259	2160	11922.7	6458.18
NM_001308915.1	1541	1442	13	10.548
NM_001308918.1	965	866	0	0
NM_001308924.1	3079	2980	2026	795.452
NM_001319969.1	1722	1623	8	5.76716
NM_001319970.1	1068	969	23	27.7712
NM_001367274.1	1042	943	2.60432e-05	3.23127e-05
NM_001367275.1	1033	934	1.99997	2.50535
NM_001367293.1	2261	2162	108.836	58.8988
NM_001367294.1	2136	2037	237.845	136.613
NM_001367295.1	2230	2131	0	0
NM_001367296.1	2105	2006	0	0
XM_011413559.3	1856	1757	0	0
XM_011413566.3	3391	3292	47	16.7043
XM_011413583.3	1341	1242	0	0
XM_011413585.3	1269	1170	0	0
XM_011413589.3	5392	5293	0.0197184	0.00435873
XM_011413590.3	5222	5123	108.886	24.8679
XM_011413596.3	1119	1020	6	6.88243
XM_011413597.3	2536	2437	0	0
XM_011413601.3	3080	2981	0	0
XM_011413602.3	3013	2914	3	1.20454
XM_011413623.3	1877	1778	19	12.503
XM_011413624.3	2409	2310	51	25.8315
XM_011413626.3	5017	4918	2	0.475809
XM_011413629.3	3564	3465	0	0
XM_011413631.3	1371	1272	0	0
XM_011413632.3	1739	1640	0	0
XM_011413633.3	1667	1568	0	0
XM_011413636.3	1087	988	8	9.47379
XM_011413642.3	1701	1602	0	0
XM_011413646.3	1893	1794	0	0
XM_011413649.3	806	707	685	1133.61
XM_011413651.3	3224	3125	8	2.99523
XM_011413652.3	3776	3677	49.8811	15.8721
XM_011413653.3	3811	3712	0.00074442	0.000234639
XM_011413654.3	3795	3696	0.118133	0.0373965
XM_011413655.3	2831	2732	0	0
XM_011413656.3	5026	4927	25.5439	6.06591
XM_011413657.3	4988	4889	0	0
XM_011413658.3	4994	4895	0	0
XM_011413659.3	4990	4891	2.14649	0.513479
XM_011413660.3	4856	4757	54.9165	13.5071
XM_011413662.3	1889	1790	1	0.653639
XM_011413664.3	2379	2280	18.5369	9.51246
XM_011413665.3	2523	2424	15	7.24018
XM_011413666.3	2845	2746	63.7633	27.1682
XM_011413667.3	2122	2023	0	0
XM_011413668.3	2028	1929	0	0
XM_011413669.3	1984	1885	24	14.8967
XM_011413671.3	2089	1990	0	0
XM_011413672.3	2083	1984	0	0
XM_011413673.3	2083	1984	0	0
XM_011413674.3	2009	1910	0	0
XM_011413675.3	1464	1365	0	0
XM_011413676.3	4562	4463	0	0
XM_011413677.3	5397	5298	3.90708	0.862842
XM_011413678.3	4041	3942	14.0929	4.18288
XM_011413680.3	2785	2686	3	1.30679
XM_011413681.3	1518	1419	0	0
XM_011413682.3	1820	1721	5	3.39922
XM_011413683.3	2233	2134	0	0
XM_011413684.3	772	673	0	0
XM_011413685.3	631	532	3	6.59782
XM_011413697.3	1818	1719	8	5.44509
XM_011413700.3	4553	4454	1.02784	0.270003
XM_011413701.3	1168	1069	0	0
XM_011413703.3	1681	1582	102	75.437
XM_011413705.3	3383	3284	3	1.06883
XM_011413706.3	4541	4442	24.3379	6.41054
XM_011413707.3	3483	3384	0	0
XM_011413712.3	699	600	10	19.5002
XM_011413713.3	723	624	2	3.75004
XM_011413714.3	3472	3373	2	0.693752
XM_011413715.3	4558	4459	0.275659	0.0723311
XM_011413717.3	3099	3000	0	0
XM_011413718.3	4729	4630	0	0
XM_011413719.3	4696	4597	0	0
XM_011413720.3	4665	4566	0	0
XM_011413721.3	4774	4675	0	0
XM_011413722.3	4780	4681	2.19782	0.549344
XM_011413725.3	4434	4335	0	0
XM_011413726.3	4183	4084	0	0
XM_011413727.3	4190	4091	0	0
XM_011413728.3	4138	4039	0	0
XM_011413730.3	1529	1430	0	0
XM_011413731.3	1523	1424	1	0.821639
XM_011413732.3	4278	4179	109.291	30.5986
XM_011413733.3	2435	2336	69.1449	34.632
XM_011413734.3	3490	3391	1.67294	0.577223
XM_011413735.3	1477	1378	20.2548	17.1977
XM_011413737.3	2520	2421	13.7678	6.65365
XM_011413738.3	3181	3082	3.5965	1.36533
XM_011413741.3	2293	2194	10	5.33279
XM_011413745.3	3863	3764	0	0
XM_011413746.3	3839	3740	46	14.3905
XM_011413747.3	6808	6709	14.1483	2.46739
XM_011413748.3	968	869	368	495.472
XM_011413752.3	3017	2918	0	0
XM_011413754.3	2575	2476	0	0
XM_011413756.3	1488	1389	0	0
XM_011413758.3	2034	1935	10	6.04658
XM_011413759.3	7204	7105	18	2.96414
XM_011413760.2	1093	994	0	0
XM_011413769.3	2933	2834	114	47.0648
XM_011413770.3	1156	1057	0	0
XM_011413771.3	1068	969	0	0
XM_011413773.3	1135	1036	0	0
XM_011413775.3	1096	997	0	0
XM_011413776.3	1084	985	0	0
XM_011413777.3	1063	964	6.14787	7.46171
XM_011413778.3	1045	946	0	0
XM_011413779.3	931	832	0	0
XM_011413780.3	1024	925	7.85213	9.932
XM_011413781.3	910	811	0	0
XM_011413788.3	1868	1769	0	0
XM_011413790.3	1816	1717	3.67528	2.50444
XM_011413795.3	1103	1004	2.84463	3.31499
XM_011413797.3	1102	1003	9.15537	10.6799
XM_011413798.3	5913	5814	9.25422	1.86233
XM_011413799.3	5434	5335	35.7442	7.83903
XM_011413800.3	5322	5223	0.00157106	0.000351936
XM_011413801.3	5988	5889	0	0
XM_011413804.3	2175	2076	6	3.38154
XM_011413807.3	1697	1598	0	0
XM_011413808.3	1617	1518	2	1.54152
XM_011413809.3	3950	3851	0	0
XM_011413810.3	3926	3827	27	8.2546
XM_011413814.3	4473	4374	36.0202	9.63514
XM_011413817.3	2358	2259	1	0.517934
XM_011413822.3	2095	1996	2	1.17236
XM_011413823.3	1785	1686	1	0.693958
XM_011413829.1	1224	1125	0	0
XM_011413836.3	1683	1584	0	0
XM_011413837.2	2457	2358	20.9954	10.4177
XM_011413838.3	1264	1165	104	104.448
XM_011413839.3	2474	2375	0.00459815	0.00226522
XM_011413840.3	2940	2841	1.08124	0.445288
XM_011413849.3	3867	3768	33	10.2469
XM_011413850.3	1454	1355	25	21.587
XM_011413859.3	1806	1707	10	6.85421
XM_011413863.3	893	794	0	0
XM_011413864.3	765	666	2	3.51355
XM_011413865.3	1284	1185	3	2.96206
XM_011413866.3	1478	1379	0	0
XM_011413868.3	1895	1796	0	0
XM_011413890.3	675	576	0	0
XM_011413895.3	2779	2680	1	0.436572
XM_011413899.3	2381	2282	10.5601	5.4143
XM_011413901.3	2009	1910	0	0
XM_011413903.3	1973	1874	0	0
XM_011413908.3	1926	1827	0	0
XM_011413910.3	2729	2630	0	0
XM_011413911.3	3906	3807	0	0
XM_011413912.3	3896	3797	0	0
XM_011413918.3	4314	4215	2	0.555167
XM_011413919.3	985	886	5	6.60278
XM_011413923.3	1378	1279	0	0
XM_011413924.3	802	703	0	0
XM_011413925.3	1296	1197	0	0
XM_011413926.3	804	705	5	8.29797
XM_011413927.3	2109	2010	0	0
XM_011413928.3	1532	1433	0	0
XM_011413939.3	2788	2689	0	0
XM_011413943.3	1091	992	0	0
XM_011413944.3	1437	1338	24.4618	21.3906
XM_011413945.2	1340	1241	0	0
XM_011413946.3	4255	4156	5.87195	1.65309
XM_011413947.3	2434	2335	2.7185	1.36218
XM_011413948.3	3162	3063	0	0
XM_011413949.3	2223	2124	1.40955	0.776458
XM_011413950.3	1401	1302	1	0.898628
XM_011413951.3	1430	1331	0	0
XM_011413953.3	1832	1733	0	0
XM_011413954.3	1480	1381	53	44.9028
XM_011413955.3	1190	1091	2	2.14485
XM_011413956.3	1707	1608	0	0
XM_011413957.2	584	485	115	277.426
XM_011413958.3	5029	4930	2	0.47465
XM_011413964.3	1044	945	0	0
XM_011413966.3	1125	1026	3	3.42109
XM_011413967.3	2646	2547	4	1.83748
XM_011413968.3	1816	1717	0	0
XM_011413969.3	3213	3114	0.00422254	0.00158652
XM_011413970.3	3192	3093	11.821	4.47164
XM_011413971.3	3177	3078	0	0
XM_011413972.3	3175	3076	0	0
XM_011413973.3	3164	3065	0	0
XM_011413974.3	3156	3057	0	0
XM_011413975.3	3121	3022	0	0
XM_011413976.3	3383	3284	0	0
XM_011413977.3	3070	2971	0	0
XM_011413978.3	3353	3254	0	0
XM_011413979.3	3320	3221	0	0
XM_011413981.3	2981	2882	0	0
XM_011413982.3	3252	3153	0	0
XM_011413986.3	3204	3105	0	0
XM_011413987.3	3555	3456	10.3684	3.51016
XM_011413988.3	3234	3135	0	0
XM_011413989.3	2895	2796	0.985376	0.41234
XM_011413990.3	2888	2789	18.6463	7.82229
XM_011413991.3	2622	2523	0	0
XM_011413992.3	1675	1576	0	0
XM_011413993.3	1619	1520	1	0.769746
XM_011413994.3	13498	13399	2.04224	0.17833
XM_011414000.3	1926	1827	52.5682	33.6647
XM_011414001.3	1731	1632	70	50.1844
XM_011414002.3	1343	1244	12	11.2863
XM_011414007.3	3220	3121	1	0.374884
XM_011414010.3	1906	1807	10	6.47489
XM_011414011.3	2514	2415	0	0
XM_011414013.3	2231	2132	5.19914e-06	2.85322e-06
XM_011414014.3	2742	2643	0	0
XM_011414015.3	2209	2110	0.999995	0.554506
XM_011414021.3	3015	2916	7	2.80867
XM_011414022.3	1884	1785	1	0.65547
XM_011414023.3	1647	1548	4	3.02329
XM_011414024.3	2888	2789	1	0.41951
XM_011414025.3	1976	1877	0	0
XM_011414027.3	1729	1630	2	1.4356
XM_011414028.3	2356	2257	3	1.55518
XM_011414031.3	1831	1732	8	5.40422
XM_011414033.3	1253	1154	9.04374e-06	9.16923e-06
XM_011414034.3	1244	1145	0.0880899	0.0900142
XM_011414036.3	1241	1142	1.91171	1.9586
XM_011414037.3	2800	2701	0	0
XM_011414038.3	2719	2620	4	1.78628
XM_011414039.3	4264	4165	33	9.27021
XM_011414041.3	4210	4111	0	0
XM_011414043.3	1436	1337	0	0
XM_011414044.3	1398	1299	0	0
XM_011414047.3	959	860	4	5.44192
XM_011414056.3	980	881	0	0
XM_011414058.3	720	621	0	0
XM_011414059.3	691	592	0	0
XM_011414060.3	1165	1066	0	0
XM_011414061.3	1112	1013	0	0
XM_011414062.3	3449	3350	1	0.349258
XM_011414065.3	2458	2359	0	0
XM_011414068.3	1131	1032	19	21.5409
XM_011414082.3	1934	1835	7	4.46327
XM_011414093.3	2059	1960	1	0.596946
XM_011414106.3	2201	2102	6	3.33971
XM_011414107.3	2275	2176	0	0
XM_011414108.3	1043	944	4	4.95768
XM_011414111.3	2428	2329	48.9047	24.5681
XM_011414112.3	1193	1094	32	34.2234
XM_011414113.3	2734	2635	4.96908e-08	2.20641e-08
XM_011414114.3	2700	2601	0.205263	0.0923337
XM_011414115.3	2697	2598	0.794737	0.357911
XM_011414116.3	3528	3429	4.99046	1.7028
XM_011414117.3	3171	3072	0	0
XM_011414118.3	3098	2999	11.6642	4.55061
XM_011414120.2	2004	1905	9	5.52762
XM_011414124.3	1356	1257	13	12.1004
XM_011414126.3	2873	2774	0	0
XM_011414127.3	2773	2674	0.000481279	0.000210584
XM_011414128.3	3687	3588	15	4.89136
XM_011414129.3	2991	2892	0.000427832	0.000173088
XM_011414130.3	816	717	0	0
XM_011414131.3	2000	1901	2.59227	1.59547
XM_011414132.3	2816	2717	4	1.72251
XM_011414133.3	1755	1656	3	2.11959
XM_011414135.3	1689	1590	0	0
XM_011414136.3	1614	1515	0	0
XM_011414137.3	1596	1497	0	0
XM_011414141.3	1452	1353	30	25.9426
XM_011414142.3	3450	3351	0	0
XM_011414143.3	3044	2945	8.25026	3.27773
XM_011414145.3	2633	2534	0	0
XM_011414146.3	753	654	0	0
XM_011414147.3	697	598	0	0
XM_011414148.3	678	579	7	14.1452
XM_011414149.3	2005	1906	21	12.891
XM_011414150.3	1799	1700	0	0
XM_011414151.3	2186	2087	2	1.12124
XM_011414152.3	3041	2942	8	3.18155
XM_011414153.3	1023	924	17	21.5262
XM_011414154.3	875	776	4	6.031
XM_011414155.3	575	476	2	4.91602
XM_011414156.3	1538	1439	40	32.523
XM_011414157.3	615	516	1389	3149.51
XM_011414159.3	2129	2030	0	0
XM_011414160.3	1785	1686	12.9874	9.0127
XM_011414161.3	1795	1696	0.0126163	0.00870356
XM_011414164.3	902	803	12	17.4846
XM_011414165.3	1628	1529	3	2.29564
XM_011414166.3	1444	1345	2	1.7398
XM_011414168.3	625	526	0	0
XM_011414169.3	2043	1944	1	0.601859
XM_011414170.3	1528	1429	0	0
XM_011414173.3	950	851	9.09525	12.5048
XM_011414175.3	1148	1049	0	0
XM_011414177.3	1424	1325	18	15.8945
XM_011414188.3	2196	2097	13.7247	7.65764
XM_011414189.3	2418	2319	0	0
XM_011414198.3	3049	2950	8	3.17292
XM_011414204.3	1736	1637	0	0
XM_011414205.3	2631	2532	2	0.924181
XM_011414208.3	2157	2058	0	0
XM_011414209.3	2634	2535	4	1.84618
XM_011414211.3	2257	2158	0	0
XM_011414212.3	7851	7752	7.65014e-08	1.15464e-08
XM_011414214.3	2059	1960	0	0
XM_011414219.3	963	864	0	0
XM_011414222.2	7744	7645	0.920914	0.140939
XM_011414225.3	2339	2240	1	0.522327
XM_011414226.3	5727	5628	35.5091	7.38203
XM_011414228.3	1094	995	0	0
XM_011414230.3	7727	7628	12.5395	1.92337
XM_011414231.3	2098	1999	1	0.585299
XM_011414232.3	5181	5082	4.60326	1.05979
XM_011414233.3	2095	1996	4.19203	2.45728
XM_011414238.3	1086	987	7.51229	8.90525
XM_011414239.2	7727	7628	12.5395	1.92337
XM_011414244.3	1423	1324	0	0
XM_011414248.3	3683	3584	35	11.4259
XM_011414250.3	2458	2359	3	1.48794
XM_011414253.3	3892	3793	0.899368	0.277425
XM_011414254.3	3043	2944	0	0
XM_011414255.3	7845	7746	1.89721e-07	2.86569e-08
XM_011414256.3	992	893	0	0
XM_011414257.3	1002	903	0	0
XM_011414258.3	2370	2271	9	4.63678
XM_011414260.3	3650	3551	4	1.31795
XM_011414261.3	2538	2439	3	1.43913
XM_011414263.3	7824	7725	4.58235e-06	6.94033e-07
XM_011414269.2	2106	2007	7	4.08076
XM_011414270.3	2145	2046	0	0
XM_011414271.3	1339	1240	26.4637	24.9701
XM_011414273.3	677	578	40	80.9698
XM_011414274.3	1699	1600	0	0
XM_011414275.3	2147	2048	34.5287	19.7261
XM_011414276.3	2341	2242	1	0.521861
XM_011414277.2	1072	973	28	33.6695
XM_011414280.3	1717	1618	11	7.95436
XM_011414282.3	2022	1923	2.76356	1.68144
XM_011414284.3	1793	1694	2	1.38136
XM_011414285.3	1473	1374	20	17.0308
XM_011414286.3	1526	1427	0	0
XM_011414287.3	1491	1392	4.6843e-06	3.93728e-06
XM_011414290.3	2440	2341	0	0
XM_011414295.3	2515	2416	1	0.484277
XM_011414313.3	1395	1296	3	2.70836
XM_011414314.3	4844	4745	11	2.71236
XM_011414316.3	1956	1857	3	1.89017
XM_011414319.3	1291	1192	0	0
XM_011414320.3	1290	1191	2.49018	2.4463
XM_011414321.3	2638	2539	156	71.8874
XM_011414324.3	1230	1131	0	0
XM_011414325.3	935	836	29	40.5866
XM_011414327.3	1081	982	0	0
XM_011414328.3	1116	1017	0	0
XM_011414329.3	904	805	1	1.45343
XM_011414333.3	981	882	0	0
XM_011414334.3	1367	1268	4.71291	4.34871
XM_011414342.3	2758	2659	14	6.16028
XM_011414343.3	2718	2619	0	0
XM_011414344.3	2695	2596	0	0
XM_011414346.3	1138	1039	8	9.00877
XM_011414352.3	3253	3154	4	1.48385
XM_011414353.3	1968	1869	0	0
XM_011414354.3	1882	1783	24.9904	16.3988
XM_011414358.3	2060	1961	9.33803	5.57146
XM_011414366.3	2120	2021	0	0
XM_011414371.3	733	634	0	0
XM_011414372.3	737	638	0	0
XM_011414373.3	1971	1872	0	0
XM_011414376.3	1267	1168	0	0
XM_011414378.3	2204	2105	0	0
XM_011414379.3	1331	1232	6.41667	6.09382
XM_011414380.3	1864	1765	0	0
XM_011414381.3	1858	1759	0	0
XM_011414382.3	1990	1891	0	0
XM_011414386.3	2449	2350	0.000929165	0.000462611
XM_011414388.3	3246	3147	0	0
XM_011414389.2	2057	1958	0	0
XM_011414391.3	1358	1259	0	0
XM_011414393.3	5310	5211	0	0
XM_011414394.3	4337	4238	0	0
XM_011414395.3	4424	4325	0	0
XM_011414396.3	4797	4698	0	0
XM_011414398.3	4384	4285	0	0
XM_011414402.3	4928	4829	0	0
XM_011414404.3	4805	4706	22.3855	5.56551
XM_011414414.3	2055	1956	0	0
XM_011414418.3	3538	3439	6	2.04131
XM_011414437.3	1997	1898	0	0
XM_011414451.3	1484	1385	0	0
XM_011414452.3	1949	1850	0	0
XM_011414454.3	1530	1431	16	13.0819
XM_011414455.3	1362	1263	5	4.63188
XM_011414456.3	2582	2483	0	0
XM_011414457.3	3088	2989	10	3.9144
XM_011414463.3	4538	4439	0	0
XM_011414464.1	1317	1218	0	0
XM_011414465.3	2342	2243	5	2.60814
XM_011414466.3	5485	5386	1.28772e-08	2.79734e-09
XM_011414467.3	5329	5230	8.06239e-07	1.80365e-07
XM_011414473.3	1049	950	0	0
XM_011414474.3	1736	1637	0	0
XM_011414475.3	901	802	0	0
XM_011414476.3	1965	1866	2	1.25403
XM_011414478.3	3354	3255	128.874	46.3239
XM_011414479.3	3313	3214	41.1259	14.9713
XM_011414480.3	3751	3652	5	1.60188
XM_011414481.3	1706	1607	7	5.09651
XM_011414482.3	2158	2059	73	41.4818
XM_011414483.3	3426	3327	25	8.79181
XM_011414484.3	947	848	0	0
XM_011414485.3	935	836	0	0
XM_011414486.3	926	827	0	0
XM_011414488.3	2191	2092	0	0
XM_011414489.3	1921	1822	6	3.85295
XM_011414491.3	2693	2594	0	0
XM_011414492.3	2500	2401	8	3.89842
XM_011414494.3	699	600	13	25.3503
XM_011414495.2	2328	2229	0	0
XM_011414498.3	2377	2278	4	2.05446
XM_011414504.3	1202	1103	0	0
XM_011414505.3	1196	1097	0	0
XM_011414506.3	1127	1028	0.00104118	0.00118501
XM_011414511.3	3531	3432	0	0
XM_011414512.3	713	614	0	0
XM_011414513.3	1745	1646	18	12.7948
XM_011414515.3	1157	1058	1	1.10587
XM_011414517.3	953	854	0	0
XM_011414518.3	1518	1419	2	1.64907
XM_011414519.3	1320	1221	0	0
XM_011414521.3	1108	1009	0	0
XM_011414523.2	945	846	38.2841	52.9468
XM_011414524.3	759	660	0	0
XM_011414525.3	1497	1398	6	5.02152
XM_011414526.3	1164	1065	0	0
XM_011414529.3	963	864	0	0
XM_011414531.3	2120	2021	0	0
XM_011414532.3	2104	2005	0	0
XM_011414533.3	1853	1754	3	2.00116
XM_011414534.3	1680	1581	8	5.92037
XM_011414535.3	771	672	20	34.8218
XM_011414541.3	4998	4899	11	2.6271
XM_011414547.3	3337	3238	0	0
XM_011414548.3	3328	3229	0	0
XM_011414549.3	3328	3229	0	0
XM_011414550.3	3319	3220	0	0
XM_011414551.3	3316	3217	0	0
XM_011414554.3	3316	3217	0	0
XM_011414555.3	3301	3202	0	0
XM_011414556.3	3295	3196	0	0
XM_011414557.3	3286	3187	0	0
XM_011414558.3	3280	3181	0	0
XM_011414559.3	3280	3181	0	0
XM_011414560.3	3277	3178	0	0
XM_011414561.3	3277	3178	0	0
XM_011414562.3	3268	3169	0	0
XM_011414563.3	3259	3160	0	0
XM_011414564.3	3250	3151	0	0
XM_011414565.3	3241	3142	0	0
XM_011414566.3	3232	3133	0	0
XM_011414567.3	3226	3127	0	0
XM_011414568.3	3785	3686	5	1.5871
XM_011414570.3	4538	4439	0.00111833	0.000294764
XM_011414571.3	4499	4400	34.9989	9.30663
XM_011414574.3	1564	1465	0	0
XM_011414576.3	773	674	11	19.0952
XM_011414577.3	2143	2044	0	0
XM_011414579.3	2471	2372	0	0
XM_011414582.3	3081	2982	0	0
XM_011414583.3	2807	2708	0	0
XM_011414584.3	2771	2672	0	0
XM_011414586.3	3108	3009	0	0
XM_011414587.3	2741	2642	0	0
XM_011414588.3	4328	4229	0	0
XM_011414589.3	2604	2505	6.94087	3.24188
XM_011414590.3	5340	5241	66.7492	14.9013
XM_011414591.3	5329	5230	0	0
XM_011414594.3	972	873	2	2.68044
XM_011414598.1	462	363	0	0
XM_011414600.3	5728	5629	1.30991	0.272272
XM_011414614.3	3988	3889	0	0
XM_011414615.3	3929	3830	24	7.33168
XM_011414616.3	3895	3796	0	0
XM_011414618.3	2021	1922	6	3.65249
XM_011414619.3	1349	1250	1	0.936011
XM_011414621.3	1129	1030	24.8564	28.2353
XM_011414622.3	3058	2959	0	0
XM_011414623.3	2690	2591	3.14361	1.41955
XM_011414624.3	1815	1716	182.834	124.661
XM_011414641.3	2221	2122	0	0
XM_011414644.3	2249	2150	0	0
XM_011414646.3	2617	2518	3	1.39398
XM_011414648.3	1251	1152	3	3.04691
XM_011414649.3	2035	1936	4	2.41738
XM_011414651.3	2090	1991	3	1.76295
XM_011414652.3	1626	1527	40	30.6487
XM_011414655.3	1033	934	29	36.328
XM_011414657.3	3264	3165	7.65726	2.83068
XM_011414658.3	3768	3669	4.19855	1.33888
XM_011414659.3	3165	3066	0	0
XM_011414661.3	3076	2977	0	0
XM_011414663.3	2970	2871	0	0
XM_011414664.3	3013	2914	24.5135	9.84251
XM_011414668.3	3608	3509	0	0
XM_011414669.3	3257	3158	3.18761	1.18099
XM_011414676.3	3297	3198	0	0
XM_011414680.3	1790	1691	1	0.691906
XM_011414688.3	1606	1507	0	0
XM_011414689.3	1538	1439	28	22.7661
XM_011414690.3	656	557	0	0
XM_011414694.2	598	499	0	0
XM_011414697.3	2328	2229	2	1.04981
XM_011414698.3	2359	2260	0.0462832	0.023961
XM_011414699.3	2353	2254	0.000159181	8.26282e-05
XM_011414700.3	2348	2249	14.1576	7.36533
XM_011414701.3	2331	2232	15.7959	8.28021
XM_011414703.3	2747	2648	0	0
XM_011414704.3	1005	906	0	0
XM_011414707.3	1831	1732	3	2.02658
XM_011414710.3	1545	1446	13.0243	10.5385
XM_011414711.3	10982	10883	10	1.07508
XM_011414712.3	3930	3831	6	1.83244
XM_011414715.3	3560	3461	0	0
XM_011414716.3	3273	3174	45.3769	16.727
XM_011414717.3	3533	3434	39.6231	13.5002
XM_011414719.3	5243	5144	3.62241e-06	8.23925e-07
XM_011414720.3	3656	3557	0.0081647	0.00268564
XM_011414721.3	5093	4994	0	0
XM_011414722.3	5177	5078	13.7243	3.1622
XM_011414723.3	5085	4986	0	0
XM_011414724.3	5811	5712	0	0
XM_011414725.3	5070	4971	0	0
XM_011414726.3	4807	4708	16.2757	4.04477
XM_011414727.3	5055	4956	0	0
XM_011414729.3	1150	1051	14	15.5853
XM_011414730.3	4917	4818	13	3.15695
XM_011414731.3	2867	2768	8	3.38154
XM_011414733.3	2948	2849	126.364	51.8944
XM_011414741.3	1853	1754	2.23898	1.49352
XM_011414747.3	2915	2816	0	0
XM_011414748.3	3069	2970	0	0
XM_011414750.3	2503	2404	4.97256	2.42012
XM_011414754.3	844	745	0	0
XM_011414757.3	832	733	0	0
XM_011414758.3	1898	1799	0	0
XM_011414759.3	1497	1398	0	0
XM_011414760.3	1263	1164	0	0
XM_011414761.3	1230	1131	15.1316	15.6535
XM_011414762.3	1279	1180	0	0
XM_011414763.3	1679	1580	0	0
XM_011414764.3	4494	4395	4	1.06486
XM_011414772.3	1391	1292	0.0647862	0.0586693
XM_011414773.3	1384	1285	37.9352	34.5406
XM_011414775.3	3068	2969	1	0.394077
XM_011414776.3	1700	1601	35	25.5781
XM_011414777.3	1646	1547	0	0
XM_011414778.3	1581	1482	5	3.94741
XM_011414798.3	2584	2485	0	0
XM_011414799.3	4098	3999	0	0
XM_011414800.3	4038	3939	1.03991e-08	3.08888e-09
XM_011414801.3	4095	3996	0	0
XM_011414802.3	4077	3978	0	0
XM_011414803.3	4074	3975	0	0
XM_011414804.3	4071	3972	0	0
XM_011414805.3	4044	3945	0	0
XM_011414806.3	4032	3933	6.21674e-08	1.84939e-08
XM_011414808.3	4017	3918	5.4976e-06	1.64172e-06
XM_011414809.3	3966	3867	25.9925	7.86438
XM_011414810.3	2521	2422	0	0
XM_011414811.3	2503	2404	0	0
XM_011414812.3	2494	2395	0	0
XM_011414813.3	2479	2380	0	0
XM_011414814.3	2461	2362	0	0
XM_011414815.3	2452	2353	0	0
XM_011414816.3	2434	2335	60	30.0646
XM_011414819.3	933	834	0	0
XM_011414820.3	1366	1267	4	3.69381
XM_011414821.3	1412	1313	0	0
XM_011414825.3	1272	1173	0	0
XM_011414829.3	1103	1004	0	0
XM_011414838.3	913	814	0	0
XM_011414839.3	3096	2997	0.846809	0.33059
XM_011414840.3	3089	2990	13.1532	5.14696
XM_011414843.3	1464	1365	84	72.0008
XM_011414845.3	1510	1411	0	0
XM_011414847.3	961	862	0	0
XM_011414848.3	1511	1412	0	0
XM_011414850.3	1266	1167	16.5924	16.6353
XM_011414853.3	843	744	0.034066	0.0535722
XM_011414854.3	2101	2002	16	9.35076
XM_011414856.3	3206	3107	0	0
XM_011414857.3	2930	2831	0	0
XM_011414858.3	3153	3054	0	0
XM_011414859.3	2766	2667	25	10.9675
XM_011414862.3	2638	2539	0	0
XM_011414863.3	3225	3126	0	0
XM_011414865.3	1374	1275	0	0
XM_011414867.3	1852	1753	1.56027	1.04138
XM_011414868.2	1752	1653	25	17.6953
XM_011414869.3	2984	2885	98.9358	40.1235
XM_011414870.3	1636	1537	0	0
XM_011414880.3	2081	1982	27.0863	15.9896
XM_011414881.3	1014	915	0	0
XM_011414882.3	666	567	0	0
XM_011414884.3	2196	2097	0	0
XM_011414885.3	1327	1228	3	2.85834
XM_011414886.3	2232	2133	0	0
XM_011414887.3	1870	1771	30	19.8195
XM_011414890.3	2544	2445	0	0
XM_011414891.2	3905	3806	16	4.91861
XM_011414892.2	3943	3844	0	0
XM_011414900.3	3736	3637	2.78883e-05	8.97159e-06
XM_011414901.3	3696	3597	12	3.90329
XM_011414902.3	1422	1323	0	0
XM_011414903.3	1488	1389	40.0673	33.7504
XM_011414904.3	1384	1285	230.933	210.268
XM_011414905.3	1558	1459	1231	987.174
XM_011414907.3	880	781	0	0
XM_011414908.3	1008	909	0	0
XM_011414910.3	2080	1981	4	2.36247
XM_011414912.2	3433	3334	0.000209068	7.3369e-05
XM_011414913.2	3402	3303	11.9998	4.25066
XM_011414914.3	5156	5057	0	0
XM_011414915.3	5026	4927	12	2.84964
XM_011414917.3	4178	4079	117.385	33.6704
XM_011414918.3	4955	4856	48.6155	11.7135
XM_011414919.3	5021	4922	6.44994e-06	1.53322e-06
XM_011414921.3	7650	7551	0	0
XM_011414922.3	7634	7535	0	0
XM_011414923.3	7695	7596	0	0
XM_011414924.3	7594	7495	0	0
XM_011414925.3	7543	7444	13.8601	2.17847
XM_011414927.3	7532	7433	0	0
XM_011414928.3	7525	7426	0	0
XM_011414929.3	7520	7421	0.608501	0.0959379
XM_011414930.3	7408	7309	0	0
XM_011414932.3	6664	6565	0	0
XM_011414933.3	6819	6720	0	0
XM_011414934.3	5778	5679	9.52034	1.96142
XM_011414942.3	6064	5965	2.37609e-05	4.66062e-06
XM_011414951.3	4179	4080	13	3.72798
XM_011414952.3	2532	2433	3	1.44268
XM_011414953.3	642	543	0	0
XM_011414964.3	1617	1518	0	0
XM_011414969.3	1072	973	6	7.21488
XM_011414970.3	1169	1070	0	0
XM_011414976.3	1023	924	30.9367	39.1735
XM_011414999.3	5505	5406	0	0
XM_011415000.3	5460	5361	0	0
XM_011415002.3	2428	2329	10	5.02367
XM_011415004.3	1918	1819	2	1.28644
XM_011415005.3	2784	2685	2	0.871518
XM_011415008.3	1343	1244	43	40.4426
XM_011415013.3	2222	2123	0	0
XM_011415015.3	2234	2135	1	0.548016
XM_011415016.3	2937	2838	5	2.06133
XM_011415017.3	816	717	9	14.6864
XM_011415037.3	2289	2190	111	59.302
XM_011415038.3	872	773	18	27.2448
XM_011415040.3	1031	932	5	6.2769
XM_011415042.3	1763	1664	0	0
XM_011415043.3	1710	1611	1	0.726265
XM_011415044.3	3050	2951	1.44416	0.572583
XM_011415045.3	3045	2946	10.5558	4.19228
XM_011415046.3	1252	1153	5	5.07378
XM_011415047.3	3793	3694	36	11.4024
XM_011415049.3	1001	902	1	1.29713
XM_011415050.3	2434	2335	1	0.501076
XM_011415058.3	3655	3556	15	4.93538
XM_011415059.3	3360	3261	25.8644	9.27988
XM_011415062.3	638	539	12	26.0485
XM_011415063.3	2917	2818	130.664	54.2509
XM_011415064.3	2851	2752	18.8498	8.01398
XM_011415066.3	2145	2046	0	0
XM_011415067.3	393	294	0	0
XM_011415068.3	559	460	0	0
XM_011415071.3	1445	1346	0	0
XM_011415072.3	1943	1844	0	0
XM_011415073.3	2789	2690	13	5.65434
XM_011415074.3	2499	2400	11	5.36256
XM_011415081.3	982	883	1	1.32504
XM_011415084.3	1332	1233	0	0
XM_011415085.3	3786	3687	20	6.3467
XM_011415101.3	4548	4449	1.74425	0.458709
XM_011415108.3	4219	4120	3	0.851952
XM_011415112.3	4396	4297	80	21.7829
XM_011415119.3	1258	1159	3	3.02851
XM_011415120.3	2981	2882	0	0
XM_011415122.3	1314	1215	21	20.2225
XM_011415123.3	2876	2777	14	5.89852
XM_011415124.3	3919	3820	19.2548	5.89749
XM_011415125.3	1451	1352	2	1.73079
XM_011415126.3	801	702	0	0
XM_011415127.3	1027	928	8	10.0863
XM_011415128.3	1516	1417	0	0
XM_011415129.3	1102	1003	0	0
XM_011415130.3	1070	971	0	0
XM_011415131.3	1061	962	0	0
XM_011415134.3	3309	3210	0	0
XM_011415135.3	2268	2169	2	1.07885
XM_011415137.3	937	838	0	0
XM_011415138.3	925	826	0	0
XM_011415140.3	1134	1035	0	0
XM_011415141.2	2982	2883	2	0.811664
XM_011415142.3	3367	3268	0	0
XM_011415143.3	2070	1971	5	2.96807
XM_011415144.3	2997	2898	0	0
XM_011415145.3	3308	3209	5.95494	2.17119
XM_011415146.3	3368	3269	0	0
XM_011415149.3	3579	3480	4.05033	1.36176
XM_011415150.3	3577	3478	7.94967	2.6743
XM_011415151.3	3504	3405	1.57931	0.542675
XM_011415162.3	3241	3142	11.6185	4.32649
XM_011415169.3	2436	2337	20	10.013
XM_011415172.3	2771	2672	0	0
XM_011415182.3	1875	1776	0	0
XM_011415183.3	1347	1248	0	0
XM_011415184.3	2466	2367	1	0.494302
XM_011415185.3	2487	2388	7	3.42969
XM_011415186.3	2046	1947	0	0
XM_011415190.3	1528	1429	2.98516	2.44414
XM_011415191.3	3159	3060	0	0
XM_011415194.3	1599	1500	0	0
XM_011415197.3	1824	1725	1	0.678269
XM_011415201.3	2329	2230	5	2.62335
XM_011415202.3	1673	1574	15	11.1501
XM_011415203.3	5305	5206	0	0
XM_011415204.3	5278	5179	0	0
XM_011415205.3	5275	5176	0	0
XM_011415206.2	5247	5148	0	0
XM_011415207.3	5155	5056	0	0
XM_011415210.3	6571	6472	0	0
XM_011415215.3	3416	3317	0	0
XM_011415216.3	1146	1047	1	1.11749
XM_011415221.3	2101	2002	0	0
XM_011415223.3	3417	3318	0	0
XM_011415233.3	2328	2229	0	0
XM_011415259.3	1451	1352	0	0
XM_011415260.3	1213	1114	0	0
XM_011415263.3	2020	1921	0.070046	0.0426625
XM_011415265.3	2010	1911	31.9298	19.5491
XM_011415266.3	2316	2217	11	5.80521
XM_011415267.2	2394	2295	21	10.706
XM_011415268.3	2086	1987	0	0
XM_011415275.3	935	836	0	0
XM_011415276.3	944	845	0	0
XM_011415279.3	9015	8916	0.419745	0.0550816
XM_011415280.3	8713	8614	10.0728	1.36816
XM_011415281.3	8982	8883	32.5074	4.28167
XM_011415292.3	1360	1261	0	0
XM_011415293.3	1331	1232	14	13.2956
XM_011415294.3	1385	1286	0	0
XM_011415333.3	783	684	1	1.71055
XM_011415335.3	1685	1586	10	7.37713
XM_011415336.3	2045	1946	16.3933	9.8563
XM_011415337.3	2034	1935	5.60672	3.39015
XM_011415338.3	955	856	0	0
XM_011415339.3	906	807	2	2.89966
XM_011415342.3	1245	1146	0	0
XM_011415343.3	1192	1093	2	2.14092
XM_011415344.3	1512	1413	0	0
XM_011415346.3	1079	980	0	0
XM_011415349.3	4106	4007	0	0
XM_011415357.3	5137	5038	37.52	8.71356
XM_011415363.3	2052	1953	0	0
XM_011415364.3	2012	1913	0	0
XM_011415368.3	1446	1347	0	0
XM_011415369.3	1657	1558	0	0
XM_011415370.3	1594	1495	0	0
XM_011415371.3	1528	1429	65	53.2196
XM_011415375.3	1859	1760	8.58873	5.70962
XM_011415380.3	1869	1770	11	7.27127
XM_011415389.3	1090	991	0	0
XM_011415390.3	9582	9483	15	1.8507
XM_011415392.3	1236	1137	15.4927	15.9425
XM_011415393.3	1262	1163	0	0
XM_011415394.3	2695	2596	0	0
XM_011415395.3	2123	2024	0	0
XM_011415396.3	2105	2006	4.32922e-05	2.52504e-05
XM_011415397.3	2085	1986	5.50725	3.24449
XM_011415398.3	4380	4281	46.1107	12.6022
XM_011415400.3	4836	4737	20.4016	5.03908
XM_011415401.3	4439	4340	14.4877	3.90573
XM_011415407.3	877	778	0	0
XM_011415409.3	1804	1705	1	0.686225
XM_011415411.3	1603	1504	0	0
XM_011415412.3	1582	1483	4.97907e-08	3.92824e-08
XM_011415413.3	1564	1465	0.0828294	0.0661512
XM_011415421.3	4046	3947	26	7.70721
XM_011415432.3	1014	915	0	0
XM_011415439.3	2082	1983	11	6.49024
XM_011415441.3	1720	1621	0	0
XM_011415442.3	2241	2142	7	3.82357
XM_011415443.3	2898	2799	0	0
XM_011415446.3	2886	2787	0	0
XM_011415454.2	4554	4455	0	0
XM_011415456.3	4357	4258	0	0
XM_011415457.2	4238	4139	98.5362	27.8542
XM_011415459.3	4450	4351	0	0
XM_011415460.3	5690	5591	0	0
XM_011415461.3	5386	5287	2.51629e-08	5.56856e-09
XM_011415462.3	5368	5269	1.37438e-06	3.05189e-07
XM_011415463.3	5365	5266	2.68065e-06	5.95594e-07
XM_011415464.3	5330	5231	0.00668969	0.00149628
XM_011415466.3	5296	5197	14.0393	3.1607
XM_011415468.3	871	772	1	1.51556
XM_011415469.3	2327	2228	7	3.67598
XM_011415470.3	2656	2557	16	7.32116
XM_011415471.3	2741	2642	0	0
XM_011415472.3	2370	2271	3.8862e-08	2.00216e-08
XM_011415473.3	1125	1026	2	2.28073
XM_011415474.3	2145	2046	11.1196	6.35877
XM_011415475.3	2816	2717	0	0
XM_011415476.3	2602	2503	39	18.2303
XM_011415477.3	6312	6213	13.0417	2.45597
XM_011415478.3	3534	3435	0	0
XM_011415479.3	3469	3370	0	0
XM_011415480.3	1456	1357	12	10.3465
XM_011415481.3	3961	3862	29	8.7857
XM_011415482.3	3484	3385	0	0
XM_011415483.3	3439	3340	0	0
XM_011415484.3	3470	3371	0	0
XM_011415485.3	5107	5008	0	0
XM_011415486.3	5100	5001	0	0
XM_011415487.3	5091	4992	0	0
XM_011415488.3	5076	4977	0	0
XM_011415489.3	5059	4960	1.22942e-07	2.90007e-08
XM_011415490.3	5050	4951	1.03491e-06	2.44569e-07
XM_011415491.3	5034	4935	4.6118e-05	1.09339e-05
XM_011415492.3	4326	4227	0	0
XM_011415494.3	4226	4127	0	0
XM_011415495.3	4406	4307	0	0
XM_011415496.3	2573	2474	7	3.31047
XM_011415498.3	4415	4316	0	0
XM_011415499.3	4353	4254	0	0
XM_011415500.3	4228	4129	0	0
XM_011415501.2	4400	4301	0	0
XM_011415502.3	4408	4309	0	0
XM_011415503.3	4347	4248	0	0
XM_011415504.3	4451	4352	0	0
XM_011415505.2	4354	4255	0	0
XM_011415508.3	648	549	18	38.3611
XM_011415510.3	955	856	106	144.885
XM_011415512.3	5591	5492	0	0
XM_011415515.3	1940	1841	1	0.635531
XM_011415523.3	3624	3525	55.6351	18.4663
XM_011415526.3	2484	2385	0	0
XM_011415528.3	2103	2004	0	0
XM_011415530.3	1938	1839	2.08858e-08	1.3288e-08
XM_011415531.3	1926	1827	4.51755e-05	2.89305e-05
XM_011415532.3	1920	1821	0.00214118	0.00137573
XM_011415533.3	1908	1809	4.99781	3.23245
XM_011415534.3	1826	1727	0	0
XM_011415535.3	3752	3653	0	0
XM_011415536.3	3807	3708	6	1.89323
XM_011415537.3	3704	3605	0	0
XM_011415538.3	4947	4848	0	0
XM_011415539.3	4935	4836	0	0
XM_011415540.3	4920	4821	0	0
XM_011415541.3	4917	4818	0	0
XM_011415542.3	4845	4746	0.0161063	0.00397063
XM_011415544.3	968	869	12	16.1567
XM_011415547.3	3109	3010	3	1.16613
XM_011415549.3	2218	2119	15.4122	8.50993
XM_011415550.3	2048	1949	0	0
XM_011415551.3	2337	2238	0	0
XM_011415559.3	2742	2643	0	0
XM_011415560.3	2702	2603	17.8487	8.02273
XM_011415561.3	2743	2644	14.1513	6.2622
XM_011415563.3	1808	1709	10	6.84619
XM_011415566.3	864	765	30	45.8829
XM_011415570.3	893	794	0	0
XM_011415576.3	1002	903	9	11.6613
XM_011415577.3	1037	938	0	0
XM_011415578.3	1395	1296	0	0
XM_011415579.3	1358	1259	0	0
XM_011415580.3	1997	1898	1	0.616445
XM_011415583.3	1967	1868	1	0.626346
XM_011415584.3	3858	3759	1.27687e-07	3.97435e-08
XM_011415585.3	3848	3749	0	0
XM_011415586.3	3524	3425	92.9878	31.7656
XM_011415587.3	3517	3418	0	0
XM_011415588.3	3471	3372	0.0121555	0.00421772
XM_011415590.3	817	718	45	73.3295
XM_011415591.3	957	858	0	0
XM_011415592.3	1148	1049	1	1.11536
XM_011415593.3	1856	1757	3	1.99775
XM_011415597.3	737	638	1	1.83388
XM_011415598.3	672	573	0	0
XM_011415599.3	913	814	0	0
XM_011415600.3	3243	3144	2	0.744283
XM_011415602.2	2916	2817	3.49254	1.45059
XM_011415606.3	7424	7325	162.831	26.0088
XM_011415607.3	2252	2153	0	0
XM_011415608.3	2503	2404	0	0
XM_011415609.3	7363	7264	0	0
XM_011415610.2	1961	1862	0	0
XM_011415611.3	7545	7446	19.1671	3.01179
XM_011415612.3	563	464	1	2.52158
XM_011415615.3	2137	2038	0.0735269	0.0422117
XM_011415616.3	2127	2028	23.5637	13.5946
XM_011415617.3	1709	1610	0	0
XM_011415618.3	1652	1553	2	1.50678
XM_011415620.3	2059	1960	0.296711	0.17712
XM_011415624.3	2977	2878	3.13584	1.27484
XM_011415625.3	2284	2185	0	0
XM_011415626.2	2342	2243	15.8642	8.2752
XM_011415627.3	2631	2532	0	0
XM_011415628.3	2497	2398	0	0
XM_011415629.3	2282	2183	0	0
XM_011415630.3	4195	4096	1.27381	0.36386
XM_011415631.3	4186	4087	16.8145	4.81359
XM_011415633.3	6019	5920	52.6045	10.3966
XM_011415634.3	2838	2739	0	0
XM_011415639.3	6116	6017	2.76459e-07	5.37579e-08
XM_011415643.3	2086	1987	0	0
XM_011415644.3	2052	1953	0	0
XM_011415645.3	1953	1854	2	1.26215
XM_011415648.3	2423	2324	3.23238e-07	1.62733e-07
XM_011415649.3	2422	2323	20.1759	10.1619
XM_011415650.3	2389	2290	10.4106	5.319
XM_011415651.3	2631	2532	0	0
XM_011415652.3	6021	5922	35.3955	6.99311
XM_011415653.3	2435	2336	0	0
XM_011415654.3	3192	3093	4.99447	1.8893
XM_011415655.3	3210	3111	0.00552615	0.00207833
XM_011415656.3	4963	4864	0.000185123	4.45304e-05
XM_011415657.3	4939	4840	0.0612778	0.0148132
XM_011415658.3	4939	4840	0.0612778	0.0148132
XM_011415659.3	4915	4816	20.8773	5.07198
XM_011415660.3	5498	5399	0.390875	0.0847063
XM_011415665.3	1439	1340	5	4.36572
XM_011415666.3	4574	4475	3	0.784367
XM_011415667.3	4665	4566	0	0
XM_011415668.3	2523	2424	27	13.0323
XM_011415670.3	3968	3869	9.12597	2.75976
XM_011415673.3	2304	2205	0	0
XM_011415679.3	3136	3037	0	0
XM_011415680.3	2434	2335	3.00321	1.50484
XM_011415681.3	2539	2440	0	0
XM_011415683.3	2488	2389	0	0
XM_011415685.3	804	705	53.837	89.3475
XM_011415686.3	958	859	0	0
XM_011415691.3	2574	2475	2	0.945465
XM_011415692.3	1940	1841	10	6.35531
XM_011415693.3	3011	2912	15	6.02685
XM_011415696.3	4757	4658	2	0.502367
XM_011415700.3	2121	2022	29.6991	17.1851
XM_011415701.3	2671	2572	8	3.63923
XM_011415702.3	971	872	12	16.1011
XM_011415712.3	1243	1144	1	1.02274
XM_011415727.3	1963	1864	0.00409911	0.00257297
XM_011415730.3	3916	3817	0.0139032	0.0042617
XM_011415738.3	1802	1703	7	4.80922
XM_011415746.3	5775	5676	9.253e-05	1.90735e-05
XM_011415747.3	1398	1299	5	4.50352
XM_011415748.3	1983	1884	0	0
XM_011415749.3	1985	1886	0	0
XM_011415751.3	1962	1863	0	0
XM_011415752.3	2043	1944	0	0
XM_011415754.3	5730	5631	1.04997	0.218164
XM_011415756.3	2312	2213	22.0341	11.6494
XM_011415757.3	1843	1744	0	0
XM_011415758.3	1851	1752	0	0
XM_011415764.3	973	874	2.87735	3.85188
XM_011415765.3	1473	1374	13	11.07
XM_011415767.3	2710	2611	20.7089	9.27984
XM_011415773.3	574	475	1	2.46319
XM_011415774.3	819	720	94	152.752
XM_011415777.3	850	751	0	0
XM_011415786.3	2188	2089	0	0
XM_011415795.3	1947	1848	12	7.59749
XM_011415796.2	599	500	0	0
XM_011415797.3	585	486	0	0
XM_011415798.3	2950	2851	35.9974	14.7729
XM_011415799.3	1040	941	2	2.48674
XM_011415802.2	2018	1919	0	0
XM_011415804.2	2937	2838	0	0
XM_011415805.3	3261	3162	0	0
XM_011415806.3	2797	2698	35	15.1781
XM_011415807.3	3544	3445	12	4.07552
XM_011415808.3	3586	3487	0	0
XM_011415811.3	3329	3230	30.807	11.1593
XM_011415812.3	6297	6198	5	0.943864
XM_011415814.3	2050	1951	0	0
XM_011415815.3	2647	2548	0	0
XM_011415816.3	1954	1855	2	1.26147
XM_011415817.3	2717	2618	0	0
XM_011415818.3	1603	1504	68.5208	53.3047
XM_011415819.3	1942	1843	0	0
XM_011415820.3	1898	1799	0	0
XM_011415823.3	814	715	0	0
XM_011415824.3	2249	2150	0	0
XM_011415825.3	2254	2155	0	0
XM_011415826.3	2010	1911	86.5432	52.9862
XM_011415827.3	1860	1761	16	10.6304
XM_011415836.3	925	826	0	0
XM_011415842.3	2414	2315	5.46104	2.76004
XM_011415843.3	5315	5216	4.53896	1.01814
XM_011415849.3	2582	2483	5.5323	2.60687
XM_011415850.3	2892	2793	5.4677	2.29047
XM_011415852.3	2214	2115	13	7.19157
XM_011415854.3	1213	1114	0	0
XM_011415862.3	2024	1925	21	12.7638
XM_011415863.3	1618	1519	0.000182208	0.000140346
XM_011415864.3	1606	1507	1.99982	1.55263
XM_011415867.3	1999	1900	28	17.2423
XM_011415869.3	1688	1589	0	0
XM_011415870.3	922	823	40	56.8658
XM_011415871.3	2517	2418	5.48226	2.65273
XM_011415872.3	2514	2415	23.5177	11.3938
XM_011415874.3	7088	6989	87.7881	14.6964
XM_011415875.3	3949	3850	6.12478e-07	1.86132e-07
XM_011415876.3	3958	3859	3.95923e-08	1.2004e-08
XM_011415877.3	4055	3956	0	0
XM_011415883.3	3567	3468	38.9763	13.1496
XM_011415884.3	643	544	69	148.402
XM_011415886.3	1430	1331	0	0
XM_011415888.3	3346	3247	7.81306e-08	2.81533e-08
XM_011415889.3	1599	1500	0	0
XM_011415890.3	3331	3232	1.78505e-05	6.46204e-06
XM_011415891.3	3307	3208	0.111852	0.0407942
XM_011415892.3	3292	3193	27.3033	10.0048
XM_011415893.3	1726	1627	29	20.8546
XM_011415894.3	1213	1114	1.97058	2.06966
XM_011415895.3	1217	1118	0.029423	0.0307918
XM_011415896.3	2401	2302	0	0
XM_011415898.3	964	865	2	2.70523
XM_011415902.3	2401	2302	4	2.03304
XM_011415903.3	1594	1495	0	0
XM_011415904.3	2508	2409	45	21.8558
XM_011415906.3	2068	1969	17	10.1017
XM_011415908.3	1583	1484	0	0
XM_011415909.3	1320	1221	22	21.0813
XM_011415910.3	3039	2940	0	0
XM_011415911.3	3210	3111	0	0
XM_011415914.3	1253	1154	0	0
XM_011415918.3	6057	5958	0	0
XM_011415924.3	2959	2860	0	0
XM_011415926.3	2226	2127	0	0
XM_011415931.3	2710	2611	1	0.448109
XM_011415934.3	2741	2642	0	0
XM_011415937.3	749	650	34	61.2007
XM_011415938.3	954	855	0	0
XM_011415939.3	2751	2652	1.15537e-08	5.09729e-09
XM_011415940.3	2244	2145	1	0.545461
XM_011415942.3	901	802	0	0
XM_011415943.3	867	768	0	0
XM_011415947.3	2701	2602	15.233	6.84964
XM_011415952.3	2797	2698	3	1.30098
XM_011415956.3	795	696	0	0
XM_011415957.3	817	718	10	16.2955
XM_011415960.3	2086	1987	2	1.17767
XM_011415961.3	1254	1155	26	26.338
XM_011415962.3	2758	2659	9	3.96018
XM_011415963.3	3488	3389	0	0
XM_011415965.3	2968	2869	0	0
XM_011415966.3	1908	1809	9	5.82096
XM_011415971.3	3202	3103	0.243311	0.0917425
XM_011415973.3	3199	3100	0.756689	0.285592
XM_011415975.3	1913	1814	11	7.0949
XM_011415976.3	1319	1220	2	1.91805
XM_011415977.3	1253	1154	1	1.01388
XM_011415980.3	1707	1608	0	0
XM_011415981.3	1660	1561	16	11.9925
XM_011415982.3	1062	963	0	0
XM_011415983.3	3399	3300	36.1443	12.8149
XM_011415990.3	3287	3188	0	0
XM_011415991.3	3196	3097	1.28531	0.485575
XM_011415993.3	2654	2555	0	0
XM_011415994.3	2026	1927	12	7.28602
XM_011415995.3	3105	3006	0	0
XM_011415997.3	3044	2945	2.73975	1.08847
XM_011415998.3	2921	2822	0	0
XM_011415999.3	1716	1617	0	0
XM_011416000.3	3418	3319	5.26025	1.85434
XM_011416001.3	4136	4037	15	4.34734
XM_011416002.3	1819	1720	0	0
XM_011416003.3	1761	1662	0	0
XM_011416004.3	2684	2585	33.4389	15.135
XM_011416005.3	938	839	0	0
XM_011416007.3	1867	1768	10	6.61772
XM_011416011.3	1081	982	0	0
XM_011416013.3	1156	1057	49	54.239
XM_011416016.3	1366	1267	0	0
XM_011416024.3	2532	2433	0	0
XM_011416026.3	2002	1903	0	0
XM_011416032.3	1638	1539	0	0
XM_011416033.3	1603	1504	0	0
XM_011416035.3	1673	1574	0	0
XM_011416036.3	1828	1729	0	0
XM_011416037.3	930	831	4	5.63183
XM_011416039.3	1719	1620	27	19.5002
XM_011416041.3	2950	2851	12	4.92464
XM_011416042.3	2839	2740	0	0
XM_011416043.3	2303	2204	1	0.530859
XM_011416044.3	2338	2239	0	0
XM_011416045.3	2946	2847	0	0
XM_011416046.3	2484	2385	0	0
XM_011416048.3	2279	2180	2	1.07341
XM_011416049.3	2329	2230	0	0
XM_011416052.3	3703	3604	0	0
XM_011416053.3	3694	3595	0	0
XM_011416057.3	8362	8263	69	9.77017
XM_011416068.3	4056	3957	3.73512	1.10441
XM_011416071.3	725	626	6	11.2142
XM_011416073.3	2198	2099	0	0
XM_011416078.3	1194	1095	0	0
XM_011416082.3	750	651	0	0
XM_011416083.3	871	772	8	12.1245
XM_011416084.3	2064	1965	0	0
XM_011416085.3	2139	2040	0	0
XM_011416086.3	1696	1597	4	2.93053
XM_011416088.3	1451	1352	11	9.51934
XM_011416090.3	3512	3413	21	7.19903
XM_011416093.3	798	699	1265.23	2117.8
XM_011416094.3	1493	1394	239	200.598
XM_011416096.3	636	537	0	0
XM_011416113.3	2477	2378	8	3.93613
XM_011416114.3	1009	910	0	0
XM_011416115.3	2769	2670	0	0
XM_011416116.3	938	839	21.0963	29.4196
XM_011416117.3	1275	1176	6.85052	6.81564
XM_011416122.3	1262	1163	0	0
XM_011416124.3	2868	2769	0	0
XM_011416127.3	1750	1651	0	0
XM_011416129.3	2307	2208	0	0
XM_011416131.3	862	763	0	0
XM_011416132.3	2229	2130	0	0
XM_011416133.3	2240	2141	0	0
XM_011416134.3	1944	1845	0	0
XM_011416135.3	2610	2511	5	2.32978
XM_011416136.3	1890	1791	0.73661	0.481208
XM_011416137.3	1887	1788	5.26339	3.4442
XM_011416139.3	2565	2466	15.2847	7.25196
XM_011416142.3	2903	2804	0	0
XM_011416143.3	2787	2688	3	1.30582
XM_011416144.3	2967	2868	0	0
XM_011416145.3	2943	2844	0	0
XM_011416146.3	3431	3332	1	0.351144
XM_011416148.3	1373	1274	8	7.34702
XM_011416149.3	4040	3941	42	12.4691
XM_011416150.3	1186	1087	1	1.07637
XM_011416152.3	1096	997	5.38619	6.32088
XM_011416153.3	1929	1830	10.0831	6.44664
XM_011416154.3	697	598	3.66066	7.16224
XM_011416156.3	2252	2153	0	0
XM_011416157.3	2045	1946	0	0
XM_011416160.3	2238	2139	0	0
XM_011416162.3	529	430	11.9338	32.4714
XM_011416165.3	1132	1033	5	5.66318
XM_011416166.3	1422	1323	0	0
XM_011416167.3	495	396	16	47.2733
XM_011416168.3	1505	1406	2	1.66431
XM_011416170.3	4014	3915	0	0
XM_011416171.3	2551	2452	0	0
XM_011416172.3	2519	2420	0	0
XM_011416173.3	2508	2409	0	0
XM_011416174.3	2510	2411	0.279343	0.13556
XM_011416175.3	2553	2454	0	0
XM_011416176.3	2503	2404	8.4594	4.11714
XM_011416177.3	2432	2333	0	0
XM_011416181.3	1441	1342	14	12.2058
XM_011416183.3	7736	7637	53.3754	8.17729
XM_011416184.3	7733	7634	84.6246	12.9699
XM_011416185.3	8010	7911	0	0
XM_011416186.3	6023	5924	0	0
XM_011416196.3	3164	3065	0	0
XM_011416197.3	1646	1547	60	45.3787
XM_011416231.3	3951	3852	21	6.37858
XM_011416237.3	3741	3642	0.00183215	0.000588589
XM_011416239.3	3732	3633	0.0333734	0.010748
XM_011416240.3	6627	6528	0	0
XM_011416242.3	6610	6511	4.44884e-08	7.99447e-09
XM_011416243.3	6662	6563	0	0
XM_011416244.3	6642	6543	0	0
XM_011416245.3	6613	6514	2.59166e-08	4.65501e-09
XM_011416247.3	1569	1470	26	20.6941
XM_011416248.3	2484	2385	0	0
XM_011416249.3	2303	2204	3	1.59258
XM_011416268.3	1357	1258	20	18.6012
XM_011416269.3	5899	5800	0	0
XM_011416271.3	1609	1510	0	0
XM_011416272.3	1421	1322	0	0
XM_011416273.3	1422	1323	0	0
XM_011416274.3	1569	1470	7	5.57149
XM_011416276.3	2596	2497	1	0.468568
XM_011416277.3	1217	1118	0	0
XM_011416278.3	1212	1113	9	9.46102
XM_011416279.3	1702	1603	2.04726	1.49427
XM_011416280.3	2131	2032	0	0
XM_011416281.3	2360	2261	30	15.5243
XM_011416282.3	2339	2240	0	0
XM_011416283.3	2361	2262	4	2.06899
XM_011416285.3	2098	1999	4	2.3412
XM_011416286.3	1303	1204	0	0
XM_011416288.3	1910	1811	1.78315	1.15202
XM_011416289.3	9259	9160	0	0
XM_011416290.3	9156	9057	20	2.58367
XM_011416291.3	8546	8447	0	0
XM_011416292.3	2683	2584	0	0
XM_011416293.3	3586	3487	50.9576	17.0981
XM_011416297.2	567	468	10.9013	27.2535
XM_011416299.3	1396	1297	0	0
XM_011416303.3	1412	1313	0	0
XM_011416304.3	3890	3791	7	2.1604
XM_011416305.3	3496	3397	2	0.688851
XM_011416306.3	3497	3398	0	0
XM_011416308.3	1406	1307	0	0
XM_011416310.3	3276	3177	0.000283253	0.000104315
XM_011416311.3	3240	3141	181	67.4219
XM_011416329.2	1421	1322	0	0
XM_011416330.3	1358	1259	4	3.71728
XM_011416333.3	1057	958	5	6.10654
XM_011416334.3	858	759	0	0
XM_011416335.3	1190	1091	0	0
XM_011416337.3	4084	3985	0	0
XM_011416338.3	4088	3989	17	4.98627
XM_011416339.3	4071	3972	0	0
XM_011416340.3	2248	2149	0	0
XM_011416341.3	2165	2066	3	1.69895
XM_011416342.3	5893	5794	37	7.47161
XM_011416344.3	668	569	0	0
XM_011416345.3	743	644	0	0
XM_011416346.3	621	522	0	0
XM_011416347.3	711	612	0	0
XM_011416348.3	664	565	0	0
XM_011416349.3	633	534	0	0
XM_011416352.3	971	872	0	0
XM_011416353.3	959	860	0	0
XM_011416354.3	921	822	0	0
XM_011416355.3	2419	2320	5.24544	2.64536
XM_011416357.3	6660	6561	0	0
XM_011416358.3	6637	6538	0	0
XM_011416359.3	6626	6527	0	0
XM_011416360.3	5059	4960	25.95	6.12135
XM_011416361.3	6683	6584	0	0
XM_011416362.3	6604	6505	0	0
XM_011416363.3	6608	6509	0	0
XM_011416364.3	6564	6465	0	0
XM_011416365.3	6499	6400	0	0
XM_011416366.3	4962	4863	3.66559e-05	8.81921e-06
XM_011416373.3	5091	4992	0.000132028	3.09444e-05
XM_011416374.3	4911	4812	8.60797	2.09298
XM_011416376.3	4971	4872	1.56516	0.375873
XM_011416377.3	5039	4940	28.5124	6.75301
XM_011416378.3	4977	4878	0.369462	0.0886174
XM_011416379.3	3900	3801	44.129	13.5837
XM_011416381.3	2165	2066	0	0
XM_011416382.3	1645	1546	1	0.7568
XM_011416387.3	834	735	23	36.6127
XM_011416389.3	845	746	745.164	1168.7
XM_011416390.3	1759	1660	0	0
XM_011416391.3	1732	1633	1	0.716481
XM_011416393.3	2693	2594	0	0
XM_011416394.3	1810	1711	15	10.2573
XM_011416395.3	1806	1707	0	0
XM_011416397.3	2392	2293	0	0
XM_011416399.3	1979	1880	0.764033	0.475494
XM_011416400.3	1508	1409	48	39.8585
XM_011416401.3	1976	1877	4.97367	3.1003
XM_011416402.3	3842	3743	0	0
XM_011416403.3	3714	3615	16	5.17848
XM_011416404.3	1091	992	0	0
XM_011416405.3	1914	1815	0.251197	0.161931
XM_011416406.3	691	592	0	0
XM_011416407.3	782	683	8	13.7044
XM_011416412.3	3251	3152	17.6491	6.55129
XM_011416421.3	1520	1421	0	0
XM_011416428.3	5884	5785	0	0
XM_011416429.3	2705	2606	0	0
XM_011416431.3	7973	7874	0.00151328	0.000224861
XM_011416432.3	7967	7868	0.00370042	0.000550272
XM_011416434.3	7937	7838	0.326863	0.0487923
XM_011416435.3	5906	5807	3.28983	0.662846
XM_011416437.3	5867	5768	0	0
XM_011416438.3	5846	5747	0	0
XM_011416439.3	5843	5744	0	0
XM_011416447.3	2198	2099	0	0
XM_011416454.3	2253	2154	1	0.543182
XM_011416459.3	1344	1245	0	0
XM_011416461.3	626	527	1	2.22014
XM_011416463.3	2096	1997	0	0
XM_011416464.3	2022	1923	0	0
XM_011416473.3	6639	6540	2	0.357802
XM_011416477.3	1512	1413	0	0
XM_011416484.3	1877	1778	0	0
XM_011416485.3	2204	2105	0.100201	0.0556946
XM_011416486.3	2192	2093	81.8998	45.783
XM_011416487.3	10625	10526	4.03133e-08	4.48101e-09
XM_011416488.3	10450	10351	14	1.58247
XM_011416489.3	2783	2684	26	11.334
XM_011416490.3	1065	966	0	0
XM_011416491.3	976	877	0	0
XM_011416494.3	1422	1323	1	0.884364
XM_011416496.3	1964	1865	1	0.627353
XM_011416501.3	1752	1653	0	0
XM_011416502.3	3899	3800	0	0
XM_011416505.3	5845	5746	0	0
XM_011416507.3	2409	2310	7	3.5455
XM_011416508.3	2370	2271	0	0
XM_011416523.3	1387	1288	13	11.8091
XM_011416524.3	3016	2917	25	10.0275
XM_011416525.3	3195	3096	0	0
XM_011416528.3	2525	2426	0.000223471	0.000107776
XM_011416529.3	2504	2405	5.99978	2.91884
XM_011416530.3	5995	5896	5.40186	1.07196
XM_011416531.3	1087	988	0	0
XM_011416532.3	1093	994	0	0
XM_011416533.3	2772	2673	8	3.50172
XM_011416534.3	2562	2463	0	0
XM_011416535.3	1780	1681	56	38.9772
XM_011416536.3	1988	1889	46	28.4916
XM_011416538.3	3867	3768	91.2664	28.3394
XM_011416540.3	1226	1127	16	16.6107
XM_011416541.3	4799	4700	0	0
XM_011416543.3	4763	4664	0	0
XM_011416544.3	4804	4705	0	0
XM_011416546.3	2524	2425	1.92233	0.927485
XM_011416547.3	2517	2418	57.0777	27.6185
XM_011416551.3	2365	2266	0	0
XM_011416553.3	658	559	1	2.09305
XM_011416554.3	1180	1081	2	2.16469
XM_011416555.3	680	581	11	22.1517
XM_011416564.3	2272	2173	0	0
XM_011416568.2	9197	9098	0	0
XM_011416570.3	836	737	1	1.58754
XM_011416581.3	4219	4120	0	0
XM_011416583.3	1322	1223	0	0
XM_011416584.3	1433	1334	4	3.50829
XM_011416585.3	1463	1364	2	1.71556
XM_011416586.3	5400	5301	0	0
XM_011416589.3	1412	1313	0	0
XM_011416591.3	2887	2788	84	35.2515
XM_011416592.3	5493	5394	0	0
XM_011416606.3	1130	1031	125	141.854
XM_011416607.3	5253	5154	0	0
XM_011416609.3	1909	1810	3	1.93925
XM_011416610.3	6444	6345	0	0
XM_011416611.3	6422	6323	0	0
XM_011416612.3	6925	6826	9.02512	1.54695
XM_011416613.3	4656	4557	53.9749	13.8581
XM_011416614.3	4745	4646	0	0
XM_011416616.3	5629	5530	0	0
XM_011416619.3	1785	1686	177.337	123.064
XM_011416623.3	4970	4871	16.8438	4.04588
XM_011416626.3	3428	3329	0	0
XM_011416627.3	3391	3292	3.54093e-08	1.25849e-08
XM_011416628.3	3383	3284	67	23.8706
XM_011416630.3	3395	3296	0.0018681	0.000663137
XM_011416631.3	3365	3266	84.9981	30.4498
XM_011416632.3	2519	2420	0	0
XM_011416633.3	1946	1847	3	1.9004
XM_011416634.2	919	820	5	7.13423
XM_011416635.3	1479	1380	40	33.9134
XM_011416637.3	1726	1627	0	0
XM_011416638.3	2845	2746	1.17723	0.501593
XM_011416639.3	1112	1013	5	5.77499
XM_011416646.3	2214	2115	0	0
XM_011416647.3	2159	2060	16	9.08748
XM_011416657.3	1425	1326	7	6.17654
XM_011416658.3	4581	4482	4.39382	1.147
XM_011416659.3	4530	4431	11.0958	2.92985
XM_011416660.3	4614	4515	0.000804969	0.000208599
XM_011416661.3	4870	4771	16.5096	4.04873
XM_011416662.3	4527	4428	10	2.64231
XM_011416663.3	1240	1141	23.8069	24.4123
XM_011416664.3	858	759	14	21.5813
XM_011416666.3	760	661	0	0
XM_011416668.3	926	827	0	0
XM_011416672.3	1269	1170	12.4291	12.4293
XM_011416676.3	1321	1222	1	0.957458
XM_011416688.3	2714	2615	0.670485	0.299991
XM_011416690.3	1463	1364	94.7054	81.2365
XM_011416691.3	1057	958	0	0
XM_011416693.3	1259	1160	0	0
XM_011416694.2	1284	1185	0	0
XM_011416696.3	6674	6575	0	0
XM_011416700.3	5623	5524	0	0
XM_011416702.3	5945	5846	7.87669	1.57643
XM_011416703.3	4224	4125	0.00100497	0.000285049
XM_011416704.3	4193	4094	6.999	2.00022
XM_011416714.3	1114	1015	19	21.9017
XM_011416715.2	744	645	0	0
XM_011416717.3	4030	3931	0	0
XM_011416720.3	3975	3876	0	0
XM_011416721.3	3985	3886	0	0
XM_011416723.3	3848	3749	4	1.24835
XM_011416724.3	2068	1969	9	5.34795
XM_011416726.3	1654	1555	20	15.0484
XM_011416727.3	2166	2067	42	23.7739
XM_011416728.3	4147	4048	89	25.7241
XM_011416729.3	3561	3462	0	0
XM_011416731.2	3654	3555	0	0
XM_011416733.3	5134	5035	5.7325e-07	1.3321e-07
XM_011416734.3	5060	4961	19.9998	4.71679
XM_011416735.3	5113	5014	7.71809e-05	1.80101e-05
XM_011416736.3	5110	5011	0.000155741	3.63639e-05
XM_011416744.3	1578	1479	0	0
XM_011416745.3	2173	2074	14	7.89787
XM_011416751.3	645	546	0	0
XM_011416757.3	2158	2059	7	3.9777
XM_011416759.3	2774	2675	0	0
XM_011416760.3	2315	2216	0.0247034	0.013043
XM_011416761.3	2305	2206	4.9753	2.63879
XM_011416765.3	740	641	0	0
XM_011416772.3	1140	1041	0	0
XM_011416774.2	4962	4863	1	0.240595
XM_011416780.3	6680	6581	0	0
XM_011416781.2	982	883	398	527.367
XM_011416782.3	2702	2603	4	1.79795
XM_011416783.3	5576	5477	26.184	5.5935
XM_011416784.3	4857	4758	4.77768e-06	1.17485e-06
XM_011416785.3	4832	4733	0	0
XM_011416786.3	4795	4696	22.9633	5.72134
XM_011416787.3	4586	4487	9.20502e-08	2.40027e-08
XM_011416788.3	1470	1371	5	4.26701
XM_011416789.3	1593	1494	0	0
XM_011416790.3	1770	1671	0	0
XM_011416791.3	1612	1513	0	0
XM_011416803.3	4194	4095	0.22992	0.0656923
XM_011416804.3	4867	4768	0	0
XM_011416805.3	4180	4081	12.7701	3.66115
XM_011416807.3	1008	909	24	30.8914
XM_011416809.3	2008	1909	19	11.645
XM_011416810.3	1876	1777	0	0
XM_011416811.3	1630	1531	2	1.52843
XM_011416812.3	1660	1561	0	0
XM_011416815.3	2394	2295	0	0
XM_011416819.3	4215	4116	15	4.2639
XM_011416820.3	4509	4410	26	6.89804
XM_011416821.3	1952	1853	3	1.89425
XM_011416831.2	2005	1906	1.40634	0.863296
XM_011416832.3	996	897	1.05989	1.38249
XM_011416833.3	5234	5135	13	2.96206
XM_011416836.3	488	389	0	0
XM_011416837.3	2621	2522	1	0.463923
XM_011416842.3	2299	2200	10	5.31824
XM_011416843.3	3100	3001	26	10.1367
XM_011416847.3	6148	6049	3.65562e-06	7.0708e-07
XM_011416848.3	1116	1017	0	0
XM_011416850.3	1874	1775	2	1.31832
XM_011416851.3	733	634	0	0
XM_011416852.3	1445	1346	1	0.869252
XM_011416856.3	3720	3621	0	0
XM_011416857.3	4174	4075	2	0.57424
XM_011416858.3	2087	1988	30	17.6561
XM_011416859.3	1816	1717	76.9993	52.4695
XM_011416860.3	1833	1734	0.000736981	0.000497277
XM_011416861.3	803	704	0	0
XM_011416864.3	2827	2728	0	0
XM_011416865.3	673	574	412.885	841.604
XM_011416867.3	988	889	15.1155	19.8935
XM_011416868.3	1390	1291	33.8278	30.6576
XM_011416870.3	3327	3228	0	0
XM_011416871.3	3407	3308	0	0
XM_011416872.3	3547	3448	0	0
XM_011416876.3	3285	3186	2.83053e-05	1.03947e-05
XM_011416878.3	1752	1653	0	0
XM_011416879.3	1684	1585	4.87871	3.60136
XM_011416880.3	1689	1590	0.121285	0.0892487
XM_011416885.3	3819	3720	0.000776978	0.000244375
XM_011416886.3	3816	3717	0.00200172	0.000630088
XM_011416887.3	3792	3693	3.99346	1.2652
XM_011416888.3	2247	2148	2	1.0894
XM_011416889.3	5581	5482	5	1.06714
XM_011416890.3	2154	2055	0	0
XM_011416891.3	2063	1964	7	4.17011
XM_011416892.3	649	550	17	36.1641
XM_011416893.3	2974	2875	11	4.47657
XM_011416896.3	2314	2215	0	0
XM_011416897.3	2305	2206	0	0
XM_011416898.3	2304	2205	0	0
XM_011416899.3	1698	1599	0	0
XM_011416902.3	4187	4088	0	0
XM_011416904.3	3899	3800	34	10.4685
XM_011416905.3	1820	1721	12	8.15814
XM_011416906.3	1848	1749	1	0.668961
XM_011416907.3	2300	2201	0	0
XM_011416909.3	2790	2691	4	1.73915
XM_011416910.3	2140	2041	4	2.29302
XM_011416911.3	1640	1541	0	0
XM_011416912.3	1608	1509	25	19.3839
XM_011416913.3	1294	1195	6	5.87454
XM_011416917.3	1318	1219	0	0
XM_011416918.3	2968	2869	0.000128076	5.2231e-05
XM_011416919.3	2938	2839	28.9999	11.9515
XM_011416922.3	811	712	0	0
XM_011416924.3	4905	4806	2.27262	0.553266
XM_011416925.3	4902	4803	4.72738	1.15159
XM_011416926.3	5012	4913	0	0
XM_011416927.3	5006	4907	0	0
XM_011416932.3	4872	4773	8.99988	2.20616
XM_011416933.3	4975	4876	0	0
XM_011416935.3	4949	4850	6.33184e-08	1.52749e-08
XM_011416937.3	4918	4819	0.000116981	2.8402e-05
XM_011416938.3	4047	3948	30	8.89068
XM_011416939.3	2696	2597	20	9.0105
XM_011416941.3	831	732	0	0
XM_011416942.3	2432	2333	0	0
XM_011416943.3	2802	2703	12.2308	5.29418
XM_011416944.3	2720	2621	0	0
XM_011416954.3	956	857	0	0
XM_011416956.3	1386	1287	11	10.0001
XM_011416957.2	4028	3929	8	2.38231
XM_011416960.3	2247	2148	3	1.6341
XM_011416965.3	1080	981	0	0
XM_011416969.2	758	659	0	0
XM_011416972.3	1804	1705	10	6.86225
XM_011416973.3	423	324	0	0
XM_011416976.3	1018	919	0	0
XM_011416979.3	2182	2083	6.48188	3.64085
XM_011416980.3	850	751	0	0
XM_011416986.3	2623	2524	9.77309	4.53037
XM_011417002.3	5215	5116	0	0
XM_011417003.3	5187	5088	0	0
XM_011417004.3	5173	5074	0	0
XM_011417007.3	5082	4983	0.736271	0.172877
XM_011417008.3	5082	4983	0.736271	0.172877
XM_011417010.3	2845	2746	0	0
XM_011417011.2	1419	1320	0	0
XM_011417016.3	1205	1106	9	9.5209
XM_011417023.3	2152	2053	13	7.40876
XM_011417025.3	3229	3130	1.75275e-08	6.55187e-09
XM_011417028.3	3724	3625	25	8.06906
XM_011417029.3	1688	1589	0	0
XM_011417034.2	1317	1218	0	0
XM_011417037.3	3196	3097	0	0
XM_011417045.3	4196	4097	0	0
XM_011417046.3	4103	4004	0.0215824	0.00630661
XM_011417047.3	4328	4229	0	0
XM_011417049.3	4083	3984	7.67481	2.25392
XM_011417050.3	4084	3985	5.71762	1.67872
XM_011417051.3	4193	4094	0	0
XM_011417052.3	4187	4088	0	0
XM_011417053.3	3751	3652	0	0
XM_011417054.3	3556	3457	0	0
XM_011417055.3	3742	3643	0	0
XM_011417062.3	1386	1287	0	0
XM_011417063.3	1356	1257	0.00123579	0.00115027
XM_011417064.3	1323	1224	1.08531e-08	1.03744e-08
XM_011417065.3	1290	1191	0	0
XM_011417066.3	1257	1158	31.3876	31.7133
XM_011417072.3	1661	1562	2	1.4981
XM_011417076.3	2444	2345	0	0
XM_011417080.3	4787	4688	0	0
XM_011417081.3	4866	4767	0	0
XM_011417082.3	4715	4616	0.634134	0.160733
XM_011417086.3	2294	2195	0	0
XM_011417087.3	823	724	0	0
XM_011417091.3	1335	1236	0	0
XM_011417093.3	2444	2345	0	0
XM_011417095.3	4455	4356	10.6043	2.84829
XM_011417100.3	2286	2187	0	0
XM_011417104.3	1568	1469	12	9.55763
XM_011417105.3	5732	5633	0	0
XM_011417109.3	2274	2175	0	0
XM_011417121.3	1794	1695	2	1.38055
XM_011417122.3	2057	1958	0	0
XM_011417123.3	3425	3326	4	1.40711
XM_011417124.3	3653	3554	6	1.97526
XM_011417125.3	967	868	0	0
XM_011417126.3	1657	1558	9	6.75874
XM_011417130.3	1184	1085	0	0
XM_011417131.3	800	701	0	0
XM_011417133.3	518	419	0	0
XM_011417134.3	2211	2112	0	0
XM_011417135.3	791	692	3.59707	6.08182
XM_011417143.3	2425	2326	7	3.52111
XM_011417146.2	586	487	1	2.40249
XM_011417147.3	666	567	2	4.12703
XM_011417154.3	3476	3377	40.0136	13.8633
XM_011417164.3	557	458	0	0
XM_011417169.3	420	321	854	3112.75
XM_011417183.3	2537	2438	1	0.479907
XM_011417184.3	2659	2560	0	0
XM_011417185.3	2691	2592	0	0
XM_011417188.3	2675	2576	0	0
XM_011417190.3	2926	2827	0	0
XM_011417197.3	3465	3366	4.78465	1.66313
XM_011417198.3	3757	3658	3	0.959552
XM_011417199.3	3099	3000	0	0
XM_011417201.3	3145	3046	0	0
XM_011417202.3	3178	3079	0	0
XM_011417204.3	767	668	0	0
XM_011417208.3	730	631	6	11.1253
XM_011417210.3	2550	2451	0	0
XM_011417211.3	2290	2191	0.00464457	0.00248024
XM_011417212.3	2277	2178	4.99536	2.68349
XM_011417213.3	2481	2382	0	0
XM_011417214.3	2351	2252	0	0
XM_011417215.3	733	634	2	3.69089
XM_011417218.3	3438	3339	47	16.4692
XM_011417219.3	1429	1330	2	1.75942
XM_011417220.3	3558	3459	2	0.676504
XM_011417221.3	1218	1119	2	2.09118
XM_011417222.3	1979	1880	1	0.622348
XM_011417223.2	1754	1655	23	16.26
XM_011417236.3	2398	2299	0	0
XM_011417237.3	2976	2877	0	0
XM_011417239.3	2053	1954	64.0718	38.3648
XM_011417244.3	2166	2067	59.1432	33.4777
XM_011417248.3	563	464	0	0
XM_011417250.3	706	607	0	0
XM_011417251.3	782	683	0	0
XM_011417252.3	779	680	0	0
XM_011417253.3	781	682	0	0
XM_011417254.3	751	652	0.0774431	0.138972
XM_011417255.3	754	655	0.000355114	0.000634333
XM_011417256.3	749	650	2.84476	5.12062
XM_011417259.3	6320	6221	0	0
XM_011417260.3	2512	2413	2.45603e-05	1.19088e-05
XM_011417261.3	2487	2388	4.96262	2.43146
XM_011417264.3	2666	2567	0	0
XM_011417274.3	5848	5749	0	0
XM_011417276.3	3864	3765	0	0
XM_011417281.3	5654	5555	1	0.210623
XM_011417284.3	1107	1008	0	0
XM_011417285.3	1361	1262	2	1.85422
XM_011417286.3	1252	1153	0	0
XM_011417287.3	1393	1294	0	0
XM_011417289.3	1967	1868	0	0
XM_011417290.3	1041	942	0	0
XM_011417292.3	4175	4076	8	2.2964
XM_011417293.3	2004	1905	8.4292	5.17705
XM_011417294.3	2030	1931	0	0
XM_011417297.3	2724	2625	11.591	5.16634
XM_011417298.3	2347	2248	4	2.08187
XM_011417299.3	2449	2350	8.84919e-05	4.40582e-05
XM_011417300.3	2429	2330	1.99991	1.00426
XM_011417303.3	1946	1847	0	0
XM_011417304.3	2874	2775	4	1.68651
XM_011417306.3	1043	944	14	17.3519
XM_011417307.3	4043	3944	0	0
XM_011417308.3	3691	3592	0	0
XM_011417309.3	1500	1401	0	0
XM_011417310.3	1436	1337	0	0
XM_011417312.3	1458	1359	2	1.72187
XM_011417313.3	868	769	12	18.2577
XM_011417315.3	3864	3765	0	0
XM_011417316.3	3830	3731	0	0
XM_011417317.3	3864	3765	19	5.90445
XM_011417318.3	3079	2980	13	5.10409
XM_011417319.3	1273	1174	0	0
XM_011417320.3	602	503	0	0
XM_011417323.3	3447	3348	0.00343635	0.00120089
XM_011417324.3	3438	3339	0.0807923	0.0283103
XM_011417325.3	3429	3330	1.91577	0.673117
XM_011417327.3	3186	3087	0	0
XM_011417328.3	2691	2592	3	1.35418
XM_011417329.3	3162	3063	0	0
XM_011417332.3	1010	911	0	0
XM_011417333.3	3665	3566	5.77655	1.8953
XM_011417339.3	2657	2558	26.6455	12.1875
XM_011417341.3	4657	4558	28	7.18745
XM_011417342.3	4279	4180	0	0
XM_011417343.3	3730	3631	0	0
XM_011417344.3	3880	3781	0	0
XM_011417347.3	4664	4565	0	0
XM_011417348.3	4612	4513	0	0
XM_011417355.3	3739	3640	44.8024	14.401
XM_011417358.3	1514	1415	5	4.13432
XM_011417359.3	2582	2483	17	8.01056
XM_011417360.3	3812	3713	0	0
XM_011417361.3	1016	917	25	31.8979
XM_011417362.3	1242	1143	0	0
XM_011417363.3	2431	2332	2	1.00344
XM_011417365.3	1684	1585	1	0.738179
XM_011417366.3	1933	1834	1	0.637957
XM_011417370.3	2246	2147	1	0.544953
XM_011417371.3	1563	1464	3	2.39757
XM_011417376.3	2464	2365	3	1.48416
XM_011417382.3	4955	4856	0.0610957	0.0147205
XM_011417385.3	1803	1704	24	16.4791
XM_011417386.3	1006	907	3	3.86995
XM_011417389.3	2325	2226	0	0
XM_011417395.3	2058	1959	0	0
XM_011417399.3	2161	2062	0.993992	0.564008
XM_011417400.3	2972	2873	0	0
XM_011417401.3	1893	1794	1	0.652181
XM_011417402.3	1576	1477	0	0
XM_011417404.3	639	540	0	0
XM_011417405.3	566	467	4	10.0215
XM_011417406.3	2110	2011	1	0.581807
XM_011417414.3	2188	2089	2.34527e-07	1.31354e-07
XM_011417415.3	5739	5640	0	0
XM_011417422.3	1450	1351	0	0
XM_011417423.3	2657	2558	0	0
XM_011417424.3	2170	2071	0.00600795	0.0033942
XM_011417425.3	3047	2948	41.2056	16.3538
XM_011417426.3	2951	2852	0	0
XM_011417428.3	2906	2807	0	0
XM_011417429.3	2897	2798	0	0
XM_011417430.3	2894	2795	0	0
XM_011417431.3	2885	2786	0	0
XM_011417437.3	2376	2277	0	0
XM_011417441.3	1998	1899	0	0
XM_011417442.3	1989	1890	0	0
XM_011417443.3	1981	1882	0	0
XM_011417444.3	1973	1874	0	0
XM_011417445.3	2522	2423	0	0
XM_011417451.3	2332	2233	0	0
XM_011417453.3	746	647	14	25.3171
XM_011417456.3	1969	1870	6	3.75405
XM_011417459.3	4577	4478	0	0
XM_011417464.3	1990	1891	0	0
XM_011417465.3	4484	4385	28	7.47101
XM_011417475.2	3129	3030	0	0
XM_011417480.3	742	643	1036	1885.12
XM_011417481.3	882	783	8	11.9542
XM_011417482.3	3477	3378	16.127	5.5858
XM_011417483.3	4575	4476	13.873	3.62636
XM_011417485.3	1838	1739	0.00680463	0.00457821
XM_011417486.3	1829	1730	2.9932	2.02432
XM_011417487.3	5593	5494	9	1.91666
XM_011417492.3	3497	3398	10.7904	3.71541
XM_011417495.3	4057	3958	4	1.18243
XM_011417496.3	726	627	0	0
XM_011417497.3	3449	3350	32	11.1762
XM_011417498.3	3104	3005	152	59.182
XM_011417499.3	2648	2549	0	0
XM_011417502.3	2635	2536	48.5	22.376
XM_011417503.3	2635	2536	48.5	22.376
XM_011417505.3	2623	2524	1.12728e-07	5.22556e-08
XM_011417506.3	2630	2531	0	0
XM_011417507.3	2659	2560	4	1.82815
XM_011417509.3	1064	965	13	15.7618
XM_011417510.3	2160	2061	0	0
XM_011417511.3	1974	1875	2	1.24801
XM_011417513.3	1398	1299	4	3.60281
XM_011417514.3	3477	3378	5	1.73181
XM_011417515.3	749	650	0.000396247	0.000713253
XM_011417520.3	1923	1824	0	0
XM_011417521.3	1786	1687	0	0
XM_011417522.3	1176	1077	2	2.17273
XM_011417523.3	1923	1824	0	0
XM_011417524.3	3399	3300	11	3.90004
XM_011417525.3	3162	3063	7	2.67388
XM_011417526.3	1739	1640	0	0
XM_011417527.3	1718	1619	0	0
XM_011417528.3	770	671	2	3.48737
XM_011417529.3	3234	3135	10	3.7321
XM_011417530.2	7399	7300	7.25313	1.1625
XM_011417532.3	2398	2299	38	19.3391
XM_011417534.2	679	580	12	24.2072
XM_011417536.2	975	876	0	0
XM_011417542.3	3793	3694	0	0
XM_011417548.3	3493	3394	30.1671	10.3995
XM_011417551.3	2804	2705	31	13.4087
XM_011417552.2	7685	7586	134	20.6673
XM_011417553.3	2339	2240	6	3.13396
XM_011417555.3	4243	4144	0	0
XM_011417556.3	3316	3217	0	0
XM_011417557.3	4243	4144	0	0
XM_011417559.3	1700	1601	3	2.1924
XM_011417560.3	3380	3281	17	6.06225
XM_011417563.3	2521	2422	20	9.66155
XM_011417565.3	4698	4599	5.01552	1.27598
XM_011417567.3	2304	2205	4	2.12247
XM_011417568.3	3389	3290	6	2.13376
XM_011417569.3	2123	2024	4.35441	2.51715
XM_011417577.3	2582	2483	0.000674714	0.000317932
XM_011417602.3	1255	1156	4	4.04849
XM_011417607.3	6455	6356	72	13.2538
XM_011417608.3	1132	1033	0	0
XM_011417609.3	3444	3345	6	2.09868
XM_011417616.3	843	744	0	0
XM_011417617.3	877	778	0	0
XM_011417618.3	2302	2203	3	1.5933
XM_011417624.3	1855	1756	25	16.6574
XM_011417627.3	941	842	0	0
XM_011417628.3	869	770	0	0
XM_011417630.3	6203	6104	0	0
XM_011417642.3	1917	1818	0	0
XM_011417643.3	1901	1802	0	0
XM_011417644.3	1841	1742	0	0
XM_011417650.3	3134	3035	0	0
XM_011417651.3	3220	3121	0	0
XM_011417652.3	2232	2133	0	0
XM_011417654.3	2803	2704	45.8681	19.847
XM_011417656.3	1839	1740	1	0.672422
XM_011417657.3	862	763	0	0
XM_011417658.3	1746	1647	0	0
XM_011417661.3	1646	1547	5	3.78156
XM_011417664.3	2406	2307	0	0
XM_011417665.3	373	274	46	196.426
XM_011417666.3	2729	2630	0	0
XM_011417667.3	1456	1357	0	0
XM_011417668.3	1338	1239	0	0
XM_011417669.3	1221	1122	0	0
XM_011417670.3	1218	1119	0	0
XM_011417673.3	2222	2123	0	0
XM_011417674.3	2029	1930	0	0
XM_011417675.3	1978	1879	8	4.98143
XM_011417678.3	4477	4378	7.15399	1.91189
XM_011417680.3	1441	1342	22.4634	19.5846
XM_011417684.3	4410	4311	0	0
XM_011417685.3	2512	2413	1.20885e-07	5.86148e-08
XM_011417687.3	1016	917	3	3.82774
XM_011417688.3	1364	1265	4	3.69965
XM_011417689.3	4448	4349	0	0
XM_011417696.3	4369	4270	0	0
XM_011417697.3	1940	1841	12	7.62638
XM_011417698.3	628	529	0	0
XM_011417699.3	625	526	13	28.9167
XM_011417700.3	1632	1533	1	0.763218
XM_011417702.3	1835	1736	8.64248	5.82478
XM_011417705.3	2465	2366	0	0
XM_011417713.2	975	876	0	0
XM_011417714.3	953	854	0	0
XM_011417716.3	681	582	0	0
XM_011417717.3	788	689	0	0
XM_011417723.3	3578	3479	3	1.00892
XM_011417724.3	1916	1817	14	9.01496
XM_011417727.3	679	580	0	0
XM_011417728.3	2465	2366	73.3539	36.2743
XM_011417731.3	1256	1157	0	0
XM_011417732.3	3377	3278	0	0
XM_011417741.3	3029	2930	0	0
XM_011417750.3	2873	2774	0	0
XM_011417751.3	1514	1415	11	9.09551
XM_011417752.3	3890	3791	95	29.3198
XM_011417753.3	1353	1254	1	0.933025
XM_011417755.3	2909	2810	0	0
XM_011417756.3	3381	3282	0	0
XM_011417757.3	2807	2708	1	0.432058
XM_011417758.3	2919	2820	0	0
XM_011417759.3	3234	3135	24	8.95704
XM_011417760.3	2830	2731	5	2.1421
XM_011417762.3	2994	2895	2	0.808299
XM_011417763.3	675	576	0	0
XM_011417764.3	1262	1163	167	168.007
XM_011417765.3	2140	2041	1	0.573255
XM_011417767.3	970	871	4	5.3732
XM_011417772.3	1003	904	1.98564	2.56994
XM_011417773.3	3101	3002	0	0
XM_011417774.3	2555	2456	2.04452	0.973991
XM_011417775.3	3987	3888	3	0.902788
XM_011417776.3	1725	1626	508	365.539
XM_011417777.3	372	273	16	68.5722
XM_011417778.3	1000	901	98.0144	127.279
XM_011417780.3	1191	1092	27	28.9289
XM_011417783.3	2905	2806	0	0
XM_011417784.3	4616	4517	0.979546	0.253726
XM_011417785.3	4613	4514	2.13539	0.553486
XM_011417786.3	4613	4514	2.13539	0.553486
XM_011417787.3	4613	4514	2.13539	0.553486
XM_011417788.3	4613	4514	2.13539	0.553486
XM_011417789.3	4610	4511	4.65752	1.20802
XM_011417792.3	3372	3273	82	29.3129
XM_011417793.2	3299	3200	0	0
XM_011417794.2	3239	3140	0	0
XM_011417795.3	1920	1821	0	0
XM_011417796.3	1863	1764	23	15.2553
XM_011417797.3	3138	3039	63	24.255
XM_011417799.3	2524	2425	41	19.7817
XM_011417800.3	946	847	19	26.2459
XM_011417802.3	1998	1899	0	0
XM_011417805.3	1418	1319	8	7.09637
XM_011417806.3	8078	7979	3.74875e-06	5.49704e-07
XM_011417807.3	7973	7874	21	3.12043
XM_011417813.3	1270	1171	1	0.999157
XM_011417814.3	1587	1488	10	7.86299
XM_011417815.3	1253	1154	242	245.358
XM_011417824.2	5390	5291	0	0
XM_011417829.2	5387	5288	0	0
XM_011417830.3	1619	1520	21	16.1647
XM_011417837.2	5384	5285	0	0
XM_011417845.3	7638	7539	4.26008	0.661143
XM_011417846.2	5378	5279	0	0
XM_011417848.3	7041	6942	0	0
XM_011417849.3	1718	1619	11	7.94944
XM_011417850.3	4024	3925	141	42.0311
XM_011417851.3	973	874	16	21.419
XM_011417852.3	1054	955	0	0
XM_011417853.3	929	830	7.6526e-07	1.07875e-06
XM_011417855.3	6175	6076	2.83788	0.546472
XM_011417856.3	2472	2373	45	22.1874
XM_011417857.3	902	803	49	71.3956
XM_011417860.3	688	589	0	0
XM_011417861.3	1205	1106	5	5.28939
XM_011417863.3	5155	5056	72.1621	16.6991
XM_011417867.2	1134	1035	0	0
XM_011417869.3	2158	2059	0.0107472	0.00610705
XM_011417871.2	5357	5258	0	0
XM_011417872.3	2143	2044	57.0303	32.6449
XM_011417875.3	2061	1962	41	24.4498
XM_011417876.3	1329	1230	3	2.85369
XM_011417878.3	1471	1372	93	79.3085
XM_011417880.3	1408	1309	9	8.0444
XM_011417881.3	874	775	9	13.5873
XM_011417882.3	1319	1220	0	0
XM_011417883.3	1304	1205	3.56646e-06	3.46291e-06
XM_011417884.3	797	698	18	30.1723
XM_011417885.3	4519	4420	0	0
XM_011417886.3	4500	4401	0	0
XM_011417887.3	4160	4061	0	0
XM_011417888.3	4456	4357	0	0
XM_011417889.3	4191	4092	0	0
XM_011417890.3	4398	4299	0	0
XM_011417892.3	4235	4136	87.7725	24.8296
XM_011417893.3	4154	4055	26.2275	7.56756
XM_011417895.3	4445	4346	0	0
XM_011417900.3	6411	6312	0	0
XM_011417902.3	2189	2090	12	6.71778
XM_011417903.3	1752	1653	32	22.65
XM_011417904.3	2340	2241	16	8.35351
XM_011417905.3	1995	1896	0	0
XM_011417906.3	1965	1866	0	0
XM_011417908.2	4195	4096	11	3.14213
XM_011417909.3	6463	6364	10.3312	1.89937
XM_011417910.3	7323	7224	11.3854	1.844
XM_011417915.3	711	612	1	1.91179
XM_011417916.3	935	836	0.00261415	0.0036586
XM_011417917.3	937	838	23.275	32.4965
XM_011417918.3	899	800	0.00605668	0.00885799
XM_011417919.3	901	802	79.7163	116.296
XM_011417920.3	3149	3050	11	4.21972
XM_011417921.3	1726	1627	0	0
XM_011417933.3	623	524	23	51.3556
XM_011417935.3	2651	2552	5	2.29235
XM_011417937.3	2153	2054	0	0
XM_011417938.3	4328	4229	4	1.10666
XM_011417941.3	2036	1937	0	0
XM_011417949.3	1318	1219	1.89402	1.81791
XM_011417950.2	1388	1289	0	0
XM_011417955.3	3991	3892	2	0.60124
XM_011417957.3	885	786	1	1.48857
XM_011417958.3	1036	937	0	0
XM_011417959.3	1955	1856	7	4.41277
XM_011417960.3	1747	1648	0	0
XM_011417961.3	1552	1453	80	64.4192
XM_011417962.3	1583	1484	0	0
XM_011417963.3	2730	2631	2	0.889406
XM_011417964.3	2857	2758	6	2.54535
XM_011417965.3	2712	2613	0	0
XM_011417979.3	1621	1522	5	3.84367
XM_011417980.3	1320	1221	6	5.74945
XM_011417981.3	1282	1183	3.57244	3.53322
XM_011417982.3	5968	5869	42	8.3729
XM_011417983.3	1860	1761	6	3.98642
XM_011417985.3	2641	2542	33	15.189
XM_011417986.3	1340	1241	11.4946	10.8371
XM_011417989.3	1199	1100	0	0
XM_011417990.3	809	710	1	1.64791
XM_011417994.3	1596	1497	0	0
XM_011417995.3	1658	1559	0	0
XM_011417997.3	1539	1440	1	0.812509
XM_011417998.3	1572	1473	0	0
XM_011417999.3	1728	1629	22.1126	15.8822
XM_011418000.3	2646	2547	30.8874	14.1887
XM_011418001.3	1308	1209	1.83281e-07	1.77371e-07
XM_011418002.3	1291	1192	3	2.94466
XM_011418003.2	2882	2783	0	0
XM_011418004.3	3270	3171	0	0
XM_011418005.3	3927	3828	0	0
XM_011418006.3	2755	2656	0	0
XM_011418007.3	4047	3948	0	0
XM_011418009.3	3682	3583	0	0
XM_011418010.3	3141	3042	0	0
XM_011418012.3	1665	1566	4	2.98854
XM_011418018.3	5147	5048	1.01004e-08	2.34105e-09
XM_011418037.3	2563	2464	0	0
XM_011418039.3	2599	2500	6.17222	2.88863
XM_011418042.3	2613	2514	9	4.18859
XM_011418043.3	1698	1599	1	0.731716
XM_011418045.3	1878	1779	7.47074	4.91336
XM_011418050.3	2905	2806	0	0
XM_011418053.3	2615	2516	20	9.30058
XM_011418054.3	3157	3058	14.8985	5.70026
XM_011418055.3	3121	3022	11.8457	4.58624
XM_011418056.3	1713	1614	1.1543	0.83677
XM_011418057.3	2100	2001	0	0
XM_011418058.3	2060	1961	19.5968	11.6922
XM_011418061.3	1165	1066	0.000863	0.000947206
XM_011418062.3	1156	1057	17.9991	19.9236
XM_011418073.3	2405	2306	20	10.1476
XM_011418076.3	1648	1549	5	3.77667
XM_011418078.3	941	842	3	4.16869
XM_011418080.3	990	891	3	3.93944
XM_011418081.3	863	764	3	4.59429
XM_011418082.2	902	803	0	0
XM_011418086.3	1774	1675	0	0
XM_011418090.2	2193	2094	0	0
XM_011418092.2	2013	1914	0	0
XM_011418097.3	3238	3139	17.0595	6.35867
XM_011418103.3	3742	3643	8.74538	2.80873
XM_011418107.3	556	457	0	0
XM_011418115.3	1623	1524	0	0
XM_011418116.3	1708	1609	0	0
XM_011418117.3	1601	1502	0	0
XM_011418118.3	2870	2771	0.940471	0.3971
XM_011418119.3	1684	1585	0	0
XM_011418120.3	1543	1444	1	0.810259
XM_011418121.3	1962	1863	68	42.7058
XM_011418122.3	1118	1019	0	0
XM_011418123.3	673	574	0	0
XM_011418124.3	657	558	0	0
XM_011418134.3	779	680	10	17.2061
XM_011418135.3	3662	3563	0	0
XM_011418137.3	3598	3499	2.54596e-06	8.51332e-07
XM_011418139.3	3553	3454	10	3.38741
XM_011418146.3	2880	2781	6	2.5243
XM_011418148.3	2490	2391	0	0
XM_011418154.3	931	832	0	0
XM_011418155.3	7174	7075	0.000583126	9.64332e-05
XM_011418157.3	2666	2567	12	5.46948
XM_011418158.3	2422	2323	49	24.6796
XM_011418159.3	3222	3123	0	0
XM_011418160.3	3003	2904	0.00153042	0.000616603
XM_011418161.3	2987	2888	0.99847	0.404509
XM_011418163.3	1725	1626	4.78828	3.44548
XM_011418164.3	1063	964	2	2.42741
XM_011418165.3	1693	1594	0	0
XM_011418167.3	2471	2372	0	0
XM_011418168.3	2426	2327	0	0
XM_011418170.3	1103	1004	0	0
XM_011418175.3	1537	1438	0	0
XM_011418176.3	671	572	8	16.3638
XM_011418180.3	1999	1900	33	20.3213
XM_011418181.3	2667	2568	41	18.6801
XM_011418182.3	2883	2784	24	10.0863
XM_011418183.3	2824	2725	0	0
XM_011418185.3	4599	4500	11.293	2.93622
XM_011418186.3	4523	4424	0	0
XM_011418192.3	4427	4328	27.3852	7.40321
XM_011418193.3	4397	4298	0.0380208	0.0103501
XM_011418195.3	4381	4282	3.01985	0.825144
XM_011418197.3	4145	4046	0	0
XM_011418199.3	2241	2142	0	0
XM_011418200.3	6167	6068	1.11012e-07	2.1405e-08
XM_011418201.3	6161	6062	3.54274e-07	6.83776e-08
XM_011418202.3	6143	6044	1.15942e-05	2.24443e-06
XM_011418203.3	6137	6038	3.71715e-05	7.20291e-06
XM_011418204.3	6137	6038	3.71715e-05	7.20291e-06
XM_011418205.3	6131	6032	0.000119312	2.31426e-05
XM_011418207.3	6113	6014	0.00397311	0.000772962
XM_011418208.3	6091	5992	0.292483	0.0571109
XM_011418210.3	6067	5968	32.4062	6.35316
XM_011418212.3	5856	5757	0	0
XM_011418213.3	2259	2160	1.1113	0.601961
XM_011418217.3	1847	1748	2	1.33869
XM_011418218.3	1749	1650	0	0
XM_011418220.3	1716	1617	0	0
XM_011418229.3	2478	2379	0	0
XM_011418236.2	1106	1007	12	13.9426
XM_011418238.3	5154	5055	0	0
XM_011418239.3	4998	4899	13	3.10475
XM_011418241.3	2144	2045	52	29.751
XM_011418242.3	1552	1453	0	0
XM_011418243.3	6097	5998	13.2223	2.57924
XM_011418244.3	2370	2271	3	1.54559
XM_011418251.3	3352	3253	11	3.95639
XM_011418252.3	3784	3685	0	0
XM_011418253.3	2544	2445	94	44.9821
XM_011418256.3	1785	1686	1.08235	0.751104
XM_011418258.3	1197	1098	0	0
XM_011418259.3	1287	1188	0	0
XM_011418269.3	1995	1896	0	0
XM_011418271.3	1163	1064	0	0
XM_011418272.3	1125	1026	1.3241	1.50996
XM_011418277.3	1909	1810	73	47.1884
XM_011418278.3	2391	2292	0	0
XM_011418279.3	3376	3277	0	0
XM_011418280.3	3375	3276	0	0
XM_011418281.3	3492	3393	5.47563e-05	1.88817e-05
XM_011418282.3	3480	3381	0.00349395	0.0012091
XM_011418283.3	3346	3247	0	0
XM_011418284.3	3340	3241	0	0
XM_011418285.3	3462	3363	1.83099	0.637016
XM_011418289.2	1385	1286	2.85824	2.60045
XM_011418291.2	1953	1854	1	0.631075
XM_011418295.3	2240	2141	42	22.9522
XM_011418297.3	1772	1673	0	0
XM_011418298.3	2256	2157	23.7698	12.8934
XM_011418304.3	1427	1328	1.35641	1.19504
XM_011418305.3	2316	2217	7	3.69422
XM_011418306.3	2195	2096	1.45378e-08	8.11516e-09
XM_011418309.3	1728	1629	9	6.46416
XM_011418310.3	1516	1417	0	0
XM_011418311.3	3408	3309	2	0.70717
XM_011418312.3	636	537	0.00698908	0.0152278
XM_011418314.3	1751	1652	0	0
XM_011418315.3	1995	1896	0	0
XM_011418316.3	1504	1405	0	0
XM_011418319.3	1703	1604	3	2.1883
XM_011418320.3	2000	1901	1	0.615473
XM_011418321.3	5776	5677	12	2.47317
XM_011418322.3	2989	2890	0	0
XM_011418323.3	2655	2556	0	0
XM_011418324.3	3009	2910	0	0
XM_011418325.3	2833	2734	0	0
XM_011418327.3	2879	2780	0	0
XM_011418329.3	1458	1359	0	0
XM_011418338.3	1416	1317	15.8885	14.1153
XM_011418339.3	867	768	0	0
XM_011418340.3	804	705	5	8.29797
XM_011418343.3	698	599	15.7632	30.7898
XM_011418345.3	471	372	0	0
XM_011418348.3	622	523	2.89106	6.46764
XM_011418349.3	704	605	0.822602	1.59084
XM_011418351.3	1129	1030	13.1553	14.9436
XM_011418353.3	704	605	0.822602	1.59084
XM_011418354.3	1129	1030	13.1553	14.9436
XM_011418357.2	2448	2349	0	0
XM_011418359.3	668	569	0	0
XM_011418362.3	2841	2742	0	0
XM_011418363.3	2707	2608	0	0
XM_011418365.3	1743	1644	0	0
XM_011418366.3	3134	3035	15	5.7826
XM_011418369.3	1851	1752	55	36.7299
XM_011418383.3	1131	1032	0	0
XM_011418386.3	1090	991	4	4.72256
XM_011418388.3	1686	1587	2	1.4745
XM_011418389.3	2183	2084	6	3.36856
XM_011418390.3	1299	1200	1	0.975011
XM_011418391.3	3336	3237	0	0
XM_011418392.3	3331	3232	0	0
XM_011418393.3	3349	3250	0	0
XM_011418394.3	3246	3147	0	0
XM_011418396.3	1487	1388	0	0
XM_011418397.3	3333	3234	0	0
XM_011418398.3	3328	3229	0	0
XM_011418401.3	3329	3230	60.413	21.8836
XM_011418402.3	3326	3227	2.93953e-07	1.06578e-07
XM_011418411.3	3980	3881	0	0
XM_011418412.3	4542	4443	0	0
XM_011418413.3	4543	4444	9	2.36951
XM_011418414.3	4533	4434	0	0
XM_011418416.3	5465	5366	0	0
XM_011418421.3	950	851	3	4.12461
XM_011418427.3	2412	2313	0	0
XM_011418429.3	5136	5037	13	3.01969
XM_011418430.3	1555	1456	16	12.8573
XM_011418431.3	936	837	0	0
XM_011418432.3	2369	2270	0	0
XM_011418433.3	2350	2251	0	0
XM_011418435.3	2356	2257	0	0
XM_011418436.3	2313	2214	22	11.6261
XM_011418437.3	4526	4427	10	2.6429
XM_011418438.3	2017	1918	5	3.05009
XM_011418439.3	1745	1646	5.254e-08	3.73466e-08
XM_011418441.3	1742	1643	4.46498e-07	3.1796e-07
XM_011418442.3	727	628	2	3.72616
XM_011418445.3	2857	2758	5	2.12113
XM_011418454.3	2257	2158	39	21.1448
XM_011418457.3	2076	1977	7	4.14269
XM_011418460.3	1958	1859	0	0
XM_011418461.3	2020	1921	0	0
XM_011418462.3	1913	1814	0	0
XM_011418463.3	1876	1777	10	6.58421
XM_011418484.3	4543	4444	0	0
XM_011418485.3	4439	4340	0.0164813	0.00444317
XM_011418488.3	4425	4326	0.729394	0.197273
XM_011418496.3	884	785	1	1.49046
XM_011418501.3	8144	8045	16	2.32694
XM_011418503.3	1727	1628	0	0
XM_011418505.3	1718	1619	0	0
XM_011418506.3	1703	1604	0	0
XM_011418517.3	1078	979	17	20.3169
XM_011418518.3	772	673	2	3.47701
XM_011418519.3	768	669	115.999	202.871
XM_011418520.3	775	676	0.000577853	0.00100014
XM_011418521.3	977	878	0	0
XM_011418522.3	1601	1502	1.12603e-08	8.77144e-09
XM_011418526.3	794	695	0	0
XM_011418530.3	1875	1776	0	0
XM_011418531.3	521	422	0	0
XM_011418535.3	1990	1891	6	3.71236
XM_011418537.3	2912	2813	0	0
XM_011418539.3	3106	3007	45	17.5093
XM_011418540.3	3842	3743	0	0
XM_011418541.3	3853	3754	25	7.79178
XM_011418571.3	2833	2734	4	1.7118
XM_011418572.3	2768	2669	3	1.31511
XM_011418573.2	8801	8702	35.7379	4.80508
XM_011418574.3	8956	8857	25.8141	3.41006
XM_011418576.3	8964	8865	19.2658	2.54272
XM_011418578.3	9379	9280	36.1808	4.56164
XM_011418579.3	8889	8790	0	0
XM_011418580.2	5974	5875	0.322654	0.0642569
XM_011418581.3	5969	5870	0.875944	0.174594
XM_011418583.3	7379	7280	2	0.321432
XM_011418585.3	841	742	0	0
XM_011418586.3	2297	2198	2	1.06462
XM_011418587.3	2240	2141	0	0
XM_011418590.3	1695	1596	18	13.1956
XM_011418591.3	2494	2395	0	0
XM_011418592.3	2577	2478	21	9.91537
XM_011418594.3	1478	1379	1	0.848451
XM_011418595.3	4327	4228	12	3.32076
XM_011418598.3	1887	1788	16	10.4699
XM_011418603.3	1578	1479	0	0
XM_011418604.3	11607	11508	21	2.13506
XM_011418605.3	2119	2020	80.8266	46.8159
XM_011418623.3	1589	1490	0.327714	0.257336
XM_011418625.3	1972	1873	0.000997218	0.000622936
XM_011418626.3	1961	1862	0.998717	0.627557
XM_011418627.3	1983	1884	1.03683e-06	6.43901e-07
XM_011418628.3	1078	979	9	10.756
XM_011418629.3	2591	2492	0	0
XM_011418631.3	3012	2913	0.0312818	0.0125644
XM_011418632.3	2994	2895	44.9687	18.1741
XM_011418633.3	3183	3084	1	0.379382
XM_011418634.3	1626	1527	1	0.766217
XM_011418635.3	1627	1528	0	0
XM_011418636.3	1624	1525	0	0
XM_011418637.3	3126	3027	1.13507	0.438735
XM_011418638.3	1778	1679	0.000665299	0.000463615
XM_011418639.3	1766	1667	2.99933	2.10514
XM_011418640.3	1521	1422	2	1.64559
XM_011418641.3	3627	3528	0	0
XM_011418642.3	3622	3523	0	0
XM_011418643.3	3400	3301	4	1.41777
XM_011418648.3	3150	3051	24	9.20365
XM_011418649.3	3068	2969	0	0
XM_011418650.3	1895	1796	1	0.651455
XM_011418654.3	3633	3534	0.00984651	0.00325992
XM_011418655.3	3596	3497	2264.45	757.632
XM_011418656.3	2677	2578	0	0
XM_011418657.3	2623	2524	0	0
XM_011418658.3	2695	2596	0	0
XM_011418660.3	856	757	4	6.18237
XM_011418661.3	2648	2549	0	0
XM_011418666.3	2478	2379	1	0.491809
XM_011418697.3	1337	1238	0	0
XM_011418699.3	3605	3506	6	2.0023
XM_011418710.3	2567	2468	2.46631	1.16921
XM_011418713.3	2563	2464	16.5337	7.85091
XM_011418714.3	4355	4256	15	4.12364
XM_011418715.3	1500	1401	5	4.17564
XM_011418719.3	353	254	3	13.8191
XM_011418720.3	1851	1752	0	0
XM_011418722.3	5134	5035	0	0
XM_011418727.3	2375	2276	36.2651	18.6426
XM_011418734.3	2092	1993	6.99485	4.10641
XM_011418736.3	3468	3369	1	0.347288
XM_011418745.3	1384	1285	0	0
XM_011418752.3	3329	3230	0	0
XM_011418758.3	2537	2438	7	3.35935
XM_011418766.3	3977	3878	39	11.7665
XM_011418768.3	3031	2932	51	20.3515
XM_011418772.3	1324	1225	3	2.86534
XM_011418773.3	2217	2118	1	0.552414
XM_011418775.3	2501	2402	8	3.8968
XM_011418778.3	4903	4804	41.6876	10.153
XM_011418779.3	4303	4204	0	0
XM_011418780.3	2548	2449	7.32105	3.49764
XM_011418789.3	4029	3930	34.1271	10.1601
XM_011418790.3	1495	1396	0	0
XM_011418791.3	1394	1295	1	0.903485
XM_011418799.3	3734	3635	4	1.2875
XM_011418802.3	1149	1050	0	0
XM_011418803.3	2009	1910	5	3.06286
XM_011418804.3	2067	1968	0	0
XM_011418811.3	1642	1543	0	0
XM_011418812.3	1757	1658	0	0
XM_011418813.3	1686	1587	0	0
XM_011418814.3	1853	1754	0	0
XM_011418819.3	4691	4592	0	0
XM_011418821.3	1226	1127	0	0
XM_011418824.3	1203	1104	0	0
XM_011418825.3	4658	4559	0.00309197	0.000793517
XM_011418826.3	4618	4519	95.4114	24.7029
XM_011418831.3	4412	4313	38	10.3085
XM_011418839.3	2000	1901	0	0
XM_011418840.3	2005	1906	22	13.5049
XM_011418842.3	2580	2481	0	0
XM_011418843.3	2040	1941	0	0
XM_011418848.3	1265	1166	51	51.1755
XM_011418849.3	3427	3328	9	3.1641
XM_011418851.3	3674	3575	0	0
XM_011418852.3	2711	2612	43	19.2613
XM_011418854.3	2247	2148	0	0
XM_011418855.3	2225	2126	0	0
XM_011418856.3	1526	1427	2	1.63982
XM_011418857.3	3692	3593	0.000103098	3.35726e-05
XM_011418858.3	3657	3558	9.9999	3.28837
XM_011418859.3	5209	5110	0	0
XM_011418860.3	1718	1619	15	10.8401
XM_011418861.3	1031	932	5	6.2769
XM_011418862.3	2267	2168	0.164616	0.0888388
XM_011418863.3	2292	2193	8	4.26817
XM_011418866.3	1139	1040	1	1.12501
XM_011418867.3	4926	4827	9	2.1815
XM_011418868.3	2145	2046	0	0
XM_011418869.3	2130	2031	0	0
XM_011418870.3	2264	2165	0.835384	0.45146
XM_011418871.3	2312	2213	15.7913	8.34887
XM_011418872.3	564	465	32.128	80.839
XM_011418873.3	5671	5572	0.245878	0.0516297
XM_011418874.3	5659	5560	3.08332	0.648836
XM_011418878.3	1536	1437	0.000126355	0.000102879
XM_011418882.3	2965	2866	8	3.26591
XM_011418885.2	1227	1128	0	0
XM_011418886.3	2984	2885	4.73199	1.91906
XM_011418892.3	5123	5024	0	0
XM_011418911.3	1454	1355	18	15.5426
XM_011418912.3	3656	3557	6	1.9736
XM_011418913.3	1036	937	7	8.74076
XM_011418915.3	3708	3609	0	0
XM_011418916.3	1745	1646	0	0
XM_011418919.3	964	865	0	0
XM_011418920.3	1081	982	5	5.9573
XM_011418921.3	1433	1334	3.22588e-06	2.82933e-06
XM_011418922.3	1417	1318	4.52543	4.01731
XM_011418923.3	3274	3175	0	0
XM_011418924.3	3268	3169	0	0
XM_011418925.3	3262	3163	0	0
XM_011418926.3	3237	3138	0	0
XM_011418927.3	3229	3130	0	0
XM_011418928.3	3175	3076	0	0
XM_011418930.3	3197	3098	0	0
XM_011418931.3	963	864	38	51.4589
XM_011418932.3	626	527	0	0
XM_011418933.3	1690	1591	0.861567	0.633592
XM_011418936.3	1621	1522	0	0
XM_011418937.3	1627	1528	1.90283	1.45703
XM_011418939.3	1560	1461	0	0
XM_011418940.3	1216	1117	17.6761	18.515
XM_011418943.3	667	568	0	0
XM_011418945.3	1155	1056	7.55955	8.37574
XM_011418946.3	996	897	1	1.30436
XM_011418948.3	3034	2935	1.55057	0.61812
XM_011418949.3	3032	2933	3.44943	1.37603
XM_011418950.3	735	636	0	0
XM_011418951.3	1998	1899	0	0
XM_011418952.3	2095	1996	8	4.68943
XM_011418954.3	1530	1431	5	4.0881
XM_011418955.3	720	621	3	5.65224
XM_011418956.3	4220	4121	9	2.55523
XM_011418957.3	1338	1239	21	19.8307
XM_011418958.3	5817	5718	1.12131e-05	2.29442e-06
XM_011418959.3	5808	5709	7.11516e-05	1.45819e-05
XM_011418960.3	5787	5688	0.00536437	0.00110344
XM_011418961.3	5745	5646	31.9941	6.6301
XM_011418962.3	8130	8031	6.856e-07	9.98831e-08
XM_011418971.3	2455	2356	15	7.44915
XM_011418973.3	768	669	0	0
XM_011418975.3	3198	3099	0	0
XM_011418976.3	1940	1841	0	0
XM_011418977.3	2863	2764	0	0
XM_011418978.3	3070	2971	10.1054	3.97964
XM_011418979.3	2776	2677	54.8946	23.9923
XM_011418984.3	1854	1755	1	0.666674
XM_011418994.3	727	628	300	558.924
XM_011418995.3	5038	4939	14.4951	3.43379
XM_011418997.3	3686	3587	0	0
XM_011418999.3	1888	1789	0	0
XM_011419001.3	2863	2764	11	4.65635
XM_011419002.3	1862	1763	0	0
XM_011419006.3	1670	1571	1	0.744757
XM_011419014.3	3095	2996	0	0
XM_011419015.3	3097	2998	48.7403	19.0216
XM_011419018.3	3480	3381	14.0971	4.87839
XM_011419019.2	2403	2304	0	0
XM_011419020.3	3515	3416	7.99215e-05	2.73739e-05
XM_011419021.3	3496	3397	0.0554676	0.0191045
XM_011419027.3	1405	1306	15	13.4381
XM_011419029.3	4060	3961	1	0.295383
XM_011419030.3	1209	1110	0	0
XM_011419031.3	2324	2225	4.3034	2.26294
XM_011419032.3	1889	1790	65	42.4865
XM_011419033.3	1388	1289	0	0
XM_011419035.3	1747	1648	0	0
XM_011419037.3	2149	2050	0	0
XM_011419038.3	1723	1624	0	0
XM_011419039.3	2052	1953	139.779	83.7393
XM_011419040.3	2416	2317	83.6966	42.2642
XM_011419041.3	2457	2358	29	14.3895
XM_011419042.3	551	452	0	0
XM_011419048.3	1860	1761	1	0.664403
XM_011419049.3	1919	1820	1.16093	0.746322
XM_011419050.3	2374	2275	0	0
XM_011419051.3	497	398	3.33957	9.81745
XM_011419052.3	1962	1863	0	0
XM_011419053.3	1876	1777	7	4.60894
XM_011419054.3	718	619	0	0
XM_011419055.3	1686	1587	0	0
XM_011419057.3	1080	981	3	3.57802
XM_011419058.3	2662	2563	0	0
XM_011419061.3	1497	1398	0	0
XM_011419062.3	2787	2688	4	1.74109
XM_011419065.3	2416	2317	5	2.52485
XM_011419066.3	1817	1718	0	0
XM_011419069.3	4073	3974	63	18.5483
XM_011419071.3	3580	3481	35	11.764
XM_011419074.3	5617	5518	64	13.5703
XM_011419075.3	786	687	0	0
XM_011419076.3	1463	1364	3	2.57334
XM_011419078.3	1459	1360	0	0
XM_011419080.3	2222	2123	4	2.20445
XM_011419081.3	2123	2024	0	0
XM_011419083.3	1380	1281	8	7.30688
XM_011419085.3	4268	4169	0	0
XM_011419093.3	3728	3629	0	0
XM_011419098.3	955	856	9	12.3015
XM_011419099.3	3836	3737	0.221624	0.0693882
XM_011419100.3	926	827	1.54765	2.18957
XM_011419101.3	926	827	1.54765	2.18957
XM_011419102.3	923	824	109.905	156.056
XM_011419106.3	2446	2347	23	11.4658
XM_011419107.3	3345	3246	0	0
XM_011419108.3	2851	2752	2.06385e-06	8.77446e-07
XM_011419109.3	2978	2879	0	0
XM_011419110.3	3463	3364	7.65866	2.66371
XM_011419112.3	3175	3076	0	0
XM_011419113.3	3175	3076	0	0
XM_011419114.3	3160	3061	0	0
XM_011419117.3	2974	2875	0.0344735	0.0140294
XM_011419118.3	2974	2875	0.0344735	0.0140294
XM_011419119.3	1129	1030	4.65491	5.28768
XM_011419120.3	2660	2561	0	0
XM_011419121.3	984	885	19	25.1189
XM_011419122.3	1620	1521	0	0
XM_011419136.3	7025	6926	15	2.53396
XM_011419137.3	2026	1927	0	0
XM_011419138.3	1980	1881	0	0
XM_011419144.3	3973	3874	2.22006	0.670495
XM_011419146.3	3448	3349	82	28.6477
XM_011419148.3	2724	2625	20.0415	8.93288
XM_011419149.3	2710	2611	0	0
XM_011419151.3	2726	2627	0	0
XM_011419153.3	2786	2687	0	0
XM_011419157.3	1715	1616	1.96711e-06	1.42423e-06
XM_011419160.3	1675	1576	4	2.96958
XM_011419161.3	2596	2497	36	16.8684
XM_011419163.3	901	802	0	0
XM_011419164.3	1723	1624	0	0
XM_011419165.3	5878	5779	35	7.08608
XM_011419166.3	1341	1242	0	0
XM_011419167.3	1342	1243	1.00523	0.946201
XM_011419168.3	1957	1858	7	4.40802
XM_011419169.3	910	811	0	0
XM_011419170.3	746	647	9	16.2753
XM_011419171.3	1697	1598	0.999962	0.732146
XM_011419173.3	4880	4781	0	0
XM_011419174.3	4589	4490	22	5.73281
XM_011419175.3	4581	4482	0	0
XM_011419176.3	4492	4393	0	0
XM_011419177.3	4637	4538	0	0
XM_011419179.3	2352	2253	40.2863	20.9212
XM_011419180.3	1711	1612	3.60041e-05	2.61323e-05
XM_011419181.3	1545	1446	87	70.395
XM_011419186.3	9747	9648	0.293913	0.0356428
XM_011419187.3	9727	9628	3.35229	0.407377
XM_011419189.3	1788	1689	73.0347	50.593
XM_011419190.3	1744	1645	0	0
XM_011419202.3	1709	1610	0	0
XM_011419206.3	1484	1385	33	27.8776
XM_011419207.3	1611	1512	5	3.86909
XM_011419208.3	2393	2294	4	2.04013
XM_011419209.3	1014	915	0	0
XM_011419210.3	663	564	48.6927	101.013
XM_011419211.3	675	576	3.30731	6.71804
XM_011419212.3	1646	1547	37.634	28.463
XM_011419216.3	1683	1584	0	0
XM_011419218.3	3731	3632	17	5.47638
XM_011419226.3	2162	2063	5	2.83571
XM_011419229.3	2252	2153	0	0
XM_011419230.3	1501	1402	0	0
XM_011419240.3	3026	2927	17	6.79543
XM_011419242.3	2113	2014	6.60833	3.83905
XM_011419243.3	2353	2254	9.39167	4.87506
XM_011419244.3	1482	1383	3	2.53799
XM_011419245.3	2557	2458	4	1.90401
XM_011419251.3	3705	3606	0	0
XM_011419252.3	2680	2581	6	2.71991
XM_011419254.3	1277	1178	2	1.98644
XM_011419255.3	1416	1317	0	0
XM_011419256.3	10425	10326	0	0
XM_011419264.3	1792	1693	0	0
XM_011419265.3	1342	1243	3	2.82385
XM_011419267.3	986	887	0	0
XM_011419268.3	1107	1008	3	3.48218
XM_011419277.3	1916	1817	3.53085	2.2736
XM_011419278.3	1865	1766	0	0
XM_011419279.3	4168	4069	0	0
XM_011419280.3	4091	3992	2.8433	0.833343
XM_011419281.3	4165	4066	0	0
XM_011419282.3	2494	2395	11	5.37376
XM_011419283.3	2226	2127	0	0
XM_011419284.3	1867	1768	0	0
XM_011419285.3	2514	2415	20	9.68955
XM_011419286.3	2481	2382	0	0
XM_011419287.3	2774	2675	5.27991	2.30937
XM_011419290.3	2755	2656	2	0.881034
XM_011419291.3	2696	2597	12	5.4063
XM_011419294.3	2455	2356	0	0
XM_011419295.3	2486	2387	0	0
XM_011419296.3	2367	2268	29.864	15.4062
XM_011419298.3	3118	3019	12	4.6506
XM_011419302.3	1373	1274	4	3.67351
XM_011419304.3	1885	1786	0	0
XM_011419305.3	1767	1668	0	0
XM_011419306.3	1898	1799	0	0
XM_011419307.3	1804	1705	3	2.05867
XM_011419309.3	4868	4769	6	1.47202
XM_011419310.3	1414	1315	2.99997	2.66921
XM_011419311.3	4218	4119	12	3.40863
XM_011419312.3	3484	3385	0	0
XM_011419313.3	3062	2963	0	0
XM_011419314.3	970	871	0	0
XM_011419315.3	2962	2863	0	0
XM_011419316.3	2945	2846	0	0
XM_011419317.3	988	889	0	0
XM_011419319.3	1832	1733	5	3.37569
XM_011419320.3	2711	2612	5	2.23969
XM_011419321.3	1594	1495	10	7.82618
XM_011419322.3	1964	1865	13	8.15559
XM_011419323.3	1577	1478	0	0
XM_011419324.3	1600	1501	0	0
XM_011419325.3	1462	1363	2	1.71682
XM_011419326.3	1576	1477	0	0
XM_011419327.3	831	732	0	0
XM_011419328.3	3822	3723	4	1.25707
XM_011419329.3	2213	2114	1.78196e-08	9.86241e-09
XM_011419330.3	2175	2076	31	17.4713
XM_011419331.3	1279	1180	0	0
XM_011419332.3	1350	1251	0	0
XM_011419333.3	4249	4150	0.000342738	9.66285e-05
XM_011419334.3	2314	2215	0	0
XM_011419335.3	4216	4117	3.99966	1.13667
XM_011419336.3	2281	2182	0	0
XM_011419337.3	2250	2151	0	0
XM_011419346.3	1762	1663	0	0
XM_011419357.3	1862	1763	0	0
XM_011419358.3	3782	3683	0	0
XM_011419361.3	3743	3644	0.00258752	0.000830801
XM_011419364.3	2072	1973	0	0
XM_011419365.3	1583	1484	0	0
XM_011419366.3	1227	1128	0	0
XM_011419367.3	2488	2389	12.6501	6.19541
XM_011419369.3	2626	2527	2	0.92601
XM_011419370.3	2089	1990	0	0
XM_011419371.3	1664	1565	0	0
XM_011419372.3	2586	2487	0	0
XM_011419382.3	3240	3141	94	35.0147
XM_011419389.3	1143	1044	0	0
XM_011419392.3	883	784	0	0
XM_011419400.3	1297	1198	3	2.92992
XM_011419402.3	3466	3367	0	0
XM_011419403.3	3506	3407	0	0
XM_011419406.3	3345	3246	0	0
XM_011419407.3	2659	2560	0	0
XM_011419408.3	3346	3247	0	0
XM_011419409.3	3215	3116	0	0
XM_011419411.3	3452	3353	0	0
XM_011419412.3	3663	3564	0	0
XM_011419414.3	2512	2413	5	2.4244
XM_011419415.2	6222	6123	45	8.59882
XM_011419420.3	7623	7524	0	0
XM_011419423.3	977	878	1.59112	2.12031
XM_011419430.3	726	627	32	59.7136
XM_011419434.3	1209	1110	0	0
XM_011419435.3	4177	4078	3.63667e-08	1.04339e-08
XM_011419436.3	4102	4003	103.991	30.395
XM_011419437.3	3984	3885	7.11843	2.1438
XM_011419438.3	3479	3380	4.88157	1.68979
XM_011419440.3	1823	1724	326.418	221.527
XM_011419447.3	5135	5036	0	0
XM_011419449.3	4984	4885	0	0
XM_011419450.3	4981	4882	0	0
XM_011419451.3	5329	5230	15.8747	3.55137
XM_011419452.3	4954	4855	0	0
XM_011419455.2	2535	2436	10	4.80301
XM_011419457.3	2052	1953	19	11.3826
XM_011419460.2	990	891	0	0
XM_011419461.3	1887	1788	0	0
XM_011419462.3	1373	1274	0	0
XM_011419466.3	1116	1017	0	0
XM_011419468.3	1700	1601	7.90179	5.77464
XM_011419469.3	1706	1607	0.0982052	0.0715006
XM_011419470.3	2576	2477	0	0
XM_011419471.3	2033	1934	2	1.20994
XM_011419474.3	744	645	3	5.44192
XM_011419475.3	1285	1186	1	0.986521
XM_011419476.3	5109	5010	4.96852	1.16033
XM_011419477.3	5106	5007	10.0315	2.34411
XM_011419481.2	4558	4459	10	2.62394
XM_011419482.3	4238	4139	0	0
XM_011419483.3	3982	3883	4.13175e-05	1.24497e-05
XM_011419484.3	3955	3856	0.148167	0.0449579
XM_011419485.3	4219	4120	0	0
XM_011419486.3	2938	2839	0	0
XM_011419487.3	2116	2017	18	10.4414
XM_011419488.3	1316	1217	4	3.84557
XM_011419489.3	5600	5501	64.7837	13.7789
XM_011419491.3	5890	5791	17.2094	3.47698
XM_011419494.3	5019	4920	27	6.42081
XM_011419495.3	4998	4899	0	0
XM_011419496.3	3780	3681	0	0
XM_011419498.3	1319	1220	8	7.67222
XM_011419502.3	2448	2349	6	2.98854
XM_011419504.3	2053	1954	1	0.598779
XM_011419505.3	5163	5064	0	0
XM_011419506.3	404	305	0	0
XM_011419508.3	406	307	0	0
XM_011419510.3	377	278	0	0
XM_011419514.3	2052	1953	0	0
XM_011419515.3	1652	1553	1	0.753389
XM_011419516.3	1975	1876	0	0
XM_011419520.3	1905	1806	2	1.2957
XM_011419524.3	772	673	11	19.1235
XM_011419526.3	1994	1895	1	0.617421
XM_011419527.3	2448	2349	8.74614	4.35637
XM_011419538.3	438	339	0	0
XM_011419544.3	1502	1403	10	8.33937
XM_011419547.3	1059	960	18	21.9378
XM_011419552.2	1174	1075	0	0
XM_011419557.3	565	466	0	0
XM_011419558.3	1763	1664	0	0
XM_011419560.3	1476	1377	12	10.1962
XM_011419561.3	1082	983	0.0269794	0.0321122
XM_011419562.3	1079	980	0.973021	1.16168
XM_011419563.3	2617	2518	0	0
XM_011419564.3	1276	1177	0	0
XM_011419569.3	1787	1688	3	2.07941
XM_011419572.3	1253	1154	0	0
XM_011419576.3	882	783	2301	3438.32
XM_011419578.3	3695	3596	0.00726041	0.00236229
XM_011419582.3	5965	5866	0	0
XM_011419583.3	5953	5854	5.63801e-08	1.12685e-08
XM_011419584.3	5950	5851	1.02863e-07	2.05693e-08
XM_011419585.3	5864	5765	3.59395	0.729396
XM_011419586.3	5852	5753	41.4061	8.42093
XM_011419588.3	846	747	3	4.69885
XM_011419589.2	1163	1064	4	4.39855
XM_011419593.3	4144	4045	9	2.60324
XM_011419598.3	2977	2878	65	26.4249
XM_011419600.3	2618	2519	0	0
XM_011419606.3	1441	1342	4.7966	4.18188
XM_011419607.3	1446	1347	0.0611568	0.0531212
XM_011419608.3	3170	3071	5	1.90494
XM_011419609.3	1901	1802	0	0
XM_011419629.3	1711	1612	103.957	75.4535
XM_011419642.3	2287	2188	6	3.20845
XM_011419645.3	1148	1049	35.9945	40.1469
XM_011419648.3	1545	1446	1	0.809138
XM_011419650.2	2544	2445	29	13.8775
XM_011419652.3	1625	1526	16	12.2675
XM_011419654.3	2161	2062	7.48665	4.24805
XM_011419657.3	1985	1886	37.7014	23.3887
XM_011419658.3	1812	1713	0	0
XM_011419659.3	1806	1707	51.3642	35.2061
XM_011419660.3	1400	1301	0	0
XM_011419661.3	824	725	0	0
XM_011419663.3	1992	1893	0	0
XM_011419666.3	677	578	0	0
XM_011419668.3	714	615	0	0
XM_011419671.3	1992	1893	0	0
XM_011419678.3	1508	1409	0.838399	0.696195
XM_011419680.3	854	755	0	0
XM_011419681.3	2636	2537	6	2.76708
XM_011419682.2	1236	1137	79	81.2938
XM_011419684.3	3039	2940	1.31457	0.523152
XM_011419685.3	3034	2935	9.68043	3.85902
XM_011419686.3	1517	1418	0	0
XM_011419687.3	3341	3242	0	0
XM_011419688.3	3338	3239	0	0
XM_011419689.3	3152	3053	8.39696	3.218
XM_011419690.3	4795	4696	8	1.99321
XM_011419691.3	1212	1113	0	0
XM_011419705.3	1477	1378	28	23.7739
XM_011419709.3	4657	4558	4.64297e-08	1.19182e-08
XM_011419710.3	4585	4486	6	1.56489
XM_011419714.3	4772	4673	31	7.7617
XM_011419715.3	743	644	0	0
XM_011419717.3	1420	1321	0	0
XM_011419718.3	3284	3185	0	0
XM_011419719.3	3281	3182	4.39503	1.61604
XM_011419720.3	3111	3012	0	0
XM_011419721.3	785	686	1	1.70556
XM_011419722.3	3015	2916	1.03388	0.414835
XM_011419723.3	739	640	4	7.31258
XM_011419724.3	1805	1706	5	3.42911
XM_011419725.3	2382	2283	0.00409583	0.00209907
XM_011419727.3	2854	2755	13.2224	5.61538
XM_011419731.3	1686	1587	0	0
XM_011419732.3	1059	960	10	12.1876
XM_011419733.3	1081	982	0	0
XM_011419745.2	1338	1239	0	0
XM_011419748.3	837	738	0	0
XM_011419749.2	432	333	0	0
XM_011419750.3	4058	3959	30.0311	8.87517
XM_011419756.3	649	550	1	2.1273
XM_011419757.3	1890	1791	766.49	500.728
XM_011419759.3	1171	1072	1	1.09143
XM_011419764.3	2906	2807	33.5335	13.9774
XM_011419765.3	3548	3449	89.853	30.4811
XM_011419767.3	3630	3531	0	0
XM_011419768.3	3883	3784	0	0
XM_011419769.3	3874	3775	0	0
XM_011419770.3	3690	3591	0	0
XM_011419771.3	2152	2053	1.14696	0.653658
XM_011419772.3	2239	2140	0	0
XM_011419776.3	2195	2096	0	0
XM_011419781.3	2387	2288	26	13.2956
XM_011419782.3	948	849	0	0
XM_011419784.3	1903	1804	3.78381	2.45405
XM_011419789.3	2894	2795	2	0.837219
XM_011419790.3	1313	1214	6	5.7826
XM_011419792.3	2033	1934	0	0
XM_011419793.3	2132	2033	0	0
XM_011419798.3	5814	5715	0	0
XM_011419799.3	5712	5613	0	0
XM_011419800.3	5850	5751	0	0
XM_011419801.3	1685	1586	0.0329348	0.0242964
XM_011419806.2	5110	5011	0	0
XM_011419807.3	3541	3442	0	0
XM_011419808.3	4706	4607	0	0
XM_011419809.3	4638	4539	0	0
XM_011419810.3	3536	3437	0	0
XM_011419811.3	1676	1577	26.1043	19.3674
XM_011419812.3	3373	3274	0.0640014	0.0228719
XM_011419814.3	3378	3279	0	0
XM_011419815.3	3497	3398	0	0
XM_011419816.3	1492	1393	0	0
XM_011419818.3	986	887	0	0
XM_011419829.3	1348	1249	8	7.49408
XM_011419833.3	2628	2529	258	119.361
XM_011419835.3	1397	1298	9	8.11257
XM_011419837.3	2681	2582	1	0.453142
XM_011419838.3	1867	1768	4	2.64709
XM_011419839.3	1480	1381	18	15.25
XM_011419841.3	1741	1642	1	0.712554
XM_011419842.3	3381	3282	4	1.42598
XM_011419843.3	1637	1538	0	0
XM_011419844.3	1306	1207	1.2738	1.23477
XM_011419845.3	1325	1226	0	0
XM_011419846.3	2712	2613	1.67694e-08	7.50877e-09
XM_011419847.3	2664	2565	46.7262	21.3139
XM_011419848.3	395	296	1129	4462.65
XM_011419849.3	380	281	635	2643.98
XM_011419851.3	2598	2499	0	0
XM_011419852.3	4874	4775	9	2.20526
XM_011419855.3	3007	2908	45.7576	18.4102
XM_011419856.3	8927	8828	4	0.530137
XM_011419857.3	3988	3889	11.5192	3.46559
XM_011419858.3	3985	3886	28.4808	8.57511
XM_011419860.3	3982	3883	0.14784	0.0445467
XM_011419861.3	3979	3880	0	0
XM_011419862.3	3967	3868	13.8522	4.19008
XM_011419863.3	2828	2729	0.000464238	0.000199034
XM_011419864.3	2250	2151	53	28.8288
XM_011419866.3	4194	4095	1	0.285718
XM_011419867.3	456	357	1198	3926.26
XM_011419868.3	2204	2105	0	0
XM_011419869.3	2451	2352	0	0
XM_011419870.3	1977	1878	12	7.47612
XM_011419872.3	2076	1977	45.9575	27.1982
XM_011419873.3	2177	2078	0	0
XM_011419874.3	7559	7460	0	0
XM_011419875.3	3224	3125	12	4.49285
XM_011419876.3	2074	1975	0	0
XM_011419878.3	3968	3869	0	0
XM_011419879.3	3950	3851	0	0
XM_011419880.3	3935	3836	0	0
XM_011419881.3	3875	3776	0	0
XM_011419882.3	3780	3681	14.6238	4.64819
XM_011419883.3	3773	3674	136.376	43.4299
XM_011419884.3	1941	1842	2	1.27037
XM_011419885.3	2496	2397	0	0
XM_011419888.3	3042	2943	0	0
XM_011419889.3	3334	3235	10.9568	3.96279
XM_011419890.3	2820	2721	12.2384	5.26243
XM_011419891.3	2153	2054	25.8791	14.7415
XM_011419892.3	2570	2471	5.92566	2.80579
XM_011419893.3	2186	2087	1.96532e-07	1.10179e-07
XM_011419895.3	1732	1633	0	0
XM_011419896.3	4287	4188	0	0
XM_011419897.3	4255	4156	0	0
XM_011419898.3	4000	3901	8.16514	2.44894
XM_011419899.3	4903	4804	15.8349	3.85658
XM_011419901.3	4827	4728	0	0
XM_011419904.3	1440	1341	71	61.947
XM_011419913.3	2850	2751	31	13.1844
XM_011419916.3	2011	1912	0	0
XM_011419918.3	2577	2478	17	8.02673
XM_011419924.3	3547	3448	6	2.03599
XM_011419925.2	2215	2116	11	6.0823
XM_011419933.3	589	490	0	0
XM_011419935.3	1010	911	13	16.6961
XM_011419939.3	1926	1827	6	3.84241
XM_011419940.3	1964	1865	0	0
XM_011419943.3	2543	2444	17	8.13839
XM_011419945.3	1676	1577	2.37772e-08	1.76409e-08
XM_011419954.3	2071	1972	11	6.52644
XM_011419955.3	2925	2826	0	0
XM_011419957.3	2422	2323	4	2.01466
XM_011419958.3	3306	3207	107	39.0369
XM_011419959.3	2713	2614	0	0
XM_011419961.3	2601	2502	2.01084	0.940332
XM_011419962.3	2101	2002	5	2.92211
XM_011419963.3	999	900	30	39.0004
XM_011419964.2	3970	3871	0.999999	0.302251
XM_011419966.3	3083	2984	0	0
XM_011419971.3	2853	2754	3	1.27452
XM_011419972.3	2612	2513	3	1.39675
XM_011419974.3	1969	1870	0	0
XM_011419975.3	1232	1133	0	0
XM_011419978.3	685	586	0	0
XM_011419979.3	1413	1314	3	2.67126
XM_011419981.3	707	608	5	9.62182
XM_011419983.3	699	600	0	0
XM_011419985.3	669	570	1.62728e-06	3.34024e-06
XM_011419999.3	1401	1302	9	8.08765
XM_011420001.3	2568	2469	630	298.545
XM_011420002.3	2250	2151	0.97714	0.531505
XM_011420003.3	2327	2228	0	0
XM_011420004.3	2672	2573	0	0
XM_011420005.3	2505	2406	0	0
XM_011420006.3	2599	2500	0	0
XM_011420016.3	1231	1132	0	0
XM_011420017.3	1907	1808	37.6204	24.3454
XM_011420025.2	528	429	0	0
XM_011420026.3	572	473	27	66.7872
XM_011420029.3	1179	1080	1	1.08335
XM_011420036.3	1649	1550	0	0
XM_011420041.3	849	750	0	0
XM_011420042.3	2668	2569	15	6.83153
XM_011420043.3	4057	3958	0	0
XM_011420045.3	3607	3508	11	3.6688
XM_011420047.3	2130	2031	3	1.72823
XM_011420072.3	4450	4351	0.428432	0.115208
XM_011420073.3	4488	4389	0	0
XM_011420076.3	4512	4413	0	0
XM_011420077.3	3300	3201	0	0
XM_011420078.3	1461	1362	5	4.2952
XM_011420081.3	7193	7094	0	0
XM_011420083.3	7214	7115	0	0
XM_011420085.3	7312	7213	0	0
XM_011420086.3	7177	7078	0	0
XM_011420087.3	7294	7195	0	0
XM_011420089.3	7187	7088	0	0
XM_011420090.3	7106	7007	1.44841e-07	2.41852e-08
XM_011420091.3	7100	7001	3.95634e-07	6.61187e-08
XM_011420093.3	6991	6892	39	6.6208
XM_011420094.3	2294	2195	0	0
XM_011420096.3	947	848	0	0
XM_011420101.3	2336	2237	0	0
XM_011420102.3	2404	2305	16	8.12157
XM_011420107.3	1520	1421	0	0
XM_011420108.3	1722	1623	28.8361	20.7878
XM_011420109.3	2254	2155	15	8.14394
XM_011420112.3	865	766	0	0
XM_011420113.3	743	644	0	0
XM_011420114.3	3467	3368	26.9009	9.34513
XM_011420115.3	5416	5317	31	6.82159
XM_011420116.3	845	746	0	0
XM_011420118.3	655	556	1	2.10434
XM_011420120.3	430	331	154	544.357
XM_011420121.3	3466	3367	0	0
XM_011420126.3	1831	1732	3	2.02658
XM_011420127.3	1405	1306	0	0
XM_011420128.3	1376	1277	1	0.91622
XM_011420129.3	1972	1873	0	0
XM_011420130.3	1910	1811	10	6.46059
XM_011420132.3	8451	8352	10	1.40088
XM_011420133.3	4013	3914	4	1.19572
XM_011420134.3	2847	2748	0	0
XM_011420136.3	2195	2096	0	0
XM_011420138.3	2091	1992	2	1.17471
XM_011420144.3	2715	2616	0	0
XM_011420145.3	2663	2564	63	28.7484
XM_011420146.3	3923	3824	0	0
XM_011420147.3	2818	2719	0	0
XM_011420153.3	2907	2808	11	4.58339
XM_011420154.3	3403	3304	13	4.60356
XM_011420157.3	3165	3066	0.240798	0.0918906
XM_011420162.3	2162	2063	0	0
XM_011420168.3	1324	1225	4	3.82045
XM_011420179.3	6295	6196	0	0
XM_011420180.3	5805	5706	0	0
XM_011420181.3	5560	5461	0	0
XM_011420183.2	5696	5597	0	0
XM_011420190.3	2607	2508	4	1.86605
XM_011420191.3	2619	2520	0	0
XM_011420201.3	1813	1714	0	0
XM_011420202.3	4434	4335	7	1.8893
XM_011420203.3	3283	3184	3	1.1024
XM_011420210.3	3181	3082	364.194	138.258
XM_011420211.3	2997	2898	18.8062	7.59263
XM_011420220.3	2474	2375	68.1008	33.549
XM_011420224.3	2201	2102	41	22.8214
XM_011420225.3	4534	4435	57.3011	15.1168
XM_011420227.3	1689	1590	58	42.6797
XM_011420228.3	4480	4381	8	2.13652
XM_011420229.3	1866	1767	10	6.62147
XM_011420230.3	1917	1818	0	0
XM_011420231.3	2391	2292	3	1.53143
XM_011420232.3	1872	1773	0	0
XM_011420235.3	1951	1852	0	0
XM_011420239.3	1017	918	2	2.54905
XM_011420252.3	1204	1105	6	6.35301
XM_011420253.3	1324	1225	0	0
XM_011420254.3	1671	1572	6	4.4657
XM_011420261.3	2426	2327	0	0
XM_011420266.3	1239	1140	28.412	29.1601
XM_011420267.3	2923	2824	19	7.8719
XM_011420268.3	5080	4981	17.2989	4.06343
XM_011420269.3	467	368	39	123.996
XM_011420275.3	3326	3227	3	1.08771
XM_011420277.3	3788	3689	7.03109e-07	2.23e-07
XM_011420278.3	3747	3648	0.347184	0.111351
XM_011420282.3	3170	3071	23	8.76272
XM_011420287.3	3354	3255	1	0.359451
XM_011420289.3	3053	2954	8.4827e-08	3.35981e-08
XM_011420290.3	3058	2959	18.0024	7.11828
XM_011420291.3	3026	2927	0.00403819	0.00161419
XM_011420293.3	5116	5017	70	16.3247
XM_011420294.3	3648	3549	0	0
XM_011420295.3	3625	3526	0	0
XM_011420296.3	3504	3405	0	0
XM_011420297.3	3573	3474	0	0
XM_011420298.3	3449	3350	0	0
XM_011420299.3	3333	3234	0	0
XM_011420300.3	1121	1022	0	0
XM_011420301.3	1084	985	0	0
XM_011420302.3	3165	3066	64	24.423
XM_011420303.3	5964	5865	0.00133941	0.000267199
XM_011420304.3	5949	5850	147.999	29.6001
XM_011420305.3	4162	4063	80	23.0374
XM_011420309.3	9515	9416	0.000694295	8.62717e-05
XM_011420311.3	3761	3662	8.99997	2.8755
XM_011420314.3	1059	960	5	6.09382
XM_011420315.3	1785	1686	0	0
XM_011420319.3	4336	4237	0	0
XM_011420324.3	1182	1083	0	0
XM_011420326.3	1342	1243	0	0
XM_011420327.3	1433	1334	4	3.50829
XM_011420328.3	2415	2316	0	0
XM_011420329.3	2578	2479	0	0
XM_011420331.3	1213	1114	22	23.1062
XM_011420332.3	1043	944	8	9.91537
XM_011420333.3	1050	951	2	2.4606
XM_011420334.3	3572	3473	0	0
XM_011420335.3	3503	3404	0	0
XM_011420336.3	3434	3335	0	0
XM_011420338.3	705	606	0	0
XM_011420341.3	1618	1519	17	13.0943
XM_011420342.3	813	714	7	11.4707
XM_011420344.3	4073	3974	5	1.47209
XM_011420347.3	2623	2524	2	0.92711
XM_011420348.3	2390	2291	5	2.5535
XM_011420356.2	846	747	1	1.56628
XM_011420357.3	888	789	21	31.141
XM_011420359.3	1427	1328	0	0
XM_011420364.3	2041	1942	14	8.4347
XM_011420366.3	2278	2179	11.0315	5.92335
XM_011420368.3	2511	2412	0	0
XM_011420369.3	2242	2143	5.96851	3.25863
XM_011420370.3	1923	1824	8.74111	5.60703
XM_011420371.3	1193	1094	6287	6723.83
XM_011420372.3	1223	1124	160	166.55
XM_011420376.3	1966	1867	0	0
XM_011420377.3	3281	3182	0	0
XM_011420378.3	7218	7119	1.36362	0.224111
XM_011420381.3	1663	1564	17	12.7175
XM_011420384.3	1350	1251	7	6.54684
XM_011420386.3	2646	2547	50	22.9685
XM_011420395.3	3228	3129	0	0
XM_011420396.3	3169	3070	10	3.81112
XM_011420402.2	555	456	0	0
XM_011420407.3	2031	1932	0	0
XM_011420427.3	8721	8622	34	4.61383
XM_011420444.3	4216	4117	2.08408	0.592276
XM_011420445.3	4213	4114	4.90074	1.39376
XM_011420446.3	4102	4003	0	0
XM_011420448.3	4035	3936	4.20093e-08	1.24877e-08
XM_011420449.3	4018	3919	2.89844	0.865326
XM_011420450.3	3916	3817	0	0
XM_011420451.3	3832	3733	1.10375e-07	3.45943e-08
XM_011420461.3	931	832	7	9.84386
XM_011420462.3	854	755	3	4.64906
XM_011420463.3	2877	2778	27	11.3716
XM_011420464.3	866	767	31	47.2887
XM_011420465.3	1885	1786	19	12.447
XM_011420466.3	3614	3515	0	0
XM_011420467.3	1516	1417	0	0
XM_011420468.3	3693	3594	0	0
XM_011420469.3	3672	3573	0	0
XM_011420470.3	3714	3615	0	0
XM_011420471.3	4695	4596	0	0
XM_011420472.3	2870	2771	5	2.11118
XM_011420475.3	1355	1256	1	0.931539
XM_011420477.3	1429	1330	6.88162	6.05382
XM_011420492.3	1461	1362	1	0.859041
XM_011420493.3	1776	1677	0	0
XM_011420497.3	3239	3140	0	0
XM_011420498.3	2726	2627	0	0
XM_011420499.3	3224	3125	0	0
XM_011420501.3	1337	1238	29	27.4074
XM_011420506.3	7781	7682	17.105	2.60518
XM_011420507.3	7777	7678	31.51	4.80166
XM_011420508.3	7042	6943	0	0
XM_011420509.3	7018	6919	0	0
XM_011420511.3	3308	3209	31	11.3027
XM_011420513.3	3655	3556	6	1.97415
XM_011420516.3	1838	1739	0	0
XM_011420522.3	3902	3803	0.0311577	0.00958584
XM_011420532.3	2064	1965	25.1131	14.953
XM_011420533.3	1406	1307	0	0
XM_011420534.3	2075	1976	0.0359828	0.0213059
XM_011420535.3	1300	1201	19	18.5098
XM_011420540.3	893	794	15	22.1035
XM_011420541.3	2410	2311	2	1.01256
XM_011420543.3	2296	2197	0	0
XM_011420544.3	2508	2409	0	0
XM_011420545.3	2358	2259	0	0
XM_011420553.3	6026	5927	154	30.4002
XM_011420555.3	879	780	0	0
XM_011420556.3	762	663	1	1.76473
XM_011420559.3	3543	3444	12.7711	4.33867
XM_011420562.3	1139	1040	0	0
XM_011420563.3	2315	2216	22.3055	11.7769
XM_011420564.3	2312	2213	0	0
XM_011420565.3	2945	2846	0	0
XM_011420566.3	5324	5225	24	5.37422
XM_011420568.3	1381	1282	30	27.3794
XM_011420570.3	1594	1495	0	0
XM_011420573.3	1068	969	2	2.41489
XM_011420574.3	1822	1723	0	0
XM_011420575.3	5701	5602	3.36815e-07	7.0346e-08
XM_011420578.3	2830	2731	3	1.28526
XM_011420579.3	1587	1488	4	3.1452
XM_011420580.3	2639	2540	0	0
XM_011420581.3	605	506	0	0
XM_011420583.3	1126	1027	0	0
XM_011420584.3	1737	1638	0	0
XM_011420585.3	1177	1078	0	0
XM_011420587.3	4196	4097	1	0.285578
XM_011420590.3	2246	2147	0	0
XM_011420594.3	2396	2297	13	6.62176
XM_011420599.3	2991	2892	3	1.21371
XM_011420600.3	2271	2172	0	0
XM_011420601.3	2256	2157	0	0
XM_011420602.3	1643	1544	5	3.7889
XM_011420603.3	2518	2419	0	0
XM_011420604.2	873	774	8	12.0932
XM_011420606.3	2034	1935	1.37363	0.830577
XM_011420610.3	874	775	0	0
XM_011420614.3	652	553	24	50.7782
XM_011420616.3	893	794	144	212.194
XM_011420617.3	1827	1728	28.6134	19.3739
XM_011420620.3	2031	1932	0	0
XM_011420621.3	2008	1909	0	0
XM_011420622.3	1943	1844	1	0.634498
XM_011420631.3	755	656	19.9129	35.5157
XM_011420640.3	2879	2780	0	0
XM_011420642.3	3052	2953	0	0
XM_011420648.3	852	753	0	0
XM_011420662.3	5761	5662	6	1.23986
XM_011420664.3	1454	1355	9	7.77131
XM_011420665.3	2327	2228	25	13.1285
XM_011420666.3	3299	3200	34	12.4314
XM_011420669.3	1871	1772	14	9.2439
XM_011420670.3	1489	1390	1.04988	0.883719
XM_011420674.3	1470	1371	14	11.9476
XM_011420678.3	1283	1184	1	0.988187
XM_011420681.3	3028	2929	10.4606	4.17857
XM_011420684.3	3335	3236	0	0
XM_011420687.3	1536	1437	29.9953	24.4224
XM_011420688.3	1581	1482	0	0
XM_011420691.3	5071	4972	29	6.82429
XM_011420692.3	3034	2935	163	64.9786
XM_011420694.3	2134	2035	0	0
XM_011420695.3	2249	2150	0	0
XM_011420700.3	2725	2626	45	20.0497
XM_011420701.3	2940	2841	0	0
XM_011420702.3	2797	2698	1.5	0.650489
XM_011420704.3	2726	2627	0	0
XM_011420705.3	2758	2659	0	0
XM_011420706.3	2797	2698	1.5	0.650489
XM_011420728.3	6082	5983	54.8523	10.7267
XM_011420731.3	1624	1525	1	0.767222
XM_011420734.3	1975	1876	0	0
XM_011420735.3	1846	1747	2.82515	1.89208
XM_011420739.3	2581	2482	13	6.12819
XM_011420740.3	8462	8363	0	0
XM_011420741.3	8459	8360	0	0
XM_011420745.3	6155	6056	0	0
XM_011420755.3	6192	6093	0	0
XM_011420756.3	3591	3492	43	14.4074
XM_011420757.3	487	388	34	102.527
XM_011420758.3	1342	1243	4.84663e-05	4.56205e-05
XM_011420759.3	1329	1230	10.9996	10.4632
XM_011420760.3	1340	1241	0.00032046	0.00030213
XM_011420764.3	6134	6035	0	0
XM_011420772.3	6155	6056	0	0
XM_011420774.3	1974	1875	3.09094	1.92877
XM_011420779.3	6188	6089	0	0
XM_011420782.3	4093	3994	33	9.66711
XM_011420783.3	3913	3814	0	0
XM_011420784.3	3913	3814	0	0
XM_011420786.3	3638	3539	12	3.96727
XM_011420787.3	3463	3364	38.0871	13.2469
XM_011420788.3	3109	3010	82.5313	32.0806
XM_011420789.3	3113	3014	17.3815	6.74739
XM_011420790.3	910	811	0	0
XM_011420791.3	744	645	0	0
XM_011420792.3	2142	2043	11.1639	6.39352
XM_011420793.3	997	898	39	50.8135
XM_011420794.3	2658	2559	99.2073	45.3591
XM_011420795.3	2854	2755	14	5.94562
XM_011420798.3	3274	3175	1.87553e-05	6.91148e-06
XM_011420799.3	3271	3172	5.68461e-05	2.09681e-05
XM_011420800.3	3248	3149	0.289726	0.107648
XM_011420801.3	3244	3145	1.28676	0.478704
XM_011420802.3	3265	3166	0.000523867	0.000193598
XM_011420803.3	3262	3163	0.00159282	0.000589194
XM_011420805.3	1933	1834	14	8.9314
XM_011420806.3	1755	1656	7	4.94571
XM_011420808.3	3147	3048	0	0
XM_011420811.3	1068	969	0	0
XM_011420812.3	946	847	3	4.14409
XM_011420813.3	2414	2315	0.000811939	0.000410358
XM_011420814.3	2508	2409	2.7177e-05	1.31994e-05
XM_011420824.3	769	670	7	12.224
XM_011420827.3	2613	2514	0	0
XM_011420828.3	3530	3431	0.000243756	8.31237e-05
XM_011420830.3	1995	1896	7.36978	4.54786
XM_011420833.3	3503	3404	2.58056	0.886981
XM_011420834.3	3461	3362	0	0
XM_011420838.3	2029	1930	0	0
XM_011420839.3	2035	1936	0	0
XM_011420840.3	1745	1646	0	0
XM_011420847.3	2043	1944	9.19572	5.53452
XM_011420850.3	1335	1236	1.01503	0.96084
XM_011420851.3	2290	2191	25	13.3502
XM_011420860.3	3258	3159	9.4345	3.4943
XM_011420876.3	1996	1897	0	0
XM_011420879.3	1215	1116	6	6.29039
XM_011420881.3	2241	2142	0	0
XM_011420882.3	1395	1296	5	4.51394
XM_011420883.3	6079	5980	0	0
XM_011420884.3	6036	5937	0	0
XM_011420885.3	5937	5838	57.2457	11.4728
XM_011420887.3	6030	5931	0	0
XM_011420888.3	5877	5778	0.0301456	0.00610432
XM_011420890.3	5958	5859	0	0
XM_011420891.3	5835	5736	156.946	32.0135
XM_011420893.3	2006	1907	10	6.13536
XM_011420894.3	841	742	0	0
XM_011420895.3	3399	3300	0	0
XM_011420896.3	2709	2610	0	0
XM_011420897.3	1565	1466	0	0
XM_011420898.3	1553	1454	0	0
XM_011420903.3	1843	1744	6	4.02528
XM_011420905.3	3548	3449	16	5.42772
XM_011420906.3	1947	1848	30	18.9937
XM_011420910.3	1126	1027	30	34.1776
XM_011420912.3	2130	2031	2.47397	1.4252
XM_011420913.3	2897	2798	72.8238	30.4521
XM_011420914.3	2300	2201	0.741051	0.39393
XM_011420915.3	2296	2197	6.25895	3.33321
XM_011420916.3	1908	1809	0	0
XM_011420917.3	3619	3520	6.16391	2.04882
XM_011420921.3	2178	2079	29.526	16.6166
XM_011420923.3	3975	3876	2.88227	0.870047
XM_011420924.3	3938	3839	14.6776	4.47331
XM_011420930.3	3047	2948	7.79712e-08	3.09455e-08
XM_011420931.3	1472	1373	15	12.7824
XM_011420933.3	2792	2693	12.2133	5.30626
XM_011420934.3	2100	2001	0	0
XM_011420941.3	2083	1984	6	3.53835
XM_011420943.3	8073	7974	166.709	24.4609
XM_011420945.3	6649	6550	51	9.11003
XM_011420946.3	1981	1882	24	14.9205
XM_011420947.3	1797	1698	2	1.37811
XM_011420948.3	1673	1574	28	20.8135
XM_011420949.3	1587	1488	13	10.2219
XM_011420950.3	3917	3818	37	11.3385
XM_011420953.3	2010	1911	40	24.4901
XM_011420954.3	2693	2594	0	0
XM_011420955.3	1186	1087	2	2.15274
XM_011420956.3	1236	1137	0	0
XM_011420957.3	977	878	0	0
XM_011420958.3	1397	1298	1	0.901397
XM_011420959.3	2897	2798	25.9799	10.8638
XM_011420961.3	1771	1672	2.60929	1.8259
XM_011420963.3	1649	1550	4	3.01939
XM_011420964.3	2058	1959	0	0
XM_011420965.3	2160	2061	0	0
XM_011420966.3	2361	2262	3	1.55174
XM_011420967.3	6130	6031	1.82721e-06	3.54479e-07
XM_011420968.3	6073	5974	0.12571	0.0246205
XM_011420970.3	2286	2187	4	2.13994
XM_011420971.3	1751	1652	4	2.83296
XM_011420972.3	6255	6156	3.50915	0.666952
XM_011420973.3	6251	6152	7.5218	1.43053
XM_011420974.3	5002	4903	0	0
XM_011420975.3	5313	5214	4.0356	0.905582
XM_011420976.3	4994	4895	0	0
XM_011420978.3	4990	4891	0	0
XM_011420979.3	4112	4013	0	0
XM_011420980.3	4021	3922	6.93344	2.06839
XM_011420982.3	1253	1154	0	0
XM_011420983.3	1965	1866	22.7373	14.2567
XM_011420984.3	1953	1854	15	9.46613
XM_011420985.3	1874	1775	10	6.59162
XM_011420986.3	2205	2106	26	14.4446
XM_011420988.3	1565	1466	4.19577	3.34864
XM_011420989.3	1859	1760	0.357251	0.237493
XM_011420990.3	4763	4664	20.0002	5.01725
XM_011420993.3	2710	2611	18.9474	8.49052
XM_011420997.3	1856	1757	2.64275	1.75985
XM_011421007.3	1963	1864	0	0
XM_011421008.3	859	760	0	0
XM_011421009.3	1062	963	496	602.624
XM_011421011.3	4385	4286	12	3.27582
XM_011421012.3	3102	3003	14	5.45461
XM_011421013.3	3279	3180	0.000143594	5.28322e-05
XM_011421014.3	1841	1742	0	0
XM_011421015.3	3178	3079	3.96028	1.5049
XM_011421016.3	3248	3149	14.048	5.21956
XM_011421017.3	2707	2608	0	0
XM_011421019.3	1365	1266	3	2.77254
XM_011421020.3	3506	3407	40.998	14.0793
XM_011421022.3	3535	3436	0.00197208	0.000671525
XM_011421028.3	6060	5961	224	43.9663
XM_011421030.3	2878	2779	0	0
XM_011421031.3	2847	2748	0	0
XM_011421033.3	2803	2704	0	0
XM_011421034.3	2679	2580	0	0
XM_011421037.3	3311	3212	0	0
XM_011421038.3	2049	1950	8.36701	5.02026
XM_011421045.3	2330	2231	1	0.524435
XM_011421048.3	1011	912	0	0
XM_011421049.3	751	652	18	32.301
XM_011421050.3	935	836	0	0
XM_011421052.3	1990	1891	2	1.23745
XM_011421053.3	751	652	1	1.7945
XM_011421055.3	3365	3266	0	0
XM_011421057.3	3308	3209	0	0
XM_011421058.3	1560	1461	2	1.60166
XM_011421059.3	595	496	0	0
XM_011421063.3	2250	2151	3	1.63182
XM_011421064.3	2485	2386	7	3.43256
XM_011421065.3	2296	2197	5	2.66275
XM_011421067.3	765	666	6	10.5407
XM_011421076.3	3952	3853	0	0
XM_011421083.3	1732	1633	15	10.7472
XM_011421085.3	3738	3639	3	0.964562
XM_011421086.3	3831	3732	0	0
XM_011421087.3	1924	1825	0	0
XM_011421088.3	2405	2306	0	0
XM_011421089.3	2025	1926	0	0
XM_011421090.3	2366	2267	0	0
XM_011421091.3	2518	2419	0	0
XM_011421092.3	2144	2045	0	0
XM_011421096.3	3735	3636	7	2.2525
XM_011421097.3	2726	2627	0	0
XM_011421098.3	2213	2114	0	0
XM_011421099.3	2100	2001	0	0
XM_011421100.3	1112	1013	12	13.86
XM_011421103.3	1791	1692	9	6.22348
XM_011421106.3	5613	5514	0	0
XM_011421108.3	5610	5511	0	0
XM_011421109.3	5607	5508	0	0
XM_011421110.3	5604	5505	0	0
XM_011421111.3	5598	5499	0	0
XM_011421114.3	5595	5496	0	0
XM_011421115.3	5583	5484	0	0
XM_011421116.3	5580	5481	0	0
XM_011421117.3	5568	5469	0	0
XM_011421119.3	5565	5466	0	0
XM_011421122.3	5538	5439	0	0
XM_011421124.3	5583	5484	0	0
XM_011421125.3	2977	2878	554	225.221
XM_011421126.3	2354	2255	28	14.5279
XM_011421128.3	3334	3235	2	0.723347
XM_011421131.3	761	662	4	7.06957
XM_011421132.3	750	651	10	17.9726
XM_011421133.3	987	888	6	7.9055
XM_011421136.3	3584	3485	7	2.3501
XM_011421137.3	2155	2056	24.2458	13.7976
XM_011421138.3	3645	3546	26.7542	8.82762
XM_011421140.3	1799	1700	0	0
XM_011421142.3	1161	1062	1	1.10171
XM_011421143.3	1491	1392	6	5.04316
XM_011421146.3	5740	5641	0	0
XM_011421147.3	5724	5625	0	0
XM_011421148.3	5636	5537	0	0
XM_011421149.3	4880	4781	1.14482	0.280163
XM_011421150.3	3798	3699	0	0
XM_011421151.3	3683	3584	0	0
XM_011421153.3	3851	3752	137.667	42.9297
XM_011421154.3	3648	3549	0	0
XM_011421155.3	3617	3518	0	0
XM_011421156.3	3534	3435	0	0
XM_011421157.3	4080	3981	0	0
XM_011421158.3	3635	3536	57	18.8605
XM_011421159.3	2096	1997	0	0
XM_011421160.3	2096	1997	0	0
XM_011421161.3	3551	3452	14	4.74513
XM_011421162.3	3552	3453	0	0
XM_011421164.3	1212	1113	0	0
XM_011421166.3	2086	1987	1	0.588834
XM_011421167.3	2075	1976	6	3.55267
XM_011421168.3	1402	1303	3.05067	2.73931
XM_011421169.3	1862	1763	7.94933	5.27556
XM_011421170.3	2901	2802	3.60939	1.50715
XM_011421171.3	1066	967	22	26.6187
XM_011421182.3	2320	2221	9	4.74116
XM_011421183.3	1352	1253	0	0
XM_011421186.3	6351	6252	16	2.99428
XM_011421187.3	3527	3428	0	0
XM_011421189.3	2980	2881	4	1.62445
XM_011421192.3	2416	2317	1	0.504969
XM_011421197.3	5154	5055	18.8737	4.36844
XM_011421198.3	5203	5104	0.000229915	5.27044e-05
XM_011421200.3	5112	5013	0	0
XM_011421201.2	1654	1555	0.00067855	0.000510555
XM_011421203.3	699	600	0	0
XM_011421204.3	2476	2377	0	0
XM_011421205.3	2423	2324	9.12608	4.59451
XM_011421206.3	2140	2041	2.90912	1.66767
XM_011421209.3	1789	1690	3.47777e-06	2.40771e-06
XM_011421225.3	2007	1908	0	0
XM_011421226.3	807	708	3	4.95768
XM_011421232.3	2817	2718	77.3065	33.278
XM_011421235.3	1210	1111	1	1.05312
XM_011421239.3	1452	1353	0	0
XM_011421240.3	1861	1762	1	0.664026
XM_011421241.3	871	772	0	0
XM_011421243.3	2752	2653	0	0
XM_011421244.3	2695	2596	0	0
XM_011421245.3	2665	2566	0.00515036	0.0023484
XM_011421246.3	2650	2551	4.99485	2.29088
XM_011421247.3	1052	953	0	0
XM_011421248.2	991	892	0	0
XM_011421249.3	896	797	22	32.2965
XM_011421254.3	398	299	17	66.5225
XM_011421257.3	3844	3745	0	0
XM_011421258.3	2962	2863	20	8.17334
XM_011421259.3	3667	3568	0	0
XM_011421260.3	2292	2193	0	0
XM_011421262.3	2873	2774	0	0
XM_011421263.3	1435	1336	0	0
XM_011421264.3	2814	2715	0	0
XM_011421266.3	2202	2103	14	7.78896
XM_011421267.3	1519	1420	2	1.64791
XM_011421269.3	2050	1951	0	0
XM_011421270.3	4212	4113	0	0
XM_011421271.3	4228	4129	0	0
XM_011421292.3	2366	2267	13	6.70938
XM_011421293.3	2915	2816	52.1297	21.6593
XM_011421304.3	608	509	0	0
XM_011421306.3	2523	2424	6	2.89607
XM_011421309.3	792	693	1	1.68833
XM_011421310.3	949	850	21	28.9062
XM_011421311.3	2944	2845	7	2.87877
XM_011421312.3	812	713	5	8.20486
XM_011421313.3	3296	3197	0.0024902	0.000911343
XM_011421314.3	3295	3196	0.00359421	0.00131579
XM_011421315.3	3286	3187	0.0982167	0.0360574
XM_011421316.3	2404	2305	9	4.56838
XM_011421317.3	4564	4465	0	0
XM_011421319.3	3200	3101	22.0961	8.33689
XM_011421321.3	1200	1101	4	4.25073
XM_011421322.3	1929	1830	0	0
XM_011421323.3	2421	2322	1.59935	0.805885
XM_011421325.3	4051	3952	10.9761	3.24954
XM_011421326.3	2164	2065	0	0
XM_011421327.3	4930	4831	33	7.99223
XM_011421328.2	502	403	53	153.873
XM_011421329.3	1565	1466	0	0
XM_011421330.3	4903	4804	0	0
XM_011421331.3	4936	4837	0	0
XM_011421332.3	4851	4752	0.000173921	4.28218e-05
XM_011421334.3	4857	4758	3.95859e-05	9.73434e-06
XM_011421335.3	4836	4737	0.00709472	0.00175236
XM_011421336.3	4800	4701	54.6061	13.5907
XM_011421337.3	4925	4826	0	0
XM_011421338.3	4889	4790	1.52352e-08	3.72138e-09
XM_011421339.3	4874	4775	6.03442e-07	1.47861e-07
XM_011421340.3	4906	4807	0	0
XM_011421341.3	4868	4769	2.63728e-06	6.47023e-07
XM_011421342.3	2301	2202	0	0
XM_011421343.3	1964	1865	0	0
XM_011421345.3	4858	4759	3.09374e-05	7.60605e-06
XM_011421346.3	1985	1886	0	0
XM_011421347.3	2029	1930	0	0
XM_011421348.3	1955	1856	0	0
XM_011421349.3	3629	3530	35	11.6007
XM_011421352.3	1999	1900	0	0
XM_011421353.3	2011	1912	0	0
XM_011421355.3	1936	1837	0	0
XM_011421356.3	4825	4726	0.108461	0.0268517
XM_011421357.3	4822	4723	0.228431	0.0565885
XM_011421358.3	1949	1850	0	0
XM_011421359.3	1996	1897	0	0
XM_011421360.3	1993	1894	0	0
XM_011421361.3	2128	2029	0	0
XM_011421365.3	3634	3535	0	0
XM_011421370.3	4020	3921	0	0
XM_011421371.3	4216	4117	24.3747	6.92707
XM_011421373.3	4005	3906	0	0
XM_011421377.3	2729	2630	51	22.6885
XM_011421379.3	1833	1734	0	0
XM_011421385.3	3142	3043	33	12.6883
XM_011421386.3	2245	2146	0	0
XM_011421388.3	3093	2994	0	0
XM_011421391.3	3299	3200	35	12.797
XM_011421395.3	1942	1843	0	0
XM_011421397.3	2102	2003	0	0
XM_011421398.3	1895	1796	2	1.30291
XM_011421400.3	1029	930	2.81424	3.54054
XM_011421402.3	595	496	2.18576	5.15598
XM_011421403.3	2655	2556	0	0
XM_011421405.3	3613	3514	11.5213	3.83611
XM_011421406.3	3420	3321	0	0
XM_011421407.3	7131	7032	0	0
XM_011421410.3	1156	1057	0	0
XM_011421411.3	900	801	4	5.84276
XM_011421415.3	985	886	30	39.6167
XM_011421417.3	6381	6282	43	8.00869
XM_011421418.3	3543	3444	7.67314	2.60676
XM_011421419.3	3537	3438	0	0
XM_011421420.3	3537	3438	59.3269	20.19
XM_011421441.3	1512	1413	0	0
XM_011421443.3	946	847	0	0
XM_011421444.2	1361	1262	0	0
XM_011421445.3	1431	1332	1	0.878388
XM_011421454.3	2970	2871	0	0
XM_011421456.3	2968	2869	0	0
XM_011421458.3	3114	3015	0	0
XM_011421460.3	2031	1932	0	0
XM_011421461.3	2643	2544	3	1.37973
XM_011421464.3	3159	3060	0	0
XM_011421465.3	3090	2991	0	0
XM_011421467.3	3515	3416	120.789	41.3712
XM_011421469.3	2277	2178	0	0
XM_011421472.3	2719	2620	0	0
XM_011421473.3	2060	1961	0	0
XM_011421475.3	2731	2632	122	54.2331
XM_011421476.3	1164	1065	8	8.78883
XM_011421477.3	1991	1892	4	2.4736
XM_011421481.3	2487	2388	0	0
XM_011421487.3	5010	4911	1542	367.371
XM_011421491.3	1375	1276	0	0
XM_011421494.3	2957	2858	0	0
XM_011421495.3	3443	3344	17	5.94803
XM_011421496.3	3235	3136	0.002035	0.000759238
XM_011421497.3	3206	3107	109.998	41.4223
XM_011421499.3	3485	3386	8.02944	2.77453
XM_011421502.3	1852	1753	0	0
XM_011421503.3	5764	5665	0	0
XM_011421504.3	1467	1368	28	23.9476
XM_011421505.3	2241	2142	35	19.1179
XM_011421506.3	4077	3978	0	0
XM_011421517.3	1549	1450	15	12.1036
XM_011421518.3	1863	1764	0	0
XM_011421519.3	1823	1724	1	0.678662
XM_011421520.3	1194	1095	0	0
XM_011421521.3	927	828	13	18.3698
XM_011421525.3	1826	1727	116	78.588
XM_011421529.3	497	398	0	0
XM_011421530.2	1666	1567	68	50.7728
XM_011421531.3	2216	2117	10.2598	5.67032
XM_011421533.3	2241	2142	33	18.0254
XM_011421535.3	1041	942	0	0
XM_011421536.3	3347	3248	52.2559	18.8239
XM_011421537.3	1807	1708	1	0.68502
XM_011421538.3	1905	1806	0	0
XM_011421539.3	1945	1846	0	0
XM_011421542.3	843	744	1	1.5726
XM_011421543.3	1948	1849	6	3.79669
XM_011421544.3	4360	4261	2	0.549173
XM_011421545.3	3598	3499	2	0.66877
XM_011421547.3	1987	1888	1.30095	0.806212
XM_011421548.3	1988	1889	0.69905	0.432979
XM_011421551.3	1821	1722	0	0
XM_011421552.3	2111	2012	0	0
XM_011421555.3	1074	975	0	0
XM_011421556.3	1948	1849	4	2.53113
XM_011421557.3	2261	2162	0	0
XM_011421558.3	2805	2706	4.6046e-05	1.99093e-05
XM_011421559.2	1746	1647	30	21.3117
XM_011421560.3	2239	2140	0	0
XM_011421561.3	1902	1803	0.000534399	0.000346785
XM_011421562.3	878	779	0	0
XM_011421563.3	2196	2097	2	1.11589
XM_011421566.3	2807	2708	1.93559e-05	8.36289e-06
XM_011421573.3	2773	2674	52.8891	23.1417
XM_011421574.3	1339	1240	4	3.77424
XM_011421578.3	2777	2678	31	13.5438
XM_011421579.3	2505	2406	0	0
XM_011421580.3	1717	1618	13.0262	9.41952
XM_011421581.3	2938	2839	0.0506407	0.0208701
XM_011421582.3	2924	2825	16.7056	6.91884
XM_011421596.3	4531	4432	17.8371	4.70885
XM_011421597.3	2275	2176	10	5.3769
XM_011421598.3	3147	3048	0	0
XM_011421600.3	3065	2966	0.000532002	0.000209862
XM_011421601.3	3046	2947	0.999468	0.396807
XM_011421603.3	5343	5244	49	10.9326
XM_011421605.3	5682	5583	0	0
XM_011421607.3	5288	5189	0	0
XM_011421611.3	1758	1659	42	29.6206
XM_011421612.3	9670	9571	62.063	7.58694
XM_011421613.3	7820	7721	23.9372	3.62735
XM_011421614.3	7715	7616	118	18.1278
XM_011421620.3	2459	2360	10.7777	5.34323
XM_011421621.3	2338	2239	0	0
XM_011421622.3	2240	2141	48.8956	26.7204
XM_011421624.3	2251	2152	0.119851	0.0651613
XM_011421626.3	1538	1439	0	0
XM_011421627.3	1496	1397	29	24.288
XM_011421630.3	736	637	3.5	6.42865
XM_011421631.3	736	637	3.5	6.42865
XM_011421633.3	7191	7092	0.0169834	0.00280187
XM_011421634.3	2362	2263	0	0
XM_011421635.3	7191	7092	0.0169834	0.00280187
XM_011421636.3	7188	7089	0.0278975	0.00460437
XM_011421637.3	3025	2926	3	1.1996
XM_011421638.3	3118	3019	42	16.2771
XM_011421640.3	5844	5745	4.80242e-07	9.7805e-08
XM_011421641.3	5134	5035	0	0
XM_011421643.3	2929	2830	0	0
XM_011421644.3	2926	2827	0	0
XM_011421646.3	2782	2683	40	17.4434
XM_011421648.3	470	371	0	0
XM_011421650.3	4605	4506	1	0.259657
XM_011421651.3	8747	8648	1.32899	0.179803
XM_011421652.3	8501	8402	0	0
XM_011421654.3	8728	8629	17.5382	2.37802
XM_011421663.2	2492	2393	0.000646789	0.000316236
XM_011421664.3	2647	2548	2	0.918378
XM_011421670.3	4893	4794	0.000337463	8.23604e-05
XM_011421672.3	3028	2929	14.7682	5.8993
XM_011421674.3	358	259	5.4012	24.3995
XM_011421676.3	1180	1081	1.99996	2.16464
XM_011421678.3	1190	1091	4.075e-05	4.37012e-05
XM_011421684.3	1724	1625	7	5.04006
XM_011421689.2	2077	1978	0	0
XM_011421694.3	4854	4755	4.89162	1.20363
XM_011421695.2	750	651	0	0
XM_011421699.3	2022	1923	4	2.43373
XM_011421700.3	3170	3071	9.98947	3.80587
XM_011421704.2	1348	1249	6	5.62056
XM_011421707.2	2818	2719	2	0.86062
XM_011421710.3	1160	1061	0	0
XM_011421711.3	2285	2186	0	0
XM_011421713.3	2342	2243	6	3.12977
XM_011421714.3	2143	2044	0	0
XM_011421716.3	858	759	0	0
XM_011421724.3	859	760	4	6.15797
XM_011421726.3	1059	960	0	0
XM_011421731.3	1396	1297	4.74032e-07	4.2762e-07
XM_011421732.3	906	807	288	417.551
XM_011421738.3	1765	1666	0	0
XM_011421739.3	3338	3239	6	2.16736
XM_011421742.3	1964	1865	0	0
XM_011421745.3	2959	2860	37.6919	15.4196
XM_011421746.3	2931	2832	0	0
XM_011421747.3	2198	2099	2.30804	1.28653
XM_011421749.3	2774	2675	0	0
XM_011421750.3	4552	4453	18.518	4.86555
XM_011421751.3	4350	4251	5	1.37616
XM_011421753.3	1729	1630	0.033049	0.0237226
XM_011421754.3	1477	1378	5	4.24533
XM_011421755.3	2165	2066	7	3.96423
XM_011421761.3	1718	1619	93.039	67.2371
XM_011421764.3	2515	2416	11	5.32705
XM_011421772.3	1580	1481	10	7.90016
XM_011421775.3	2312	2213	0	0
XM_011421777.3	2038	1939	0	0
XM_011421779.3	1648	1549	3	2.266
XM_011421780.3	5606	5507	43	9.13575
XM_011421781.3	1122	1023	0	0
XM_011421783.3	668	569	3.58301	7.36761
XM_011421789.3	2457	2358	0	0
XM_011421790.3	955	856	11	15.0352
XM_011421792.3	1219	1120	0	0
XM_011421793.3	6507	6408	0.93983	0.1716
XM_011421794.3	6480	6381	133.06	24.3978
XM_011421797.3	1065	966	6.82032	8.26073
XM_011421798.3	1068	969	0.179549	0.216796
XM_011421799.3	1074	975	0.000128694	0.000154435
XM_011421802.3	1152	1053	0	0
XM_011421803.3	4244	4145	31	8.7504
XM_011421805.3	6324	6225	20.4179	3.83762
XM_011421816.3	1327	1228	0	0
XM_011421824.3	2560	2461	0.999997	0.475421
XM_011421825.3	1848	1749	0	0
XM_011421826.3	1877	1778	0	0
XM_011421839.3	1114	1015	0	0
XM_011421841.3	1090	991	74	87.3673
XM_011421842.3	1527	1428	9	7.37403
XM_011421843.3	1154	1055	1	1.10902
XM_011421852.3	663	564	3	6.22348
XM_011421853.3	2501	2402	0	0
XM_011421855.3	2390	2291	2.11311	1.07917
XM_011421861.3	5388	5289	3.88279	0.858937
XM_011421869.3	686	587	0	0
XM_011421878.3	1333	1234	0	0
XM_011421879.3	1544	1445	0	0
XM_011421880.3	1201	1102	0	0
XM_011421885.3	4686	4587	0	0
XM_011421886.2	4543	4444	23.341	6.14521
XM_011421889.3	1927	1828	110	70.4056
XM_011421890.3	1579	1480	10.0418	7.93855
XM_011421894.3	2937	2838	0.0258745	0.0106672
XM_011421895.3	2918	2819	68.3726	28.3778
XM_011421898.3	1145	1046	0	0
XM_011421900.3	1135	1036	0	0
XM_011421910.3	2723	2624	11	4.90478
XM_011421911.3	3152	3053	9	3.44911
XM_011421912.3	3269	3170	47	17.3472
XM_011421913.3	4147	4048	0	0
XM_011421914.3	4629	4530	0	0
XM_011421916.3	4412	4313	11.5839	3.14243
XM_011421917.3	4418	4319	11.416	3.09259
XM_011421919.3	4571	4472	0	0
XM_011421922.3	4071	3972	0.000113105	3.33169e-05
XM_011421924.3	4850	4751	0	0
XM_011421925.3	4805	4706	0	0
XM_011421926.3	6252	6153	46	8.74705
XM_011421927.3	4757	4658	0	0
XM_011421928.3	4600	4501	0	0
XM_011421929.3	4547	4448	0	0
XM_011421930.3	4387	4288	0	0
XM_011421931.3	4138	4039	0	0
XM_011421943.3	3685	3586	11.9744	3.90692
XM_011421944.3	1898	1799	2	1.30074
XM_011421945.3	1804	1705	5.06249	3.474
XM_011421946.3	1745	1646	0.897882	0.638234
XM_011421947.3	1746	1647	0.440371	0.312836
XM_011421948.3	1744	1645	1.8315	1.30266
XM_011421951.3	4521	4422	0.0197074	0.00521437
XM_011421952.3	4494	4395	25.9803	6.91633
XM_011421958.3	1636	1537	0	0
XM_011421959.3	5524	5425	12	2.58805
XM_011421965.2	1642	1543	5.99932	4.54912
XM_011421967.2	645	546	0	0
XM_011421977.3	1420	1321	2	1.77141
XM_011421978.3	613	514	19.2335	43.781
XM_011421982.3	2376	2277	4	2.05536
XM_011421983.3	2481	2382	0	0
XM_011421984.3	3810	3711	11.3859	3.58977
XM_011421985.3	3586	3487	0	0
XM_011421986.3	3816	3717	1.71152	0.538742
XM_011421987.3	3630	3531	0	0
XM_011421988.3	3244	3145	9.52864	3.54488
XM_011421990.3	3915	3816	11.3739	3.48733
XM_011421991.3	1695	1596	0	0
XM_011421996.3	1636	1537	16	12.1797
XM_011421997.3	2398	2299	9	4.5803
XM_011421998.3	2757	2658	3	1.32056
XM_011422002.3	1724	1625	4	2.88003
XM_011422003.3	1851	1752	7	4.67471
XM_011422004.3	1334	1235	1	0.947379
XM_011422008.3	1614	1515	4	3.08914
XM_011422010.3	2282	2183	3	1.6079
XM_011422011.3	2356	2257	0	0
XM_011422012.3	872	773	10	15.136
XM_011422021.3	1015	916	0	0
XM_011422024.3	800	701	0	0
XM_011422025.3	823	724	22.6082	36.5358
XM_011422028.2	394	295	0	0
XM_011422029.3	1203	1104	13	13.7773
XM_011422030.3	1125	1026	94	107.194
XM_011422032.3	1465	1366	0	0
XM_011422034.3	1175	1076	0	0
XM_011422038.3	1343	1244	0	0
XM_011422042.3	1535	1436	0	0
XM_011422045.3	1460	1361	0	0
XM_011422048.3	2277	2178	6.12884	3.29239
XM_011422049.3	2274	2175	30.8712	16.6067
XM_011422050.3	754	655	14	25.0079
XM_011422051.3	3442	3343	7	2.44992
XM_011422052.3	2349	2250	60	31.2004
XM_011422053.3	2402	2303	0	0
XM_011422054.3	1633	1534	0	0
XM_011422055.3	1612	1513	0	0
XM_011422059.3	3692	3593	12	3.90764
XM_011422060.3	1032	933	3	3.7621
XM_011422061.3	1046	947	12.9999	16.0614
XM_011422074.3	2634	2535	0	0
XM_011422077.3	4831	4732	27	6.6759
XM_011422082.3	2550	2451	0	0
XM_011422084.2	3951	3852	15	4.55613
XM_011422093.3	1590	1491	6	4.7083
XM_011422095.3	1546	1447	0	0
XM_011422099.3	944	845	6	8.30779
XM_011422100.3	9005	8906	27.569	3.62184
XM_011422112.3	2247	2148	0	0
XM_011422113.3	2181	2082	2	1.12393
XM_011422114.3	2876	2777	47	19.8022
XM_011422119.3	2547	2448	374	178.752
XM_011422127.3	1501	1402	493.921	412.193
XM_011422139.3	2672	2573	14	6.36618
XM_011422145.3	741	642	875	1594.64
XM_011422146.3	1393	1294	0	0
XM_011422147.3	5705	5606	0	0
XM_011422148.3	3581	3482	29.1323	9.78896
XM_011422151.3	4295	4196	17	4.74028
XM_011422152.3	704	605	7	13.5373
XM_011422153.3	2284	2185	13	6.96118
XM_011422167.3	2810	2711	0.000488905	0.000211002
XM_011422168.3	2805	2706	0.00426235	0.00184294
XM_011422169.3	2796	2697	0.212226	0.092068
XM_011422170.3	3819	3720	0	0
XM_011422171.3	3745	3646	0	0
XM_011422172.3	3711	3612	0	0
XM_011422173.3	3512	3413	0	0
XM_011422174.3	3420	3321	11	3.87538
XM_011422176.3	2837	2738	0	0
XM_011422179.3	1367	1268	1	0.922724
XM_011422180.3	2155	2056	18	10.2433
XM_011422182.3	2152	2053	0	0
XM_011422183.3	2391	2292	0	0
XM_011422185.3	1074	975	0	0
XM_011422186.3	2821	2722	8	3.43869
XM_011422187.3	1166	1067	9	9.8689
XM_011422189.3	778	679	32	55.1405
XM_011422190.2	1830	1731	1	0.675918
XM_011422191.3	8183	8084	0.0477349	0.00690877
XM_011422192.3	3428	3329	87	30.5771
XM_011422193.3	982	883	38	50.3517
XM_011422194.3	1023	924	11	13.9287
XM_011422195.3	609	510	5	11.4707
XM_011422196.3	747	648	0	0
XM_011422197.3	720	621	0	0
XM_011422198.3	795	696	0	0
XM_011422199.3	2712	2613	0	0
XM_011422201.3	2693	2594	0	0
XM_011422202.3	1492	1393	24	20.1582
XM_011422203.3	1969	1870	14	8.75946
XM_011422205.3	1629	1530	14	10.706
XM_011422207.3	738	639	0	0
XM_011422213.3	3127	3028	1	0.386398
XM_011422214.3	2372	2273	2	1.02949
XM_011422215.3	2450	2351	0	0
XM_011422219.3	3369	3270	0	0
XM_011422220.3	3364	3265	0	0
XM_011422221.3	3257	3158	0	0
XM_011422222.3	2837	2738	4	1.7093
XM_011422224.3	12968	12869	32	2.90935
XM_011422227.3	4054	3955	32	9.46661
XM_011422235.3	5155	5056	6.78761	1.57073
XM_011422240.3	4429	4330	0.0564492	0.0152532
XM_011422242.3	5368	5269	0	0
XM_011422243.3	4488	4389	0	0
XM_011422244.3	4456	4357	3.8455e-05	1.03266e-05
XM_011422245.3	4463	4364	5.85003e-06	1.56843e-06
XM_011422251.3	2646	2547	2.48036e-07	1.1394e-07
XM_011422252.3	869	770	8	12.156
XM_011422253.3	3004	2905	0	0
XM_011422254.3	2675	2576	6	2.72519
XM_011422256.3	2762	2663	0	0
XM_011422257.3	2615	2516	0	0
XM_011422259.3	2809	2710	0	0
XM_011422267.3	1482	1383	12.9247	10.9343
XM_011422268.3	3083	2984	7	2.74467
XM_011422269.3	1375	1276	1.07526	0.985944
XM_011422270.3	1314	1215	0	0
XM_011422271.3	1806	1707	0	0
XM_011422272.3	1743	1644	0	0
XM_011422273.3	1798	1699	0	0
XM_011422274.3	1710	1611	18	13.0728
XM_011422275.3	1497	1398	0	0
XM_011422278.3	3055	2956	20.9999	8.31196
XM_011422279.3	8571	8472	0	0
XM_011422280.3	2748	2649	9.56135	4.22307
XM_011422281.3	1987	1888	1.99966	1.23921
XM_011422282.3	2808	2709	3	1.2957
XM_011422283.3	1235	1136	0	0
XM_011422284.3	8092	7993	9	1.31742
XM_011422287.3	8568	8469	0	0
XM_011422291.3	2712	2613	0	0
XM_011422292.3	2681	2582	0	0
XM_011422297.3	8565	8466	0	0
XM_011422299.3	580	481	31	75.4063
XM_011422301.3	2178	2079	0	0
XM_011422304.3	3562	3463	0	0
XM_011422305.3	3553	3454	0	0
XM_011422306.3	8558	8459	0	0
XM_011422307.3	3534	3435	0.010501	0.00357682
XM_011422308.3	3550	3451	0	0
XM_011422309.3	3541	3442	0	0
XM_011422310.3	3515	3416	7.02826	2.40725
XM_011422311.3	1300	1201	16	15.5872
XM_011422313.3	1549	1450	0	0
XM_011422317.3	8552	8453	0	0
XM_011422318.3	1534	1435	1.17449e-08	9.57609e-09
XM_011422319.3	2227	2128	0	0
XM_011422320.3	2965	2866	0	0
XM_011422322.3	2640	2541	0	0
XM_011422323.3	2175	2076	0	0
XM_011422324.3	2104	2005	0	0
XM_011422326.3	8313	8214	112	15.9534
XM_011422327.3	1560	1461	0	0
XM_011422329.3	2521	2422	191	92.2678
XM_011422332.3	776	677	0	0
XM_011422333.3	1535	1436	1	0.814773
XM_011422335.3	968	869	0	0
XM_011422340.3	3666	3567	0	0
XM_011422341.3	1075	976	12	14.3854
XM_011422342.3	891	792	20	29.5458
XM_011422343.3	5386	5287	79.3273	17.5551
XM_011422344.3	5397	5298	36.7164	8.10846
XM_011422345.3	5385	5286	39.9561	8.84395
XM_011422346.3	3722	3623	23	7.42763
XM_011422347.3	3031	2932	10	3.9905
XM_011422348.3	1320	1221	23	22.0396
XM_011422349.3	1059	960	0	0
XM_011422350.3	4533	4434	6.86925	1.81261
XM_011422353.3	4224	4125	3.99471	1.13306
XM_011422354.3	3852	3753	0	0
XM_011422355.3	3979	3880	0	0
XM_011422356.3	3582	3483	10.9293	3.67138
XM_011422357.3	3597	3498	0.0706947	0.023646
XM_011422359.3	2658	2559	5	2.28608
XM_011422360.3	2615	2516	2	0.930058
XM_011422361.3	2805	2706	0	0
XM_011422367.3	956	857	6	8.19146
XM_011422374.3	1050	951	25	30.7575
XM_011422375.3	2743	2644	16	7.08026
XM_011422376.3	2859	2760	2.61698	1.10939
XM_011422377.3	3260	3161	3.3803	1.25119
XM_011422378.3	3543	3444	6.26154	2.1272
XM_011422379.3	3441	3342	7.83359	2.74249
XM_011422380.3	2831	2732	0	0
XM_011422381.3	2237	2138	0	0
XM_011422383.3	2364	2265	8.30378	4.28942
XM_011422384.3	2782	2683	0	0
XM_011422385.3	2882	2783	0	0
XM_011422386.3	2127	2028	2.4253	1.39923
XM_011422387.3	2048	1949	0	0
XM_011422388.3	1242	1143	0	0
XM_011422394.2	975	876	0	0
XM_011422400.3	1078	979	0	0
XM_011422403.3	1824	1725	7.59223	5.14957
XM_011422404.3	1069	970	2	2.4124
XM_011422409.3	3964	3865	0	0
XM_011422410.3	3693	3594	0	0
XM_011422411.3	3419	3320	0	0
XM_011422412.3	1947	1848	0	0
XM_011422413.3	1798	1699	2	1.3773
XM_011422422.3	4194	4095	0	0
XM_011422423.3	4071	3972	221.267	65.1776
XM_011422424.3	4246	4147	0	0
XM_011422426.3	3308	3209	5.67578	2.06941
XM_011422427.3	3081	2982	0	0
XM_011422428.3	2574	2475	2.05702	0.972419
XM_011422429.3	877	778	0	0
XM_011422430.3	911	812	2	2.88181
XM_011422432.3	3928	3829	30.2191	9.23394
XM_011422433.3	1895	1796	22.7809	14.8407
XM_011422452.3	1595	1496	0	0
XM_011422457.3	1349	1250	5	4.68005
XM_011422466.3	2381	2282	0	0
XM_011422476.3	935	836	37.9027	53.0462
XM_011422488.3	879	780	18	27.0003
XM_011422503.3	1111	1012	845	976.938
XM_011422508.3	929	830	1	1.40965
XM_011422512.3	987	888	8.71199	11.4788
XM_011422535.3	2955	2856	9	3.68702
XM_011422558.3	794	695	0	0
XM_011422575.2	1251	1152	26.8891	27.3096
XM_011422587.3	918	819	191	272.86
XM_011422588.3	1073	974	0	0
XM_011422591.3	1370	1271	2	1.84109
XM_011422599.3	528	429	1	2.7273
XM_011422607.3	1547	1448	42.656	34.4669
XM_011422608.3	706	607	53	102.159
XM_011422614.3	1026	927	0	0
XM_011422615.3	1376	1277	44	40.3137
XM_011422617.3	1830	1731	0	0
XM_011422618.2	1389	1290	3	2.72096
XM_011422624.2	615	516	1	2.26747
XM_011422625.3	3359	3260	59	21.1751
XM_011422626.3	1727	1628	10	7.18681
XM_011422627.3	3846	3747	1	0.312253
XM_011422628.3	1754	1655	0	0
XM_011422629.3	5245	5146	36	8.18509
XM_011422630.3	3206	3107	31.6725	11.927
XM_011422632.3	1301	1202	10	9.73389
XM_011422635.3	1584	1485	2	1.57578
XM_011422636.3	3648	3549	0	0
XM_011422637.3	3647	3548	6	1.9786
XM_011422642.3	3237	3138	5.13051	1.91293
XM_011422643.3	2681	2582	3.86949	1.75343
XM_011422644.3	1604	1505	0	0
XM_011422647.3	2379	2280	20	10.2633
XM_011422649.3	1832	1733	0	0
XM_011422650.2	820	721	0	0
XM_011422652.3	840	741	0	0
XM_011422654.3	4356	4257	7.96368	2.18878
XM_011422656.3	1997	1898	29	17.8769
XM_011422659.3	1991	1892	29	17.9336
XM_011422662.3	1916	1817	0	0
XM_011422663.3	1973	1874	36	22.4762
XM_011422664.3	5286	5187	0	0
XM_011422666.3	5003	4904	29	6.91892
XM_011422667.3	5247	5148	0	0
XM_011422668.3	2122	2023	12	6.94027
XM_011422669.3	703	604	1.99403	3.86266
XM_011422670.3	706	607	0.0059666	0.0115008
XM_011422671.3	3510	3411	2.21614	0.760164
XM_011422674.3	689	590	0	0
XM_011422676.3	696	597	1	1.95982
XM_011422679.3	463	364	26	83.5724
XM_011422680.3	8126	8027	0	0
XM_011422681.3	1607	1508	7	5.4311
XM_011422706.3	1893	1794	1	0.652181
XM_011422712.3	3191	3092	7.46005	2.82288
XM_011422713.2	936	837	121	169.142
XM_011422726.3	2253	2154	14.7132	7.99197
XM_011422733.3	3453	3354	3.70265	1.29164
XM_011422734.3	2865	2766	46.6376	19.7276
XM_011422738.3	1747	1648	0	0
XM_011422739.3	1728	1629	0	0
XM_011422740.3	1385	1286	0	0
XM_011422744.3	2689	2590	18	8.13137
XM_011422747.3	1280	1181	0	0
XM_011422749.3	1361	1262	3	2.78133
XM_011422754.3	1873	1774	19	12.5311
XM_011422757.3	867	768	12	18.2815
XM_011422758.3	2446	2347	0.000717886	0.000357876
XM_011422759.3	2428	2329	5.99928	3.01384
XM_011422760.3	1060	961	21	25.5674
XM_011422762.3	2431	2332	2	1.00344
XM_011422763.3	1292	1193	1	0.980732
XM_011422765.3	493	394	0	0
XM_011422766.3	471	372	24	75.4847
XM_011422767.3	1922	1823	10	6.41807
XM_011422770.3	2328	2229	0	0
XM_011422775.3	3459	3360	0	0
XM_011422776.3	3429	3330	0	0
XM_011422777.3	3392	3293	3.51153	1.24766
XM_011422790.3	2983	2884	6	2.43415
XM_011422795.3	1515	1416	0	0
XM_011422796.3	1916	1817	0	0
XM_011422802.3	1454	1355	1.15872	1.00053
XM_011422806.3	836	737	12.7055	20.1704
XM_011422809.3	3321	3222	0	0
XM_011422811.3	3075	2976	0	0
XM_011422812.3	3146	3047	0	0
XM_011422814.3	1094	995	9	10.583
XM_011422822.3	1642	1543	114.913	87.1351
XM_011422825.3	886	787	0	0
XM_011422826.3	772	673	15	26.0776
XM_011422829.3	2570	2471	7.36803	3.48874
XM_011422838.3	1441	1342	0	0
XM_011422840.3	2093	1994	0	0
XM_011422858.3	2484	2385	3	1.47171
XM_011422859.3	2776	2677	6.28517	2.74701
XM_011422860.3	3610	3511	0	0
XM_011422861.3	3524	3425	0.458069	0.156481
XM_011422866.3	2776	2677	1	0.437061
XM_011422870.2	678	579	0	0
XM_011422882.3	974	875	33	44.1262
XM_011422887.3	487	388	0	0
XM_011422888.3	499	400	0	0
XM_011422889.3	1414	1315	0	0
XM_011422891.3	1383	1284	0	0
XM_011422892.3	3660	3561	7	2.29994
XM_011422893.3	1933	1834	0	0
XM_011422894.3	1659	1560	50.4879	37.8664
XM_011422896.3	7453	7354	0	0
XM_011422897.3	4897	4798	41.0664	10.0142
XM_011422899.3	1798	1699	0	0
XM_011422905.3	5151	5052	5.63821	1.30578
XM_011422906.3	5128	5029	0	0
XM_011422910.3	3346	3247	47.9515	17.2787
XM_011422911.3	2083	1984	0	0
XM_011422912.3	1731	1632	5.03541	3.60999
XM_011422914.3	3988	3889	42	12.6358
XM_011422916.3	579	480	10	24.3753
XM_011422917.3	954	855	116	158.739
XM_011422922.3	4059	3960	13	3.84095
XM_011422923.3	2256	2157	11	5.96669
XM_011422929.3	2319	2220	0	0
XM_011422935.3	1067	968	12	14.5043
XM_011422937.3	594	495	0	0
XM_011422942.3	1027	928	0	0
XM_011422944.3	3062	2963	5.88928e-05	2.32553e-05
XM_011422955.3	2297	2198	0	0
XM_011422958.3	1577	1478	0	0
XM_011422960.2	854	755	0	0
XM_011422965.3	1031	932	26	32.6399
XM_011422967.3	2505	2406	0	0
XM_011422973.3	2082	1983	32	18.8807
XM_011422982.3	2566	2467	0	0
XM_011422990.3	1042	943	199	246.906
XM_011423005.3	4172	4073	0	0
XM_011423014.3	2762	2663	7.27596	3.19676
XM_011423022.3	1758	1659	0	0
XM_011423028.3	1760	1661	0	0
XM_011423035.3	4039	3940	14.1027	4.18791
XM_011423050.3	1762	1663	17	11.9604
XM_011423055.3	500	401	0	0
XM_011423075.3	1519	1420	0	0
XM_011423096.2	540	441	0	0
XM_011423113.3	1059	960	1	1.21876
XM_011423114.3	2233	2134	7	3.83791
XM_011423117.3	1042	943	0	0
XM_011423118.3	1307	1208	0	0
XM_011423127.3	701	602	1129	2194.26
XM_011423132.3	3883	3784	0	0
XM_011423133.3	3819	3720	0.107356	0.0337657
XM_011423138.3	1286	1187	14.0207	13.82
XM_011423140.3	1743	1644	0	0
XM_011423144.3	1268	1169	0	0
XM_011423146.3	1265	1166	0	0
XM_011423147.3	1199	1100	0	0
XM_011423161.3	1145	1046	25	27.964
XM_011423166.3	1431	1332	0	0
XM_011423167.3	1297	1198	40	39.0656
XM_011423172.3	1552	1453	0	0
XM_011423174.3	715	616	0	0
XM_011423211.3	4275	4176	10	2.80176
XM_011423212.3	4005	3906	0	0
XM_011423213.3	680	581	0.982552	1.97866
XM_011423214.3	1873	1774	0	0
XM_011423215.3	1323	1224	6	5.73536
XM_011423225.3	1885	1786	0	0
XM_011423230.3	1655	1556	0	0
XM_011423231.3	1546	1447	6	4.85147
XM_011423235.3	1458	1359	0	0
XM_011423244.3	4706	4607	0	0
XM_011423245.3	1585	1486	6	4.72415
XM_011423250.3	902	803	1	1.45705
XM_011423251.3	887	788	5	7.42394
XM_011423252.2	4382	4283	263.584	72.005
XM_011423257.3	4638	4539	0	0
XM_011423258.3	3218	3119	0	0
XM_011423264.3	4629	4530	0	0
XM_011423270.3	4648	4549	0	0
XM_011423271.3	1153	1054	0	0
XM_011423277.3	4591	4492	0	0
XM_011423279.3	1952	1853	0	0
XM_011423280.3	1826	1727	0	0
XM_011423283.3	4614	4515	0	0
XM_011423292.3	1759	1660	18.8941	13.317
XM_011423298.3	4523	4424	0.00463302	0.00122529
XM_011423300.3	1283	1184	2	1.97637
XM_011423304.3	4513	4414	0.0658683	0.0174596
XM_011423305.3	1649	1550	0	0
XM_011423318.3	2762	2663	0	0
XM_011423319.3	4779	4680	0	0
XM_011423324.3	2911	2812	7.21119	3.00042
XM_011423326.3	4760	4661	10	2.51022
XM_011423328.3	4489	4390	39.4563	10.5158
XM_011423338.3	2001	1902	0	0
XM_011423340.3	3430	3331	18.7079	6.57115
XM_011423341.3	3553	3454	7	2.37119
XM_011423343.3	2923	2824	0	0
XM_011423344.3	2993	2894	10.6755	4.316
XM_011423345.3	3261	3162	0	0
XM_011423348.3	3007	2908	0.0371473	0.014946
XM_011423349.3	3076	2977	0	0
XM_011423353.3	1986	1887	0	0
XM_011423361.3	1283	1184	0	0
XM_011423364.3	1746	1647	0	0
XM_011423372.2	603	504	1	2.32146
XM_011423375.3	1420	1321	14.3898	12.7451
XM_011423379.3	2777	2678	2.79601	1.22157
XM_011423381.3	1477	1378	3	2.5472
XM_011423382.3	557	458	2	5.10923
XM_011423388.3	1206	1107	0	0
XM_011423389.3	980	881	1	1.32805
XM_011423390.3	4861	4762	60.4964	14.8638
XM_011423391.3	5239	5140	2.34869	0.53463
XM_011423392.3	4558	4459	36	9.44617
XM_011423393.2	796	697	0	0
XM_011423399.3	726	627	12	22.3926
XM_011423400.3	681	582	0	0
XM_011423401.3	3348	3249	449	161.692
XM_011423405.3	594	495	5.59579	13.2266
XM_011423406.3	648	549	0	0
XM_011423413.3	802	703	2	3.32863
XM_011423419.3	1206	1107	24.9676	26.3888
XM_011423420.3	5116	5017	36.9179	8.60961
XM_011423421.3	925	826	693.776	982.721
XM_011423422.3	1813	1714	3.10586	2.12013
XM_011423425.3	2190	2091	1	0.559547
XM_011423426.2	741	642	0	0
XM_011423427.3	1496	1397	5	4.18759
XM_011423440.3	1629	1530	4	3.05886
XM_011423444.3	935	836	0	0
XM_011423450.3	1780	1681	0	0
XM_011423455.3	3030	2931	0.000200908	8.01995e-05
XM_011423458.3	2910	2811	0	0
XM_011423460.2	798	699	0	0
XM_011423461.2	1866	1767	0	0
XM_011423472.3	3011	2912	0	0
XM_011423477.3	1962	1863	0	0
XM_011423480.3	1913	1814	0	0
XM_011423488.3	2424	2325	0	0
XM_011423489.3	1887	1788	1	0.65437
XM_011423503.3	3040	2941	4	1.59131
XM_011423507.3	1409	1310	0	0
XM_011423527.3	1842	1743	0	0
XM_011423528.3	1861	1762	2	1.32805
XM_011423547.3	2510	2411	3.32685	1.61446
XM_011423548.3	1960	1861	5	3.14351
XM_011423552.3	2156	2057	5.8093	3.30431
XM_011423553.3	2162	2063	0.190701	0.108155
XM_011423555.3	1206	1107	0	0
XM_011423556.3	1429	1330	0	0
XM_011423572.3	1296	1197	22	21.504
XM_011423583.3	10826	10727	0	0
XM_011423587.3	1591	1492	3	2.35257
XM_011423591.3	10627	10528	0	0
XM_011423605.3	10353	10254	0	0
XM_011423611.3	1682	1583	0	0
XM_011423612.3	1644	1545	6	4.54374
XM_011423613.3	10262	10163	0	0
XM_011423615.3	1405	1306	54.4568	48.7865
XM_011423617.3	3513	3414	0.0234431	0.00803421
XM_011423618.3	3504	3405	0.518494	0.178163
XM_011423619.3	3501	3402	1.45806	0.501456
XM_011423625.3	2738	2639	7.94693	3.52331
XM_011423626.3	790	691	55.0531	93.2168
XM_011423627.3	10422	10323	0	0
XM_011423635.3	10238	10139	0	0
XM_011423639.3	2116	2017	14	8.12106
XM_011423641.3	4186	4087	0	0
XM_011423642.3	10253	10154	0	0
XM_011423643.3	4177	4078	0	0
XM_011423644.3	4060	3961	0	0
XM_011423645.3	4054	3955	2.02281	0.598411
XM_011423646.3	4045	3946	29.2772	8.68087
XM_011423647.3	3928	3829	0.339174	0.10364
XM_011423648.3	2963	2864	1.25939	0.514491
XM_011423649.3	2957	2858	14.7406	6.03454
XM_011423650.3	6191	6092	39	7.49024
XM_011423651.3	10072	9973	0	0
XM_011423654.3	4564	4465	0.216931	0.0568448
XM_011423655.3	4546	4447	24.7831	6.52047
XM_011423656.3	1387	1288	8	7.26716
XM_011423658.3	796	697	0	0
XM_011423659.3	723	624	0	0
XM_011423661.3	764	665	0	0
XM_011423662.3	1346	1247	4	3.75305
XM_011423663.3	1645	1546	0	0
XM_011423667.3	1795	1696	14	9.65813
XM_011423669.3	1103	1004	1	1.16535
XM_011423674.3	2957	2858	4	1.63753
XM_011423690.3	2299	2200	8.27265	4.3996
XM_011423691.2	1542	1443	1	0.81082
XM_011423700.3	2085	1986	5	2.94565
XM_011423701.3	1020	921	96	121.956
XM_011423703.3	2777	2678	0	0
XM_011423704.3	1745	1646	0	0
XM_011423706.3	1733	1634	0	0
XM_011423708.3	1392	1293	0	0
XM_011423709.3	1344	1245	0	0
XM_011423710.3	484	385	0	0
XM_011423711.3	559	460	0	0
XM_011423712.3	2550	2451	2.83996	1.35569
XM_011423716.3	2097	1998	13	7.6127
XM_011423719.3	2545	2446	31.16	14.905
XM_011423722.3	1760	1661	1	0.704403
XM_011423723.3	8339	8240	14	1.98789
XM_011423724.3	2564	2465	0	0
XM_011423725.3	2405	2306	21	10.6549
XM_011423726.3	2302	2203	0	0
XM_011423731.3	1681	1582	3	2.21874
XM_011423732.3	5250	5151	0.0016809	0.000381804
XM_011423733.3	5219	5120	1.99832	0.456652
XM_011423736.3	1933	1834	0	0
XM_011423737.3	1841	1742	30.9974	20.8194
XM_011423739.3	1791	1692	0	0
XM_011423744.3	3049	2950	35	13.8815
XM_011423745.3	2678	2579	0	0
XM_011423746.3	2433	2334	38	19.0491
XM_011423747.3	1858	1759	0	0
XM_011423748.3	1136	1037	3	3.3848
XM_011423751.3	4944	4845	24.8703	6.00591
XM_011423752.3	4964	4865	0.198203	0.0476671
XM_011423753.3	749	650	0	0
XM_011423754.3	702	603	0	0
XM_011423756.3	3691	3592	0	0
XM_011423757.3	1459	1360	0.0697615	0.0600161
XM_011423758.3	2104	2005	14	8.16967
XM_011423759.3	3794	3695	0	0
XM_011423760.3	3572	3473	5	1.68444
XM_011423761.3	3682	3583	0	0
XM_011423764.3	1989	1890	9	5.57149
XM_011423766.3	1170	1071	11	12.0169
XM_011423768.3	2225	2126	0	0
XM_011423773.3	2445	2346	0	0
XM_011423774.3	902	803	8	11.6564
XM_011423775.3	3902	3803	6	1.84593
XM_011423779.3	1537	1438	5	4.0682
XM_011423782.3	1450	1351	0	0
XM_011423783.3	4462	4363	0	0
XM_011423784.3	3910	3811	4	1.22804
XM_011423786.2	2236	2137	0	0
XM_011423787.3	2236	2137	0	0
XM_011423788.3	2128	2029	10.9276	6.30134
XM_011423789.3	2128	2029	10.9276	6.30134
XM_011423792.3	1718	1619	7	5.05874
XM_011423794.3	3263	3164	0	0
XM_011423796.3	3360	3261	0	0
XM_011423797.3	3347	3248	0	0
XM_011423798.3	3357	3258	0	0
XM_011423799.3	3339	3240	0	0
XM_011423800.3	3336	3237	0	0
XM_011423801.3	2994	2895	0	0
XM_011423802.3	3073	2974	0	0
XM_011423803.3	3234	3135	0	0
XM_011423807.3	1594	1495	3.11602	2.43865
XM_011423808.2	663	564	0	0
XM_011423826.3	4132	4033	0	0
XM_011423827.3	4126	4027	0	0
XM_011423828.3	4090	3991	0	0
XM_011423829.3	4060	3961	0	0
XM_011423830.3	3931	3832	1.69561e-08	5.17714e-09
XM_011423831.3	4187	4088	0.0067323	0.00192683
XM_011423832.3	4160	4061	15.9933	4.60782
XM_011423835.3	613	514	0	0
XM_011423839.3	1309	1210	11	10.6365
XM_011423848.3	1949	1850	0	0
XM_011423852.3	2063	1964	2.13352	1.271
XM_011423856.3	1156	1057	0	0
XM_011423859.3	3343	3244	0	0
XM_011423861.3	3140	3041	0	0
XM_011423862.3	2838	2739	5	2.13584
XM_011423863.3	3518	3419	19	6.50198
XM_011423865.3	1025	926	1	1.26351
XM_011423866.3	3301	3202	0	0
XM_011423869.3	6865	6766	26.981	4.6657
XM_011423870.3	2514	2415	60	29.0687
XM_011423871.3	3071	2972	0	0
XM_011423872.3	1558	1459	3	2.40578
XM_011423879.3	1724	1625	0	0
XM_011423882.3	2750	2651	0	0
XM_011423884.3	2692	2593	0	0
XM_011423885.3	2631	2532	0	0
XM_011423887.2	1416	1317	2	1.77679
XM_011423899.3	817	718	23	37.4795
XM_011423900.3	836	737	40	63.5014
XM_011423902.3	2740	2641	7.76774	3.44126
XM_011423904.3	846	747	0	0
XM_011423911.3	1335	1236	0.0218327	0.0206671
XM_011423912.3	1638	1539	1	0.760243
XM_011423913.3	1921	1822	0.0172596	0.0110834
XM_011423914.3	1911	1812	10.9827	7.09159
XM_011423915.3	2923	2824	1.0006e-08	4.1456e-09
XM_011423916.3	2879	2780	1	0.420868
XM_011423917.3	1404	1305	51	45.7247
XM_011423918.3	2419	2320	5	2.52158
XM_011423920.3	1509	1410	3	2.48939
XM_011423922.3	1398	1299	0	0
XM_011423923.3	1612	1513	0	0
XM_011423924.3	1621	1522	0	0
XM_011423925.3	1638	1539	0	0
XM_011423926.3	1645	1546	13	9.83841
XM_011423927.3	1752	1653	0	0
XM_011423936.3	771	672	1	1.74109
XM_011423940.3	4010	3911	4	1.19664
XM_011423944.3	4153	4054	1	0.288607
XM_011423946.3	2137	2038	0	0
XM_011423947.3	1265	1166	3	3.01033
XM_011423948.3	3530	3431	0	0
XM_011423950.3	4678	4579	0	0
XM_011423952.3	3203	3104	0.873436	0.329231
XM_011423953.3	3191	3092	82.1266	31.0767
XM_011423963.2	1299	1200	2	1.95002
XM_011423971.3	1178	1079	0	0
XM_011423976.3	2106	2007	0	0
XM_011423977.3	1669	1570	2	1.49046
XM_011423982.3	1381	1282	1	0.912647
XM_011423983.3	2512	2413	6	2.90927
XM_011423984.3	3565	3466	0.814525	0.274958
XM_011423986.3	2905	2806	0	0
XM_011423997.3	2126	2027	5.8184	3.35847
XM_011423998.3	2132	2033	0.181596	0.10451
XM_011423999.3	2600	2501	0.0176716	0.00826709
XM_011424001.3	2588	2489	4.98233	2.34206
XM_011424003.3	1869	1770	0	0
XM_011424004.3	1340	1241	25	23.57
XM_011424005.3	2146	2047	1	0.571575
XM_011424007.3	4456	4357	0	0
XM_011424008.3	1783	1684	1.33012	0.924145
XM_011424009.3	1560	1461	24	19.2199
XM_011424011.3	2003	1904	0	0
XM_011424012.3	1993	1894	25.0648	15.4837
XM_011424013.3	2037	1938	0	0
XM_011424014.3	1993	1894	0	0
XM_011424015.3	1988	1889	0	0
XM_011424016.3	1658	1559	0	0
XM_011424017.3	1113	1014	51	58.8468
XM_011424018.3	1390	1291	0	0
XM_011424025.2	3391	3292	16.7159	5.94102
XM_011424040.3	1648	1549	6	4.53201
XM_011424041.3	1421	1322	3	2.6551
XM_011424048.3	1822	1723	0	0
XM_011424050.3	3926	3827	25	7.64315
XM_011424055.3	2773	2674	1	0.437552
XM_011424056.3	1521	1422	29	23.861
XM_011424058.3	2639	2540	0	0
XM_011424063.3	1238	1139	0	0
XM_011424064.3	8739	8640	0	0
XM_011424067.3	8615	8516	0	0
XM_011424068.3	8682	8583	0	0
XM_011424069.3	8253	8154	63.1767	9.0652
XM_011424071.3	2379	2280	19	9.75011
XM_011424073.3	793	694	0	0
XM_011424075.3	1769	1670	0	0
XM_011424076.3	1552	1453	2	1.61048
XM_011424077.3	1827	1728	6.96909	4.71871
XM_011424078.3	1333	1234	0	0
XM_011424080.3	1052	953	1	1.22772
XM_011424089.2	1864	1765	0.0386118	0.0255957
XM_011424102.3	1948	1849	0	0
XM_011424103.3	1902	1803	0	0
XM_011424104.3	1416	1317	0	0
XM_011424105.3	1360	1261	0	0
XM_011424106.3	1353	1254	4	3.7321
XM_011424108.3	1074	975	26	31.2004
XM_011424109.3	1167	1068	0	0
XM_011424110.3	6187	6088	1.09603	0.210639
XM_011424111.3	2794	2695	4	1.73657
XM_011424112.3	4271	4172	0.000542546	0.000152154
XM_011424113.3	4285	4186	1.06613e-05	2.9799e-06
XM_011424115.3	2185	2086	0	0
XM_011424116.3	2114	2015	27	15.6776
XM_011424118.3	1441	1342	0	0
XM_011424119.3	2092	1993	5	2.93531
XM_011424122.3	3241	3142	0	0
XM_011424124.3	2439	2340	42	21.0002
XM_011424125.3	2448	2349	3	1.49427
XM_011424127.3	1584	1485	0	0
XM_011424131.3	2310	2211	2	1.05836
XM_011424135.3	6188	6089	0.903968	0.173699
XM_011424137.3	3394	3295	16	5.6814
XM_011424141.3	1254	1155	1	1.013
XM_011424142.3	2016	1917	29	17.6997
XM_011424152.3	1106	1007	2	2.32376
XM_011424153.2	8085	7986	31	4.54175
XM_011424154.2	7766	7667	0	0
XM_011424155.2	7760	7661	0	0
XM_011424156.3	1835	1736	15	10.1096
XM_011424157.3	1819	1720	3	2.04072
XM_011424158.3	1293	1194	0	0
XM_011424159.3	3394	3295	0	0
XM_011424161.3	3379	3280	0	0
XM_011424162.3	3325	3226	0.697499	0.25297
XM_011424163.3	3320	3221	4.3025	1.56286
XM_011424169.3	1856	1757	7.96139	5.30161
XM_011424171.3	1441	1342	45.5474	39.7102
XM_011424172.3	738	639	10.4796	19.1882
XM_011424173.3	1325	1226	79	75.3924
XM_011424174.3	380	281	0	0
XM_011424178.3	2745	2646	0	0
XM_011424179.3	2515	2416	35.3976	17.1423
XM_011424181.3	2507	2408	38.0621	18.4938
XM_011424182.3	2748	2649	1.10744	0.489133
XM_011424183.3	1333	1234	0	0
XM_011424184.3	1529	1430	0	0
XM_011424185.3	4644	4545	4	1.02971
XM_011424187.3	1840	1741	5	3.36018
XM_011424194.3	4167	4068	12.6352	3.63406
XM_011424199.3	1557	1458	1	0.802478
XM_011424200.3	2402	2303	0	0
XM_011424201.3	1489	1390	1	0.841736
XM_011424218.3	2128	2029	12	6.91974
XM_011424219.3	1172	1073	0	0
XM_011424220.3	1165	1066	0	0
XM_011424221.3	2338	2239	0	0
XM_011424222.3	2271	2172	5.61819e-05	3.02641e-05
XM_011424224.3	2316	2217	0	0
XM_011424225.3	1275	1176	7	6.96437
XM_011424227.3	1648	1549	4	3.02134
XM_011424229.3	2514	2415	72.8084	35.274
XM_011424232.3	2092	1993	1	0.587061
XM_011424233.3	1127	1028	5	5.69073
XM_011424234.2	938	839	0	0
XM_011424246.3	1217	1118	0	0
XM_011424247.3	1790	1691	8	5.53525
XM_011424248.3	1445	1346	7	6.08477
XM_011424251.3	1843	1744	0	0
XM_011424252.3	1932	1833	0	0
XM_011424254.3	1782	1683	0	0
XM_011424255.3	1376	1277	34.4547	31.5681
XM_011424257.3	4685	4586	14	3.57178
XM_011424259.3	3550	3451	0	0
XM_011424260.3	2664	2565	0	0
XM_011424261.3	2646	2547	0	0
XM_011424263.3	2605	2506	0	0
XM_011424264.3	5047	4948	0	0
XM_011424265.3	2403	2304	4.73938	2.40674
XM_011424266.3	4786	4687	2.43796e-05	6.08587e-06
XM_011424267.3	3594	3495	0	0
XM_011424269.3	2732	2633	0	0
XM_011424273.2	3040	2941	8	3.18263
XM_011424275.3	2312	2213	85	44.9395
XM_011424276.3	2295	2196	1	0.532793
XM_011424286.3	4845	4746	11	2.71179
XM_011424287.3	1378	1279	6	5.48873
XM_011424289.3	5457	5358	0	0
XM_011424290.3	3924	3825	0	0
XM_011424291.3	3837	3738	11	3.44306
XM_011424294.3	1059	960	10	12.1876
XM_011424296.3	2815	2716	0	0
XM_011424297.3	2790	2691	0	0
XM_011424298.3	2745	2646	21.3934	9.45976
XM_011424300.3	6630	6531	70	12.5403
XM_011424301.3	7117	7018	0	0
XM_011424304.3	6566	6467	0	0
XM_011424306.3	2313	2214	0	0
XM_011424308.3	3970	3871	30.5574	9.236
XM_011424316.3	3855	3756	27	8.41064
XM_011424317.3	2852	2753	0	0
XM_011424323.3	2811	2712	0.000687439	0.000296576
XM_011424324.3	2809	2710	0.00163327	0.000705145
XM_011424325.3	2788	2689	14.9977	6.52565
XM_011424326.3	2773	2674	0	0
XM_011424327.3	2771	2672	0	0
XM_011424328.3	2549	2450	21	10.0287
XM_011424330.3	3162	3063	0	0
XM_011424331.3	3045	2946	0	0
XM_011424332.3	2993	2894	0	0
XM_011424334.3	3469	3370	0	0
XM_011424336.3	2340	2241	0	0
XM_011424337.3	4337	4238	0.148318	0.040947
XM_011424338.3	4253	4154	0	0
XM_011424340.3	3691	3592	25	8.14319
XM_011424341.3	3129	3030	8	3.08914
XM_011424342.3	5381	5282	5.65862	1.25344
XM_011424344.3	2046	1947	6	3.60559
XM_011424345.3	2046	1947	6	3.60559
XM_011424346.3	4751	4652	10	2.51508
XM_011424351.3	5374	5275	26.809	5.94632
XM_011424353.2	2909	2810	0	0
XM_011424354.3	2839	2740	0.00921264	0.00393391
XM_011424355.3	1177	1078	0	0
XM_011424356.3	1535	1436	27	21.9989
XM_011424357.3	2422	2323	0	0
XM_011424358.3	5814	5715	3.34313	0.684429
XM_011424361.3	2622	2523	0	0
XM_011424368.3	5811	5712	6.18928	1.26778
XM_011424381.3	4498	4399	0	0
XM_011424384.3	3183	3084	56	21.2454
XM_011424385.3	944	845	5	6.92316
XM_011424386.3	4290	4191	5.19553	1.45045
XM_011424390.3	3151	3052	2.73732e-08	1.04938e-08
XM_011424391.3	1745	1646	1.71244	1.21724
XM_011424406.3	5152	5053	37.1497	8.60194
XM_011424409.3	1987	1888	0	0
XM_011424410.3	1707	1608	0	0
XM_011424413.3	1699	1600	0	0
XM_011424414.3	1805	1706	0	0
XM_011424416.3	1613	1514	0	0
XM_011424417.3	1935	1836	1	0.637262
XM_011424418.3	1105	1006	1	1.16304
XM_011424419.3	748	649	0	0
XM_011424422.3	3602	3503	1.62437e-07	5.42544e-08
XM_011424423.3	3604	3505	0	0
XM_011424424.3	3544	3445	52	17.6606
XM_011424425.3	1344	1245	0	0
XM_011424426.3	5637	5538	45.3742	9.58622
XM_011424427.3	612	513	75.7969	172.872
XM_011424428.3	3162	3063	2.00723	0.766728
XM_011424429.3	3179	3080	4.05477e-05	1.5403e-05
XM_011424432.3	4735	4636	36.6718	9.25508
XM_011424439.3	4366	4267	8	2.1936
XM_011424440.3	2190	2091	0	0
XM_011424441.3	2168	2069	0	0
XM_011424442.3	1740	1641	0	0
XM_011424444.3	3239	3140	21	7.82493
XM_011424445.3	1667	1568	1	0.746182
XM_011424448.3	1172	1073	3	3.27124
XM_011424449.3	993	894	0	0
XM_011424451.3	2815	2716	9	3.87707
XM_011424452.3	2053	1954	2	1.19756
XM_011424454.3	1903	1804	0	0
XM_011424455.3	1792	1693	18	12.4396
XM_011424456.3	1340	1241	0	0
XM_011424458.3	1377	1278	0	0
XM_011424460.3	832	733	0	0
XM_011424461.3	1067	968	0	0
XM_011424462.3	1782	1683	1.85363	1.28864
XM_011424463.3	966	867	1	1.3495
XM_011424469.3	1780	1681	7.47764	5.2046
XM_011424479.3	1164	1065	12.5759	13.8159
XM_011424482.3	2181	2082	1	0.561966
XM_011424486.3	2828	2729	46.5568	19.9604
XM_011424488.3	1116	1017	0	0
XM_011424490.3	1215	1116	1	1.0484
XM_011424492.3	5385	5286	3	0.664026
XM_011424493.3	5385	5286	3	0.664026
XM_011424495.3	636	537	1	2.1788
XM_011424496.3	3591	3492	8.24936	2.76399
XM_011424497.3	2697	2598	12.7506	5.74227
XM_011424498.3	2484	2385	3	1.47171
XM_011424501.3	1349	1250	1	0.936011
XM_011424502.3	3692	3593	0	0
XM_011424503.3	3576	3477	8	2.69201
XM_011424504.3	3707	3608	0	0
XM_011424511.3	1220	1121	0	0
XM_011424512.3	1056	957	9	11.0033
XM_011424514.3	5240	5141	0	0
XM_011424515.3	5154	5055	0	0
XM_011424516.3	5098	4999	9.01945e-05	2.111e-05
XM_011424517.3	2712	2613	35.8217	16.0397
XM_011424518.3	4441	4342	0	0
XM_011424519.2	3853	3754	2	0.623342
XM_011424520.3	2763	2664	0	0
XM_011424521.3	1896	1797	0	0
XM_011424522.3	1093	994	7	8.23953
XM_011424523.3	4049	3950	2	0.592412
XM_011424527.3	4168	4069	116.998	33.6421
XM_011424528.3	4207	4108	0.00161711	0.000460575
XM_011424531.3	1708	1609	7	5.09018
XM_011424533.3	4248	4149	7	1.97399
XM_011424534.3	1428	1329	0	0
XM_011424535.3	2666	2567	8.84367	4.03086
XM_011424536.3	2585	2486	0	0
XM_011424537.3	4133	4034	6.53279	1.89476
XM_011424539.3	3192	3093	0	0
XM_011424540.3	2523	2424	0	0
XM_011424542.3	2898	2799	3.13836	1.31187
XM_011424543.3	2450	2351	2.23255	1.11106
XM_011424548.3	2377	2278	2	1.02723
XM_011424560.3	2030	1931	38	23.0246
XM_011424561.3	2572	2473	0	0
XM_011424562.3	2082	1983	5	2.95011
XM_011424563.3	3215	3116	3.60898e-05	1.35512e-05
XM_011424564.3	2257	2158	0	0
XM_011424565.3	1635	1536	20.733	15.7929
XM_011424566.3	3178	3079	43.9164	16.6881
XM_011424567.3	2220	2121	3.62564	2.00002
XM_011424568.3	1319	1220	1	0.959027
XM_011424569.3	1200	1101	0.704612	0.748779
XM_011424570.3	1197	1098	17.2954	18.4297
XM_011424572.3	1239	1140	28	28.7372
XM_011424575.3	3738	3639	22	7.07345
XM_011424577.3	1033	934	0	0
XM_011424578.3	865	766	0	0
XM_011424581.3	2579	2480	7	3.30246
XM_011424582.2	4321	4222	0	0
XM_011424583.3	1356	1257	1	0.930798
XM_011424584.3	1777	1678	2	1.39453
XM_011424586.3	1744	1645	0	0
XM_011424588.3	1250	1151	3	3.04956
XM_011424590.3	5342	5243	66.9615	14.9429
XM_011424592.3	5339	5240	131.038	29.2589
XM_011424593.2	577	478	4	9.79091
XM_011424596.3	4202	4103	5	1.4258
XM_011424597.3	4802	4703	31	7.71219
XM_011424601.3	3089	2990	8	3.13047
XM_011424603.3	1825	1726	0	0
XM_011424611.3	1463	1364	0	0
XM_011424621.3	1329	1230	104	98.928
XM_011424622.3	1375	1276	0	0
XM_011424623.3	1585	1486	1	0.787358
XM_011424624.3	2479	2380	1	0.491602
XM_011424625.3	1082	983	0	0
XM_011424626.3	2088	1989	0	0
XM_011424627.3	1170	1071	0	0
XM_011424632.3	1054	955	0	0
XM_011424633.3	2212	2113	51.1189	28.3056
XM_011424646.3	1067	968	27	32.6347
XM_011424647.3	4355	4256	34.1366	9.38446
XM_011424651.3	2841	2742	1	0.426701
XM_011424657.3	4455	4356	20	5.37196
XM_011424665.3	1663	1564	0	0
XM_011424668.3	1836	1737	17	11.4509
XM_011424669.3	1817	1718	0	0
XM_011424673.3	3081	2982	0	0
XM_011424674.2	3805	3706	0	0
XM_011424675.3	1321	1222	0	0
XM_011424676.3	4991	4892	348	83.2307
XM_011424683.3	11228	11129	14	1.47185
XM_011424684.3	1689	1590	1	0.735857
XM_011424685.3	7042	6943	0	0
XM_011424687.3	6916	6817	0	0
XM_011424688.3	6802	6703	0	0
XM_011424691.3	6793	6694	0	0
XM_011424692.3	6553	6454	0	0
XM_011424693.3	3641	3542	3	0.990977
XM_011424694.3	3663	3564	0	0
XM_011424695.3	566	467	0	0
XM_011424696.3	494	395	2	5.92412
XM_011424697.3	1040	941	2	2.48674
XM_011424698.3	1421	1322	15	13.2755
XM_011424700.3	726	627	0	0
XM_011424701.3	1269	1170	0	0
XM_011424702.3	564	465	0	0
XM_011424703.3	3841	3742	2.42416e-07	7.57963e-08
XM_011424704.3	1803	1704	9	6.17965
XM_011424705.3	2402	2303	29	14.7331
XM_011424706.3	1163	1064	41	45.0851
XM_011424708.3	2787	2688	2.46488e-06	1.0729e-06
XM_011424709.3	3001	2902	35	14.1111
XM_011424711.3	2927	2828	1.31225e-08	5.42911e-09
XM_011424712.3	2874	2775	57	24.0327
XM_011424714.3	4292	4193	111	30.9734
XM_011424715.3	6084	5985	0	0
XM_011424716.3	3052	2953	19	7.52802
XM_011424717.3	2272	2173	0.0310971	0.0167437
XM_011424718.3	1445	1346	13	11.3003
XM_011424720.3	5915	5816	1.95817	0.393928
XM_011424721.3	746	647	1	1.80837
XM_011424722.3	3741	3642	0	0
XM_011424731.3	2180	2081	10	5.62236
XM_011424753.3	2879	2780	0.115375	0.0485578
XM_011424754.3	2877	2778	196.885	82.9221
XM_011424755.3	1626	1527	1	0.766217
XM_011424756.3	1667	1568	20	14.9236
XM_011424760.3	2695	2596	3	1.3521
XM_011424761.3	1898	1799	0	0
XM_011424763.3	1382	1283	4	3.64774
XM_011424764.3	1939	1840	2	1.27175
XM_011424766.3	1613	1514	41.4746	32.0514
XM_011424767.3	1899	1800	0.00255203	0.00165884
XM_011424768.3	1887	1788	6.5229	4.26839
XM_011424773.3	1796	1697	0	0
XM_011424775.3	2379	2280	9	4.61847
XM_011424776.3	953	854	0	0
XM_011424777.3	3326	3227	13	4.71341
XM_011424778.3	3509	3410	15	5.14669
XM_011424779.3	2952	2853	0	0
XM_011424780.3	2406	2307	0	0
XM_011424781.3	1862	1763	0	0
XM_011424782.3	3016	2917	0	0
XM_011424783.3	2331	2232	13	6.81459
XM_011424784.3	2247	2148	5	2.72349
XM_011424785.3	1898	1799	0	0
XM_011424787.3	1586	1487	6.84057e-06	5.38235e-06
XM_011424788.3	1571	1472	0.999993	0.794841
XM_011424789.3	1152	1053	0	0
XM_011424790.3	1684	1585	0	0
XM_011424791.3	967	868	56.482	76.1344
XM_011424792.3	1328	1229	3	2.85601
XM_011424793.3	2374	2275	0	0
XM_011424794.3	2338	2239	0	0
XM_011424795.3	2244	2145	1	0.545461
XM_011424798.3	1740	1641	0	0
XM_011424799.3	1686	1587	0	0
XM_011424800.3	8515	8416	4.39287	0.610708
XM_011424803.3	1072	973	15	18.0372
XM_011424804.3	839	740	0	0
XM_011424806.3	2633	2534	4	1.8469
XM_011424807.3	2539	2440	0	0
XM_011424809.3	2213	2114	0	0
XM_011424812.3	1873	1774	2.19515e-08	1.44777e-08
XM_011424813.3	2082	1983	0	0
XM_011424814.3	1872	1773	4.25312e-08	2.80666e-08
XM_011424815.3	1842	1743	21	14.0965
XM_011424818.3	3678	3579	18	5.88439
XM_011424819.3	4283	4184	0	0
XM_011424822.3	700	601	1	1.94678
XM_011424826.3	4198	4099	22	6.27965
XM_011424830.2	1494	1395	11	9.22591
XM_011424834.3	730	631	1	1.85422
XM_011424836.3	2797	2698	25.1418	10.903
XM_011424847.3	3584	3485	0	0
XM_011424852.3	404	305	0	0
XM_011424853.3	989	890	2	2.62924
XM_011424855.3	2383	2284	5	2.56133
XM_011424857.3	1923	1824	0	0
XM_011424859.3	1545	1446	0	0
XM_011424860.3	1642	1543	313	237.339
XM_011424861.3	3692	3593	0.532569	0.173424
XM_011424862.3	3685	3586	5.24599	1.71162
XM_011424863.3	3201	3102	0	0
XM_011424864.3	3656	3557	9.81473	3.22838
XM_011424866.3	1709	1610	0	0
XM_011424867.3	2143	2044	5.9998	3.43436
XM_011424875.3	2572	2473	0	0
XM_011424876.3	1689	1590	1	0.735857
XM_011424877.3	6356	6257	1.32151e-06	2.47112e-07
XM_011424878.3	6313	6214	0.0043062	0.000810801
XM_011424879.3	6305	6206	0.0195147	0.00367909
XM_011424880.3	2692	2593	9	4.06098
XM_011424886.3	3226	3127	0	0
XM_011424887.3	3279	3180	0	0
XM_011424890.3	2514	2415	3	1.45343
XM_011424898.3	3194	3095	6.06928	2.29439
XM_011424901.3	1064	965	0	0
XM_011424909.3	1687	1588	0	0
XM_011424910.3	1644	1545	7.13326	5.40195
XM_011424915.3	5941	5842	3.57735	0.716457
XM_011424916.3	1931	1832	0	0
XM_011424918.3	3210	3111	10	3.76089
XM_011424925.3	4649	4550	11	2.8286
XM_011424926.3	1526	1427	1	0.819911
XM_011424930.3	1443	1344	0	0
XM_011424931.3	1507	1408	2	1.66195
XM_011424933.3	3869	3770	89.7765	27.862
XM_011424934.3	891	792	0	0
XM_011424935.2	7489	7390	216	34.198
XM_011424938.3	1708	1609	0	0
XM_011424939.3	1229	1130	0	0
XM_011424940.3	2591	2492	2	0.939016
XM_011424942.3	2553	2454	2	0.953556
XM_011424943.3	1906	1807	4	2.58996
XM_011424953.3	4642	4543	0	0
XM_011424970.3	2718	2619	0	0
XM_011424971.3	2719	2620	0	0
XM_011424972.3	2436	2337	1	0.500648
XM_011424973.3	806	707	0	0
XM_011424974.3	703	604	2	3.87422
XM_011424977.3	3464	3365	0	0
XM_011424978.3	1827	1728	0	0
XM_011424979.3	1529	1430	0	0
XM_011424980.3	1168	1069	6	6.56696
XM_011424983.3	4490	4391	0	0
XM_011424986.3	2200	2101	0	0
XM_011424988.3	2591	2492	6	2.81705
XM_011424990.3	1222	1123	0	0
XM_011424992.3	2802	2703	0	0
XM_011424996.3	3759	3660	0	0
XM_011425002.3	5134	5035	23.0969	5.36716
XM_011425003.3	1121	1022	5	5.72414
XM_011425004.3	3086	2987	0	0
XM_011425005.3	3134	3035	0	0
XM_011425006.3	3010	2911	0	0
XM_011425007.3	3176	3077	0	0
XM_011425009.3	3006	2907	0	0
XM_011425010.3	3005	2906	0	0
XM_011425011.3	3084	2985	0	0
XM_011425012.3	3074	2975	0	0
XM_011425013.3	3024	2925	0	0
XM_011425014.3	3072	2973	0	0
XM_011425015.3	3041	2942	0	0
XM_011425016.3	3041	2942	0	0
XM_011425017.3	3038	2939	0	0
XM_011425018.3	2996	2897	0	0
XM_011425019.3	2951	2852	0	0
XM_011425020.3	1283	1184	2	1.97637
XM_011425025.3	1174	1075	12	13.0606
XM_011425026.3	1693	1594	7	5.13808
XM_011425027.3	2914	2815	0	0
XM_011425030.3	1234	1135	0	0
XM_011425035.3	2652	2553	0	0
XM_011425037.3	2766	2667	0	0
XM_011425039.3	4097	3998	0	0
XM_011425040.3	4322	4223	0	0
XM_011425041.3	4063	3964	6.19548e-07	1.82866e-07
XM_011425044.3	1522	1423	5	4.11108
XM_011425045.3	4199	4100	0	0
XM_011425046.3	4169	4070	7	2.01231
XM_011425049.3	1778	1679	5	3.48426
XM_011425051.3	2150	2051	0	0
XM_011425053.3	2245	2146	1	0.545207
XM_011425056.3	2651	2552	27.552	12.6317
XM_011425057.3	1185	1086	0	0
XM_011425060.3	2092	1993	0	0
XM_011425071.3	2565	2466	0	0
XM_011425076.3	11209	11110	0	0
XM_011425077.3	9436	9337	39.7763	4.98434
XM_011425078.3	1517	1418	0	0
XM_011425079.3	7104	7005	1	0.167025
XM_011425080.3	1980	1881	0	0
XM_011425084.2	1039	940	1	1.2447
XM_011425090.3	955	856	0	0
XM_011425112.3	5437	5338	0.392748	0.0860847
XM_011425118.3	2997	2898	32	12.9194
XM_011425121.3	2769	2670	0	0
XM_011425122.3	2843	2744	0.249852	0.106534
XM_011425123.3	2897	2798	0	0
XM_011425124.3	2703	2604	0	0
XM_011425128.3	2948	2849	0.94933	0.389866
XM_011425129.3	2941	2842	17.0068	7.00146
XM_011425130.3	2837	2738	0	0
XM_011425131.3	2805	2706	0	0
XM_011425132.3	2757	2658	0	0
XM_011425134.3	3310	3211	15	5.46565
XM_011425135.3	1245	1146	8	8.16763
XM_011425137.3	1417	1318	5	4.43859
XM_011425142.3	1148	1049	7	7.80753
XM_011425146.3	797	698	0	0
XM_011425147.3	876	777	0	0
XM_011425148.3	1406	1307	145.458	130.212
XM_011425150.3	1871	1772	5.94564	3.92578
XM_011425151.3	690	591	0	0
XM_011425153.3	615	516	8	18.1397
XM_011425154.3	3282	3183	4	1.47033
XM_011425155.3	711	612	3	5.73536
XM_011425156.3	776	677	2	3.45647
XM_011425157.3	2136	2037	0	0
XM_011425164.3	2480	2381	12	5.89675
XM_011425166.3	1025	926	0	0
XM_011425167.3	1913	1814	1	0.644991
XM_011425169.3	762	663	1	1.76473
XM_011425171.3	1185	1086	2	2.15472
XM_011425175.3	1229	1130	11	11.3895
XM_011425176.3	2614	2515	10	4.65214
XM_011425177.3	2325	2226	3	1.57684
XM_011425181.3	5350	5251	56.0265	12.4837
XM_011425182.3	2796	2697	0	0
XM_011425183.3	2738	2639	36	15.9608
XM_011425184.3	2787	2688	1.5282e-08	6.65184e-09
XM_011425186.3	799	700	3	5.01434
XM_011425187.3	1681	1582	3	2.21874
XM_011425200.2	4450	4351	0	0
XM_011425201.3	1452	1353	0	0
XM_011425202.3	1692	1593	11	8.07919
XM_011425203.3	3995	3896	16.0939	4.83318
XM_011425204.3	3993	3894	16.2196	4.87344
XM_011425205.3	3919	3820	0	0
XM_011425206.2	3920	3821	22.8694	7.00274
XM_011425207.3	3972	3873	0	0
XM_011425208.3	5049	4950	11.1368	2.63236
XM_011425209.3	3958	3859	18.8171	5.70517
XM_011425212.3	1720	1621	52	37.5328
XM_011425213.3	1126	1027	16	18.2281
XM_011425216.3	5261	5162	7.86323	1.78227
XM_011425217.3	1067	968	13.1984	15.9528
XM_011425218.2	1812	1713	14	9.56228
XM_011425222.3	1029	930	0	0
XM_011425223.3	4992	4893	0	0
XM_011425224.3	1527	1428	0	0
XM_011425228.3	3158	3059	71	27.1562
XM_011425229.3	6612	6513	0	0
XM_011425230.3	6486	6387	3.21455e-06	5.88863e-07
XM_011425231.3	6616	6517	0	0
XM_011425232.3	6769	6670	54.0906	9.48827
XM_011425233.3	6609	6510	0	0
XM_011425235.3	828	729	14	22.4694
XM_011425236.3	2763	2664	2.60035	1.14206
XM_011425237.3	1226	1127	0	0
XM_011425238.3	3691	3592	0	0
XM_011425240.3	3720	3621	16	5.1699
XM_011425242.3	2011	1912	5	3.05966
XM_011425243.3	1940	1841	0	0
XM_011425244.3	3103	3004	0	0
XM_011425245.3	3093	2994	0	0
XM_011425246.3	3034	2935	0.00807602	0.00321944
XM_011425247.3	3016	2917	10.9919	4.40888
XM_011425249.3	2417	2318	7	3.53326
XM_011425251.3	2578	2479	0	0
XM_011425257.3	7461	7362	10.5999	1.68461
XM_011425261.3	2713	2614	10.85	4.8564
XM_011425262.3	2636	2537	6.19208	2.85566
XM_011425263.3	2633	2534	24.8079	11.4545
XM_011425264.3	5042	4943	0	0
XM_011425265.3	4968	4869	0	0
XM_011425266.3	4968	4869	0	0
XM_011425267.3	4962	4863	0	0
XM_011425268.3	4911	4812	2.53297e-05	6.15878e-06
XM_011425269.3	938	839	12	16.7344
XM_011425270.3	4857	4758	14.214	3.49528
XM_011425271.3	3622	3523	0.000700966	0.000232796
XM_011425272.3	2707	2608	0	0
XM_011425273.3	1954	1855	15.9997	10.0915
XM_011425274.3	1274	1175	0	0
XM_011425278.3	1130	1031	0	0
XM_011425279.3	1135	1036	0	0
XM_011425281.3	932	833	3	4.21373
XM_011425283.3	1131	1032	6	6.8024
XM_011425284.3	881	782	2	2.99236
XM_011425285.3	1104	1005	22	25.6122
XM_011425286.3	1946	1847	3	1.9004
XM_011425287.3	4672	4573	52.9966	13.5593
XM_011425291.3	2458	2359	0	0
XM_011425292.3	1304	1205	0	0
XM_011425295.3	542	443	1053	2781.09
XM_011425299.3	1106	1007	0	0
XM_011425301.3	1812	1713	0	0
XM_011425302.3	1754	1655	8	5.65565
XM_011425303.3	1053	954	1	1.22643
XM_011425305.2	2582	2483	0	0
XM_011425309.3	1209	1110	5	5.27033
XM_011425312.3	1708	1609	0	0
XM_011425322.3	1720	1621	8	5.77428
XM_011425325.3	10645	10546	6.12544e-08	6.7958e-09
XM_011425331.3	752	653	3	5.37525
XM_011425333.3	1198	1099	2.70381e-07	2.87852e-07
XM_011425338.3	2368	2269	0	0
XM_011425340.3	2016	1917	2	1.22067
XM_011425341.3	835	736	2	3.17938
XM_011425344.3	4679	4580	0	0
XM_011425346.3	5068	4969	0	0
XM_011425349.3	5983	5884	0	0
XM_011425350.3	4518	4419	7.97645	2.11192
XM_011425352.3	5229	5130	0	0
XM_011425354.3	2138	2039	11	6.31199
XM_011425362.3	3118	3019	2	0.7751
XM_011425368.3	4446	4347	2.04052e-08	5.49214e-09
XM_011425369.3	3354	3255	13.9754	5.02349
XM_011425374.3	2142	2043	1.03612	0.593382
XM_011425375.3	1938	1839	0	0
XM_011425377.3	3436	3337	1.74369	0.611368
XM_011425378.3	3770	3671	9.43794	3.00804
XM_011425381.3	2753	2654	2.3357	1.02969
XM_011425382.3	2541	2442	42.6643	20.4414
XM_011425384.3	2236	2137	0	0
XM_011425387.3	1439	1340	8	6.98515
XM_011425388.3	3289	3190	0	0
XM_011425391.3	2760	2661	1.00523e-05	4.41991e-06
XM_011425392.3	2769	2670	1.91512e-07	8.39219e-08
XM_011425393.3	2730	2631	5.99999	2.66821
XM_011425403.3	3255	3156	0	0
XM_011425404.3	3158	3059	78.2341	29.9231
XM_011425405.3	5165	5066	0.00104385	0.000241082
XM_011425407.3	5124	5025	14.3978	3.35236
XM_011425409.3	1693	1594	12	8.80813
XM_011425410.3	4296	4197	1.81078	0.504798
XM_011425411.3	4293	4194	4.18922	1.16868
XM_011425412.3	2028	1929	0	0
XM_011425413.3	1248	1149	4	4.07315
XM_011425414.3	4174	4075	0.274427	0.0787934
XM_011425416.3	4162	4063	8.72557	2.51268
XM_011425419.3	914	815	0	0
XM_011425421.3	909	810	0	0
XM_011425422.3	2296	2197	0	0
XM_011425423.3	7690	7591	0	0
XM_011425424.3	7655	7556	5.45421e-07	8.44561e-08
XM_011425440.3	2565	2466	8.30675	3.9412
XM_011425458.3	1731	1632	0	0
XM_011425467.3	3083	2984	59.0346	23.1472
XM_011425469.3	2828	2729	0	0
XM_011425470.3	3282	3183	2	0.735164
XM_011425471.3	1901	1802	36.9231	23.9736
XM_011425478.3	5144	5045	38	8.81279
XM_011425480.3	8694	8595	1.31668e-06	1.79235e-07
XM_011425481.3	2687	2588	77	34.8111
XM_011425482.3	8670	8571	59.7879	8.16155
XM_011425483.3	8583	8484	173.807	23.9695
XM_011425484.3	8454	8355	107.405	15.0407
XM_011425487.3	1746	1647	4	2.84156
XM_011425488.3	815	716	5	8.17048
XM_011425489.2	553	454	0	0
XM_011425494.3	4550	4451	4.49942	1.18274
XM_011425496.3	3958	3859	0	0
XM_011425497.3	1992	1893	18.7505	11.5892
XM_011425500.3	4664	4565	2.15756	0.552984
XM_011425501.3	4093	3994	0	0
XM_011425506.3	1659	1560	6	4.50005
XM_011425508.3	4097	3998	0	0
XM_011425520.3	2987	2888	27	10.9385
XM_011425521.3	1874	1775	6	3.95497
XM_011425523.3	4898	4799	80	19.5043
XM_011425524.3	4754	4655	10	2.51346
XM_011425526.3	2119	2020	1	0.579215
XM_011425528.3	621	522	0	0
XM_011425529.3	3968	3869	9.50058	2.87304
XM_011425531.3	5014	4915	0	0
XM_011425533.3	536	437	24.2789	65.0037
XM_011425535.3	4061	3962	0	0
XM_011425539.3	6384	6285	6.63471	1.23512
XM_011425540.3	579	480	8	19.5002
XM_011425542.3	3922	3823	0	0
XM_011425543.3	2750	2651	17.7869	7.85022
XM_011425544.3	2548	2449	6.21308	2.96831
XM_011425545.3	3193	3094	5	1.89078
XM_011425546.3	2268	2169	28	15.1039
XM_011425548.3	1210	1111	3.83769	4.04154
XM_011425549.3	1213	1114	0.162305	0.170466
XM_011425559.3	2037	1938	0	0
XM_011425564.3	1791	1692	4	2.76599
XM_011425574.3	2690	2591	0	0
XM_011425575.3	1557	1458	3	2.40744
XM_011425581.3	2994	2895	2	0.808299
XM_011425583.2	1803	1704	0.2014	0.138287
XM_011425584.2	1801	1702	0.7986	0.548985
XM_011425585.3	2992	2893	7	2.831
XM_011425586.3	5151	5052	17	3.9371
XM_011425592.3	1348	1249	0	0
XM_011425593.3	1042	943	0	0
XM_011425603.3	3923	3824	11	3.36562
XM_011425604.3	3269	3170	0	0
XM_011425608.3	5578	5479	3	0.640635
XM_011425609.3	3598	3499	0	0
XM_011425610.3	1054	955	9	11.0263
XM_011425611.3	2868	2769	69	29.1553
XM_011425612.3	3324	3225	0	0
XM_011425614.3	797	698	0	0
XM_011425617.3	1058	959	0	0
XM_011425618.3	3445	3346	0	0
XM_011425625.3	3193	3094	0	0
XM_011425626.3	828	729	5	8.02478
XM_011425627.3	1148	1049	0	0
XM_011425628.3	3331	3232	0	0
XM_011425629.3	2761	2662	3	1.31857
XM_011425631.3	2432	2333	0.0106254	0.0053287
XM_011425632.3	2423	2324	0.989374	0.498099
XM_011425633.3	3458	3359	17.3866	6.05613
XM_011425634.3	2454	2355	1.7579e-07	8.73363e-08
XM_011425635.3	2462	2363	0	0
XM_011425642.3	3135	3036	0	0
XM_011425643.3	3106	3007	0	0
XM_011425644.3	2898	2799	0	0
XM_011425645.3	3137	3038	0	0
XM_011425646.3	3052	2953	0	0
XM_011425647.3	2998	2899	0	0
XM_011425648.3	2079	1980	0	0
XM_011425649.3	3016	2917	0	0
XM_011425650.3	1317	1218	88.8955	85.3932
XM_011425651.3	1135	1036	0	0
XM_011425652.2	930	831	0	0
XM_011425653.3	909	810	27	39.0004
XM_011425654.3	4412	4313	0	0
XM_011425656.3	4394	4295	0	0
XM_011425660.3	4319	4220	0	0
XM_011425661.3	4304	4205	0	0
XM_011425664.3	4301	4202	0	0
XM_011425667.3	4286	4187	0	0
XM_011425669.3	4217	4118	0	0
XM_011425670.3	4211	4112	0	0
XM_011425671.3	4211	4112	0	0
XM_011425672.3	4193	4094	0	0
XM_011425673.3	4106	4007	0	0
XM_011425675.3	4103	4004	0	0
XM_011425676.3	4016	3917	0	0
XM_011425678.3	1436	1337	6	5.25062
XM_011425679.3	8910	8811	11.9963	1.59299
XM_011425681.3	1427	1328	27.2929	24.046
XM_011425683.3	1871	1772	0	0
XM_011425684.3	1767	1668	26	18.2376
XM_011425687.3	3451	3352	0	0
XM_011425689.3	2726	2627	13	5.78994
XM_011425694.3	3443	3344	0	0
XM_011425698.3	1925	1826	2.44419	1.56612
XM_011425704.3	3495	3396	0	0
XM_011425706.3	11278	11179	2.77144e-06	2.90064e-07
XM_011425710.3	3813	3714	0	0
XM_011425713.3	3360	3261	1	0.35879
XM_011425714.3	1695	1596	0	0
XM_011425715.3	1649	1550	4	3.01939
XM_011425719.3	1536	1437	0	0
XM_011425721.2	3615	3516	0	0
XM_011425722.2	3384	3285	18	6.41103
XM_011425723.3	7380	7281	12.9999	2.08901
XM_011425724.3	7455	7356	7.82135e-05	1.24403e-05
XM_011425726.3	2367	2268	0	0
XM_011425727.3	1077	978	3	3.589
XM_011425728.3	853	754	0	0
XM_011425733.3	5331	5232	0	0
XM_011425734.3	5304	5205	0	0
XM_011425735.3	2198	2099	11	6.13156
XM_011425744.3	3295	3196	21	7.68782
XM_011425745.3	1523	1424	13	10.6813
XM_011425746.3	1403	1304	0	0
XM_011425747.3	1884	1785	0	0
XM_011425748.3	6370	6271	6.38431e-05	1.19115e-05
XM_011425749.3	6295	6196	85.9999	16.2397
XM_011425750.3	5120	5021	52.0793	12.1357
XM_011425751.3	997	898	98	127.685
XM_011425771.3	1314	1215	0	0
XM_011425772.3	3919	3820	13	3.98172
XM_011425773.3	2106	2007	13	7.57856
XM_011425778.3	1029	930	2	2.51616
XM_011425779.3	1927	1828	1	0.640051
XM_011425783.3	1599	1500	1	0.780009
XM_011425786.3	951	852	2	2.74651
XM_011425788.3	1683	1584	0	0
XM_011425789.3	1489	1390	22	18.5182
XM_011425790.3	1608	1509	19	14.7318
XM_011425791.3	1605	1506	0	0
XM_011425794.3	2217	2118	1	0.552414
XM_011425801.3	1583	1484	0	0
XM_011425802.3	1646	1547	0	0
XM_011425803.3	834	735	0	0
XM_011425806.3	804	705	6	9.95756
XM_011425807.3	10516	10417	2	0.224635
XM_011425817.3	1037	938	7	8.73144
XM_011425818.3	1330	1231	38.3072	36.4094
XM_011425819.3	1285	1186	0	0
XM_011425820.3	1069	970	1.72979	2.08648
XM_011425821.3	1440	1341	9	7.85244
XM_011425822.3	3603	3504	2	0.667816
XM_011425824.3	1245	1146	1	1.02095
XM_011425827.3	4079	3980	0	0
XM_011425829.3	4006	3907	4	1.19786
XM_011425830.3	2033	1934	1	0.604971
XM_011425832.3	1845	1746	12	8.04133
XM_011425835.3	786	687	0	0
XM_011425841.3	2533	2434	1	0.480696
XM_011425849.3	2722	2623	0	0
XM_011425853.3	1583	1484	3	2.36526
XM_011425854.3	1371	1272	3	2.75947
XM_011425863.3	4343	4244	5	1.37843
XM_011425865.3	4963	4864	25	6.01364
XM_011425867.3	1076	977	0	0
XM_011425868.3	1076	977	0	0
XM_011425869.3	877	778	1	1.50387
XM_011425870.3	874	775	1	1.50969
XM_011425871.3	1745	1646	16	11.3732
XM_011425872.3	2843	2744	7	2.98473
XM_011425873.3	1863	1764	0	0
XM_011425878.3	1024	925	1	1.26488
XM_011425880.3	2829	2730	0	0
XM_011425883.2	2867	2768	60	25.3616
XM_011425884.3	2685	2586	0	0
XM_011425888.3	1940	1841	7	4.44872
XM_011425889.3	1038	939	3.3389e-07	4.16034e-07
XM_011425890.3	2583	2484	0	0
XM_011425892.3	2521	2422	3.65653	1.76639
XM_011425893.3	3363	3264	0	0
XM_011425894.3	2781	2682	0	0
XM_011425895.3	2719	2620	0	0
XM_011425896.3	2820	2721	0	0
XM_011425897.3	2758	2659	0	0
XM_011425902.3	2910	2811	8.41779e-07	3.50371e-07
XM_011425907.3	1016	917	0	0
XM_011425908.3	951	852	0	0
XM_011425909.3	948	849	0	0
XM_011425910.3	1922	1823	8	5.13445
XM_011425918.3	2565	2466	0	0
XM_011425922.3	2962	2863	16	6.53867
XM_011425923.3	5282	5183	0	0
XM_011425925.3	2257	2158	1.55608e-06	8.4367e-07
XM_011425926.3	2229	2130	7	3.84511
XM_011425928.3	2672	2573	0	0
XM_011425933.3	5165	5066	18	4.15717
XM_011425935.3	2955	2856	0.0321479	0.01317
XM_011425936.3	2945	2846	1.96785	0.809
XM_011425938.3	3613	3514	8	2.66366
XM_011425942.3	2758	2659	0	0
XM_011425943.3	2175	2076	2	1.12718
XM_011425944.3	2200	2101	0	0
XM_011425953.3	2721	2622	5	2.23115
XM_011425961.3	2886	2787	13	5.45754
XM_011425965.3	871	772	0	0
XM_011425966.3	847	748	2	3.12838
XM_011425976.3	2055	1956	8.44368	5.05072
XM_011425977.3	1384	1285	0	0
XM_011425979.3	2950	2851	4.08396e-05	1.676e-05
XM_011425980.3	2920	2821	9.99993	4.14748
XM_011425982.3	1301	1202	5	4.86694
XM_011425983.3	1228	1129	0	0
XM_011425988.3	2983	2884	0	0
XM_011425989.3	1384	1285	47	42.7943
XM_011425990.3	4782	4683	3.054	0.763019
XM_011425991.3	2709	2610	0	0
XM_011425992.3	4329	4230	21	5.80858
XM_011426000.3	1148	1049	16.2264	18.0982
XM_011426003.3	2907	2808	18.1191	7.54973
XM_011426004.3	2179	2080	27	15.1877
XM_011426006.3	1753	1654	0	0
XM_011426009.3	1109	1010	3.51164	4.06799
XM_011426010.3	2535	2436	13.9069	6.67952
XM_011426018.3	1422	1323	11	9.728
XM_011426021.3	5239	5140	3	0.682887
XM_011426025.2	3363	3264	0	0
XM_011426026.3	2171	2072	7.18941	4.0597
XM_011426031.3	1245	1146	109	111.284
XM_011426043.3	4502	4403	2.35263	0.625167
XM_011426044.3	4496	4397	11.6474	3.09929
XM_011426049.3	2082	1983	46.2234	27.2728
XM_011426062.3	618	519	0	0
XM_011426063.3	662	563	0	0
XM_011426067.3	1565	1466	0	0
XM_011426071.3	3314	3215	377	137.199
XM_011426072.2	2962	2863	0	0
XM_011426073.3	2965	2866	0	0
XM_011426074.3	3273	3174	0	0
XM_011426075.3	2909	2810	14	5.82925
XM_011426076.3	2876	2777	0	0
XM_011426077.3	3163	3064	0	0
XM_011426080.3	5035	4936	7.8686	1.86515
XM_011426086.3	2474	2375	2.50246	1.23281
XM_011426087.3	1397	1298	0	0
XM_011426089.3	1487	1388	17	14.3301
XM_011426093.3	5765	5666	19.95	4.11961
XM_011426094.3	5794	5695	0.0500283	0.0102781
XM_011426095.3	1966	1867	54	33.8408
XM_011426096.3	4335	4236	20.315	5.61114
XM_011426111.3	4747	4648	0	0
XM_011426112.3	3478	3379	0	0
XM_011426113.3	3478	3379	0	0
XM_011426115.3	3784	3685	44.9083	14.2587
XM_011426124.3	1619	1520	0	0
XM_011426125.3	3010	2911	0	0
XM_011426132.3	2131	2032	15	8.63691
XM_011426134.3	2650	2551	0	0
XM_011426137.3	2469	2370	2.62518	1.29599
XM_011426144.3	1141	1042	0	0
XM_011426145.3	840	741	4	6.31586
XM_011426146.3	1835	1736	0	0
XM_011426147.3	1698	1599	0	0
XM_011426149.3	1330	1231	6	5.70275
XM_011426150.3	2650	2551	0	0
XM_011426151.3	2432	2333	6.99997	3.51053
XM_011426154.3	1335	1236	25	23.6653
XM_011426178.3	2647	2548	0	0
XM_011426179.3	2139	2040	0	0
XM_011426180.3	2018	1919	31.9937	19.5065
XM_011426182.3	1244	1145	41	41.8957
XM_011426184.3	2634	2535	66.5215	30.7026
XM_011426186.2	3726	3627	0	0
XM_011426196.3	6603	6504	0	0
XM_011426197.3	6049	5950	4.82461e-07	9.48715e-08
XM_011426198.3	6621	6522	40	7.1758
XM_011426199.3	6755	6656	0	0
XM_011426200.3	6594	6495	0	0
XM_011426201.3	6582	6483	0	0
XM_011426203.3	2638	2539	0	0
XM_011426205.2	1699	1600	2	1.46252
XM_011426207.3	3202	3103	19	7.16412
XM_011426209.3	2807	2708	7	3.02441
XM_011426210.3	2638	2539	0	0
XM_011426212.3	1156	1057	0	0
XM_011426213.3	1056	957	4	4.89034
XM_011426214.3	2634	2535	0	0
XM_011426215.3	2075	1976	0	0
XM_011426218.3	3274	3175	10	3.68508
XM_011426220.3	1114	1015	1.37511	1.58513
XM_011426221.3	622	523	10.6249	23.7691
XM_011426222.3	1340	1241	0	0
XM_011426224.3	1904	1805	0	0
XM_011426226.3	2572	2473	0	0
XM_011426227.3	5283	5184	14	3.15976
XM_011426228.3	3880	3781	0	0
XM_011426229.3	3874	3775	0	0
XM_011426230.3	2436	2337	6	3.00389
XM_011426231.3	2913	2814	20	8.31566
XM_011426234.3	2832	2733	7	2.99674
XM_011426236.3	3413	3314	0.000434593	0.000153434
XM_011426237.3	3387	3288	4.47259	1.59154
XM_011426238.3	2047	1948	1	0.600623
XM_011426239.3	3672	3573	10	3.2746
XM_011426240.3	2827	2728	76	32.5957
XM_011426241.3	2997	2898	2	0.807463
XM_011426243.3	3008	2909	0	0
XM_011426244.3	3161	3062	0	0
XM_011426249.3	2984	2885	0	0
XM_011426250.3	1578	1479	14	11.0752
XM_011426253.3	2257	2158	5.83859	3.16554
XM_011426254.3	2036	1937	0	0
XM_011426259.3	2620	2521	0	0
XM_011426261.3	1275	1176	5	4.97455
XM_011426265.2	1078	979	0	0
XM_011426267.3	2620	2521	0	0
XM_011426268.3	3863	3764	0	0
XM_011426272.3	3194	3095	7	2.64623
XM_011426273.3	3655	3556	0	0
XM_011426276.3	2112	2013	0	0
XM_011426278.3	2046	1947	0	0
XM_011426279.3	2137	2038	0	0
XM_011426280.3	5959	5860	28.0517	5.60083
XM_011426286.3	2553	2454	0	0
XM_011426291.3	2407	2308	4	2.02775
XM_011426292.3	1537	1438	9.36878	7.62281
XM_011426293.3	3366	3267	1.53964	0.551393
XM_011426294.3	1925	1826	7	4.48526
XM_011426296.3	2599	2500	0	0
XM_011426301.3	2012	1913	3	1.83484
XM_011426302.3	2050	1951	0	0
XM_011426307.3	7912	7813	52	7.78711
XM_011426308.3	1352	1253	5	4.66885
XM_011426310.3	4857	4758	18.7669	4.61486
XM_011426312.3	8420	8321	0	0
XM_011426313.3	8406	8307	0	0
XM_011426314.3	8376	8277	0	0
XM_011426315.3	8305	8206	0	0
XM_011426316.3	8203	8104	38.6691	5.58284
XM_011426317.3	3676	3577	0	0
XM_011426318.3	3577	3478	0	0
XM_011426319.3	3565	3466	29	9.78949
XM_011426321.3	1370	1271	0	0
XM_011426323.3	7287	7188	56.2358	9.15368
XM_011426324.3	7284	7185	91.7642	14.943
XM_011426325.3	1423	1324	0	0
XM_011426333.3	1170	1071	0	0
XM_011426336.3	2322	2223	0	0
XM_011426339.3	2077	1978	0	0
XM_011426340.3	2304	2205	0	0
XM_011426342.3	2050	1951	1.6896e-05	1.01325e-05
XM_011426344.3	1514	1415	0	0
XM_011426345.3	1837	1738	2	1.34639
XM_011426346.3	2408	2309	8.54977e-07	4.33233e-07
XM_011426347.3	2445	2346	0	0
XM_011426348.3	2376	2277	11	5.65224
XM_011426350.3	469	370	8	25.2976
XM_011426352.3	5273	5174	0	0
XM_011426353.3	5298	5199	0	0
XM_011426354.3	5312	5213	2.22359e-06	4.99065e-07
XM_011426358.3	2680	2581	0.41855	0.189736
XM_011426361.3	1640	1541	26	19.7407
XM_011426362.3	2740	2641	11	4.87321
XM_011426365.3	4200	4101	10	2.853
XM_011426366.3	1146	1047	42.5974	47.6023
XM_011426367.3	1143	1044	9.2172e-07	1.03297e-06
XM_011426374.3	2336	2237	0	0
XM_011426375.3	2219	2120	1	0.551893
XM_011426376.3	2935	2836	10	4.12558
XM_011426386.2	1128	1029	0	0
XM_011426387.2	1314	1215	0	0
XM_011426399.3	2095	1996	1.2467e-06	7.30787e-07
XM_011426400.3	1958	1859	0	0
XM_011426404.3	704	605	56	108.299
XM_011426412.3	3059	2960	26	10.2771
XM_011426413.3	638	539	0	0
XM_011426415.3	708	609	0	0
XM_011426426.3	2606	2507	0	0
XM_011426427.3	2535	2436	0	0
XM_011426430.3	3010	2911	2.75396	1.10689
XM_011426431.3	1247	1148	0	0
XM_011426433.3	1247	1148	0	0
XM_011426434.3	1258	1159	0	0
XM_011426436.3	963	864	2	2.70836
XM_011426438.3	511	412	922.076	2618.55
XM_011426455.3	2319	2220	19.2716	10.1568
XM_011426462.3	2130	2031	0	0
XM_011426463.3	2108	2009	0	0
XM_011426464.3	2666	2567	23	10.4832
XM_011426465.3	3370	3271	3.86218	1.38147
XM_011426466.3	3454	3355	0	0
XM_011426467.3	3184	3085	6.13782	2.32782
XM_011426468.3	3096	2997	0	0
XM_011426471.3	2465	2366	2.27106	1.12306
XM_011426472.3	2464	2365	3.72894	1.84478
XM_011426473.3	2277	2178	0.00157762	0.000847492
XM_011426476.3	2823	2724	0	0
XM_011426478.3	1664	1565	43	32.1473
XM_011426479.3	2602	2503	2	0.934889
XM_011426480.3	5161	5062	2	0.462273
XM_011426481.3	2821	2722	0	0
XM_011426482.3	2825	2726	2	0.85841
XM_011426484.3	1867	1768	0	0
XM_011426485.3	1901	1802	0	0
XM_011426486.3	2221	2122	0.20907	0.115275
XM_011426488.3	1905	1806	0	0
XM_011426489.3	1822	1723	0	0
XM_011426491.3	534	435	9	24.2072
XM_011426497.3	588	489	78	186.628
XM_011426499.3	1320	1221	11	10.5407
XM_011426503.3	5582	5483	0	0
XM_011426504.3	5537	5438	54	11.6184
XM_011426513.3	2498	2399	0	0
XM_011426514.3	656	557	393	825.521
XM_011426516.3	4156	4057	6.61237	1.90697
XM_011426518.3	1521	1422	0	0
XM_011426520.3	2088	1989	0	0
XM_011426521.3	2141	2042	24	13.7514
XM_011426524.3	2495	2396	21	10.2547
XM_011426525.3	861	762	0	0
XM_011426529.3	972	873	77	103.197
XM_011426530.3	4683	4584	0	0
XM_011426531.3	4668	4569	0	0
XM_011426532.3	4638	4539	17	4.38207
XM_011426533.3	3894	3795	23.3502	7.19897
XM_011426534.3	3888	3789	5.37399	1.65945
XM_011426535.3	3876	3777	7.47286	2.31489
XM_011426536.3	3865	3766	0	0
XM_011426538.3	4227	4128	0	0
XM_011426541.3	1217	1118	1	1.04652
XM_011426542.3	2989	2890	0.0101858	0.00412373
XM_011426545.3	2983	2884	0.116609	0.0473071
XM_011426546.3	2977	2878	1.34175	0.545469
XM_011426547.2	1156	1057	116	128.403
XM_011426549.3	3895	3796	12.5069	3.85493
XM_011426551.3	1026	927	1	1.26215
XM_011426552.3	1076	977	42	50.2974
XM_011426555.3	1007	908	16	20.617
XM_011426556.3	4244	4145	40	11.2908
XM_011426557.3	1355	1256	2	1.86308
XM_011426558.3	1966	1867	0	0
XM_011426559.3	1740	1641	15.7689	11.243
XM_011426560.3	690	591	0	0
XM_011426561.3	692	593	0	0
XM_011426562.3	2436	2337	3	1.50194
XM_011426563.3	2610	2511	0	0
XM_011426564.3	3484	3385	0.00296953	0.00102641
XM_011426566.3	3457	3358	35.6746	12.43
XM_011426570.3	1457	1358	0	0
XM_011426578.3	3060	2961	0	0
XM_011426589.3	3287	3188	43.3152	15.8969
XM_011426590.3	3057	2958	0	0
XM_011426591.2	2919	2820	63.6848	26.4227
XM_011426599.3	1298	1199	0	0
XM_011426600.3	1292	1193	0	0
XM_011426601.3	2565	2466	0	0
XM_011426603.3	1997	1898	1.02008e-05	6.28824e-06
XM_011426604.3	1973	1874	31	19.3545
XM_011426605.3	5432	5333	0	0
XM_011426606.3	5583	5484	0	0
XM_011426609.3	5399	5300	0	0
XM_011426611.3	2266	2167	9.86906	5.32853
XM_011426616.3	1660	1561	2	1.49906
XM_011426624.3	2336	2237	9	4.70725
XM_011426625.2	1761	1662	2	1.40796
XM_011426627.3	1731	1632	0	0
XM_011426628.2	474	375	0	0
XM_011426634.3	1773	1674	0	0
XM_011426635.3	1698	1599	1	0.731716
XM_011426637.3	2725	2626	0	0
XM_011426639.3	3043	2944	0.000296733	0.000117929
XM_011426640.3	3075	2976	0	0
XM_011426642.3	3023	2924	0.880965	0.352511
XM_011426644.3	2289	2190	0	0
XM_011426645.3	2235	2136	0	0
XM_011426646.3	2217	2118	0	0
XM_011426647.3	1980	1881	19	11.8183
XM_011426654.3	1544	1445	0	0
XM_011426655.3	1481	1382	0.0712737	0.0603409
XM_011426656.3	1451	1352	0	0
XM_011426668.3	4930	4831	0	0
XM_011426669.3	4912	4813	0	0
XM_011426670.3	4903	4804	0	0
XM_011426671.3	4894	4795	0.0376526	0.0091875
XM_011426672.3	4866	4767	36.2471	8.89649
XM_011426673.3	4864	4765	0	0
XM_011426674.3	4828	4729	63.1306	15.6193
XM_011426675.3	4810	4711	39.5846	9.83115
XM_011426677.3	1092	993	0	0
XM_011426684.3	1722	1623	0	0
XM_011426690.3	1248	1149	0	0
XM_011426691.3	711	612	2	3.82357
XM_011426694.3	1447	1348	0	0
XM_011426700.3	1811	1712	2	1.36684
XM_011426701.3	1424	1325	0	0
XM_011426707.3	1500	1401	0	0
XM_011426709.3	2036	1937	0	0
XM_011426710.3	2158	2059	119	67.621
XM_011426714.3	709	610	0	0
XM_011426716.3	1212	1113	2	2.10245
XM_011426718.3	984	885	2	2.6441
XM_011426719.3	1492	1393	4	3.35969
XM_011426723.3	2441	2342	0.0202746	0.0101288
XM_011426724.3	2427	2328	22.9797	11.5492
XM_011426725.3	5583	5484	1.19048	0.253989
XM_011426726.3	5580	5481	2.26192	0.482846
XM_011426727.3	5574	5475	0	0
XM_011426728.3	5571	5472	15.5476	3.32436
XM_011426729.3	5571	5472	0	0
XM_011426730.3	847	748	20	31.2838
XM_011426734.3	1490	1391	0	0
XM_011426738.3	4206	4107	37.8336	10.7781
XM_011426739.3	611	512	0	0
XM_011426740.3	1661	1562	4.55225	3.40985
XM_011426741.3	2189	2090	19.4368	10.881
XM_011426745.3	1311	1212	2	1.93072
XM_011426759.2	3876	3777	0	0
XM_011426762.3	1881	1782	0	0
XM_011426767.3	1713	1614	0	0
XM_011426771.3	837	738	26	41.22
XM_011426774.3	2407	2308	0	0
XM_011426775.3	884	785	1	1.49046
XM_011426777.3	2635	2536	0	0
XM_011426782.3	2647	2548	8	3.67351
XM_011426783.3	1354	1255	2	1.86456
XM_011426786.3	2421	2322	34.9997	17.6357
XM_011426790.3	2078	1979	0	0
XM_011426791.3	2261	2162	0	0
XM_011426792.3	2169	2070	5	2.82612
XM_011426793.3	2091	1992	0	0
XM_011426794.3	4520	4421	1.26924e-08	3.35902e-09
XM_011426795.3	4510	4411	1.80775e-07	4.79503e-08
XM_011426799.3	1956	1857	5	3.15028
XM_011426803.3	2394	2295	1	0.50981
XM_011426810.3	1622	1523	9	6.91406
XM_011426819.3	883	784	0	0
XM_011426822.3	8711	8612	1.80437e-05	2.45139e-06
XM_011426823.3	7753	7654	0	0
XM_011426824.3	8605	8506	36.7683	5.05754
XM_011426827.3	5858	5759	4.6637e-05	9.47489e-06
XM_011426828.3	5860	5761	3.10346e-05	6.30288e-06
XM_011426829.3	5851	5752	0.000194227	3.95078e-05
XM_011426830.3	850	751	0	0
XM_011426831.3	5837	5738	0.00338638	0.000690503
XM_011426832.3	5830	5731	0.014177	0.00289431
XM_011426833.3	5831	5732	0.0115532	0.00235823
XM_011426834.3	5563	5464	0	0
XM_011426835.3	5905	5806	0	0
XM_011426836.3	5810	5711	0.856031	0.175375
XM_011426837.3	5634	5535	0.370997	0.078423
XM_011426838.3	5803	5704	3.60811	0.740102
XM_011426839.3	5515	5416	1.20218e-05	2.59706e-06
XM_011426840.3	5619	5520	8.94965	1.89696
XM_011426842.3	5187	5088	0	0
XM_011426844.3	1423	1324	319	281.899
XM_011426845.3	2045	1946	0	0
XM_011426846.3	1105	1006	76	88.3907
XM_011426849.3	1245	1146	409	417.57
XM_011426853.3	2212	2113	0	0
XM_011426855.3	1245	1146	10	10.2095
XM_011426861.3	3289	3190	0	0
XM_011426862.3	1362	1263	0	0
XM_011426863.3	1231	1132	3.04205e-06	3.1442e-06
XM_011426864.3	1224	1125	0.00439659	0.00457251
XM_011426867.3	1546	1447	0	0
XM_011426868.3	1534	1435	0	0
XM_011426870.3	1497	1398	24	20.0861
XM_011426871.3	1972	1873	0	0
XM_011426872.3	933	834	0	0
XM_011426873.3	1255	1156	1.02106	1.03344
XM_011426874.3	1283	1184	19	18.7756
XM_011426875.3	3383	3284	0	0
XM_011426876.3	3330	3231	65.2241	23.619
XM_011426877.3	3219	3120	0	0
XM_011426878.3	3276	3177	0	0
XM_011426879.3	3291	3192	2.77593	1.0175
XM_011426880.3	931	832	3	4.2188
XM_011426881.3	4022	3923	38.9984	11.6311
XM_011426883.3	1478	1379	4	3.3938
XM_011426884.3	2747	2648	23	10.1625
XM_011426889.3	3570	3471	14.8287	4.9985
XM_011426892.3	1471	1372	3	2.55834
XM_011426893.3	1052	953	0	0
XM_011426894.3	1072	973	0	0
XM_011426896.3	1539	1440	7	5.68757
XM_011426900.3	3263	3164	0	0
XM_011426902.3	1295	1196	0	0
XM_011426904.3	4077	3978	17	5.00006
XM_011426906.3	2191	2092	0	0
XM_011426907.3	2161	2062	36	20.427
XM_011426909.3	1270	1171	7	6.9941
XM_011426910.2	949	850	0	0
XM_011426911.3	1738	1639	0	0
XM_011426916.3	5204	5105	0	0
XM_011426917.3	4533	4434	2.38048	0.628146
XM_011426920.3	2612	2513	1	0.465584
XM_011426921.3	4183	4084	0	0
XM_011426922.3	4659	4560	0	0
XM_011426923.2	4150	4051	0	0
XM_011426926.3	1399	1300	2.42086	2.1788
XM_011426935.3	785	686	3	5.11668
XM_011426937.3	878	779	0	0
XM_011426938.3	927	828	0	0
XM_011426940.3	2250	2151	0	0
XM_011426941.3	2417	2318	0	0
XM_011426942.3	874	775	0	0
XM_011426944.3	1175	1076	0	0
XM_011426945.3	837	738	12	19.0246
XM_011426947.3	3444	3345	19	6.64582
XM_011426950.3	1894	1795	5	3.25909
XM_011426955.3	1184	1085	23	24.8021
XM_011426956.3	932	833	22.0129	30.9188
XM_011426957.3	1045	946	9	11.1312
XM_011426958.3	1336	1237	2	1.8917
XM_011426959.3	1264	1165	3	3.01291
XM_011426961.3	1272	1173	1	0.997454
XM_011426962.3	2014	1915	2.08228e-08	1.27221e-08
XM_011426964.3	815	716	1	1.6341
XM_011426965.3	1077	978	34	40.6753
XM_011426966.3	2373	2274	87	44.763
XM_011426970.3	1462	1363	0	0
XM_011426974.3	4038	3939	251	74.5553
XM_011426978.2	1472	1373	32	27.2691
XM_011426979.3	1432	1333	11	9.65502
XM_011426983.3	1465	1366	13.9311	11.9324
XM_011426984.3	1197	1098	1.63521	1.74246
XM_011426985.3	3514	3415	0	0
XM_011426989.3	2306	2207	8	4.2411
XM_011426995.3	2168	2069	6.56298	3.71134
XM_011426996.3	1470	1371	13	11.0942
XM_011426997.3	3902	3803	12	3.69186
XM_011426998.3	1676	1577	0	0
XM_011427001.3	5216	5117	44.5958	10.1969
XM_011427002.3	700	601	0	0
XM_011427003.3	701	602	0	0
XM_011427009.3	615	516	26	58.9542
XM_011427011.3	760	661	1	1.77007
XM_011427012.3	673	574	6	12.2301
XM_011427016.3	4398	4299	248	67.4955
XM_011427021.3	3072	2973	0.00618993	0.00243602
XM_011427053.3	3713	3614	4	1.29498
XM_011427061.3	1236	1137	3	3.08711
XM_011427062.3	2664	2565	0	0
XM_011427071.3	2456	2357	1.52943e-07	7.59208e-08
XM_011427073.3	1853	1754	1	0.667054
XM_011427075.3	5229	5130	35.5562	8.10941
XM_011427076.3	4869	4770	7.47956e-08	1.83463e-08
XM_011427077.3	4795	4696	6.9006	1.71929
XM_011427078.3	4801	4702	1.54318	0.383993
XM_011427079.3	1885	1786	0	0
XM_011427080.3	1121	1022	0	0
XM_011427082.3	2778	2679	0	0
XM_011427083.3	2500	2401	17.1919	8.37767
XM_011427084.3	1354	1255	94	87.6345
XM_011427089.3	2228	2129	0	0
XM_011427090.3	2222	2123	0	0
XM_011427091.3	2216	2117	0	0
XM_011427092.3	2216	2117	0	0
XM_011427093.3	2213	2114	0	0
XM_011427105.3	975	876	0	0
XM_011427106.3	955	856	1	1.36684
XM_011427107.3	1270	1171	25	24.9789
XM_011427109.3	2253	2154	40.2617	21.8694
XM_011427111.3	2146	2047	10.7383	6.13776
XM_011427114.3	2226	2127	0	0
XM_011427115.3	3819	3720	0	0
XM_011427116.3	3657	3558	15	4.9326
XM_011427117.3	1179	1080	0	0
XM_011427118.3	2330	2231	0	0
XM_011427120.3	2303	2204	0	0
XM_011427121.3	2300	2201	0	0
XM_011427122.3	2276	2177	0	0
XM_011427123.3	2204	2105	0	0
XM_011427126.3	2177	2078	42	23.648
XM_011427131.3	2782	2683	0.527924	0.230219
XM_011427132.3	2779	2680	1.96113	0.856176
XM_011427135.3	2809	2710	8	3.45391
XM_011427136.3	4342	4243	0	0
XM_011427137.3	4308	4209	0	0
XM_011427138.3	4092	3993	0	0
XM_011427144.3	1417	1318	7	6.21403
XM_011427145.3	1288	1189	0	0
XM_011427146.2	1279	1180	0	0
XM_011427149.3	1292	1193	2	1.96146
XM_011427152.3	1614	1515	1	0.772286
XM_011427164.3	1130	1031	13	14.7528
XM_011427165.3	761	662	16	28.2783
XM_011427166.2	749	650	0	0
XM_011427167.3	724	625	16	29.9523
XM_011427170.3	2873	2774	0	0
XM_011427171.3	2348	2249	0	0
XM_011427172.3	2292	2193	1.71048e-05	9.12577e-06
XM_011427173.3	2265	2166	35	18.906
XM_011427174.3	2743	2644	0	0
XM_011427175.3	2728	2629	73	32.488
XM_011427177.3	2626	2527	35	16.2052
XM_011427178.3	1187	1088	0	0
XM_011427180.3	1553	1454	43	34.6015
XM_011427182.3	3379	3280	0	0
XM_011427183.3	1876	1777	3	1.97526
XM_011427189.3	3594	3495	0	0
XM_011427196.3	3239	3140	0	0
XM_011427202.3	1297	1198	1	0.976639
XM_011427206.2	1605	1506	0	0
XM_011427210.3	2197	2098	5	2.7884
XM_011427222.3	1667	1568	0	0
XM_011427223.3	3492	3393	0	0
XM_011427225.3	3326	3227	0	0
XM_011427228.3	3702	3603	6.74118	2.18908
XM_011427229.3	2645	2546	0.108894	0.0500422
XM_011427230.3	3136	3037	0	0
XM_011427231.3	2633	2534	27.7813	12.8273
XM_011427232.3	2673	2574	2.91801e-07	1.32638e-07
XM_011427233.3	3482	3383	3.36863	1.16504
XM_011427234.3	2623	2524	0	0
XM_011427235.3	2227	2128	0	0
XM_011427238.3	2185	2086	77.3839	43.4037
XM_011427239.3	1485	1386	0	0
XM_011427240.3	1660	1561	0	0
XM_011427246.3	1728	1629	2	1.43648
XM_011427253.3	2243	2144	2	1.09143
XM_011427256.3	4257	4158	4.50212	1.26684
XM_011427257.3	4254	4155	10.4979	2.95612
XM_011427259.3	3359	3260	15	5.3835
XM_011427260.3	1914	1815	14.5709	9.3929
XM_011427261.3	1899	1800	16.4289	10.6789
XM_011427262.3	971	872	0	0
XM_011427263.3	798	699	0	0
XM_011427266.3	3675	3576	15.3794	5.0319
XM_011427279.3	1119	1020	2	2.29414
XM_011427286.3	465	366	9.73648	31.1252
XM_011427287.3	2216	2117	0	0
XM_011427288.3	2354	2255	0	0
XM_011427289.3	2002	1903	6.90771e-06	4.24704e-06
XM_011427290.3	2199	2100	0	0
XM_011427291.3	2203	2104	0	0
XM_011427302.3	3031	2932	0	0
XM_011427308.3	1612	1513	0	0
XM_011427309.3	1322	1223	12	11.4801
XM_011427310.3	2984	2885	0	0
XM_011427312.3	7251	7152	0	0
XM_011427313.3	7146	7047	0	0
XM_011427314.3	3644	3545	0	0
XM_011427315.3	3918	3819	0	0
XM_011427316.3	3583	3484	0	0
XM_011427317.3	6887	6788	11.8052	2.03481
XM_011427318.3	1647	1548	2	1.51165
XM_011427319.3	2936	2837	0	0
XM_011427344.3	3426	3327	0	0
XM_011427347.3	848	749	0	0
XM_011427350.3	2561	2462	16.1665	7.68277
XM_011427351.3	2301	2202	9.81681	5.21608
XM_011427352.3	2313	2214	0.0167239	0.00883791
XM_011427353.3	3443	3344	0	0
XM_011427364.3	5854	5755	24.1347	4.90668
XM_011427367.3	4234	4135	8.51387	2.40903
XM_011427371.3	3404	3305	20.7467	7.34461
XM_011427373.3	616	517	1	2.26308
XM_011427378.3	736	637	0	0
XM_011427382.3	1106	1007	0	0
XM_011427384.3	3464	3365	39	13.5603
XM_011427385.3	1902	1803	0	0
XM_011427386.3	3365	3266	0	0
XM_011427387.3	1908	1809	0	0
XM_011427396.3	4618	4519	0.0618837	0.0160223
XM_011427397.3	4579	4480	0	0
XM_011427398.3	2040	1941	4.66587	2.81253
XM_011427399.3	5131	5032	0	0
XM_011427400.3	4561	4462	28.0881	7.36519
XM_011427401.3	4562	4463	0	0
XM_011427402.3	889	790	0	0
XM_011427403.3	895	796	0	0
XM_011427405.3	2047	1948	0	0
XM_011427406.3	1624	1525	8.33413	6.39413
XM_011427407.3	2046	1947	0	0
XM_011427408.3	2001	1902	72	44.2907
XM_011427409.3	6967	6868	14	2.385
XM_011427411.3	3481	3382	2	0.691906
XM_011427412.3	1247	1148	5	5.09588
XM_011427414.3	1479	1380	1.00904	0.855503
XM_011427415.3	1529	1430	3	2.45457
XM_011427417.3	2693	2594	14	6.31464
XM_011427419.3	489	390	27	81.0009
XM_011427421.3	3306	3207	0	0
XM_011427422.3	3108	3009	17	6.61025
XM_011427428.3	1517	1418	6	4.95069
XM_011427429.3	2224	2125	7.99997	4.40474
XM_011427432.3	2832	2733	1	0.428106
XM_011427434.3	2864	2765	0	0
XM_011427436.3	2695	2596	0	0
XM_011427439.3	3351	3252	20.8637	7.50639
XM_011427440.3	1937	1838	5	3.18284
XM_011427444.3	1632	1533	0	0
XM_011427452.3	1572	1473	44.063	34.9995
XM_011427455.3	1751	1652	6.37838	4.51743
XM_011427456.3	1064	965	1	1.21245
XM_011427458.3	1183	1084	0	0
XM_011427459.2	1698	1599	0	0
XM_011427460.3	1952	1853	0	0
XM_011427462.3	1226	1127	33	34.2595
XM_011427464.3	4977	4878	24.5277	5.88308
XM_011427465.3	4974	4875	50.4723	12.1135
XM_011427467.3	8194	8095	155	22.403
XM_011427469.3	2516	2417	0	0
XM_011427470.2	914	815	8	11.4848
XM_011427472.3	2629	2530	17	7.86175
XM_011427473.3	1186	1087	1	1.07637
XM_011427474.3	1794	1695	0.000296288	0.000204519
XM_011427475.3	1779	1680	9.9997	6.96416
XM_011427476.3	4142	4043	14	4.05149
XM_011427477.2	1883	1784	0	0
XM_011427478.3	2068	1969	0	0
XM_011427481.3	2019	1920	47	28.641
XM_011427483.3	6258	6159	0	0
XM_011427487.3	2453	2354	0	0
XM_011427489.3	6249	6150	0	0
XM_011427491.3	1994	1895	8	4.93937
XM_011427493.3	1672	1573	0.000139527	0.000103782
XM_011427494.3	1728	1629	3	2.15472
XM_011427495.3	1662	1563	0	0
XM_011427496.3	6136	6037	0	0
XM_011427498.3	2780	2681	0	0
XM_011427504.3	4148	4049	0	0
XM_011427505.3	5421	5322	35	7.69456
XM_011427509.3	1892	1793	5.62474e-07	3.67039e-07
XM_011427510.3	1867	1768	8	5.29418
XM_011427513.3	3608	3509	23	7.66894
XM_011427516.3	2956	2857	14.9995	6.14265
XM_011427521.3	1957	1858	0	0
XM_011427522.3	998	899	7	9.11023
XM_011427530.3	1814	1715	0	0
XM_011427531.2	1878	1779	0	0
XM_011427541.3	5248	5149	0	0
XM_011427542.3	4526	4427	19	5.02152
XM_011427545.3	910	811	0	0
XM_011427550.3	4604	4505	0	0
XM_011427551.3	4585	4486	0	0
XM_011427554.3	802	703	0	0
XM_011427555.3	4547	4448	0	0
XM_011427567.3	2553	2454	0	0
XM_011427568.3	2504	2405	11	5.35141
XM_011427569.3	2193	2094	47	26.261
XM_011427587.2	3113	3014	1	0.388193
XM_011427589.3	1701	1602	0	0
XM_011427591.3	1416	1317	0.557754	0.495504
XM_011427593.3	3229	3130	12.5646	4.69671
XM_011427594.3	8562	8463	14	1.93551
XM_011427595.3	3717	3618	10	3.23387
XM_011427599.3	1205	1106	0	0
XM_011427600.3	6552	6453	23	4.1702
XM_011427601.3	1022	923	0.00666127	0.00844396
XM_011427606.3	984	885	0	0
XM_011427608.3	3009	2910	0	0
XM_011427609.3	3000	2901	0	0
XM_011427610.3	2985	2886	0	0
XM_011427611.3	2979	2880	0	0
XM_011427612.3	2976	2877	0.000144806	5.88894e-05
XM_011427613.3	2952	2853	2.68081	1.0994
XM_011427614.3	2856	2757	0	0
XM_011427615.3	2302	2203	5.31904	2.82494
XM_011427621.3	3205	3106	80	30.1356
XM_011427622.3	1530	1431	0	0
XM_011427636.3	1697	1598	0	0
XM_011427637.3	1661	1562	0	0
XM_011427638.3	10114	10015	17.5064	2.0452
XM_011427639.3	10111	10012	24.8782	2.90729
XM_011427640.3	10108	10009	35.3579	4.13321
XM_011427641.3	10105	10006	50.2575	5.87666
XM_011427642.3	862	763	0	0
XM_011427643.3	516	417	0	0
XM_011427644.2	972	873	0	0
XM_011427647.3	3363	3264	47	16.8476
XM_011427648.3	942	843	16	22.2067
XM_011427657.3	2684	2585	0	0
XM_011427658.3	2657	2558	0	0
XM_011427660.3	2981	2882	0	0
XM_011427661.3	1876	1777	0	0
XM_011427662.3	1756	1657	0	0
XM_011427663.3	2447	2348	3	1.49491
XM_011427665.3	2477	2378	0	0
XM_011427666.3	2408	2309	0	0
XM_011427667.3	1755	1656	0	0
XM_011427668.3	2406	2307	53.0166	26.8878
XM_011427669.3	2337	2238	0	0
XM_011427670.3	2536	2437	0.000334422	0.000160557
XM_011427676.3	2061	1962	0	0
XM_011427680.3	1060	961	6	7.30497
XM_011427681.3	5238	5139	0	0
XM_011427682.3	5167	5068	0	0
XM_011427683.3	5086	4987	0.0857413	0.020116
XM_011427685.3	5065	4966	12.103	2.85152
XM_011427686.3	5217	5118	0	0
XM_011427687.3	5207	5108	0	0
XM_011427688.3	5177	5078	0	0
XM_011427689.3	5128	5029	4.57942e-06	1.06542e-06
XM_011427690.3	5123	5024	0	0
XM_011427691.3	5102	5003	0	0
XM_011427692.3	5011	4912	34.4879	8.21485
XM_011427693.3	4991	4892	7.8271e-07	1.872e-07
XM_011427694.3	4873	4774	11.6053	2.84422
XM_011427696.3	3269	3170	0	0
XM_011427698.3	5942	5843	0.0060633	0.00121413
XM_011427699.3	6188	6089	0	0
XM_011427700.3	6169	6070	1.30288e-08	2.51136e-09
XM_011427701.3	6053	5954	88	17.2928
XM_011427705.3	5492	5393	19	4.12206
XM_011427706.3	1423	1324	0	0
XM_011427707.3	1355	1256	3	2.79462
XM_011427708.3	1672	1573	28	20.8267
XM_011427713.3	1704	1605	0	0
XM_011427720.3	1470	1371	0	0
XM_011427722.3	1385	1286	0	0
XM_011427723.3	1315	1216	4.99772	4.80872
XM_011427724.3	4920	4821	47.9154	11.6286
XM_011427725.3	4115	4016	20.0058	5.82845
XM_011427726.2	4253	4154	0	0
XM_011427727.3	4134	4035	0.0788314	0.0228584
XM_011427731.3	2252	2153	27	14.6727
XM_011427732.3	2317	2218	0	0
XM_011427734.3	2308	2209	0	0
XM_011427735.3	2279	2180	2.8608e-06	1.5354e-06
XM_011427736.3	2545	2446	0	0
XM_011427737.3	2321	2222	0	0
XM_011427738.3	2250	2151	19	10.3348
XM_011427739.3	2647	2548	9	4.1327
XM_011427740.3	5088	4989	25.8854	6.0706
XM_011427741.3	2658	2559	18.3679	8.3981
XM_011427742.3	3380	3281	0	0
XM_011427743.3	2425	2326	15	7.54523
XM_011427744.3	2887	2788	75	31.4745
XM_011427750.3	11233	11134	0	0
XM_011427751.3	11287	11188	0	0
XM_011427752.3	11580	11481	13.9332	1.41991
XM_011427753.3	11201	11102	0	0
XM_011427754.3	11192	11093	0	0
XM_011427756.3	11113	11014	1.31521e-05	1.39714e-06
XM_011427757.3	11087	10988	0.000210372	2.24006e-05
XM_011427758.3	10999	10900	0	0
XM_011427759.3	11002	10903	1.90148	0.20405
XM_011427760.3	13893	13794	1.77217	0.150317
XM_011427761.3	13893	13794	1.77217	0.150317
XM_011427764.3	4222	4123	82	23.2697
XM_011427765.3	4155	4056	0	0
XM_011427766.3	4113	4014	0	0
XM_011427767.3	4105	4006	0	0
XM_011427781.3	1160	1061	0	0
XM_011427782.3	11473	11374	2.7417	0.282032
XM_011427783.3	6240	6141	7	1.33367
XM_011427784.3	2277	2178	0	0
XM_011427785.3	2023	1924	22	13.3785
XM_011427786.3	3255	3156	0	0
XM_011427807.3	8642	8543	0	0
XM_011427809.3	1287	1188	1	0.98486
XM_011427810.3	3269	3170	81	29.8962
XM_011427814.2	3495	3396	308.947	106.441
XM_011427825.3	2302	2203	0	0
XM_011427826.3	3239	3140	59.481	22.1636
XM_011427827.3	1066	967	0	0
XM_011427828.3	747	648	6	10.8335
XM_011427829.3	3952	3853	64	19.4344
XM_011427830.3	1990	1891	3	1.85618
XM_011427832.3	1896	1797	0	0
XM_011427833.3	2064	1965	0	0
XM_011427834.3	1609	1510	1	0.774843
XM_011427835.3	1672	1573	0	0
XM_011427836.3	1178	1079	0	0
XM_011427837.3	3496	3397	2.16723e-05	7.4645e-06
XM_011427838.3	1408	1309	49	43.7973
XM_011427839.3	3482	3383	0.00275257	0.000951979
XM_011427840.3	3476	3377	0.0220825	0.00765081
XM_011427841.3	3472	3373	0.0886775	0.0307601
XM_011427842.3	3462	3363	2.88647	1.00422
XM_011427844.3	2969	2870	0	0
XM_011427845.3	2939	2840	0.000140914	5.80533e-05
XM_011427846.3	2960	2861	1.25258e-05	5.12245e-06
XM_011427847.3	2979	2880	12.2327	4.9696
XM_011427848.3	2970	2871	24.8643	10.1329
XM_011427863.3	1407	1308	6	5.36703
XM_011427864.2	1323	1224	0	0
XM_011427865.2	1248	1149	0	0
XM_011427866.3	1060	961	2	2.43499
XM_011427867.3	1941	1842	0	0
XM_011427869.3	833	734	12	19.1283
XM_011427874.3	1097	998	0	0
XM_011427885.3	1948	1849	0	0
XM_011427887.3	8639	8540	0	0
XM_011427890.3	5373	5274	0	0
XM_011427891.3	5364	5265	0	0
XM_011427892.3	5358	5259	0	0
XM_011427893.3	5343	5244	0	0
XM_011427894.3	5334	5235	0	0
XM_011427895.3	5310	5211	0	0
XM_011427896.3	5286	5187	0	0
XM_011427897.3	5280	5181	0	0
XM_011427898.3	5073	4974	0	0
XM_011427899.3	4121	4022	0	0
XM_011427900.3	4908	4809	0	0
XM_011427901.3	4695	4596	0	0
XM_011427902.3	4701	4602	0	0
XM_011427903.3	4660	4561	0	0
XM_011427904.3	4608	4509	16.154	4.1917
XM_011427905.3	1829	1730	46.4649	31.4246
XM_011427906.3	1828	1729	23.5351	15.9262
XM_011427907.3	1323	1224	4	3.82357
XM_011427910.3	1255	1156	37	37.4485
XM_011427911.3	1056	957	22	26.8969
XM_011427913.3	1013	914	11	14.0811
XM_011427914.3	1307	1208	0	0
XM_011427915.3	1282	1183	125	123.628
XM_011427916.3	3222	3123	0	0
XM_011427917.3	3186	3087	0	0
XM_011427918.3	3257	3158	0	0
XM_011427925.3	2415	2316	0	0
XM_011427926.3	871	772	2	3.03112
XM_011427930.3	3166	3067	0	0
XM_011427934.3	848	749	0	0
XM_011427936.3	1793	1694	4	2.76272
XM_011427937.3	1728	1629	0	0
XM_011427938.3	2972	2873	13.3701	5.44491
XM_011427939.3	1705	1606	4	2.91411
XM_011427940.3	1929	1830	0.426988	0.272995
XM_011427943.3	1096	997	117	137.303
XM_011427944.3	1383	1284	0	0
XM_011427946.3	4373	4274	2	0.547503
XM_011427947.3	4625	4526	0	0
XM_011427950.3	565	466	8	20.0861
XM_011427954.3	1951	1852	0	0
XM_011427955.3	3980	3881	0	0
XM_011427958.3	1710	1611	3	2.17879
XM_011427959.3	4430	4331	10.9998	2.97157
XM_011427964.3	868	769	22	33.4724
XM_011427965.3	3813	3714	45	14.1763
XM_011427967.3	8633	8534	7.10231	0.973728
XM_011427973.3	767	668	7	12.2606
XM_011427974.3	2045	1946	4	2.40496
XM_011427975.3	1978	1879	0	0
XM_011427976.3	1795	1696	0	0
XM_011427977.3	1764	1665	0	0
XM_011427978.3	2722	2623	0	0
XM_011427979.3	1402	1303	0	0
XM_011427987.3	1555	1456	0	0
XM_011427991.3	780	681	0	0
XM_011427993.3	2248	2149	66	35.9334
XM_011427995.3	2439	2340	1.12017	0.560092
XM_011427996.2	3533	3434	16	5.45143
XM_011428000.3	2109	2010	1	0.582096
XM_011428001.3	2470	2371	109	53.788
XM_011428003.3	3096	2997	0	0
XM_011428004.3	2196	2097	20	11.1589
XM_011428005.3	1178	1079	3	3.25305
XM_011428006.3	952	853	0	0
XM_011428009.3	1348	1249	0	0
XM_011428010.3	1289	1190	6	5.89923
XM_011428011.3	1404	1305	0	0
XM_011428016.3	1397	1298	3	2.70419
XM_011428050.3	8633	8534	0	0
XM_011428059.3	5714	5615	0.000428498	8.92872e-05
XM_011428061.3	5708	5609	0.00150175	0.000313258
XM_011428062.3	5666	5567	10.128	2.1286
XM_011428067.3	6425	6326	46.1269	8.53131
XM_011428068.3	1900	1801	0.273883	0.177927
XM_011428069.3	1894	1795	13.7261	8.94693
XM_011428070.3	2575	2476	7	3.30779
XM_011428071.3	1241	1142	0	0
XM_011428073.3	406	307	0	0
XM_011428074.3	428	329	0	0
XM_011428079.3	2042	1943	0	0
XM_011428083.3	1655	1556	0	0
XM_011428084.3	2331	2232	5	2.621
XM_011428088.3	3591	3492	18	6.031
XM_011428089.3	955	856	1	1.36684
XM_011428092.3	2202	2103	30	16.6906
XM_011428093.3	2719	2620	19	8.48483
XM_011428096.3	2985	2886	30.1769	12.234
XM_011428101.3	829	730	22	35.2607
XM_011428102.3	2046	1947	0	0
XM_011428104.3	4184	4085	25	7.16042
XM_011428106.3	1627	1528	3	2.29715
XM_011428107.3	1627	1528	3	2.29715
XM_011428108.3	1313	1214	19	18.3116
XM_011428124.3	1857	1758	0	0
XM_011428125.3	8627	8528	0	0
XM_011428133.3	3540	3441	2.01014	0.683491
XM_011428138.3	2352	2253	25.0939	13.0316
XM_011428141.3	2706	2607	2	0.897594
XM_011428145.3	2369	2270	14	7.21594
XM_011428146.3	1948	1849	4	2.53113
XM_011428148.3	1318	1219	2	1.91963
XM_011428150.3	3990	3891	0	0
XM_011428151.3	3026	2927	4	1.59893
XM_011428152.3	3945	3846	0	0
XM_011428154.3	3326	3227	0	0
XM_011428159.3	1884	1785	5	3.27735
XM_011428160.3	1367	1268	0	0
XM_011428162.3	2367	2268	0	0
XM_011428163.3	1872	1773	33	21.7769
XM_011428165.3	1788	1689	2	1.38545
XM_011428166.3	5660	5561	0.00078173	0.000164473
XM_011428167.3	2142	2043	0	0
XM_011428168.3	2013	1914	6	3.66775
XM_011428169.3	2376	2277	8.99999	4.62456
XM_011428170.3	2404	2305	5.34659e-06	2.71392e-06
XM_011428172.3	2348	2249	0	0
XM_011428173.3	2339	2240	0	0
XM_011428174.3	2338	2239	0	0
XM_011428175.3	2327	2228	0	0
XM_011428176.3	2186	2087	0	0
XM_011428180.3	1555	1456	0	0
XM_011428181.3	1401	1302	8	7.18902
XM_011428182.3	1328	1229	0	0
XM_011428191.3	2748	2649	0	0
XM_011428192.3	2774	2675	0	0
XM_011428194.3	2703	2604	0	0
XM_011428195.3	2680	2581	1.24995	0.566626
XM_011428196.3	4574	4475	4.75767	1.24392
XM_011428198.3	2759	2660	0	0
XM_011428202.3	8627	8528	4.95342e-08	6.79593e-09
XM_011428203.3	737	638	0	0
XM_011428204.3	2820	2721	16.4939	7.09226
XM_011428205.3	1043	944	2	2.47884
XM_011428206.3	1825	1726	61	41.3504
XM_011428207.3	1414	1315	2	1.77949
XM_011428208.3	1224	1125	0	0
XM_011428209.3	1361	1262	0	0
XM_011428217.3	1447	1348	2.79364	2.42477
XM_011428219.3	9411	9312	2	0.251292
XM_011428220.3	1354	1255	1	0.932282
XM_011428221.3	2052	1953	10	5.99085
XM_011428223.3	3113	3014	0	0
XM_011428224.3	1991	1892	0	0
XM_011428225.3	2090	1991	0	0
XM_011428227.3	1771	1672	4	2.79908
XM_011428229.3	1397	1298	5	4.50699
XM_011428232.2	789	690	15	25.4351
XM_011428248.3	4910	4811	35.5155	8.63722
XM_011428250.3	1021	922	0	0
XM_011428251.3	821	722	1	1.62052
XM_011428252.3	1768	1669	8.36278e-08	5.86253e-08
XM_011428253.3	1844	1745	0	0
XM_011428254.3	896	797	7	10.2762
XM_011428255.3	4552	4453	0.743758	0.19542
XM_011428259.3	2187	2088	14.4845	8.11638
XM_011428262.3	1274	1175	0	0
XM_011428263.3	4179	4080	0.050793	0.0145658
XM_011428264.3	4163	4064	5.09901	1.46799
XM_011428265.3	4157	4058	28.8502	8.31817
XM_011428270.3	2442	2343	6	2.99619
XM_011428271.3	2359	2260	11.2104	5.80367
XM_011428278.3	8612	8513	64.8977	8.91944
XM_011428281.2	1188	1089	23	24.711
XM_011428283.3	1945	1846	4	2.53524
XM_011428286.3	2160	2061	8	4.54154
XM_011428288.3	3572	3473	0	0
XM_011428289.3	3584	3485	0	0
XM_011428290.3	3406	3307	0	0
XM_011428291.3	3503	3404	0	0
XM_011428292.3	3437	3338	0	0
XM_011428293.3	3428	3329	7.52174e-08	2.6436e-08
XM_011428295.3	3145	3046	6	2.30469
XM_011428296.3	2542	2443	2	0.95785
XM_011428299.3	871	772	2.19309	3.32377
XM_011428300.3	1481	1382	0	0
XM_011428301.3	2107	2008	7.04082	4.10252
XM_011428302.3	873	774	6	9.06987
XM_011428305.3	1872	1773	12.5729	8.29694
XM_011428307.3	2743	2644	36.4271	16.1196
XM_011428313.3	2549	2450	1.07152	0.511711
XM_011428314.3	1079	980	0	0
XM_011428315.3	1184	1085	0	0
XM_011428318.3	2760	2661	7	3.07783
XM_011428320.3	2841	2742	0	0
XM_011428325.3	4072	3973	6.92803	2.04025
XM_011428326.3	4081	3982	0.487432	0.14322
XM_011428327.3	4077	3978	1.58453	0.466045
XM_011428328.3	4143	4044	0	0
XM_011428329.3	4092	3993	0	0
XM_011428330.3	3933	3834	0	0
XM_011428332.3	3882	3783	6.63954e-07	2.05349e-07
XM_011428333.3	1928	1829	44	28.1469
XM_011428334.3	1315	1216	1	0.962182
XM_011428337.3	1544	1445	1	0.809698
XM_011428340.3	1402	1303	0	0
XM_011428341.3	490	391	0	0
XM_011428342.3	1600	1501	0	0
XM_011428343.3	971	872	4	5.36703
XM_011428344.3	609	510	0	0
XM_011428345.3	458	359	0	0
XM_011428351.3	8495	8396	0	0
XM_011428360.3	949	850	12	16.5178
XM_011428361.3	2054	1955	1	0.598472
XM_011428362.3	5445	5346	8.89237	1.94616
XM_011428363.3	5605	5506	0	0
XM_011428364.3	5777	5678	0	0
XM_011428365.3	2316	2217	26	13.7214
XM_011428366.3	5588	5489	0	0
XM_011428367.3	5433	5334	124.108	27.223
XM_011428369.3	3670	3571	21	6.8805
XM_011428370.3	1547	1448	0	0
XM_011428371.3	1529	1430	0	0
XM_011428372.3	1529	1430	0	0
XM_011428373.3	1523	1424	0	0
XM_011428374.3	1505	1406	0	0
XM_011428375.3	1427	1328	1.78328e-08	1.57113e-08
XM_011428376.3	1732	1633	1	0.716481
XM_011428377.3	2745	2646	11	4.864
XM_011428378.3	3488	3389	9	3.10715
XM_011428379.3	3255	3156	0	0
XM_011428380.3	3850	3751	71	22.1463
XM_011428388.3	897	798	0	0
XM_011428389.3	860	761	1	1.53747
XM_011428390.3	1250	1151	2	2.03304
XM_011428391.3	657	558	4.71711	9.89083
XM_011428399.3	1540	1441	13	10.5553
XM_011428400.3	1560	1461	13	10.4108
XM_011428402.3	2926	2827	0	0
XM_011428403.3	2742	2643	14.1631	6.26979
XM_011428406.3	2281	2182	1	0.536211
XM_011428407.3	3973	3874	3	0.906051
XM_011428408.3	1442	1343	3.33432	2.90484
XM_011428409.3	2570	2471	0	0
XM_011428410.3	1758	1659	9	6.34727
XM_011428413.3	2561	2462	9	4.27706
XM_011428418.3	1836	1737	0	0
XM_011428422.3	8497	8398	0	0
XM_011428427.3	2217	2118	0	0
XM_011428428.3	2058	1959	6.81148	4.06816
XM_011428429.3	1615	1516	7.4292	5.73368
XM_011428433.3	648	549	14	29.8364
XM_011428434.3	949	850	0	0
XM_011428435.3	2278	2179	0	0
XM_011428436.3	1994	1895	20	12.3484
XM_011428437.3	5353	5254	1.15078	0.256267
XM_011428442.3	4619	4520	60	15.5312
XM_011428443.3	2105	2006	0	0
XM_011428452.3	3609	3510	5	1.66669
XM_011428454.3	8020	7921	0	0
XM_011428456.3	7984	7885	0	0
XM_011428457.3	7972	7873	0	0
XM_011428458.3	7972	7873	0	0
XM_011428459.3	7957	7858	0	0
XM_011428460.3	7945	7846	0	0
XM_011428461.3	7936	7837	1.49174e-06	2.22707e-07
XM_011428462.3	7935	7836	0	0
XM_011428463.3	7927	7828	0	0
XM_011428464.3	7923	7824	0	0
XM_011428465.3	1146	1047	0	0
XM_011428466.3	7905	7806	0	0
XM_011428467.3	7880	7781	38.044	5.7206
XM_011428468.3	7808	7709	1.24109e-08	1.88363e-09
XM_011428469.2	7647	7548	3.91234e-05	6.0645e-06
XM_011428473.3	2133	2034	1	0.575228
XM_011428476.3	3638	3539	0	0
XM_011428477.3	584	485	0	0
XM_011428478.3	614	515	0	0
XM_011428481.3	2145	2046	5	2.85927
XM_011428487.3	2173	2074	0	0
XM_011428488.3	4397	4298	0	0
XM_011428489.3	1146	1047	26	29.0548
XM_011428490.3	5631	5532	12.4662	2.63659
XM_011428491.3	5627	5528	29.1217	6.16366
XM_011428493.3	4129	4030	10	2.90326
XM_011428494.3	2383	2284	0	0
XM_011428496.3	2791	2692	4.28939e-05	1.86428e-05
XM_011428497.3	2759	2660	53	23.3123
XM_011428500.3	1841	1742	0	0
XM_011428501.3	8475	8376	0	0
XM_011428503.3	4269	4170	0	0
XM_011428506.3	2292	2193	78.8333	42.0593
XM_011428507.3	3268	3169	16	5.90729
XM_011428508.3	3789	3690	6.53758	2.07292
XM_011428511.3	11449	11350	3.67055e-07	3.78378e-08
XM_011428512.3	11446	11347	5.00495e-07	5.16071e-08
XM_011428513.3	11437	11338	1.26946e-06	1.31e-07
XM_011428514.3	11437	11338	1.26946e-06	1.31e-07
XM_011428515.3	11434	11335	1.73152e-06	1.7873e-07
XM_011428516.3	11428	11329	3.22223e-06	3.32779e-07
XM_011428517.3	11422	11323	5.99831e-06	6.19809e-07
XM_011428518.3	11323	11224	0.178515	0.0186087
XM_011428519.3	11308	11209	0.856918	0.0894465
XM_011428520.3	3296	3197	0	0
XM_011428521.3	11287	11188	7.73115	0.808504
XM_011428522.3	8382	8283	0	0
XM_011428523.3	8230	8131	0	0
XM_011428525.3	1102	1003	0	0
XM_011428529.3	3841	3742	0	0
XM_011428535.3	1135	1036	0	0
XM_011428536.3	3411	3312	0	0
XM_011428540.3	871	772	0	0
XM_011428541.3	5758	5659	17	3.5148
XM_011428542.3	1372	1273	0	0
XM_011428543.3	1378	1279	16.8655	15.4284
XM_011428544.3	3458	3359	4.01827	1.39965
XM_011428545.3	3817	3718	0	0
XM_011428546.3	1358	1259	5	4.6466
XM_011428549.3	1693	1594	62	45.5087
XM_011428550.3	1086	987	0	0
XM_011428552.3	2221	2122	19.792	10.9128
XM_011428555.3	959	860	0.048955	0.0666023
XM_011428558.3	1159	1060	107	118.105
XM_011428560.3	3846	3747	1.68122	0.524968
XM_011428565.3	2379	2280	5.19995	2.66842
XM_011428566.3	1270	1171	0	0
XM_011428573.3	4030	3931	3.57145	1.063
XM_011428574.3	2004	1905	0	0
XM_011428575.3	4024	3925	21.4285	6.38769
XM_011428593.3	8032	7933	0.0142004	0.00209437
XM_011428595.3	3197	3098	49.2819	18.6122
XM_011428596.3	4286	4187	100	27.944
XM_011428597.3	2181	2082	0	0
XM_011428600.3	540	441	0	0
XM_011428604.3	1725	1626	1	0.719565
XM_011428605.3	2107	2008	0	0
XM_011428606.3	1711	1612	6	4.35489
XM_011428607.3	2631	2532	0	0
XM_011428608.3	2761	2662	0.853368	0.375076
XM_011428611.3	1450	1351	9	7.79432
XM_011428612.3	1007	908	5	6.44281
XM_011428613.3	3318	3219	2	0.726942
XM_011428614.3	2114	2015	23	13.355
XM_011428617.3	1764	1665	14	9.83795
XM_011428618.3	1486	1387	0	0
XM_011428619.3	3083	2984	4	1.56838
XM_011428625.3	7393	7294	1.05892e-06	1.69858e-07
XM_011428626.3	7401	7302	64	10.2548
XM_011428641.3	2545	2446	0	0
XM_011428642.3	819	720	10	16.2502
XM_011428643.3	1553	1454	5	4.02343
XM_011428646.3	3211	3112	1	0.375968
XM_011428647.3	1013	914	6	7.68061
XM_011428648.3	6799	6700	27	4.71498
XM_011428649.3	6709	6610	0	0
XM_011428660.3	2003	1904	6	3.68702
XM_011428661.3	1912	1813	7	4.51743
XM_011428662.3	2212	2113	5	2.76861
XM_011428663.3	2786	2687	0	0
XM_011428664.3	2666	2567	0.404703	0.18446
XM_011428668.3	5618	5519	0.000439284	9.3127e-05
XM_011428669.3	5555	5456	310	66.4779
XM_011428679.3	615	516	0	0
XM_011428680.3	1848	1749	0	0
XM_011428689.3	1016	917	16	20.4146
XM_011428690.3	6169	6070	0.000221333	4.26628e-05
XM_011428691.3	6195	6096	0	0
XM_011428692.3	6650	6551	10.5162	1.87821
XM_011428694.3	6163	6064	4.54271	0.87649
XM_011428695.3	6151	6052	0.00721023	0.00139393
XM_011428700.3	3147	3048	25	9.59657
XM_011428704.2	2333	2234	9	4.71357
XM_011428705.3	1218	1119	20	20.9118
XM_011428706.3	1026	927	58	73.2047
XM_011428707.3	1097	998	2	2.34472
XM_011428708.3	886	787	42	62.4404
XM_011428709.3	920	821	0	0
XM_011428711.3	618	519	5	11.2718
XM_011428716.3	838	739	0	0
XM_011428720.3	814	715	0	0
XM_011428722.3	1586	1487	61	47.9965
XM_011428723.3	2643	2544	2.99997	1.37972
XM_011428724.3	1133	1034	33	37.3409
XM_011428727.3	1893	1794	0	0
XM_011428728.3	1538	1439	3	2.43922
XM_011428731.3	1533	1434	0	0
XM_011428733.3	2199	2100	0	0
XM_011428734.3	1657	1558	5	3.75486
XM_011428736.3	2332	2233	0	0
XM_011428741.3	959	860	0	0
XM_011428742.3	6411	6312	18	3.33654
XM_011428747.3	2117	2018	0	0
XM_011428748.3	1736	1637	0	0
XM_011428749.3	2070	1971	3.85697e-06	2.28955e-06
XM_011428754.3	4126	4027	4	1.16217
XM_011428755.3	4108	4009	14	4.08585
XM_011428756.3	1737	1638	0	0
XM_011428757.3	2196	2097	4	2.23179
XM_011428758.3	1583	1484	15	11.8263
XM_011428759.3	1420	1321	15	13.2855
XM_011428760.3	1714	1615	0	0
XM_011428762.3	2030	1931	0	0
XM_011428763.3	1866	1767	22	14.5672
XM_011428765.3	1744	1645	0	0
XM_011428766.3	2711	2612	0	0
XM_011428769.3	2146	2047	12	6.8589
XM_011428771.3	3912	3813	38	11.6602
XM_011428772.3	2630	2531	0	0
XM_011428773.3	2561	2462	0	0
XM_011428775.3	2561	2462	0	0
XM_011428777.3	2432	2333	0	0
XM_011428780.3	1849	1750	8.32882	5.56847
XM_011428782.3	1877	1778	1	0.65805
XM_011428784.3	2463	2364	10	4.9493
XM_011428803.3	1196	1097	2	2.13311
XM_011428807.3	2030	1931	3	1.81773
XM_011428810.3	1412	1313	0	0
XM_011428812.3	1873	1774	20.8816	13.7721
XM_011428813.3	1377	1278	8	7.32403
XM_011428814.3	1861	1762	53	35.1934
XM_011428815.3	1899	1800	4	2.60003
XM_011428819.3	2330	2231	0	0
XM_011428826.3	5652	5553	12	2.52839
XM_011428827.3	938	839	1	1.39453
XM_011428828.3	1674	1575	8	5.94293
XM_011428834.3	4149	4050	34	9.82233
XM_011428835.3	4134	4035	0	0
XM_011428841.3	1228	1129	11	11.3996
XM_011428843.3	3787	3688	0	0
XM_011428844.3	3778	3679	0	0
XM_011428845.3	2637	2538	0	0
XM_011428846.3	3652	3553	0	0
XM_011428847.3	3644	3545	0	0
XM_011428848.3	2566	2467	0	0
XM_011428849.3	2525	2426	0	0
XM_011428850.3	2461	2362	0	0
XM_011428854.3	1618	1519	7	5.39177
XM_011428860.3	2710	2611	0	0
XM_011428861.3	2847	2748	0	0
XM_011428862.3	1801	1702	5	3.43717
XM_011428882.3	5572	5473	2	0.427558
XM_011428883.3	1623	1524	9	6.90953
XM_011428886.3	1907	1808	0	0
XM_011428894.3	5860	5761	10.8356	2.20062
XM_011428895.3	5857	5758	19.9619	4.05622
XM_011428900.3	5412	5313	57	12.5524
XM_011428903.3	2975	2876	16	6.50911
XM_011428907.3	1485	1386	0	0
XM_011428910.3	501	402	0	0
XM_011428923.3	2373	2274	32.3477	16.6434
XM_011428924.2	614	515	0	0
XM_011428927.3	2176	2077	0	0
XM_011428944.3	752	653	0	0
XM_011428951.3	885	786	0	0
XM_011428955.3	595	496	1	2.3589
XM_011428956.3	1700	1601	0	0
XM_011428958.3	2677	2578	27	12.2538
XM_011428969.3	1919	1820	0	0
XM_011428970.3	2122	2023	0	0
XM_011428971.3	2420	2321	0	0
XM_011428973.3	940	841	0	0
XM_011428974.3	905	806	0	0
XM_011428976.3	596	497	0	0
XM_011428978.3	1993	1894	38	23.4744
XM_011428979.3	1514	1415	1	0.826865
XM_011428991.3	869	770	2	3.039
XM_011428996.3	3138	3039	0	0
XM_011428998.3	5012	4913	8.2042	1.9538
XM_011429000.3	5009	4910	16.7958	4.0023
XM_011429001.3	2763	2664	0	0
XM_011429004.3	3167	3068	40	15.2544
XM_011429010.3	737	638	0.000119881	0.000219847
XM_011429011.3	751	652	0	0
XM_011429012.3	759	660	0	0
XM_011429014.3	1831	1732	9	6.07975
XM_011429018.3	2012	1913	10.3527	6.33181
XM_011429019.3	1249	1150	2	2.03481
XM_011429030.3	1953	1854	0	0
XM_011429036.3	1970	1871	0	0
XM_011429038.3	1015	916	1	1.27731
XM_011429040.3	1088	989	13	15.3793
XM_011429051.3	695	596	0	0
XM_011429054.3	1492	1393	5	4.19962
XM_011429062.3	6420	6321	25.9964	4.81191
XM_011429067.3	7877	7778	0.149887	0.022547
XM_011429068.3	7863	7764	0	0
XM_011429070.3	7839	7740	46.8501	7.08207
XM_011429071.3	1827	1728	4	2.70836
XM_011429074.3	1177	1078	13	14.1096
XM_011429075.3	5417	5318	0	0
XM_011429076.3	5380	5281	11	2.43707
XM_011429079.3	1385	1286	28	25.4746
XM_011429083.2	1629	1530	9	6.88243
XM_011429088.3	2318	2219	0.00350371	0.0018474
XM_011429089.3	2303	2204	9.9965	5.30673
XM_011429090.3	2209	2110	3	1.66353
XM_011429092.3	1900	1801	2	1.29929
XM_011429094.3	1899	1800	0.23566	0.153181
XM_011429095.3	1892	1793	22.7643	14.8548
XM_011429096.3	1116	1017	0	0
XM_011429097.3	3539	3440	0	0
XM_011429098.3	3689	3590	0	0
XM_011429099.3	3392	3293	0	0
XM_011429100.3	3192	3093	37	13.9963
XM_011429105.3	1166	1067	0	0
XM_011429106.3	1180	1081	0	0
XM_011429107.3	975	876	0	0
XM_011429109.3	2781	2682	2	0.872493
XM_011429117.3	1500	1401	6.07602	5.07425
XM_011429120.3	2750	2651	6.70573	2.95956
XM_011429121.3	3457	3358	1	0.348426
XM_011429128.3	3804	3705	697	220.108
XM_011429133.3	1372	1273	0	0
XM_011429135.3	712	613	0	0
XM_011429137.3	1752	1653	0	0
XM_011429138.3	1736	1637	0	0
XM_011429139.3	1960	1861	5	3.14351
XM_011429143.3	2464	2365	13	6.43136
XM_011429144.3	821	722	0	0
XM_011429146.3	1677	1578	0	0
XM_011429147.3	4009	3910	80.5568	24.1055
XM_011429148.3	1159	1060	0	0
XM_011429149.3	4272	4173	4.78412e-07	1.34136e-07
XM_011429150.2	2876	2777	3.60238e-06	1.51777e-06
XM_011429151.3	2843	2744	4.43138	1.8895
XM_011429152.3	2219	2120	4.5426e-05	2.50703e-05
XM_011429153.3	2197	2098	9.36348	5.22183
XM_011429155.3	2792	2693	0.00050028	0.000217354
XM_011429164.3	3662	3563	0	0
XM_011429165.3	2765	2666	67.9995	29.8426
XM_011429166.3	3633	3534	2.70452e-08	8.95395e-09
XM_011429167.3	3725	3626	0	0
XM_011429168.3	3611	3512	4.10498e-05	1.36756e-05
XM_011429169.3	3896	3797	32.1784	9.9155
XM_011429170.3	3683	3584	0	0
XM_011429172.3	3571	3472	28.1022	9.47004
XM_011429173.3	2474	2375	0	0
XM_011429174.3	2421	2322	1.56337e-05	7.87753e-06
XM_011429175.3	2513	2414	0	0
XM_011429176.3	2394	2295	14.2019	7.24024
XM_011429177.3	2512	2413	0	0
XM_011429178.3	2494	2395	0	0
XM_011429180.3	3419	3320	0.00967816	0.00341072
XM_011429181.3	4801	4702	0	0
XM_011429182.3	4669	4570	4	1.02408
XM_011429183.3	7930	7831	0	0
XM_011429184.3	7725	7626	3.71521	0.570003
XM_011429187.3	7839	7740	1.02561e-07	1.55036e-08
XM_011429189.3	3402	3303	3.99032	1.41348
XM_011429192.3	1146	1047	16	17.8799
XM_011429193.3	1186	1087	5.23685e-07	5.63679e-07
XM_011429194.3	1169	1070	56.1247	61.3708
XM_011429195.3	1168	1069	3.18919e-07	3.49055e-07
XM_011429196.3	1252	1153	44	44.6493
XM_011429197.3	3937	3838	18.6468	5.68448
XM_011429198.3	3950	3851	0.353181	0.107304
XM_011429200.3	3245	3146	13	4.83477
XM_011429201.3	949	850	5	6.88243
XM_011429202.3	724	625	0	0
XM_011429203.3	729	630	15	27.8575
XM_011429207.3	2519	2420	0	0
XM_011429210.3	2153	2054	0	0
XM_011429211.3	1236	1137	0	0
XM_011429215.3	3291	3192	0.00025118	9.20689e-05
XM_011429216.3	2548	2449	0.00592806	0.00283214
XM_011429222.3	1189	1090	0	0
XM_011429230.3	7170	7071	0	0
XM_011429231.3	1357	1258	64	59.5237
XM_011429232.3	1991	1892	2.51834	1.55734
XM_011429234.3	1864	1765	8.48166	5.62247
XM_011429237.3	2219	2120	12	6.62272
XM_011429238.3	1820	1721	0	0
XM_011429240.3	930	831	0	0
XM_011429242.3	985	886	3	3.96167
XM_011429245.3	1944	1845	0	0
XM_011429246.3	1901	1802	4	2.59714
XM_011429248.3	1995	1896	2.33088e-05	1.43837e-05
XM_011429250.3	1493	1394	0	0
XM_011429255.3	1974	1875	11	6.86406
XM_011429256.3	1335	1236	19	17.9856
XM_011429264.3	2258	2159	0	0
XM_011429267.3	2881	2782	23.927	10.0629
XM_011429269.3	2665	2566	5.83655e-05	2.66128e-05
XM_011429272.3	4398	4299	0	0
XM_011429273.3	4367	4268	0	0
XM_011429274.3	4346	4247	0	0
XM_011429275.3	4310	4211	0	0
XM_011429276.3	4286	4187	0	0
XM_011429278.3	798	699	0	0
XM_011429284.3	1661	1562	2	1.4981
XM_011429286.3	1859	1760	5	3.3239
XM_011429291.3	1136	1037	0	0
XM_011429294.3	3371	3272	3	1.07275
XM_011429299.3	3532	3433	10.5496	3.59545
XM_011429300.3	2267	2168	0	0
XM_011429301.3	3092	2993	7.29942	2.85346
XM_011429302.3	2386	2287	3.40286	1.74088
XM_011429303.3	2941	2842	0	0
XM_011429305.3	2180	2081	0	0
XM_011429306.3	2284	2185	4.35659	2.33285
XM_011429307.3	2593	2494	0	0
XM_011429308.3	2105	2006	0.76732	0.447544
XM_011429320.3	3028	2929	0.064897	0.0259236
XM_011429321.3	3022	2923	0.719195	0.287878
XM_011429322.3	5244	5145	3.29635e-07	7.49616e-08
XM_011429323.3	2776	2677	0	0
XM_011429338.3	3219	3120	6	2.25003
XM_011429339.3	914	815	2	2.8712
XM_011429340.3	5854	5755	24.9675	5.07598
XM_011429341.3	4471	4372	10.0325	2.68486
XM_011429346.3	1801	1702	28	19.2482
XM_011429351.3	2648	2549	6	2.75405
XM_011429352.3	2888	2789	4.04696	1.69774
XM_011429369.3	1219	1120	5	5.22327
XM_011429370.3	1034	935	54	67.573
XM_011429371.3	866	767	0	0
XM_011429372.3	1272	1173	2	1.99491
XM_011429373.3	1267	1168	48	48.0827
XM_011429374.3	1082	983	0	0
XM_011429376.2	1086	987	10	11.8542
XM_011429377.3	1045	946	1	1.2368
XM_011429378.3	2820	2721	0	0
XM_011429380.3	634	535	1	2.18694
XM_011429383.3	1662	1563	5	3.74285
XM_011429386.3	4250	4151	5	1.40932
XM_011429387.3	1543	1444	0	0
XM_011429389.3	1407	1308	4.19337	3.75099
XM_011429390.3	2091	1992	7.9881e-05	4.69186e-05
XM_011429391.3	2073	1974	3.36223	1.99283
XM_011429393.3	3073	2974	0.0104261	0.00410177
XM_011429394.3	2656	2557	0.000632807	0.000289555
XM_011429395.3	2653	2554	0.00250789	0.00114889
XM_011429396.3	2637	2538	3.98793	1.83843
XM_011429397.3	1093	994	0	0
XM_011429398.3	1434	1335	0	0
XM_011429402.3	1959	1860	0	0
XM_011429403.3	4351	4252	0	0
XM_011429404.3	4489	4390	0	0
XM_011429405.3	4312	4213	89	24.7166
XM_011429406.3	4122	4023	0	0
XM_011429407.3	4377	4278	0	0
XM_011429408.3	1332	1233	0	0
XM_011429409.3	2243	2144	0	0
XM_011429410.3	2165	2066	13	7.36214
XM_011429411.3	2203	2104	0	0
XM_011429412.3	3644	3545	22.8285	7.53447
XM_011429414.3	3635	3536	24.1715	7.99801
XM_011429415.3	3892	3793	0	0
XM_011429416.3	2433	2334	11	5.5142
XM_011429417.3	2771	2672	43	18.8288
XM_011429419.3	2000	1901	20	12.3095
XM_011429422.3	2868	2769	0	0
XM_011429423.3	2868	2769	0	0
XM_011429424.3	2744	2645	0	0
XM_011429425.3	2900	2801	0	0
XM_011429426.3	2562	2463	0	0
XM_011429427.3	2906	2807	0	0
XM_011429428.3	2856	2757	0	0
XM_011429429.3	2857	2758	0	0
XM_011429430.3	462	363	39	125.704
XM_011429431.3	1758	1659	0	0
XM_011429432.3	1958	1859	1.14804	0.722553
XM_011429433.3	922	823	2	2.84329
XM_011429434.3	1654	1555	0	0
XM_011429435.3	1569	1470	2	1.59185
XM_011429437.3	5564	5465	88.4097	18.9278
XM_011429438.3	5623	5524	0.000299371	6.34085e-05
XM_011429441.3	1365	1266	8	7.39345
XM_011429442.3	1283	1184	45	44.4684
XM_011429449.3	2492	2393	1	0.488932
XM_011429457.3	917	818	21	30.037
XM_011429458.3	1099	1000	4	4.68005
XM_011429459.3	2295	2196	61	32.5004
XM_011429460.3	2562	2463	0	0
XM_011429461.3	3662	3563	0	0
XM_011429462.3	3659	3560	0	0
XM_011429463.3	3172	3073	5.42583	2.06583
XM_011429464.3	1375	1276	35	32.0928
XM_011429466.3	4458	4359	3	0.80524
XM_011429467.3	1262	1163	0	0
XM_011429468.3	1328	1229	2	1.90401
XM_011429469.3	1197	1098	1	1.06559
XM_011429470.3	2598	2499	77	36.0508
XM_011429485.3	1499	1400	0	0
XM_011429486.3	1086	987	0	0
XM_011429487.3	2981	2882	20	8.11945
XM_011429495.3	1124	1025	8	9.13181
XM_011429498.2	700	601	0	0
XM_011429502.3	5313	5214	0	0
XM_011429503.3	5198	5099	35.0353	8.03917
XM_011429504.3	5202	5103	13.9647	3.20183
XM_011429514.3	2029	1930	53.175	32.236
XM_011429519.3	1740	1641	52	37.0754
XM_011429520.3	1875	1776	0	0
XM_011429521.3	2488	2389	18	8.8155
XM_011429523.3	2919	2820	0	0
XM_011429525.3	2777	2678	0	0
XM_011429527.3	1447	1348	5	4.33981
XM_011429529.3	3591	3492	0	0
XM_011429530.3	3214	3115	0	0
XM_011429531.3	4318	4219	0	0
XM_011429532.3	3467	3368	0	0
XM_011429539.3	1174	1075	19	20.6793
XM_011429540.3	3468	3369	0	0
XM_011429542.2	4530	4431	12.5099	3.30326
XM_011429543.3	2759	2660	56.4901	24.8474
XM_011429546.3	2777	2678	0.000201762	8.81494e-05
XM_011429547.3	2754	2655	4.9998	2.20333
XM_011429551.3	3507	3408	4	1.37326
XM_011429552.3	2181	2082	16	8.99146
XM_011429553.2	1299	1200	2	1.95002
XM_011429556.3	1221	1122	0	0
XM_011429576.3	2914	2815	1.11285	0.462539
XM_011429577.3	2911	2812	3.88715	1.61736
XM_011429583.3	1894	1795	0	0
XM_011429587.3	1457	1358	11	9.47728
XM_011429588.3	2605	2506	414	193.29
XM_011429591.3	3343	3244	7	2.52469
XM_011429593.3	2540	2441	0	0
XM_011429594.3	2492	2393	0	0
XM_011429595.3	2106	2007	0	0
XM_011429597.3	2198	2099	0	0
XM_011429598.3	2460	2361	0	0
XM_011429599.3	3163	3064	1.38093	0.527319
XM_011429600.3	2579	2480	10.6191	5.00986
XM_011429601.3	1211	1112	10	10.5217
XM_011429602.3	750	651	52	93.4573
XM_011429606.3	14973	14874	0.0405681	0.00319115
XM_011429614.3	1166	1067	34	37.2825
XM_011429616.3	5067	4968	1.05233	0.247835
XM_011429617.3	1446	1347	21	18.2407
XM_011429618.3	2736	2637	18	7.98644
XM_011429619.3	1781	1682	0	0
XM_011429620.3	1763	1664	0	0
XM_011429622.2	886	787	35	52.0336
XM_011429623.3	2824	2725	97	41.6482
XM_011429624.3	1121	1022	2	2.28965
XM_011429625.3	3168	3069	193	73.5786
XM_011429626.3	3277	3178	0	0
XM_011429629.3	1252	1153	3	3.04427
XM_011429631.3	4563	4464	76	19.9196
XM_011429632.3	2446	2347	10	4.98514
XM_011429633.3	1069	970	0	0
XM_011429635.3	1604	1505	3	2.33225
XM_011429636.3	3596	3497	6	2.00746
XM_011429637.3	3644	3545	1	0.330046
XM_011429638.3	2241	2142	86	46.9753
XM_011429640.3	16796	16697	918	64.3273
XM_011429642.3	2586	2487	0.00119566	0.000562499
XM_011429643.3	2227	2128	0	0
XM_011429644.2	1383	1284	1	0.911225
XM_011429645.3	2545	2446	0	0
XM_011429646.3	2172	2073	4	2.25762
XM_011429648.3	2650	2551	0	0
XM_011429649.3	2652	2553	0	0
XM_011429650.3	640	541	0	0
XM_011429651.3	649	550	0	0
XM_011429652.3	2627	2528	0	0
XM_011429653.3	1757	1658	0	0
XM_011429654.3	2165	2066	0	0
XM_011429655.3	1347	1248	30.5878	28.6764
XM_011429657.3	1164	1065	8.41218	9.24165
XM_011429658.3	6148	6049	0	0
XM_011429659.3	1232	1133	1	1.03267
XM_011429663.3	2632	2533	41	18.9382
XM_011429666.3	1018	919	1	1.27314
XM_011429671.2	483	384	0	0
XM_011429672.3	986	887	0	0
XM_011429679.3	2061	1962	9.508	5.66997
XM_011429680.3	8648	8549	0	0
XM_011429693.3	2894	2795	1.48829	0.623013
XM_011429695.3	3866	3767	133	41.3092
XM_011429697.3	2605	2506	19	8.87081
XM_011429698.3	2181	2082	0	0
XM_011429699.3	2831	2732	5	2.14131
XM_011429703.3	788	689	18	30.5664
XM_011429704.3	977	878	9	11.9933
XM_011429707.3	3274	3175	6	2.21105
XM_011429709.3	3788	3689	0	0
XM_011429710.3	3630	3531	0	0
XM_011429711.3	3355	3256	5.99963	2.15591
XM_011429712.3	3382	3283	0.000372542	0.000132769
XM_011429714.3	3054	2955	12.7383	5.04367
XM_011429720.3	1667	1568	1	0.746182
XM_011429723.3	1829	1730	0.00659246	0.00445854
XM_011429724.3	1820	1721	2.99341	2.03505
XM_011429725.3	13832	13733	234	19.9361
XM_011429726.3	1464	1365	0	0
XM_011429727.3	4176	4077	7	2.00885
XM_011429729.3	3778	3679	0	0
XM_011429730.3	1847	1748	13.4738	9.0186
XM_011429731.3	2119	2020	0	0
XM_011429732.3	2041	1942	35	21.0868
XM_011429737.3	1205	1106	0	0
XM_011429739.3	1317	1218	0	0
XM_011429741.3	2990	2891	0	0
XM_011429742.3	3292	3193	0	0
XM_011429743.3	2857	2758	8.42006	3.572
XM_011429744.3	2480	2381	0	0
XM_011429745.2	4635	4536	0	0
XM_011429746.2	4571	4472	0.0630197	0.0164879
XM_011429747.2	4559	4460	1.4733	0.386499
XM_011429748.2	4550	4451	15.7516	4.14054
XM_011429749.3	3698	3599	15	4.87641
XM_011429750.3	3758	3659	5.66619e-08	1.81184e-08
XM_011429753.3	2169	2070	0	0
XM_011429754.3	2407	2308	0	0
XM_011429755.3	2030	1931	0	0
XM_011429758.3	1817	1718	0	0
XM_011429760.3	882	783	1	1.49427
XM_011429763.3	1574	1475	0	0
XM_011429779.3	1803	1704	0.0170455	0.0117039
XM_011429780.3	1793	1694	16.983	11.7298
XM_011429781.3	4654	4555	57.0783	14.6613
XM_011429786.2	1032	933	0	0
XM_011429787.2	1080	981	17	20.2755
XM_011429793.3	1554	1455	0	0
XM_011429795.3	1333	1234	0	0
XM_011429800.3	4077	3978	11	3.23533
XM_011429801.3	3777	3678	94.1434	29.9481
XM_011429802.3	3995	3896	39.8566	11.9694
XM_011429803.3	1289	1190	0	0
XM_011429805.3	2394	2295	5.58379e-05	2.84667e-05
XM_011429808.3	898	799	4324	6331.84
XM_011429809.3	8644	8545	31	4.24464
XM_011429810.3	1322	1223	35	33.4836
XM_011429816.3	1223	1124	9	9.36843
XM_011429817.3	4729	4630	0	0
XM_011429819.3	4717	4618	0	0
XM_011429820.3	1661	1562	3	2.24714
XM_011429822.3	1416	1317	4	3.55357
XM_011429823.3	4946	4847	19.2228	4.64017
XM_011429824.3	4915	4816	21.7772	5.29062
XM_011429827.3	1241	1142	0	0
XM_011429832.3	2694	2595	6	2.70523
XM_011429834.3	1192	1093	0	0
XM_011429837.2	3712	3613	24	7.77202
XM_011429838.3	2597	2498	3	1.40514
XM_011429840.3	2460	2361	0	0
XM_011429841.3	1775	1676	0	0
XM_011429842.3	1732	1633	1	0.716481
XM_011429846.3	3032	2933	9	3.59022
XM_011429855.3	3653	3554	29	9.5471
XM_011429856.3	3099	3000	0	0
XM_011429857.3	1561	1462	5	4.00141
XM_011429865.3	3173	3074	0	0
XM_011429866.3	1477	1378	1.56747	1.33088
XM_011429867.3	2561	2462	0.172038	0.0817575
XM_011429880.3	1220	1121	69.9812	73.0409
XM_011429883.3	4281	4182	14	3.91683
XM_011429886.3	591	492	1	2.37808
XM_011429888.3	2802	2703	18.6301	8.06418
XM_011429891.3	766	667	28	49.116
XM_011429892.3	1533	1434	7	5.71136
XM_011429893.3	1371	1272	8	7.35857
XM_011429894.3	1111	1012	19	21.9667
XM_011429895.3	1891	1792	0	0
XM_011429896.3	1345	1246	2	1.87803
XM_011429897.3	1372	1273	0	0
XM_011429898.3	1252	1153	40.8327	41.4352
XM_011429906.3	1720	1621	16	11.5486
XM_011429908.3	1878	1779	18	11.8382
XM_011429913.3	3389	3290	16	5.69003
XM_011429920.3	2567	2468	0	0
XM_011429922.2	5822	5723	11	2.24885
XM_011429923.3	6252	6153	15.5203	2.95124
XM_011429931.3	5388	5289	21.6906	4.79832
XM_011429932.3	921	822	16	22.774
XM_011429935.3	1148	1049	0	0
XM_011429939.3	5597	5498	0	0
XM_011429940.3	1909	1810	4	2.58566
XM_011429941.3	546	447	0	0
XM_011429942.3	1238	1139	11	11.2995
XM_011429943.3	1446	1347	0.204464	0.177599
XM_011429944.3	1443	1344	2.79554	2.43364
XM_011429946.3	2885	2786	1	0.419962
XM_011429947.3	2031	1932	2	1.21119
XM_011429948.3	5356	5257	0	0
XM_011429950.2	761	662	0	0
XM_011429951.3	2042	1943	0	0
XM_011429954.3	5755	5656	0	0
XM_011429956.3	1197	1098	0	0
XM_011429957.3	1201	1102	0	0
XM_011429959.3	2223	2124	9.34481	5.14762
XM_011429961.3	2293	2194	2.29903	1.22602
XM_011429963.3	5533	5434	0	0
XM_011429964.3	1484	1385	4	3.3791
XM_011429965.3	2149	2050	8	4.56591
XM_011429967.3	2876	2777	3.30508	1.3925
XM_011429969.3	2539	2440	15	7.19271
XM_011429970.3	5346	5247	0	0
XM_011429971.3	4894	4795	0	0
XM_011429978.3	5358	5259	0	0
XM_011429996.3	1366	1267	23.3919	21.6013
XM_011429997.3	2140	2041	23	13.1849
XM_011429998.3	5581	5482	0	0
XM_011430001.3	1422	1323	13	11.4967
XM_011430004.3	5578	5479	0	0
XM_011430010.3	5492	5393	0	0
XM_011430012.3	1334	1235	0	0
XM_011430016.3	1838	1739	2	1.34562
XM_011430018.3	6101	6002	64.7891	12.6298
XM_011430022.3	1456	1357	70	60.3544
XM_011430023.3	1063	964	0	0
XM_011430024.3	2721	2622	0	0
XM_011430029.3	888	789	0	0
XM_011430030.3	1717	1618	3	2.16937
XM_011430031.3	1408	1309	0.000569384	0.000508928
XM_011430032.3	1405	1306	0.00839971	0.00752509
XM_011430033.3	1396	1297	27.991	25.2505
XM_011430034.3	5405	5306	0	0
XM_011430035.3	1445	1346	0	0
XM_011430036.3	1017	918	2	2.54905
XM_011430043.3	2966	2867	172	70.1926
XM_011430046.3	408	309	0	0
XM_011430059.3	1465	1366	0	0
XM_011430060.3	1753	1654	4	2.82954
XM_011430061.2	2070	1971	0	0
XM_011430062.3	2352	2253	5	2.59657
XM_011430063.3	2392	2293	0	0
XM_011430066.3	1900	1801	8	5.19717
XM_011430067.3	3314	3215	24	8.73416
XM_011430070.3	2590	2491	0	0
XM_011430071.3	898	799	0	0
XM_011430073.3	3466	3367	0	0
XM_011430077.2	381	282	2	8.29797
XM_011430082.3	2462	2363	0	0
XM_011430083.3	2413	2314	0	0
XM_011430084.3	2476	2377	0	0
XM_011430085.3	2822	2723	71.2232	30.603
XM_011430087.3	3036	2937	38	15.1381
XM_011430088.3	1723	1624	1	0.720452
XM_011430091.3	1581	1482	2	1.57897
XM_011430094.3	1410	1311	0	0
XM_011430095.3	1372	1273	2	1.8382
XM_011430096.3	1981	1882	0	0
XM_011430097.3	2704	2605	22.9573	10.3111
XM_011430099.3	1544	1445	0	0
XM_011430100.3	2646	2547	13.0427	5.99139
XM_011430101.3	1719	1620	0	0
XM_011430103.3	4382	4283	43	11.7466
XM_011430106.3	1119	1020	1	1.14707
XM_011430107.3	2069	1970	14	8.31482
XM_011430108.3	1021	922	16	20.3039
XM_011430110.3	2128	2029	13.8027	7.95927
XM_011430113.3	1568	1469	1	0.796469
XM_011430114.3	2956	2857	0	0
XM_011430115.3	3160	3061	1	0.382232
XM_011430117.3	667	568	1	2.05988
XM_011430122.3	904	805	0	0
XM_011430123.3	903	804	0	0
XM_011430124.3	681	582	40	80.4133
XM_011430125.3	3212	3113	28	10.5237
XM_011430126.3	3212	3113	28	10.5237
XM_011430128.3	2043	1944	0	0
XM_011430130.2	938	839	5	6.97267
XM_011430131.3	3026	2927	0	0
XM_011430132.3	2938	2839	12	4.94546
XM_011430133.3	2801	2702	0	0
XM_011430137.3	2136	2037	0	0
XM_011430159.3	858	759	0	0
XM_011430163.3	724	625	0	0
XM_011430164.3	1105	1006	1	1.16304
XM_011430166.3	1027	928	0	0
XM_011430167.3	996	897	1	1.30436
XM_011430168.3	5977	5878	4.31436	0.858772
XM_011430171.3	4338	4239	5	1.38006
XM_011430172.3	1588	1489	9	7.07194
XM_011430173.3	1086	987	3	3.55627
XM_011430178.3	3563	3464	48	16.2127
XM_011430179.3	968	869	8	10.7711
XM_011430181.3	987	888	2	2.63517
XM_011430191.3	1356	1257	0	0
XM_011430195.3	4861	4762	0	0
XM_011430196.2	4840	4741	2.12435e-07	5.2426e-08
XM_011430197.2	4762	4663	60	15.0549
XM_011430198.3	2999	2900	0	0
XM_011430199.3	3527	3428	0	0
XM_011430200.3	1202	1103	22	23.3366
XM_011430205.3	1621	1522	54.9486	42.2409
XM_011430217.3	1580	1481	29	22.9105
XM_011430218.3	6172	6073	21	4.04582
XM_011430219.3	1456	1357	0	0
XM_011430220.3	2820	2721	0	0
XM_011430224.3	903	804	6.42003	9.34269
XM_011430225.3	909	810	0.00104702	0.00151238
XM_011430226.3	588	489	102	244.052
XM_011430227.3	1727	1628	1	0.718681
XM_011430228.3	2546	2447	22	10.5191
XM_011430229.3	1310	1211	5	4.83077
XM_011430230.3	2016	1917	22	13.4274
XM_011430231.3	1234	1135	12.1891	12.5651
XM_011430232.3	6591	6492	0	0
XM_011430233.3	6561	6462	0	0
XM_011430237.3	2325	2226	6	3.15367
XM_011430240.3	3991	3892	8	2.40496
XM_011430242.3	1335	1236	0	0
XM_011430243.2	1366	1267	56.9649	52.6043
XM_011430244.3	1290	1191	0	0
XM_011430245.3	1245	1146	14	14.2934
XM_011430246.2	1011	912	14	17.9607
XM_011430247.3	4853	4754	0	0
XM_011430248.3	4708	4609	33	8.37718
XM_011430249.3	4920	4821	0	0
XM_011430250.3	1227	1128	0	0
XM_011430251.3	1329	1230	12	11.4148
XM_011430253.3	1587	1488	0	0
XM_011430254.3	1279	1180	0	0
XM_011430256.3	2265	2166	0	0
XM_011430257.3	1191	1092	13	13.9287
XM_011430259.3	1558	1459	2	1.60386
XM_011430260.3	2349	2250	0	0
XM_011430263.3	3089	2990	70	27.3916
XM_011430275.3	4946	4847	75	18.1042
XM_011430279.3	3111	3012	22	8.54591
XM_011430289.3	2582	2483	90	42.4089
XM_011430290.3	1727	1628	0	0
XM_011430291.3	3244	3145	12	4.46428
XM_011430292.3	1673	1574	7	5.20336
XM_011430293.3	1895	1796	0	0
XM_011430294.3	1257	1158	12	12.1245
XM_011430295.3	2674	2575	68	30.8974
XM_011430296.3	2353	2254	0	0
XM_011430298.3	1822	1723	2	1.35811
XM_011430299.3	1444	1345	2	1.7398
XM_011430301.3	648	549	23.7346	50.5826
XM_011430303.3	2044	1945	1	0.601549
XM_011430306.3	1543	1444	8	6.48207
XM_011430307.3	2686	2587	0	0
XM_011430311.3	2198	2099	2	1.11483
XM_011430312.3	2253	2154	0	0
XM_011430314.3	5568	5469	0	0
XM_011430315.3	5589	5490	0	0
XM_011430317.3	5733	5634	21	4.36107
XM_011430318.3	5546	5447	0	0
XM_011430319.3	5513	5414	0	0
XM_011430320.3	5277	5178	0	0
XM_011430324.3	2616	2517	0	0
XM_011430325.3	2677	2578	0	0
XM_011430336.2	1394	1295	69	62.3405
XM_011430339.3	881	782	15	22.4427
XM_011430340.3	859	760	0	0
XM_011430341.2	946	847	18	24.8645
XM_011430343.3	4925	4826	101.068	24.5029
XM_011430350.3	4734	4635	1170.14	295.379
XM_011430351.3	2458	2359	12.5878	6.2433
XM_011430358.3	1024	925	1	1.26488
XM_011430360.3	2030	1931	0	0
XM_011430361.3	1811	1712	0	0
XM_011430365.3	2560	2461	4	1.90169
XM_011430366.3	1423	1324	0	0
XM_011430368.3	2246	2147	0	0
XM_011430369.3	1359	1260	3	2.78575
XM_011430370.3	3271	3172	194	71.5582
XM_011430372.3	2543	2444	4	1.91492
XM_011430383.3	1893	1794	41.1117	26.8123
XM_011430384.3	2275	2176	0	0
XM_011430385.3	1821	1722	37	25.1397
XM_011430386.3	1972	1873	0	0
XM_011430387.3	2251	2152	0	0
XM_011430388.3	2230	2131	0	0
XM_011430390.3	2206	2107	0	0
XM_011430391.3	3587	3488	58	19.4555
XM_011430393.3	2021	1922	15	9.13122
XM_011430395.3	2027	1928	5	3.03427
XM_011430400.3	1738	1639	0	0
XM_011430407.3	1140	1041	0	0
XM_011430409.3	2987	2888	0	0
XM_011430410.3	2787	2688	0	0
XM_011430411.3	2488	2389	3.25651	1.59488
XM_011430412.3	2601	2502	0	0
XM_011430413.3	2787	2688	0	0
XM_011430421.3	5097	4998	194.667	45.5708
XM_011430430.3	2896	2797	0	0
XM_011430435.3	1685	1586	0	0
XM_011430436.3	2550	2451	5	2.38681
XM_011430437.3	5127	5028	2.5993e-06	6.04857e-07
XM_011430438.3	3278	3179	0	0
XM_011430439.3	2067	1968	2	1.18904
XM_011430440.3	5911	5812	0.0075136	0.00151256
XM_011430441.3	5875	5776	10.9925	2.22669
XM_011430450.3	2430	2331	14	7.02711
XM_011430451.3	1704	1605	1	0.72898
XM_011430453.3	2386	2287	35	17.9058
XM_011430456.3	762	663	10	17.6473
XM_011430458.3	1995	1896	9	5.55386
XM_011430462.3	2482	2383	7	3.43688
XM_011430463.3	1362	1263	3	2.77913
XM_011430465.3	1008	909	13	16.7329
XM_011430467.3	1944	1845	12	7.60984
XM_011430468.3	1623	1524	0	0
XM_011430486.3	2331	2232	51	26.7342
XM_011430497.3	1913	1814	29	18.7047
XM_011430499.3	6111	6012	244	47.4855
XM_011430500.3	6155	6056	0.000280095	5.41141e-05
XM_011430504.2	1017	918	0	0
XM_011430505.3	828	729	30	48.1487
XM_011430507.3	2472	2373	2	0.986105
XM_011430508.3	2361	2262	5.27437	2.72815
XM_011430519.3	8351	8252	0.968703	0.137348
XM_011430520.3	8326	8227	34.0313	4.8398
XM_011430521.3	2374	2275	0	0
XM_011430522.2	2256	2157	9	4.88184
XM_011430523.3	1896	1797	51	33.2057
XM_011430525.3	1873	1774	65	42.8697
XM_011430527.3	1186	1087	8	8.61095
XM_011430532.2	2515	2416	32	15.4969
XM_011430533.3	683	584	3	6.01034
XM_011430534.3	5313	5214	0	0
XM_011430535.3	5310	5211	4.88103e-05	1.09593e-05
XM_011430536.3	3844	3745	0	0
XM_011430537.3	5412	5313	8.32253	1.83276
XM_011430538.3	5295	5196	0	0
XM_011430539.3	3832	3733	0	0
XM_011430540.3	3850	3751	0	0
XM_011430541.3	5247	5148	2.56724e-06	5.83471e-07
XM_011430542.3	5235	5136	0	0
XM_011430543.3	5229	5130	0	0
XM_011430544.3	5217	5118	9.21595e-08	2.10684e-08
XM_011430545.3	5217	5118	0	0
XM_011430546.3	5214	5115	1.83332e-07	4.19356e-08
XM_011430547.3	5163	5064	29.558	6.82924
XM_011430548.3	5151	5052	0	0
XM_011430549.3	1971	1872	83	51.8756
XM_011430550.3	9118	9019	42.7295	5.54319
XM_011430551.3	1829	1730	0	0
XM_011430552.3	1144	1045	12	13.4356
XM_011430553.3	1772	1673	0	0
XM_011430558.3	2410	2311	0	0
XM_011430564.3	658	559	0	0
XM_011430566.3	3474	3375	0	0
XM_011430576.3	1499	1400	0	0
XM_011430590.3	1756	1657	0	0
XM_011430592.3	1058	959	15	18.3005
XM_011430593.3	2344	2245	1.20698	0.629035
XM_011430594.3	2341	2242	5.79302	3.02315
XM_011430601.3	2013	1914	0	0
XM_011430602.2	1974	1875	0	0
XM_011430603.3	1544	1445	0	0
XM_011430605.3	1329	1230	103	97.9767
XM_011430606.3	3094	2995	8	3.12524
XM_011430607.3	2314	2215	0	0
XM_011430620.3	2862	2763	7	2.9642
XM_011430621.3	3162	3063	0	0
XM_011430623.3	1313	1214	4	3.85507
XM_011430630.3	1578	1479	10	7.91084
XM_011430632.3	4561	4462	0	0
XM_011430635.3	2076	1977	0	0
XM_011430636.3	4330	4231	7.86825	2.17584
XM_011430639.3	1613	1514	33	25.5023
XM_011430645.3	3047	2948	16	6.35014
XM_011430648.3	7140	7041	41	6.81303
XM_011430651.3	779	680	58	99.7953
XM_011430657.3	1544	1445	0	0
XM_011430659.3	1175	1076	34	36.9707
XM_011430662.3	2972	2873	1.80378	0.734578
XM_011430663.3	4621	4522	35	9.05583
XM_011430666.3	4971	4872	5	1.20075
XM_011430667.3	1715	1616	0	0
XM_011430672.3	3261	3162	15	5.55035
XM_011430682.3	1576	1477	1.25603	0.994967
XM_011430683.3	2151	2052	0	0
XM_011430684.3	2579	2480	5	2.3589
XM_011430688.3	3754	3655	5	1.60057
XM_011430689.3	3939	3840	8.05646	2.45473
XM_011430690.3	6390	6291	2.99997	0.557941
XM_011430691.3	6452	6353	3.02768e-05	5.57599e-06
XM_011430696.3	1258	1159	35	35.3326
XM_011430697.3	1019	920	1	1.27175
XM_011430698.3	1017	918	0	0
XM_011430699.3	4209	4110	9.15716	2.60681
XM_011430700.3	788	689	1	1.69813
XM_011430701.3	4015	3916	1.14613	0.342437
XM_011430703.3	3412	3313	0	0
XM_011430705.3	3287	3188	0	0
XM_011430707.3	5221	5122	19.6245	4.48281
XM_011430708.3	1758	1659	0	0
XM_011430709.3	1749	1650	0	0
XM_011430710.3	1702	1603	2.27332	1.65927
XM_011430711.3	873	774	2	3.02329
XM_011430712.3	2000	1901	0	0
XM_011430713.3	1794	1695	7	4.83191
XM_011430714.3	9145	9046	0	0
XM_011430715.3	9132	9033	0	0
XM_011430716.3	4960	4861	12.3755	2.9787
XM_011430717.3	9129	9030	22.5629	2.92347
XM_011430719.3	9119	9020	0	0
XM_011430722.3	8807	8708	0	0
XM_011430724.3	2272	2173	0	0
XM_011430728.3	2873	2774	1.29447	0.545978
XM_011430729.3	1840	1741	4.70553	3.16229
XM_011430732.3	1809	1710	8	5.47375
XM_011430733.3	2476	2377	0	0
XM_011430734.3	2323	2224	0	0
XM_011430735.3	2323	2224	0	0
XM_011430736.3	2274	2175	8.98585	4.83382
XM_011430737.3	2317	2218	0	0
XM_011430738.3	2286	2187	0.0141465	0.0075682
XM_011430739.3	5215	5116	8.99121	2.05626
XM_011430740.3	4785	4686	0	0
XM_011430741.3	4783	4684	0	0
XM_011430742.3	4646	4547	11.0088	2.83273
XM_011430744.3	1780	1681	13	9.04829
XM_011430745.3	6013	5914	12	2.37405
XM_011430746.3	1446	1347	11	9.55468
XM_011430747.3	1573	1474	25	19.8442
XM_011430748.3	2115	2016	1.55917	0.904887
XM_011430749.3	2109	2010	51.4408	29.9435
XM_011430750.3	2262	2163	6	3.24553
XM_011430751.3	2398	2299	11	5.59815
XM_011430752.3	2493	2394	2	0.977455
XM_011430754.3	1240	1141	0	0
XM_011430756.3	1745	1646	0	0
XM_011430757.3	1259	1160	18	18.1554
XM_011430758.3	1254	1155	0.542238	0.549287
XM_011430759.3	1251	1152	11.4578	11.6369
XM_011430761.3	3542	3443	3	1.01947
XM_011430765.3	3256	3157	12	4.44731
XM_011430766.3	787	688	0	0
XM_011430775.3	1237	1138	0	0
XM_011430776.3	3647	3548	0	0
XM_011430777.3	3608	3509	0	0
XM_011430778.3	3581	3482	4.62588e-05	1.55438e-05
XM_011430779.3	3845	3746	0	0
XM_011430782.3	2817	2718	11	4.73515
XM_011430792.3	3004	2905	68	27.3876
XM_011430794.3	1374	1275	0	0
XM_011430795.3	1910	1811	3	1.93818
XM_011430796.3	4273	4174	19.5535	5.48105
XM_011430797.3	4270	4171	45.4465	12.7483
XM_011430798.3	4146	4047	7	2.02374
XM_011430799.3	1490	1391	0	0
XM_011430800.3	1015	916	27	34.4873
XM_011430802.3	2367	2268	5	2.57939
XM_011430808.3	1071	972	1.99956	2.4069
XM_011430809.3	4171	4072	1	0.287331
XM_011430811.3	1920	1821	4	2.57005
XM_011430812.3	1348	1249	1	0.93676
XM_011430813.3	4138	4039	1.52038e-08	4.40423e-09
XM_011430814.3	4102	4003	0	0
XM_011430815.3	2403	2304	1	0.507818
XM_011430816.3	2558	2459	0	0
XM_011430817.3	3374	3275	7	2.50079
XM_011430822.3	1879	1780	12	7.88773
XM_011430823.3	2641	2542	0	0
XM_011430824.3	2115	2016	117.852	68.3971
XM_011430826.3	1047	948	8	9.87353
XM_011430827.3	2262	2163	14.3892	7.78345
XM_011430829.3	1013	914	0	0
XM_011430830.3	2108	2009	0	0
XM_011430838.3	3321	3222	35.8614	13.0224
XM_011430840.3	1289	1190	20	19.6641
XM_011430841.3	674	575	0	0
XM_011430845.3	2837	2738	1	0.427324
XM_011430851.3	1644	1545	75.0247	56.8154
XM_011430858.3	2195	2096	0	0
XM_011430859.3	1620	1521	0	0
XM_011430860.3	2062	1963	0	0
XM_011430861.3	2459	2360	3	1.48731
XM_011430862.3	5349	5250	28	6.24007
XM_011430863.3	5797	5698	0	0
XM_011430864.3	5791	5692	0	0
XM_011430865.3	6493	6394	97	17.7497
XM_011430866.3	6088	5989	0	0
XM_011430869.3	3407	3308	0	0
XM_011430875.3	3390	3291	92.6377	32.9345
XM_011430876.3	1929	1830	0	0
XM_011430877.3	2109	2010	0	0
XM_011430879.2	4019	3920	0	0
XM_011430881.3	4837	4738	6.34864	1.56775
XM_011430882.3	4101	4002	10.6514	3.114
XM_011430884.3	2843	2744	12.0938	5.15669
XM_011430886.3	3260	3161	0.752637	0.278581
XM_011430887.3	4062	3963	0.00011656	3.44126e-05
XM_011430888.3	4025	3926	6.99988	2.08608
XM_011430889.3	1951	1852	112.802	71.2636
XM_011430890.3	3329	3230	0	0
XM_011430891.3	3250	3151	10	3.71315
XM_011430892.3	3189	3090	5.52429	2.09175
XM_011430893.3	3681	3582	0	0
XM_011430894.3	3460	3361	48.8466	17.0042
XM_011430897.3	2840	2741	43.6338	18.6254
XM_011430898.3	904	805	0	0
XM_011430899.3	1736	1637	1	0.71473
XM_011430902.3	3735	3636	6.65346	2.14099
XM_011430903.3	3040	2941	4.98731	1.9841
XM_011430904.3	1136	1037	176.761	199.434
XM_011430905.3	1860	1761	0	0
XM_011430906.3	1151	1052	0	0
XM_011430910.3	5067	4968	4.42811e-05	1.04286e-05
XM_011430911.3	587	488	518.964	1244.25
XM_011430912.3	5008	4909	54	12.8704
XM_011430915.3	5328	5229	0	0
XM_011430916.3	5328	5229	0	0
XM_011430917.3	1518	1419	0	0
XM_011430918.3	5189	5090	47.2245	10.8553
XM_011430920.3	2877	2778	55.002	23.1653
XM_011430921.3	1797	1698	20	13.7811
XM_011430922.3	1824	1725	1.8379e-07	1.24659e-07
XM_011430923.3	2277	2178	96	51.5708
XM_011430924.3	1620	1521	0	0
XM_011430925.3	1940	1841	8	5.08425
XM_011430926.3	3345	3246	32	11.5343
XM_011430928.3	1135	1036	6	6.77614
XM_011430930.3	3054	2955	0	0
XM_011430931.3	2974	2875	3.00296	1.22209
XM_011430932.3	2975	2876	1.99704	0.812437
XM_011430933.3	4995	4896	0	0
XM_011430935.3	2049	1950	9.80383	5.88236
XM_011430936.3	2043	1944	364.151	219.167
XM_011430937.3	2064	1965	0.00122382	0.000728696
XM_011430958.3	1979	1880	0	0
XM_011430959.3	1830	1731	15	10.1388
XM_011430961.3	3429	3330	0	0
XM_011430962.2	3420	3321	0	0
XM_011430963.3	3060	2961	13	5.13684
XM_011430964.2	3411	3312	0	0
XM_011430965.3	3405	3306	0	0
XM_011430966.2	3393	3294	0	0
XM_011430970.3	1906	1807	12.0643	7.81149
XM_011430973.3	3558	3459	12	4.05902
XM_011430974.3	1521	1422	1	0.822794
XM_011430977.3	1229	1130	6	6.21246
XM_011430978.3	2952	2853	0	0
XM_011430979.3	2946	2847	0	0
XM_011430980.3	2893	2794	0.7989	0.334547
XM_011430981.3	4199	4100	1.20012e-06	3.42478e-07
XM_011430982.3	4099	4000	8.59256e-08	2.51335e-08
XM_011430983.3	4105	4006	1.481e-08	4.32548e-09
XM_011430984.3	4035	3936	14.1538	4.20734
XM_011430985.3	5023	4924	50	11.8807
XM_011430986.3	4126	4027	0	0
XM_011430987.2	1719	1620	7	5.05561
XM_011430988.3	11427	11328	6.71718	0.693785
XM_011430989.3	11709	11610	0	0
XM_011430990.3	11443	11344	1.28282	0.132309
XM_011430991.3	2609	2510	1	0.466141
XM_011430992.3	1875	1776	0	0
XM_011430993.3	1122	1023	3.99986	4.57467
XM_011430994.3	1048	949	13	16.0276
XM_011430995.3	3230	3131	0.00790285	0.00295319
XM_011430996.3	3230	3131	0.00790285	0.00295319
XM_011430997.3	3211	3112	9.96747	3.74745
XM_011430998.3	4525	4426	45.7521	12.0946
XM_011431002.3	3577	3478	0.000507628	0.000170768
XM_011431005.3	3591	3492	4.56102e-06	1.5282e-06
XM_011431006.3	3264	3165	0	0
XM_011431007.2	1286	1187	27	26.6136
XM_011431008.3	2231	2132	0	0
XM_011431010.3	946	847	2	2.76272
XM_011431015.3	1504	1405	3	2.49825
XM_011431016.3	1896	1797	0	0
XM_011431021.3	4381	4282	4.25522	1.1627
XM_011431022.3	4016	3917	6	1.79221
XM_011431024.3	1467	1368	0	0
XM_011431026.3	748	649	14	25.2391
XM_011431027.3	2032	1933	0	0
XM_011431029.3	2139	2040	0	0
XM_011431030.3	2171	2072	0	0
XM_011431033.3	3035	2936	0	0
XM_011431036.3	1619	1520	29.5448	22.742
XM_011431037.3	1430	1331	0	0
XM_011431038.3	2911	2812	24.0912	10.0238
XM_011431040.3	826	727	24	38.6249
XM_011431041.3	591	492	26.8333	63.8117
XM_011431051.3	1669	1570	0	0
XM_011431052.3	1429	1330	0	0
XM_011431053.3	10927	10828	0	0
XM_011431054.3	10990	10891	0	0
XM_011431055.3	10915	10816	3.31795e-08	3.58917e-09
XM_011431056.3	10900	10801	124	13.4322
XM_011431057.3	1848	1749	4	2.67585
XM_011431058.3	2396	2297	12.9745	6.60877
XM_011431059.3	2439	2340	0	0
XM_011431060.3	2333	2234	0	0
XM_011431061.3	2337	2238	0	0
XM_011431064.3	1503	1404	0	0
XM_011431070.3	4077	3978	0	0
XM_011431071.3	4061	3962	0	0
XM_011431073.3	1990	1891	6	3.71236
XM_011431077.3	671	572	0	0
XM_011431078.3	1077	978	0	0
XM_011431087.3	2603	2504	41	19.1576
XM_011431104.3	525	426	35	96.1279
XM_011431111.3	2552	2453	2	0.953945
XM_011431113.3	3801	3702	0	0
XM_011431114.3	5424	5325	0.222425	0.0488713
XM_011431115.3	5418	5319	0.834659	0.183599
XM_011431116.3	5412	5313	3.13678	0.690772
XM_011431117.3	5331	5232	0	0
XM_011431120.3	2549	2450	0	0
XM_011431121.3	2352	2253	0	0
XM_011431122.3	2843	2744	0	0
XM_011431123.3	1949	1850	0	0
XM_011431124.3	1946	1847	0	0
XM_011431125.3	1940	1841	0	0
XM_011431126.3	1913	1814	0	0
XM_011431127.3	1907	1808	0	0
XM_011431128.3	1904	1805	0	0
XM_011431129.3	1850	1751	0	0
XM_011431130.3	1781	1682	1	0.695608
XM_011431143.3	4202	4103	65	18.5354
XM_011431159.3	1362	1263	0	0
XM_011431160.3	1440	1341	9	7.85244
XM_011431168.3	1005	906	7	9.03984
XM_011431169.3	6834	6735	0	0
XM_011431170.3	5991	5892	7	1.39004
XM_011431171.3	4575	4476	0	0
XM_011431172.3	4509	4410	0	0
XM_011431173.3	4437	4338	0	0
XM_011431174.3	4284	4185	267	74.646
XM_011431175.3	1404	1305	6.07248	5.44435
XM_011431176.3	1373	1274	6.92752	6.36208
XM_011431177.3	2336	2237	15	7.84542
XM_011431178.3	3064	2965	0	0
XM_011431179.3	1336	1237	0	0
XM_011431181.3	1144	1045	8.37914e-07	9.38154e-07
XM_011431183.3	2989	2890	0.000122019	4.93993e-05
XM_011431185.3	7008	6909	43.9401	7.44109
XM_011431186.3	6748	6649	0	0
XM_011431187.3	6748	6649	0	0
XM_011431188.3	1897	1798	3.14589	2.04713
XM_011431190.3	1901	1802	0.232104	0.150702
XM_011431192.3	4831	4732	3	0.741767
XM_011431193.3	1083	984	5	5.94519
XM_011431194.3	846	747	0	0
XM_011431195.3	906	807	34	49.2942
XM_011431202.3	1217	1118	0	0
XM_011431204.2	2342	2243	0	0
XM_011431207.3	1465	1366	1	0.856525
XM_011431214.3	914	815	0	0
XM_011431215.3	2061	1962	29	17.2938
XM_011431216.3	2579	2480	3	1.41534
XM_011431218.3	8003	7904	0	0
XM_011431219.3	7979	7880	0	0
XM_011431222.3	7811	7712	5.47629e-06	8.30826e-07
XM_011431225.3	6980	6881	8.00187e-06	1.3606e-06
XM_011431226.3	6896	6797	14.4648	2.48992
XM_011431227.3	7712	7613	20.9129	3.21402
XM_011431228.3	2068	1969	5.53202e-05	3.28722e-05
XM_011431229.3	6300	6201	0	0
XM_011431230.3	7085	6986	6.18894	1.03652
XM_011431231.3	6500	6401	29.7338	5.43492
XM_011431232.3	6929	6830	42.1263	7.21645
XM_011431233.3	6446	6347	38.876	7.16645
XM_011431235.3	6256	6157	20.5379	3.9028
XM_011431239.3	6923	6824	0.000173212	2.96982e-05
XM_011431240.3	2047	1948	16.0423	9.63539
XM_011431244.3	2454	2355	0	0
XM_011431245.3	4035	3936	0	0
XM_011431248.3	623	524	0	0
XM_011431249.3	4089	3990	16.0387	4.70312
XM_011431253.3	1609	1510	0	0
XM_011431255.3	4137	4038	38.3461	11.1108
XM_011431257.3	1180	1081	0	0
XM_011431258.3	2749	2650	0	0
XM_011431259.3	2816	2717	0	0
XM_011431260.3	2670	2571	1	0.455081
XM_011431267.3	4617	4518	0	0
XM_011431268.3	4608	4509	21.2147	5.50488
XM_011431269.3	4596	4497	0	0
XM_011431270.3	4587	4488	0	0
XM_011431271.3	4566	4467	0	0
XM_011431272.3	4995	4896	16.2019	3.87182
XM_011431273.3	4921	4822	0	0
XM_011431274.3	1385	1286	7.58339	6.89944
XM_011431278.3	2647	2548	0	0
XM_011431279.3	2541	2442	3	1.43736
XM_011431280.3	876	777	54	81.3137
XM_011431282.2	1617	1518	0	0
XM_011431283.3	1328	1229	2	1.90401
XM_011431284.3	3521	3422	9.87607	3.37672
XM_011431285.3	3509	3410	13.5858	4.66145
XM_011431286.3	4125	4026	0	0
XM_011431288.3	4116	4017	0	0
XM_011431289.3	4236	4137	0	0
XM_011431290.3	5060	4961	0	0
XM_011431291.3	3764	3665	0	0
XM_011431292.3	4965	4866	0	0
XM_011431293.3	4224	4125	0	0
XM_011431294.3	4086	3987	0	0
XM_011431295.3	4077	3978	17.1729	5.05092
XM_011431296.3	4141	4042	0	0
XM_011431297.3	1940	1841	2	1.27106
XM_011431301.3	1210	1111	39.2987	41.3861
XM_011431307.3	1919	1820	16	10.2858
XM_011431309.3	1096	997	2	2.34707
XM_011431311.3	2383	2284	0	0
XM_011431312.3	2259	2160	8	4.33338
XM_011431314.3	2208	2109	20	11.0954
XM_011431319.3	7193	7094	2149.67	354.545
XM_011431320.3	7534	7435	0	0
XM_011431323.3	3296	3197	1.65035	0.603981
XM_011431324.3	3378	3279	0	0
XM_011431325.3	2919	2820	4.55957e-06	1.89176e-06
XM_011431326.3	2883	2784	16	6.72421
XM_011431329.3	5104	5005	13	3.039
XM_011431337.3	4420	4321	1.38665e-07	3.75469e-08
XM_011431338.3	4351	4252	22	6.05369
XM_011431340.3	6703	6604	0.000318485	5.64252e-05
XM_011431341.3	6696	6597	0.00110497	0.000195972
XM_011431342.3	6551	6452	5.38423	0.976383
XM_011431343.3	5497	5398	0.00238512	0.000516973
XM_011431344.3	5451	5352	54.612	11.9389
XM_011431346.3	3703	3604	33	10.7132
XM_011431353.3	1888	1789	2	1.30801
XM_011431355.3	644	545	0	0
XM_011431356.3	2085	1986	0	0
XM_011431357.3	2015	1916	0	0
XM_011431358.3	1016	917	0	0
XM_011431360.3	1143	1044	0	0
XM_011431378.3	2826	2727	126	54.06
XM_011431382.3	1296	1197	0	0
XM_011431383.3	1611	1512	0	0
XM_011431384.3	1190	1091	4	4.28969
XM_011431385.3	2257	2158	16	8.6748
XM_011431387.3	3149	3050	0	0
XM_011431391.3	3072	2973	4	1.57419
XM_011431392.3	3028	2929	1	0.399458
XM_011431393.3	3063	2964	0	0
XM_011431394.3	1314	1215	14	13.4816
XM_011431402.3	804	705	0	0
XM_011431403.3	572	473	968	2394.45
XM_011431404.3	3181	3082	7	2.6574
XM_011431405.3	3829	3730	0.000208481	6.53957e-05
XM_011431406.3	3794	3695	13.2369	4.19143
XM_011431409.3	2453	2354	94	46.721
XM_011431410.3	2113	2014	5.29883	3.0783
XM_011431411.3	4002	3903	0	0
XM_011431412.3	4152	4053	6.22993	1.79845
XM_011431413.3	3954	3855	0	0
XM_011431414.3	4745	4646	4.90566	1.2354
XM_011431415.3	4215	4116	0	0
XM_011431416.3	5780	5681	23.3235	4.80352
XM_011431418.3	2538	2439	3	1.43913
XM_011431419.3	1770	1671	0	0
XM_011431421.3	2207	2108	6	3.33021
XM_011431422.3	2356	2257	0	0
XM_011431423.3	2919	2820	8.63082	3.58091
XM_011431424.3	3600	3501	0	0
XM_011431425.3	3768	3669	0	0
XM_011431427.3	3756	3657	4.36918	1.39787
XM_011431428.3	3117	3018	0	0
XM_011431432.3	2241	2142	0	0
XM_011431436.3	2718	2619	0	0
XM_011431437.2	2573	2474	49	23.1733
XM_011431440.3	1328	1229	0	0
XM_011431441.3	1628	1529	0	0
XM_011431442.3	1548	1449	2	1.61493
XM_011431443.3	1204	1105	0	0
XM_011431450.3	1910	1811	0	0
XM_011431452.3	1372	1273	0	0
XM_011431453.3	2021	1922	0	0
XM_011431454.3	1659	1560	4	3.00003
XM_011431455.3	4159	4060	0.101851	0.0293516
XM_011431456.3	4156	4057	0.242399	0.0699063
XM_011431457.3	4150	4051	1.3756	0.397303
XM_011431458.3	1423	1324	0	0
XM_011431459.3	868	769	0	0
XM_011431460.3	1141	1042	0	0
XM_011431462.3	1987	1888	10.4059	6.44864
XM_011431475.3	784	685	0	0
XM_011431476.3	5342	5243	3	0.669472
XM_011431483.3	4799	4700	4.62826	1.15216
XM_011431484.3	1760	1661	0	0
XM_011431489.3	2829	2730	4	1.71431
XM_011431490.2	2072	1973	2	1.18602
XM_011431493.3	1705	1606	5	3.64263
XM_011431497.3	1900	1801	0	0
XM_011431501.3	1516	1417	2.3836	1.96814
XM_011431502.3	2252	2153	5.8195	3.16251
XM_011431503.2	1360	1261	2	1.85569
XM_011431504.3	2603	2504	3.7969	1.77413
XM_011431505.3	1133	1034	0	0
XM_011431506.3	1003	904	7	9.05984
XM_011431508.3	1762	1663	0	0
XM_011431514.3	1875	1776	0	0
XM_011431515.3	905	806	1	1.45163
XM_011431516.3	5313	5214	0	0
XM_011431518.3	5301	5202	0	0
XM_011431525.2	2744	2645	0	0
XM_011431526.3	2380	2281	46	23.5952
XM_011431527.3	8950	8851	4	0.52876
XM_011431529.3	2817	2718	0	0
XM_011431530.3	2795	2696	0	0
XM_011431531.3	2813	2714	0	0
XM_011431534.3	4344	4245	21.9999	6.06365
XM_011431535.3	414	315	0	0
XM_011431548.3	1182	1083	42	45.3745
XM_011431555.3	1099	1000	0	0
XM_011431556.3	1495	1396	10	8.38118
XM_011431559.3	4081	3982	0	0
XM_011431560.3	3967	3868	33	9.98202
XM_011431561.3	3887	3788	5.36251	1.65634
XM_011431562.3	3843	3744	0	0
XM_011431564.3	2856	2757	120.822	51.2743
XM_011431565.3	3864	3765	0	0
XM_011431566.3	3837	3738	0	0
XM_011431567.3	2445	2346	3.09202	1.54207
XM_011431570.3	2100	2001	22	12.8637
XM_011431571.3	3753	3654	0	0
XM_011431572.3	3716	3617	44	14.233
XM_011431573.3	577	478	10.8636	26.5912
XM_011431575.3	1080	981	2.86728	3.41974
XM_011431576.3	3533	3434	11.0536	3.76613
XM_011431577.3	1413	1314	52	46.3019
XM_011431584.3	1306	1207	0	0
XM_011431585.3	1504	1405	0	0
XM_011431586.3	5716	5617	70	14.5809
XM_011431589.3	1374	1275	0	0
XM_011431591.3	3360	3261	0	0
XM_011431592.3	3327	3228	6.73461e-07	2.44101e-07
XM_011431593.3	3309	3210	0.000475265	0.000173229
XM_011431594.3	3298	3199	0	0
XM_011431595.3	3285	3186	3.16263	1.16143
XM_011431596.3	3011	2912	0	0
XM_011431598.3	3324	3225	0	0
XM_011431599.2	2358	2259	0	0
XM_011431602.3	687	588	0	0
XM_011431604.3	1484	1385	4	3.3791
XM_011431605.3	2913	2814	31	12.8893
XM_011431606.3	1164	1065	5	5.49302
XM_011431608.3	3597	3498	10	3.34481
XM_011431609.3	7215	7116	0.000380638	6.25846e-05
XM_011431610.3	7475	7376	0	0
XM_011431611.3	7574	7475	0	0
XM_011431613.3	7197	7098	0.00742587	0.00122406
XM_011431614.3	1868	1769	5.54806e-05	3.66948e-05
XM_011431615.3	7182	7083	0.0888065	0.0146696
XM_011431616.3	7152	7053	12.9034	2.14053
XM_011431617.3	1783	1684	0	0
XM_011431620.3	2869	2770	35.974	15.195
XM_011431621.3	2867	2768	0.862386	0.364524
XM_011431622.3	1856	1757	0	0
XM_011431630.3	1850	1751	8.99994	6.01374
XM_011431636.2	2758	2659	0	0
XM_011431637.3	1838	1739	0	0
XM_011431638.2	2755	2656	0	0
XM_011431639.2	2746	2647	0	0
XM_011431640.2	2746	2647	0	0
XM_011431641.2	2683	2584	0	0
XM_011431642.2	2668	2569	0	0
XM_011431643.3	2813	2714	6	2.58662
XM_011431644.2	2656	2557	0	0
XM_011431645.3	3070	2971	29	11.4205
XM_011431646.3	1808	1709	21	14.377
XM_011431647.3	1838	1739	0	0
XM_011431652.3	653	554	0	0
XM_011431653.3	783	684	11	18.816
XM_011431654.3	1820	1721	0	0
XM_011431655.3	594	495	123	290.73
XM_011431658.3	635	536	52.8844	115.439
XM_011431662.3	1957	1858	2.69525	1.69725
XM_011431665.3	6426	6327	0	0
XM_011431666.3	1974	1875	3	1.87202
XM_011431667.3	2364	2265	12	6.19875
XM_011431671.3	1199	1100	2	2.1273
XM_011431674.3	1225	1126	1	1.03909
XM_011431675.3	2124	2025	18.6603	10.7816
XM_011431677.3	3422	3323	0	0
XM_011431678.2	3114	3015	15	5.82096
XM_011431679.3	3085	2986	0	0
XM_011431686.3	706	607	0	0
XM_011431687.3	1350	1251	7	6.54684
XM_011431688.3	6399	6300	0	0
XM_011431690.3	2685	2586	0	0
XM_011431691.3	2049	1950	25	15.0002
XM_011431699.3	1305	1206	0	0
XM_011431707.3	2144	2045	0	0
XM_011431711.3	1020	921	0	0
XM_011431712.3	2544	2445	2	0.957066
XM_011431713.3	2097	1998	32.7479	19.1769
XM_011431714.3	3719	3620	3	0.969624
XM_011431718.3	2160	2061	4	2.27077
XM_011431720.3	1977	1878	0.346229	0.215704
XM_011431731.3	1605	1506	3	2.3307
XM_011431732.3	4219	4120	7.22679	2.05229
XM_011431734.3	4217	4118	12.7732	3.62915
XM_011431735.3	3172	3073	0	0
XM_011431736.3	1990	1891	13	8.04346
XM_011431738.3	4537	4438	0	0
XM_011431739.3	4522	4423	0.00315786	0.000835347
XM_011431740.3	4442	4343	1.30362e-05	3.51198e-06
XM_011431741.3	2233	2134	1	0.548272
XM_011431742.3	2009	1910	90	55.1315
XM_011431743.3	2296	2197	0	0
XM_011431744.3	3866	3767	0	0
XM_011431745.3	3685	3586	61	19.9026
XM_011431746.3	1895	1796	0	0
XM_011431748.3	3345	3246	1.51361	0.545577
XM_011431753.3	2830	2731	3	1.28526
XM_011431757.3	1952	1853	0	0
XM_011431758.3	1820	1721	3	2.03954
XM_011431759.3	1452	1353	6	5.18853
XM_011431764.3	551	452	0	0
XM_011431765.2	2005	1906	4.00801	2.46035
XM_011431767.3	4809	4710	0	0
XM_011431770.1	978	879	1	1.33107
XM_011431772.3	2576	2477	0	0
XM_011431779.3	2340	2241	0	0
XM_011431781.3	2167	2068	0	0
XM_011431782.3	2156	2057	4.61521e-08	2.62512e-08
XM_011431783.3	2243	2144	0	0
XM_011431784.3	2123	2024	8	4.62456
XM_011431787.3	1218	1119	2.78333e-05	2.91022e-05
XM_011431788.3	1207	1108	2.99997	3.16788
XM_011431790.3	3774	3675	0.000165664	5.27425e-05
XM_011431792.3	2882	2783	54	22.7024
XM_011431793.3	3605	3506	223	74.419
XM_011431794.3	2776	2677	9.67226	4.22737
XM_011431800.3	3406	3307	0	0
XM_011431801.3	3357	3258	0	0
XM_011431802.3	3113	3014	0	0
XM_011431803.3	3340	3241	0	0
XM_011431805.3	1400	1301	0	0
XM_011431807.3	1198	1099	6	6.3877
XM_011431808.3	1449	1350	0	0
XM_011431810.3	726	627	0	0
XM_011431811.3	1280	1181	4	3.96279
XM_011431812.3	1546	1447	0	0
XM_011431816.2	1656	1557	2	1.50291
XM_011431822.3	1324	1225	0	0
XM_011431823.3	1266	1167	0	0
XM_011431824.3	1261	1162	0	0
XM_011431825.3	1587	1488	6	4.7178
XM_011431826.3	1883	1784	10	6.55837
XM_011431827.3	2596	2497	0	0
XM_011431828.3	2591	2492	40	18.7803
XM_011431829.3	958	859	20	27.2413
XM_011431830.3	1502	1403	2	1.66787
XM_011431832.3	906	807	10	14.4983
XM_011431833.3	5017	4918	36.8957	8.77764
XM_011431834.3	3152	3053	6.10433	2.33939
XM_011431836.3	2797	2698	0	0
XM_011431837.3	3288	3189	23.5684	8.64701
XM_011431838.3	2718	2619	0	0
XM_011431839.3	2598	2499	1.43164	0.670282
XM_011431840.3	2836	2737	7	2.99236
XM_011431842.3	2951	2852	38	15.5892
XM_011431847.3	882	783	96	143.45
XM_011431848.3	850	751	0	0
XM_011431853.3	2995	2896	5.01701e-05	2.02692e-05
XM_011431859.3	3999	3900	0.00234355	0.000703072
XM_011431868.3	2762	2663	0	0
XM_011431869.3	2752	2653	0	0
XM_011431871.3	1784	1685	9	6.24933
XM_011431875.3	2360	2261	1	0.517476
XM_011431877.3	897	798	1	1.46618
XM_011431879.3	2760	2661	0.900428	0.395909
XM_011431880.3	2765	2666	0.0995719	0.0436986
XM_011431881.3	1044	945	0	0
XM_011431888.3	1751	1652	1	0.708241
XM_011431890.3	2337	2238	0	0
XM_011431896.3	2004	1905	0	0
XM_011431897.3	3270	3171	32	11.8071
XM_011431898.3	1850	1751	1	0.668197
XM_011431906.3	1835	1736	0	0
XM_011431908.3	2211	2112	27	14.9576
XM_011431909.3	2246	2147	1.14376e-07	6.23298e-08
XM_011431911.3	1476	1377	7	5.94778
XM_011431912.3	2616	2517	21	9.76173
XM_011431913.3	2060	1961	2.23817	1.33538
XM_011431916.3	2707	2608	0	0
XM_011431917.2	2703	2604	0	0
XM_011431922.3	2543	2444	0	0
XM_011431925.3	1816	1717	0	0
XM_011431926.3	1708	1609	0	0
XM_011431928.3	1067	968	0	0
XM_011431935.3	4280	4181	3.92436	1.09819
XM_011431950.3	2962	2863	12	4.904
XM_011431951.3	2481	2382	13.7712	6.76424
XM_011431954.3	5079	4980	54	12.6869
XM_011431959.3	2409	2310	2	1.013
XM_011431960.3	1092	993	0	0
XM_011431961.3	970	871	0	0
XM_011431964.3	620	521	0	0
XM_011431976.3	1475	1376	6	5.1018
XM_011431977.3	1693	1594	1.71944e-08	1.26209e-08
XM_011431978.3	1673	1574	0.0465198	0.0345799
XM_011431980.3	1675	1576	0.0104893	0.00778718
XM_011431981.3	1668	1569	1.94299	1.4489
XM_011431982.3	4821	4722	0	0
XM_011431983.3	4826	4727	33	8.16806
XM_011431984.3	4852	4753	0	0
XM_011431985.3	2852	2753	2	0.849992
XM_011431986.3	3577	3478	6.96463e-07	2.34293e-07
XM_011431987.3	1263	1164	50	50.2583
XM_011431988.3	6947	6848	10	1.70855
XM_011431990.3	3392	3293	33	11.725
XM_011431991.3	535	436	18	48.3033
XM_011431992.3	395	296	0	0
XM_011431993.3	670	571	0	0
XM_011431994.3	3463	3364	46	15.999
XM_011431995.3	2498	2399	0	0
XM_011431996.3	1858	1759	2	1.33032
XM_011431997.3	4310	4211	2	0.555694
XM_011431998.3	4074	3975	0	0
XM_011431999.3	4068	3969	0	0
XM_011432002.3	2146	2047	29	16.5757
XM_011432003.3	2348	2249	71.3876	37.1385
XM_011432004.3	3108	3009	25.6124	9.95909
XM_011432005.2	1125	1026	4	4.56146
XM_011432007.3	4278	4179	17.701	4.95583
XM_011432008.2	2079	1980	29	17.1366
XM_011432009.3	6387	6288	0	0
XM_011432010.3	3719	3620	2	0.646416
XM_011432014.3	990	891	0.544244	0.714673
XM_011432019.3	4092	3993	0	0
XM_011432021.3	4092	3993	0	0
XM_011432025.3	4054	3955	0	0
XM_011432027.3	4008	3909	7.57409e-06	2.26702e-06
XM_011432028.3	3972	3873	0.391425	0.118247
XM_011432029.3	4160	4061	0	0
XM_011432030.3	889	790	0	0
XM_011432042.3	4766	4667	8	2.00559
XM_011432043.3	3883	3784	0	0
XM_011432046.3	973	874	0	0
XM_011432047.3	2808	2709	0	0
XM_011432050.3	2678	2579	0	0
XM_011432051.3	2153	2054	2	1.13925
XM_011432052.3	1263	1164	0	0
XM_011432053.3	1197	1098	2	2.13117
XM_011432055.3	1544	1445	0	0
XM_011432056.3	5428	5329	92	20.1991
XM_011432057.3	1780	1681	0	0
XM_011432058.3	1777	1678	0	0
XM_011432059.3	1701	1602	0.151911	0.110947
XM_011432060.3	1925	1826	0	0
XM_011432062.3	1951	1852	0	0
XM_011432066.3	2503	2404	8	3.89356
XM_011432074.3	2811	2712	0	0
XM_011432075.3	2793	2694	0	0
XM_011432077.3	1465	1366	0.125145	0.10719
XM_011432079.3	1459	1360	21.8749	18.819
XM_011432084.3	2604	2505	3	1.40121
XM_011432086.3	2479	2380	3	1.47481
XM_011432090.3	649	550	40	85.0919
XM_011432091.3	1694	1595	11	8.06906
XM_011432092.3	2037	1938	0	0
XM_011432095.3	5236	5137	47.935	10.9178
XM_011432097.3	5265	5166	0.064992	0.0147196
XM_011432106.3	9196	9097	19	2.44369
XM_011432108.3	2346	2247	5	2.6035
XM_011432111.3	2107	2008	0	0
XM_011432115.3	1772	1673	0	0
XM_011432117.3	1698	1599	0.0994978	0.0728041
XM_011432118.3	5717	5618	0	0
XM_011432119.3	5702	5603	0	0
XM_011432120.3	5666	5567	0	0
XM_011432121.3	5651	5552	0	0
XM_011432122.3	3075	2976	0	0
XM_011432123.3	3268	3169	8	2.95365
XM_011432125.3	1080	981	17	20.2755
XM_011432126.3	2210	2111	0	0
XM_011432127.3	2231	2132	0	0
XM_011432128.3	2140	2041	0	0
XM_011432129.3	2168	2069	0	0
XM_011432131.3	2461	2362	0	0
XM_011432132.3	1939	1840	11.4728	7.29531
XM_011432134.3	1990	1891	0	0
XM_011432135.3	1987	1888	0	0
XM_011432136.3	1969	1870	0	0
XM_011432137.3	1965	1866	0	0
XM_011432143.3	2287	2188	0	0
XM_011432145.3	2968	2869	0	0
XM_011432146.3	2788	2689	0	0
XM_011432147.3	2065	1966	0	0
XM_011432151.2	956	857	0	0
XM_011432152.2	884	785	0	0
XM_011432153.3	2966	2867	0	0
XM_011432154.3	849	750	0	0
XM_011432155.3	833	734	0	0
XM_011432167.3	1981	1882	1.56165	0.970854
XM_011432168.3	2271	2172	8	4.30944
XM_011432171.3	2958	2859	0	0
XM_011432172.3	2838	2739	0	0
XM_011432173.3	2839	2740	0	0
XM_011432174.3	2720	2621	0	0
XM_011432177.3	2691	2592	0	0
XM_011432178.3	2512	2413	0	0
XM_011432179.3	2370	2271	0	0
XM_011432181.3	2618	2519	1.30945e-06	6.08205e-07
XM_011432183.3	13420	13321	8.56507e-06	7.5229e-07
XM_011432186.3	3042	2943	13.7523	5.46735
XM_011432187.3	1330	1231	6.24766	5.93814
XM_011432190.3	659	560	1	2.08931
XM_011432191.3	3384	3285	19	6.7672
XM_011432192.3	2502	2403	13.74	6.68996
XM_011432193.3	2503	2404	8.43401	4.10478
XM_011432199.2	981	882	0	0
XM_011432208.3	2245	2146	10.283	5.60634
XM_011432215.3	5473	5374	0	0
XM_011432220.3	3519	3420	0	0
XM_011432221.3	3867	3768	5.5397	1.72015
XM_011432222.3	3443	3344	0	0
XM_011432226.3	2199	2100	25.3512	14.1244
XM_011432232.3	6267	6168	0	0
XM_011432233.3	5798	5699	2.96767	0.609267
XM_011432234.2	5820	5721	0.0323329	0.00661247
XM_011432235.3	2639	2540	5	2.30318
XM_011432238.3	6025	5926	0	0
XM_011432239.3	2510	2411	0	0
XM_011432240.3	2181	2082	18.9413	10.6444
XM_011432241.3	4750	4651	0	0
XM_011432242.3	4792	4693	0	0
XM_011432243.3	4628	4529	55	14.2086
XM_011432244.3	4746	4647	0	0
XM_011432248.3	4774	4675	0	0
XM_011432251.3	2657	2558	5	2.28697
XM_011432255.3	2584	2485	0	0
XM_011432260.3	1939	1840	0	0
XM_011432265.3	1604	1505	0	0
XM_011432266.3	1650	1551	4	3.01744
XM_011432269.3	490	391	0	0
XM_011432271.3	2271	2172	15	8.0802
XM_011432282.3	5798	5699	6.90665e-05	1.41795e-05
XM_011432285.3	5792	5693	0.00023762	4.88352e-05
XM_011432302.3	1592	1493	8	6.26933
XM_011432306.2	986	887	0	0
XM_011432312.3	2161	2062	8.24873	4.68047
XM_011432317.3	2949	2850	0	0
XM_011432318.3	3708	3609	13.3607	4.33146
XM_011432320.3	2961	2862	0	0
XM_011432321.3	2740	2641	23.474	10.3994
XM_011432322.3	710	611	0	0
XM_011432328.3	3443	3344	13.7184	4.79986
XM_011432329.3	1721	1622	6	4.32804
XM_011432333.3	1846	1747	20	13.3945
XM_011432335.3	1173	1074	0	0
XM_011432336.3	2475	2376	3	1.47729
XM_011432337.3	1349	1250	15	14.0402
XM_011432338.3	1471	1372	0	0
XM_011432340.3	1884	1785	0	0
XM_011432345.3	4785	4686	1.68959e-05	4.21861e-06
XM_011432348.3	1037	938	0	0
XM_011432351.3	917	818	33	47.201
XM_011432352.3	2420	2321	0	0
XM_011432353.3	1543	1444	0	0
XM_011432355.3	1586	1487	1.67058e-07	1.31446e-07
XM_011432357.3	7269	7170	2	0.326364
XM_011432361.2	1116	1017	17	19.5577
XM_011432364.3	1342	1243	1	0.941282
XM_011432365.3	3027	2928	5.00608	2.00041
XM_011432366.3	2734	2635	0	0
XM_011432367.3	2631	2532	13.0891	6.04833
XM_011432368.3	2526	2427	3.62902	1.74948
XM_011432370.3	2550	2451	0	0
XM_011432372.3	1505	1406	7.68699	6.39678
XM_011432373.3	1838	1739	0.102326	0.0688456
XM_011432375.3	571	472	283	701.512
XM_011432378.3	1489	1390	0	0
XM_011432381.3	1487	1388	0	0
XM_011432383.3	1466	1367	0	0
XM_011432386.3	1464	1365	0	0
XM_011432387.3	1788	1689	3.34655e-08	2.31824e-08
XM_011432388.3	1756	1657	37.4105	26.4157
XM_011432390.3	1472	1373	0	0
XM_011432391.3	1472	1373	0	0
XM_011432392.3	1763	1664	18.7056	13.1525
XM_011432394.2	7698	7599	0	0
XM_011432396.2	7674	7575	10.6034	1.63778
XM_011432397.2	7670	7571	0	0
XM_011432398.2	7661	7562	0	0
XM_011432399.3	7652	7553	0	0
XM_011432400.2	7653	7554	0	0
XM_011432401.3	7640	7541	0	0
XM_011432402.2	7640	7541	0	0
XM_011432403.2	7631	7532	0	0
XM_011432404.3	7625	7526	0	0
XM_011432405.2	7613	7514	0	0
XM_011432406.3	7526	7427	0	0
XM_011432407.2	7495	7396	40.0048	6.32858
XM_011432408.3	7490	7391	0	0
XM_011432409.3	7488	7389	0	0
XM_011432410.3	6710	6611	0	0
XM_011432412.3	7469	7370	0	0
XM_011432413.2	7432	7333	24.6138	3.92724
XM_011432414.2	6840	6741	0	0
XM_011432415.3	6935	6836	10.2952	1.76207
XM_011432416.3	7583	7484	5.70427	0.891779
XM_011432417.3	6343	6244	0.000233447	4.37437e-05
XM_011432418.3	6528	6429	0	0
XM_011432419.3	6496	6397	0	0
XM_011432420.3	6516	6417	26.1919	4.77557
XM_011432421.3	6525	6426	50.5985	9.21271
XM_011432422.3	7465	7366	0	0
XM_011432423.3	7292	7193	0	0
XM_011432424.3	7233	7134	16.9442	2.77893
XM_011432427.3	3762	3663	22.9795	7.33999
XM_011432428.3	2004	1905	1	0.61418
XM_011432441.3	4800	4701	0	0
XM_011432444.3	810	711	0	0
XM_011432445.3	890	791	2.51015	3.7129
XM_011432446.3	3429	3330	0	0
XM_011432447.3	3426	3327	0	0
XM_011432448.3	3420	3321	0	0
XM_011432449.3	3417	3318	0	0
XM_011432450.3	4778	4679	0	0
XM_011432451.3	3414	3315	0	0
XM_011432452.3	3405	3306	0	0
XM_011432458.3	6899	6800	1.1684e-08	2.01035e-09
XM_011432459.3	3788	3689	0.0271793	0.00862027
XM_011432460.3	7380	7281	81.1956	13.0477
XM_011432461.3	6848	6749	14.0822	2.4413
XM_011432462.3	6720	6621	0	0
XM_011432463.3	6789	6690	2.37525	0.415407
XM_011432464.3	6822	6723	0	0
XM_011432466.3	6886	6787	0	0
XM_011432467.3	6684	6585	0	0
XM_011432470.3	4630	4531	0.0286955	0.00740988
XM_011432472.3	2647	2548	38	17.4492
XM_011432473.3	7542	7443	0	0
XM_011432474.3	7515	7416	4.82938e-08	7.61926e-09
XM_011432475.3	7416	7317	0.339079	0.0542199
XM_011432476.3	1019	920	0	0
XM_011432477.3	720	621	0	0
XM_011432478.3	4608	4509	8.65632	2.24618
XM_011432483.3	4111	4012	0	0
XM_011432487.3	2904	2805	0	0
XM_011432490.3	2183	2084	8.34435	4.68474
XM_011432494.3	4356	4257	18.2844	5.02536
XM_011432496.3	2391	2292	0.286579	0.146292
XM_011432499.3	925	826	0	0
XM_011432500.3	3297	3198	8	2.92686
XM_011432501.3	2603	2504	0	0
XM_011432502.3	4335	4236	0	0
XM_011432504.3	2973	2874	0	0
XM_011432505.3	2965	2866	0	0
XM_011432506.3	2946	2847	0	0
XM_011432507.3	2883	2784	6	2.52158
XM_011432515.3	1527	1428	0	0
XM_011432517.3	4164	4065	0	0
XM_011432527.3	7201	7102	43.975	7.24463
XM_011432528.3	934	835	4	5.60485
XM_011432529.3	766	667	0	0
XM_011432530.3	947	848	0	0
XM_011432531.3	1843	1744	0.995354	0.667763
XM_011432533.3	4041	3942	19	5.63933
XM_011432535.3	2036	1937	0	0
XM_011432537.3	1809	1710	0	0
XM_011432538.3	1935	1836	18	11.4707
XM_011432539.3	1873	1774	0	0
XM_011432543.3	2352	2253	0	0
XM_011432546.3	1719	1620	0	0
XM_011432548.3	2191	2092	5	2.7964
XM_011432553.3	4451	4352	0	0
XM_011432554.3	4053	3954	9	2.66316
XM_011432555.3	3239	3140	22	8.19755
XM_011432556.3	1629	1530	0	0
XM_011432565.3	1574	1475	0	0
XM_011432571.3	1279	1180	24	23.7969
XM_011432572.3	3118	3019	15.7341	6.09775
XM_011432574.3	2652	2553	0	0
XM_011432576.3	1729	1630	3	2.1534
XM_011432586.3	2199	2100	9	5.01434
XM_011432587.3	7910	7811	0	0
XM_011432588.3	8084	7985	4.85991e-06	7.12105e-07
XM_011432589.3	8113	8014	0	0
XM_011432590.3	1400	1301	65	58.4557
XM_011432591.3	7901	7802	0	0
XM_011432593.3	7948	7849	0	0
XM_011432595.3	7899	7800	0	0
XM_011432596.3	7928	7829	28.5602	4.26821
XM_011432597.3	7919	7820	0	0
XM_011432598.3	7868	7769	0	0
XM_011432599.3	7844	7745	0	0
XM_011432600.3	7835	7736	0	0
XM_011432601.3	7823	7724	0	0
XM_011432602.3	7793	7694	0	0
XM_011432603.3	7362	7263	0.0389582	0.00627587
XM_011432604.3	7748	7649	0	0
XM_011432605.3	7671	7572	0	0
XM_011432606.3	4137	4038	4	1.159
XM_011432607.3	7605	7506	0	0
XM_011432608.3	3795	3696	0.00011269	3.56734e-05
XM_011432617.3	1943	1844	1.58821e-05	1.00772e-05
XM_011432623.3	1356	1257	0	0
XM_011432624.2	1358	1259	40	37.1728
XM_011432626.3	1610	1511	8	6.19464
XM_011432627.3	2550	2451	0	0
XM_011432628.3	2254	2155	0	0
XM_011432629.3	1504	1405	46	38.3065
XM_011432630.3	1791	1692	17	11.7555
XM_011432641.3	2689	2590	0	0
XM_011432642.3	3402	3303	18	6.37609
XM_011432643.3	2714	2615	0	0
XM_011432644.3	2953	2854	0	0
XM_011432647.3	6849	6750	152	26.347
XM_011432649.3	2411	2312	0	0
XM_011432655.3	3086	2987	1.45033	0.568095
XM_011432661.3	612	513	0	0
XM_011432662.3	1874	1775	0	0
XM_011432663.3	1687	1588	5	3.68392
XM_011432665.3	3782	3683	202	64.1712
XM_011432666.3	4510	4411	6.99932	1.85656
XM_011432667.3	2101	2002	0	0
XM_011432668.3	3171	3072	10.4166	3.96732
XM_011432670.3	6785	6686	37.1755	6.5055
XM_011432671.3	6906	6807	2.71216e-08	4.66177e-09
XM_011432672.3	3068	2969	0	0
XM_011432674.3	3667	3568	39.3809	12.9137
XM_011432676.3	3672	3573	7.61907	2.49494
XM_011432677.3	3856	3757	0	0
XM_011432678.3	3890	3791	0	0
XM_011432683.3	1313	1214	11.1544	10.7503
XM_011432695.3	3302	3203	32	11.6892
XM_011432701.3	2764	2665	3	1.31709
XM_011432704.3	1732	1633	7	5.01537
XM_011432707.3	2447	2348	0	0
XM_011432718.3	1443	1344	0	0
XM_011432720.3	3842	3743	27.9999	8.75242
XM_011432721.3	3884	3785	5.79072e-05	1.79002e-05
XM_011432729.3	768	669	0	0
XM_011432732.3	734	635	12	22.1105
XM_011432746.3	1874	1775	0	0
XM_011432747.3	1940	1841	2	1.27106
XM_011432755.3	3703	3604	5	1.62322
XM_011432756.3	2359	2260	0	0
XM_011432757.3	2332	2233	0	0
XM_011432758.3	3109	3010	0	0
XM_011432759.3	2912	2813	0	0
XM_011432761.3	4051	3952	0.0126527	0.00374592
XM_011432762.3	1764	1665	0	0
XM_011432763.3	2601	2502	0	0
XM_011432766.3	1141	1042	0	0
XM_011432767.3	1484	1385	0	0
XM_011432771.3	1617	1518	0	0
XM_011432772.3	1575	1476	7	5.54884
XM_011432773.3	2235	2136	19	10.4074
XM_011432778.3	1044	945	2	2.47622
XM_011432780.3	1027	928	42	52.9532
XM_011432781.3	1102	1003	0	0
XM_011432783.3	3275	3176	0.420333	0.154847
XM_011432784.3	779	680	0	0
XM_011432794.3	805	706	0	0
XM_011432798.3	2058	1959	3	1.79175
XM_011432799.3	2256	2157	0	0
XM_011432800.3	744	645	5	9.06987
XM_011432803.3	2441	2342	1	0.499579
XM_011432804.3	864	765	0	0
XM_011432805.3	4416	4317	46.2911	12.546
XM_011432807.3	2053	1954	26	15.5682
XM_011432813.3	1869	1770	2	1.32205
XM_011432814.3	2023	1924	0	0
XM_011432816.3	1923	1824	0	0
XM_011432818.3	3759	3660	99.5225	31.8149
XM_011432819.3	1237	1138	22	22.6189
XM_011432823.3	2261	2162	0	0
XM_011432824.3	2184	2085	0	0
XM_011432825.3	2298	2199	0	0
XM_011432826.3	3204	3105	36	13.5654
XM_011432827.3	1370	1271	3	2.76164
XM_011432835.3	3110	3011	29	11.2688
XM_011432840.3	2256	2157	0	0
XM_011432841.3	2349	2250	0	0
XM_011432842.3	2247	2148	0	0
XM_011432843.3	2020	1921	23	14.0085
XM_011432848.3	3376	3277	0	0
XM_011432849.3	1205	1106	0	0
XM_011432850.3	1196	1097	0	0
XM_011432851.3	1160	1061	2	2.20549
XM_011432852.3	1610	1511	11	8.51764
XM_011432859.3	4092	3993	22.2547	6.52099
XM_011432860.3	2613	2514	5	2.327
XM_011432875.3	1320	1221	0	0
XM_011432876.3	3113	3014	0	0
XM_011432878.3	3048	2949	19	7.53823
XM_011432879.3	828	729	0	0
XM_011432880.3	762	663	38	67.0596
XM_011432881.3	2336	2237	0	0
XM_011432883.3	1003	904	2	2.58853
XM_011432889.3	3334	3235	0	0
XM_011432898.3	942	843	1	1.38792
XM_011432899.3	2914	2815	2.79997	1.16377
XM_011432900.3	1571	1472	0	0
XM_011432902.3	2670	2571	25.692	11.692
XM_011432906.3	1746	1647	0	0
XM_011432907.3	4575	4476	15	3.92096
XM_011432913.3	2089	1990	4	2.35179
XM_011432928.3	2677	2578	0	0
XM_011432932.3	2562	2463	1.73843	0.825815
XM_011432933.3	2671	2572	0	0
XM_011432934.3	3951	3852	0	0
XM_011432936.3	2893	2794	0	0
XM_011432937.3	2561	2462	0.000182704	8.68264e-05
XM_011432938.3	2543	2444	0.999817	0.478641
XM_011432940.3	2488	2389	0	0
XM_011432941.3	3814	3715	0	0
XM_011432942.3	3797	3698	0	0
XM_011432944.3	4441	4342	19	5.11982
XM_011432946.3	1259	1160	0	0
XM_011432951.3	1534	1435	0	0
XM_011432952.3	954	855	0	0
XM_011432954.3	3159	3060	1.20193	0.459567
XM_011432965.3	730	631	5	9.2711
XM_011432967.3	6090	5991	0	0
XM_011432968.3	6072	5973	0	0
XM_011432969.3	6045	5946	0	0
XM_011432970.3	2062	1963	16	9.53653
XM_011432975.3	1577	1478	93	73.6206
XM_011432982.3	2559	2460	19	9.03669
XM_011432983.3	3094	2995	5.17782	2.02275
XM_011432984.3	3091	2992	16.7757	6.5601
XM_011432988.3	4542	4443	7	1.84337
XM_011432995.3	2083	1984	0	0
XM_011432996.3	1761	1662	13.9939	9.85141
XM_011432997.3	1772	1673	0.00610079	0.00426659
XM_011432999.3	2427	2328	0	0
XM_011433000.3	2304	2205	8	4.24495
XM_011433002.3	1389	1290	0	0
XM_011433003.3	2450	2351	0	0
XM_011433004.3	1812	1713	0	0
XM_011433005.3	1656	1557	0.999999	0.751453
XM_011433007.3	1020	921	2	2.54075
XM_011433008.3	1434	1335	0	0
XM_011433017.3	1237	1138	0	0
XM_011433018.3	2250	2151	1.74252e-05	9.47825e-06
XM_011433019.3	2230	2131	0.999983	0.549035
XM_011433020.3	5157	5058	0	0
XM_011433021.3	5116	5017	0	0
XM_011433023.3	3328	3229	1.64235e-07	5.95097e-08
XM_011433024.3	3280	3181	7	2.57469
XM_011433027.3	1234	1135	0	0
XM_011433042.3	1098	999	16.3177	19.1111
XM_011433045.3	1709	1610	3	2.18015
XM_011433068.3	1148	1049	0	0
XM_011433082.3	1991	1892	0	0
XM_011433088.3	2234	2135	0	0
XM_011433090.3	2229	2130	0	0
XM_011433091.3	2172	2073	2.98149	1.68277
XM_011433094.3	1131	1032	7	7.93614
XM_011433095.3	467	368	0	0
XM_011433096.3	1904	1805	0	0
XM_011433098.3	2529	2430	0	0
XM_011433099.3	4638	4539	50	12.8884
XM_011433105.3	3273	3174	0	0
XM_011433113.3	790	691	0	0
XM_011433114.3	3556	3457	26	8.79964
XM_011433119.3	2676	2577	51.0018	23.1559
XM_011433125.3	825	726	115	185.333
XM_011433131.3	5950	5851	0	0
XM_011433133.3	2541	2442	0	0
XM_011433143.3	631	532	191	420.061
XM_011433145.3	2277	2178	0	0
XM_011433146.3	2155	2056	25.5481	14.5388
XM_011433147.3	2597	2498	8.29972	3.88742
XM_011433148.3	2916	2817	0	0
XM_011433151.3	2449	2350	5	2.48939
XM_011433152.3	3697	3598	0	0
XM_011433163.3	2575	2476	4.41975	2.08852
XM_011433164.3	1774	1675	44	30.7347
XM_011433166.3	1322	1223	3	2.87002
XM_011433169.3	411	312	0	0
XM_011433170.3	2120	2021	2	1.15786
XM_011433175.3	3162	3063	4	1.52793
XM_011433176.3	2018	1919	0	0
XM_011433178.3	3647	3548	0	0
XM_011433179.3	4076	3977	3	0.882585
XM_011433180.3	4012	3913	24	7.17616
XM_011433181.3	3465	3366	21.3038	7.40515
XM_011433182.3	6089	5990	0	0
XM_011433183.3	3307	3208	11.6962	4.26581
XM_011433185.3	2183	2084	0	0
XM_011433187.3	3485	3386	8.30115e-05	2.86842e-05
XM_011433188.3	3456	3357	1.99992	0.69703
XM_011433189.3	4147	4048	0	0
XM_011433190.3	3916	3817	0	0
XM_011433191.3	3777	3678	5	1.59056
XM_011433192.3	6086	5987	0	0
XM_011433195.3	3910	3811	0	0
XM_011433198.3	1513	1414	0	0
XM_011433199.3	4649	4550	0	0
XM_011433200.3	3651	3552	3.97957	1.31085
XM_011433201.3	4119	4020	0	0
XM_011433202.3	6065	5966	3.46899	0.680316
XM_011433203.3	3667	3568	0.0204301	0.00669941
XM_011433205.3	4653	4554	0	0
XM_011433206.3	4318	4219	0	0
XM_011433207.3	4315	4216	0	0
XM_011433208.3	2924	2825	0	0
XM_011433209.3	2802	2703	0	0
XM_011433210.3	2805	2706	0	0
XM_011433211.3	2792	2693	0	0
XM_011433213.3	1288	1189	52	51.1696
XM_011433214.3	1491	1392	42.9706	36.1179
XM_011433215.3	1465	1366	0.0294325	0.0252097
XM_011433216.3	1562	1463	1	0.799736
XM_011433221.3	545	446	0	0
XM_011433222.3	3511	3412	0	0
XM_011433224.3	1084	985	16	19.0053
XM_011433227.3	1954	1855	4	2.52294
XM_011433231.3	3923	3824	0	0
XM_011433232.3	3845	3746	0	0
XM_011433233.3	1710	1611	3	2.1788
XM_011433241.3	1088	989	7	8.28119
XM_011433242.3	496	397	1390	4096.52
XM_011433243.3	5284	5185	30.2094	6.81685
XM_011433244.3	4769	4670	83.4539	20.9084
XM_011433245.3	3730	3631	1.52858e-08	4.92552e-09
XM_011433246.3	3724	3625	1.06361e-07	3.43292e-08
XM_011433248.3	3709	3610	1.37762e-05	4.46492e-06
XM_011433249.3	3697	3598	0.000684444	0.000222571
XM_011433250.3	3676	3577	0.656691	0.214799
XM_011433251.3	604	505	0	0
XM_011433252.3	3095	2996	18.5284	7.23579
XM_011433262.3	4279	4180	0	0
XM_011433268.3	2124	2025	0	0
XM_011433269.3	1894	1795	2	1.30364
XM_011433270.3	1942	1843	5	3.17421
XM_011433272.2	1838	1739	20	13.4562
XM_011433273.3	2510	2411	82	39.7931
XM_011433274.2	4661	4562	28.2376	7.24208
XM_011433277.3	1637	1538	0	0
XM_011433281.3	4770	4671	122	30.5591
XM_011433282.3	1836	1737	0	0
XM_011433283.3	1815	1716	0	0
XM_011433287.3	3278	3179	0.000417545	0.000153675
XM_011433288.3	3278	3179	0.000417545	0.000153675
XM_011433289.3	3275	3176	0.00126378	0.000465568
XM_011433290.3	3247	3148	40.9979	15.2376
XM_011433292.3	2627	2528	0	0
XM_011433293.3	5461	5362	9	1.96384
XM_011433303.3	3340	3241	0	0
XM_011433304.3	3335	3236	0	0
XM_011433305.3	3305	3206	0	0
XM_011433306.3	3300	3201	0	0
XM_011433308.3	2794	2695	2.46374e-05	1.06961e-05
XM_011433309.3	1518	1419	97	79.9798
XM_011433317.3	3215	3116	2	0.750971
XM_011433321.3	1761	1662	17	11.9676
XM_011433322.3	3860	3761	0	0
XM_011433323.3	3883	3784	0	0
XM_011433324.3	3712	3613	20	6.47669
XM_011433325.3	2731	2632	1	0.444534
XM_011433329.3	2589	2490	0	0
XM_011433330.3	2694	2595	5	2.25436
XM_011433331.3	2300	2201	6	3.1895
XM_011433332.3	2556	2457	1	0.476196
XM_011433333.3	1696	1597	0	0
XM_011433335.3	2400	2301	2.00995	1.02202
XM_011433338.3	1918	1819	5.34123	3.43557
XM_011433346.3	3975	3876	1	0.301861
XM_011433347.3	1050	951	1	1.2303
XM_011433348.3	1912	1813	0	0
XM_011433349.3	1852	1753	0	0
XM_011433350.3	1579	1480	0	0
XM_011433362.3	494	395	0	0
XM_011433364.3	6981	6882	9.39878	1.59789
XM_011433367.3	1576	1477	4	3.16862
XM_011433369.2	3456	3357	5	1.74265
XM_011433370.3	654	555	0	0
XM_011433376.3	3198	3099	41.4606	15.6533
XM_011433378.3	2287	2188	33	17.6465
XM_011433391.3	856	757	9	13.9103
XM_011433393.3	1561	1462	4	3.20113
XM_011433395.3	2327	2228	81.6277	42.866
XM_011433398.3	1159	1060	17.8342	19.6852
XM_011433399.3	603	504	98	227.503
XM_011433400.3	2180	2081	0	0
XM_011433401.3	1800	1701	0	0
XM_011433402.3	1704	1605	0	0
XM_011433403.3	1607	1508	0	0
XM_011433405.3	1841	1742	0	0
XM_011433406.3	2844	2745	0.124747	0.0531713
XM_011433407.3	1850	1751	0	0
XM_011433408.3	1823	1724	0	0
XM_011433410.3	1581	1482	32	25.2634
XM_011433411.3	1308	1209	11	10.6453
XM_011433413.3	2512	2413	26	12.6069
XM_011433414.3	2835	2736	5.87525	2.51247
XM_011433416.3	3429	3330	4.06233e-08	1.42732e-08
XM_011433418.3	5117	5018	2.13271	0.49727
XM_011433419.3	3391	3292	4	1.42164
XM_011433421.3	4364	4265	0.457112	0.125399
XM_011433422.3	4361	4262	1.04347	0.286455
XM_011433423.3	4349	4250	28.4994	7.84581
XM_011433426.3	1633	1534	0	0
XM_011433433.3	1597	1498	6.08943	4.75615
XM_011433437.3	870	771	0	0
XM_011433440.3	1351	1252	5.91057	5.52352
XM_011433441.3	2205	2106	10	5.55562
XM_011433442.3	1717	1618	2	1.44625
XM_011433449.2	2797	2698	0	0
XM_011433450.3	2714	2615	6	2.68454
XM_011433452.3	2773	2674	0	0
XM_011433455.3	2746	2647	0	0
XM_011433456.3	1242	1143	2	2.04727
XM_011433457.3	6461	6362	6	1.10344
XM_011433458.3	6997	6898	207.114	35.1299
XM_011433466.3	3403	3304	31.6795	11.2184
XM_011433467.3	1236	1137	2	2.05807
XM_011433471.3	4374	4275	11	3.01056
XM_011433481.3	530	431	10	27.1465
XM_011433485.3	2413	2314	25	12.6406
XM_011433486.3	1677	1578	0	0
XM_011433489.3	996	897	33	43.044
XM_011433490.3	897	798	11	16.128
XM_011433492.3	3250	3151	27	10.0255
XM_011433495.3	2332	2233	7	3.66775
XM_011433496.3	2410	2311	0	0
XM_011433499.3	1454	1355	10	8.63479
XM_011433500.3	640	541	21	45.4164
XM_011433503.3	3680	3581	0	0
XM_011433504.3	3078	2979	19.668	7.72467
XM_011433505.3	2528	2429	47	22.6392
XM_011433506.3	2205	2106	12.9834	7.21311
XM_011433507.3	1011	912	0	0
XM_011433508.3	1611	1512	0	0
XM_011433509.2	2496	2397	6	2.92869
XM_011433510.3	1142	1043	2	2.24355
XM_011433511.3	1764	1665	1	0.702711
XM_011433512.3	1832	1733	0	0
XM_011433533.3	1407	1308	0	0
XM_011433534.2	888	789	0	0
XM_011433536.2	1017	918	0	0
XM_011433537.2	1011	912	0	0
XM_011433541.3	1365	1266	0	0
XM_011433542.3	1357	1258	4	3.72023
XM_011433543.3	4233	4134	3	0.849066
XM_011433544.3	7558	7459	0	0
XM_011433548.3	6738	6639	65.4185	11.5289
XM_011433550.3	1304	1205	3.3256e-06	3.22904e-06
XM_011433555.3	1661	1562	0	0
XM_011433556.3	2296	2197	1	0.53255
XM_011433557.3	3335	3236	0.000312608	0.000113027
XM_011433558.3	3429	3330	0	0
XM_011433559.3	3399	3300	0	0
XM_011433560.3	3690	3591	0	0
XM_011433561.3	3462	3363	0	0
XM_011433563.3	3310	3211	2.79195	1.01732
XM_011433566.3	1851	1752	0.00121186	0.0008093
XM_011433567.3	1841	1742	0.998788	0.670836
XM_011433569.3	8085	7986	35	5.12778
XM_011433570.3	4152	4053	13.9817	4.03621
XM_011433571.3	4284	4185	0	0
XM_011433572.3	4206	4107	2.52953e-06	7.20618e-07
XM_011433573.3	867	768	19	28.9456
XM_011433574.3	3359	3260	0	0
XM_011433575.3	1312	1213	1	0.964562
XM_011433576.3	2268	2169	0	0
XM_011433577.3	2137	2038	3	1.7223
XM_011433578.3	2644	2545	35	16.0906
XM_011433579.3	1005	906	43	55.5304
XM_011433580.3	2319	2220	0	0
XM_011433581.3	2246	2147	20.7354	11.2998
XM_011433583.3	1273	1174	0	0
XM_011433587.3	1512	1413	30	24.841
XM_011433589.3	1431	1332	43	37.7707
XM_011433592.3	1854	1755	29	19.3336
XM_011433602.3	1720	1621	0	0
XM_011433603.3	2638	2539	0	0
XM_011433620.3	1348	1249	3	2.81028
XM_011433621.3	3237	3138	9	3.35568
XM_011433622.3	2640	2541	137.264	63.2037
XM_011433637.3	1583	1484	12	9.46102
XM_011433638.3	3758	3659	0	0
XM_011433640.3	3681	3582	1.30491	0.426232
XM_011433641.3	3660	3561	0.0751618	0.0246954
XM_011433643.3	4744	4645	1.03358	0.260346
XM_011433644.3	4741	4642	0	0
XM_011433645.3	4741	4642	97.3252	24.5308
XM_011433646.3	3714	3615	0	0
XM_011433662.3	1839	1740	0	0
XM_011433664.3	1640	1541	0	0
XM_011433665.3	2251	2152	0	0
XM_011433666.3	1947	1848	32	20.26
XM_011433667.3	1994	1895	2	1.23484
XM_011433674.3	1577	1478	2	1.58324
XM_011433676.3	2669	2570	4	1.82103
XM_011433678.3	3177	3078	6	2.28073
XM_011433685.2	726	627	166	309.764
XM_011433693.3	3968	3869	0	0
XM_011433696.3	3298	3199	8	2.92595
XM_011433697.3	1379	1280	0.00842588	0.00770187
XM_011433698.3	1373	1274	2.08531	1.9151
XM_011433699.3	1196	1097	5.85048	6.23988
XM_011433700.3	1334	1235	5	4.7369
XM_011433701.3	2646	2547	17	7.80928
XM_011433703.3	6058	5959	38.0791	7.47659
XM_011433704.3	3677	3578	0	0
XM_011433706.3	6102	6003	0.0068077	0.00132685
XM_011433714.3	2075	1976	2	1.18422
XM_011433715.3	1503	1404	2.28508	1.90426
XM_011433716.3	1349	1250	2.71492	2.54119
XM_011433717.3	2345	2246	8	4.16746
XM_011433718.3	2159	2060	0	0
XM_011433719.3	735	636	0	0
XM_011433720.3	2094	1995	2	1.17295
XM_011433721.3	685	586	1	1.99661
XM_011433726.3	593	494	0	0
XM_011433728.3	1636	1537	24	18.2696
XM_011433729.3	857	758	13	20.0662
XM_011433730.3	1929	1830	0	0
XM_011433732.3	1392	1293	1	0.904883
XM_011433734.3	1844	1745	0	0
XM_011433736.3	1452	1353	0	0
XM_011433739.3	623	524	0	0
XM_011433740.3	4674	4575	74	18.9248
XM_011433741.3	4393	4294	0	0
XM_011433742.3	1963	1864	35	21.9691
XM_011433743.3	5213	5114	61	13.956
XM_011433746.3	1480	1381	10	8.47222
XM_011433747.3	2540	2441	3	1.43795
XM_011433748.3	2299	2200	0	0
XM_011433749.3	2215	2116	6.08046	3.36211
XM_011433750.3	1867	1768	19.9195	13.1822
XM_011433752.3	1764	1665	1	0.702711
XM_011433753.3	1156	1057	51	56.4529
XM_011433761.3	2184	2085	0	0
XM_011433762.3	2504	2405	5.68447	2.76545
XM_011433767.3	3164	3065	0	0
XM_011433768.3	1162	1063	0	0
XM_011433769.3	2818	2719	5	2.15155
XM_011433770.3	819	720	27	43.8755
XM_011433771.3	1996	1897	96.8556	59.7376
XM_011433773.3	1831	1732	27	18.2392
XM_011433776.3	2330	2231	0	0
XM_011433777.3	2319	2220	0	0
XM_011433779.3	2304	2205	0	0
XM_011433781.3	2223	2124	0	0
XM_011433782.3	535	436	23	61.7209
XM_011433783.3	3666	3567	1	0.32801
XM_011433784.3	2258	2159	0	0
XM_011433788.3	6825	6726	33	5.74048
XM_011433805.3	1939	1840	12	7.63052
XM_011433806.3	1897	1798	0	0
XM_011433807.3	1921	1822	0	0
XM_011433808.3	2079	1980	0	0
XM_011433810.3	2102	2003	6	3.50478
XM_011433811.3	1037	938	1	1.24735
XM_011433812.3	7798	7699	16.9918	2.58223
XM_011433813.3	7952	7853	0	0
XM_011433814.3	4068	3969	11	3.24267
XM_011433815.3	2098	1999	9.68097	5.66627
XM_011433816.3	1778	1679	0	0
XM_011433817.3	3427	3328	0	0
XM_011433820.3	6019	5920	196	38.7369
XM_011433822.3	914	815	0	0
XM_011433824.3	2004	1905	1	0.61418
XM_011433825.3	2583	2484	0	0
XM_011433826.3	2522	2423	3	1.44863
XM_011433829.3	2308	2209	0	0
XM_011433831.3	1950	1851	0	0
XM_011433837.3	977	878	0	0
XM_011433839.3	2156	2057	5	2.84398
XM_011433840.3	2192	2093	0	0
XM_011433847.3	1975	1876	4	2.4947
XM_011433848.3	2694	2595	5	2.25436
XM_011433849.3	2188	2089	47.3555	26.523
XM_011433851.3	2149	2050	41.6445	23.7681
XM_011433854.3	6500	6401	39	7.12866
XM_011433855.3	6369	6270	0	0
XM_011433856.3	634	535	1	2.18694
XM_011433857.3	2870	2771	1	0.422235
XM_011433858.3	1447	1348	58	50.3418
XM_011433859.3	4321	4222	27	7.48232
XM_011433860.3	3530	3431	0	0
XM_011433861.3	2152	2053	1	0.569904
XM_011433863.3	7802	7703	0	0
XM_011433866.3	1845	1746	6.02105	4.03477
XM_011433867.3	2106	2007	14	8.16153
XM_011433870.3	722	623	57	107.048
XM_011433871.3	1037	938	0	0
XM_011433872.3	2234	2135	0	0
XM_011433873.3	2197	2098	34	18.9611
XM_011433879.3	4426	4327	1.88232	0.508976
XM_011433891.3	3855	3756	4.27728	1.33239
XM_011433892.3	1477	1378	1	0.849066
XM_011433893.3	906	807	0	0
XM_011433894.3	890	791	0	0
XM_011433905.3	2744	2645	0	0
XM_011433907.2	822	723	0	0
XM_011433910.3	1669	1570	2	1.49046
XM_011433913.3	2881	2782	0	0
XM_011433914.3	2879	2780	0	0
XM_011433916.3	2383	2284	0	0
XM_011433923.3	1248	1149	0	0
XM_011433924.3	2955	2856	0	0
XM_011433925.3	2891	2792	0	0
XM_011433926.3	2870	2771	0	0
XM_011433927.3	2573	2474	0	0
XM_011433929.3	2401	2302	1.83075	0.930496
XM_011433931.3	1466	1367	0	0
XM_011433932.3	2085	1986	4	2.35652
XM_011433933.3	5669	5570	0	0
XM_011433934.3	5572	5473	5.30382	1.13385
XM_011433935.3	2200	2101	30.3859	16.9214
XM_011433936.3	2207	2108	0.61406	0.340825
XM_011433938.3	1202	1103	0	0
XM_011433942.3	2737	2638	0	0
XM_011433943.3	831	732	8	12.787
XM_011433946.3	4141	4042	0	0
XM_011433948.3	3009	2910	0	0
XM_011433950.3	2559	2460	9	4.28054
XM_011433951.3	2656	2557	0	0
XM_011433952.3	1157	1058	0	0
XM_011433953.3	1154	1055	0	0
XM_011433955.3	1708	1609	15	10.9075
XM_011433961.3	1634	1535	0	0
XM_011433963.3	818	719	4.1966	6.82904
XM_011433964.3	3786	3687	74	23.4828
XM_011433968.3	3167	3068	0	0
XM_011433969.3	3145	3046	0	0
XM_011433970.3	3143	3044	0	0
XM_011433971.3	3130	3031	0	0
XM_011433972.3	3109	3010	0	0
XM_011433973.3	3079	2980	0	0
XM_011433974.3	4999	4900	0	0
XM_011433975.3	4898	4799	6.99996	1.70662
XM_011433976.3	4948	4849	3.67209e-05	8.86038e-06
XM_011433980.2	5385	5286	0.469295	0.103875
XM_011433982.3	1889	1790	0	0
XM_011433984.3	1032	933	4	5.01613
XM_011433987.3	1591	1492	2	1.56838
XM_011433988.3	5441	5342	2.00885e-06	4.39982e-07
XM_011433989.3	2099	2000	7	4.09505
XM_011433990.3	1670	1571	12	8.93709
XM_011433992.2	2024	1925	12	7.29359
XM_011433995.3	5371	5272	10.5307	2.33708
XM_011433996.3	2608	2509	4	1.86531
XM_011433997.3	2387	2288	1	0.511369
XM_011433998.3	1391	1292	3	2.71675
XM_011434001.2	5310	5211	0	0
XM_011434009.3	2902	2803	2	0.834829
XM_011434010.3	2227	2128	11	6.048
XM_011434011.3	3410	3311	0	0
XM_011434012.3	3161	3062	0	0
XM_011434013.3	2005	1906	9	5.52472
XM_011434014.3	1494	1395	2	1.67744
XM_011434015.3	2001	1902	0	0
XM_011434016.3	2337	2238	1.4929	0.780478
XM_011434018.3	787	688	1	1.7006
XM_011434020.3	3142	3043	0	0
XM_011434021.3	3415	3316	13.711	4.83779
XM_011434024.3	3505	3406	5.99999	2.06109
XM_011434025.3	3629	3530	0	0
XM_011434026.3	3544	3445	9.50944e-06	3.22966e-06
XM_011434027.3	498	399	184.44	540.845
XM_011434029.3	3577	3478	28	9.41931
XM_011434030.3	1291	1192	10	9.81555
XM_011434031.3	2014	1915	0	0
XM_011434034.3	836	737	19	30.1632
XM_011434035.3	793	694	0	0
XM_011434036.3	1482	1383	0	0
XM_011434037.3	1699	1600	6	4.38755
XM_011434038.3	2356	2257	13	6.73911
XM_011434041.3	2284	2185	0	0
XM_011434044.3	2304	2205	0	0
XM_011434045.3	2152	2053	9.64563e-07	5.49709e-07
XM_011434051.3	1275	1176	0	0
XM_011434052.3	1576	1477	1	0.792155
XM_011434053.3	1205	1106	1	1.05788
XM_011434054.3	4596	4497	4.22473	1.09918
XM_011434055.2	2364	2265	1	0.516562
XM_011434057.3	2135	2036	114	65.5116
XM_011434059.3	4945	4846	2.20492e-06	5.32355e-07
XM_011434060.3	4883	4784	8	1.95654
XM_011434062.3	3834	3735	0	0
XM_011434063.3	1902	1803	14.7669	9.58264
XM_011434064.3	760	661	10	17.7007
XM_011434065.3	2379	2280	0	0
XM_011434068.3	4610	4511	1.39833e-08	3.62684e-09
XM_011434070.3	4712	4613	0	0
XM_011434071.3	1887	1788	1	0.65437
XM_011434072.3	4258	4159	0	0
XM_011434073.3	1085	986	2.68235	3.18295
XM_011434075.3	2593	2494	13	6.09871
XM_011434080.3	3031	2932	0	0
XM_011434081.3	975	876	44	58.7678
XM_011434089.3	3138	3039	15	5.77499
XM_011434092.3	2377	2278	1.20724	0.620054
XM_011434093.3	1905	1806	8.53022	5.52628
XM_011434096.3	1213	1114	0	0
XM_011434097.3	1168	1069	2.04127	2.23415
XM_011434098.3	9991	9892	13.426	1.58801
XM_011434103.3	8523	8424	0	0
XM_011434105.3	574	475	0	0
XM_011434110.3	8958	8859	0	0
XM_011434117.3	3015	2916	6	2.40744
XM_011434118.3	8377	8278	0.789536	0.111593
XM_011434121.3	4605	4506	4.96833e-05	1.29006e-05
XM_011434122.3	4557	4458	14.1899	3.72417
XM_011434123.3	2457	2358	6.53741	3.24379
XM_011434124.3	3008	2909	1.59107	0.639936
XM_011434125.3	3002	2903	17.9268	7.22513
XM_011434126.3	2679	2580	4	1.81397
XM_011434135.3	3498	3399	0	0
XM_011434137.3	1267	1168	0	0
XM_011434140.3	532	433	0	0
XM_011434149.3	2488	2389	0	0
XM_011434151.3	3437	3338	0	0
XM_011434152.3	1944	1845	3.3487e-06	2.12359e-06
XM_011434153.3	1926	1827	0.3306	0.211717
XM_011434154.3	1920	1821	15.6694	10.0678
XM_011434159.3	1542	1443	0	0
XM_011434160.3	1539	1440	0	0
XM_011434161.3	4597	4498	15	3.90178
XM_011434163.3	893	794	0	0
XM_011434164.3	837	738	8	12.6831
XM_011434165.3	2735	2636	0	0
XM_011434167.3	2851	2752	0	0
XM_011434168.3	2847	2748	0	0
XM_011434169.3	2794	2695	0	0
XM_011434170.3	2905	2806	0	0
XM_011434172.3	2582	2483	1	0.47121
XM_011434175.3	2564	2465	0	0
XM_011434176.3	2498	2399	0	0
XM_011434177.3	618	519	1245.16	2807.03
XM_011434182.3	1494	1395	0	0
XM_011434185.3	2250	2151	0	0
XM_011434186.3	588	489	313.844	750.924
XM_011434187.3	2009	1910	1	0.612572
XM_011434188.3	2345	2246	9	4.68839
XM_011434194.3	696	597	0	0
XM_011434198.3	1098	999	0	0
XM_011434203.3	5574	5475	11.1854	2.39034
XM_011434209.3	527	428	0	0
XM_011434211.3	3173	3074	0	0
XM_011434212.3	2917	2818	0	0
XM_011434214.3	2767	2668	29	12.7175
XM_011434215.3	1287	1188	38	37.4247
XM_011434226.3	793	694	0	0
XM_011434228.3	743	644	42	76.3052
XM_011434229.3	1269	1170	11	11.0001
XM_011434230.3	2486	2387	0.000113808	5.57842e-05
XM_011434231.3	1592	1493	5	3.91833
XM_011434232.3	1591	1492	0	0
XM_011434238.3	1752	1653	0	0
XM_011434239.3	2464	2365	5.93099	2.93418
XM_011434240.3	1942	1843	2	1.26968
XM_011434241.3	2073	1974	0	0
XM_011434243.3	1737	1638	1	0.714294
XM_011434244.3	3214	3115	0.128304	0.0481919
XM_011434245.3	3202	3103	11.8717	4.47633
XM_011434248.3	1327	1228	0	0
XM_011434249.3	3291	3192	1	0.366546
XM_011434250.3	2674	2575	14	6.36124
XM_011434253.3	1918	1819	3	1.92965
XM_011434258.3	3509	3410	15.5924	5.34994
XM_011434263.3	1154	1055	0	0
XM_011434266.3	3807	3708	5	1.57769
XM_011434267.3	1100	1001	1	1.16884
XM_011434269.3	936	837	47	65.6997
XM_011434277.3	995	896	0	0
XM_011434282.3	1602	1503	8.30099	6.46192
XM_011434283.3	2259	2160	0	0
XM_011434286.3	8641	8542	0	0
XM_011434287.3	8638	8539	20.5605	2.8172
XM_011434288.3	2331	2232	4	2.0968
XM_011434289.3	8610	8511	0	0
XM_011434290.3	8556	8457	0	0
XM_011434291.2	7856	7757	59.6756	9.00106
XM_011434292.3	7938	7839	0.000262334	3.91548e-05
XM_011434294.3	7460	7361	94.7637	15.0625
XM_011434297.3	3236	3137	0	0
XM_011434298.3	3155	3056	0.708268	0.271166
XM_011434300.3	5223	5124	0	0
XM_011434301.3	1606	1507	5	3.88193
XM_011434303.3	1741	1642	0	0
XM_011434304.3	1601	1502	2	1.55794
XM_011434305.3	8029	7930	0	0
XM_011434306.3	7998	7899	0	0
XM_011434307.3	9491	9392	177.709	22.1381
XM_011434311.3	7974	7875	0	0
XM_011434313.3	9579	9480	0.00315327	0.000389174
XM_011434314.3	9523	9424	3.28822	0.40824
XM_011434315.3	7977	7878	0	0
XM_011434318.3	7948	7849	0	0
XM_011434326.3	1425	1326	1.79975e-08	1.58803e-08
XM_011434328.3	9527	9428	0	0
XM_011434329.3	3877	3778	2.1519	0.666424
XM_011434330.3	1658	1559	3	2.25147
XM_011434333.3	1748	1649	0	0
XM_011434335.3	1303	1204	44	42.758
XM_011434336.3	2921	2822	0	0
XM_011434339.3	6973	6874	0.0210929	0.0035902
XM_011434340.3	1108	1009	7	8.11704
XM_011434341.3	1715	1616	313.072	226.67
XM_011434342.3	1352	1253	0	0
XM_011434343.3	929	830	5	7.04827
XM_011434344.3	879	780	0	0
XM_011434346.3	1908	1809	4.49204	2.90534
XM_011434347.3	1964	1865	0	0
XM_011434348.3	1924	1825	3.36497	2.15729
XM_011434350.3	3018	2919	8	3.20661
XM_011434352.3	3056	2957	163	64.4952
XM_011434354.3	4781	4682	0	0
XM_011434356.3	9547	9448	0	0
XM_011434357.3	9522	9423	0	0
XM_011434359.3	9202	9103	5	0.642653
XM_011434361.3	3288	3189	0	0
XM_011434364.3	4766	4667	0	0
XM_011434369.3	2929	2830	30	12.403
XM_011434371.3	4748	4649	25	6.29175
XM_011434372.3	1914	1815	26.7775	17.2617
XM_011434375.3	2015	1916	7	4.27458
XM_011434378.3	4484	4385	0	0
XM_011434390.3	1682	1583	4	2.95645
XM_011434398.3	1319	1220	1.42812	1.36961
XM_011434399.3	1873	1774	0	0
XM_011434400.3	2002	1903	0	0
XM_011434401.3	1277	1178	54	53.6339
XM_011434402.3	1857	1758	0	0
XM_011434403.3	1793	1694	0	0
XM_011434404.3	1778	1679	0	0
XM_011434405.3	1649	1550	1.11184e-05	8.3927e-06
XM_011434406.3	1634	1535	0.999989	0.762215
XM_011434409.3	2998	2899	6.5736	2.65305
XM_011434410.3	2998	2899	6.5736	2.65305
XM_011434411.3	3034	2935	3.39354e-06	1.3528e-06
XM_011434412.3	2997	2898	9.85279	3.97788
XM_011434413.3	5210	5111	0	0
XM_011434417.2	4901	4802	0.000183065	4.46041e-05
XM_011434423.3	662	563	11	22.8599
XM_011434424.3	1822	1723	0	0
XM_011434427.3	1902	1803	2.09462	1.35925
XM_011434428.3	1962	1863	2	1.25605
XM_011434432.3	804	705	16	26.5535
XM_011434433.3	1914	1815	283	182.432
XM_011434436.3	1591	1492	0	0
XM_011434438.3	1345	1246	4	3.75606
XM_011434440.3	5937	5838	6.94306	1.39148
XM_011434441.3	2797	2698	0	0
XM_011434442.3	2740	2641	0	0
XM_011434443.3	1627	1528	3	2.29715
XM_011434445.3	2381	2282	0	0
XM_011434452.3	5308	5209	67	15.0491
XM_011434453.3	3257	3158	41.8217	15.4946
XM_011434454.3	3707	3608	43.1783	14.002
XM_011434455.3	1226	1127	2	2.07633
XM_011434456.3	1226	1127	2	2.07633
XM_011434457.3	1767	1668	119	83.4722
XM_011434458.3	1571	1472	0	0
XM_011434459.3	3633	3534	16	5.29717
XM_011434460.3	2299	2200	0	0
XM_011434461.3	2214	2115	4	2.21279
XM_011434462.3	707	608	344	661.981
XM_011434464.3	646	547	16	34.2234
XM_011434465.3	2154	2055	13	7.40154
XM_011434466.3	2402	2303	3	1.52412
XM_011434468.3	2570	2471	8	3.78798
XM_011434471.3	1861	1762	0	0
XM_011434472.3	1658	1559	0	0
XM_011434475.3	917	818	4	5.72134
XM_011434476.3	692	593	12	23.6765
XM_011434482.3	4532	4433	0	0
XM_011434486.3	3094	2995	15.1111	5.90323
XM_011434488.3	820	721	0	0
XM_011434490.3	877	778	0	0
XM_011434491.3	4435	4336	79.989	21.584
XM_011434492.3	719	620	4.95796	9.35626
XM_011434495.3	2314	2215	0	0
XM_011434500.3	4378	4279	0	0
XM_011434507.3	4330	4231	0	0
XM_011434515.3	2210	2111	7	3.87972
XM_011434517.2	2664	2565	8	3.64916
XM_011434519.2	2111	2012	0	0
XM_011434520.3	3022	2923	1	0.400278
XM_011434522.3	1010	911	48	61.6472
XM_011434523.3	1767	1668	6	4.20868
XM_011434525.3	3510	3411	21	7.20325
XM_011434529.3	1245	1146	2	2.04191
XM_011434539.3	3221	3122	0	0
XM_011434540.3	1535	1436	5	4.07386
XM_011434554.2	861	762	35	53.7408
XM_011434555.3	954	855	0	0
XM_011434556.3	1036	937	0	0
XM_011434557.3	5433	5334	0	0
XM_011434559.3	1029	930	3	3.77424
XM_011434560.3	1024	925	1	1.26488
XM_011434561.3	3389	3290	4	1.42251
XM_011434563.3	5892	5793	61	12.3202
XM_011434567.3	803	704	13	21.6054
XM_011434569.3	2394	2295	0	0
XM_011434570.3	6805	6706	0.00130583	0.000227832
XM_011434571.3	2019	1920	0	0
XM_011434572.3	1965	1866	0	0
XM_011434574.3	2023	1924	21	12.7704
XM_011434575.3	5830	5731	20	4.0831
XM_011434576.3	4591	4492	0.000599734	0.00015621
XM_011434577.3	4591	4492	0.000599734	0.00015621
XM_011434579.3	4549	4450	36.6007	9.62322
XM_011434580.3	765	666	0	0
XM_011434584.3	668	569	5.89309	12.1177
XM_011434585.3	1351	1252	4	3.73806
XM_011434586.3	2099	2000	42.0967	24.6268
XM_011434587.3	1283	1184	35	34.5865
XM_011434588.3	3313	3214	0	0
XM_011434589.3	10770	10671	15	1.64466
XM_011434591.3	2336	2237	33	17.2599
XM_011434592.3	3819	3720	7	2.20164
XM_011434594.3	1071	972	1	1.20372
XM_011434595.2	974	875	0.00468497	0.00626455
XM_011434596.2	968	869	14.9953	20.1896
XM_011434597.3	3005	2906	48	19.3258
XM_011434598.3	3128	3029	0	0
XM_011434600.3	3234	3135	19.8628	7.41299
XM_011434601.3	3199	3100	20.1372	7.60026
XM_011434602.3	862	763	0	0
XM_011434607.3	1536	1437	0	0
XM_011434609.3	3095	2996	0	0
XM_011434612.3	5367	5268	7.00222	1.55518
XM_011434613.3	3267	3168	28	10.341
XM_011434616.3	2376	2277	0	0
XM_011434617.3	976	877	0.000496222	0.000662014
XM_011434627.3	969	870	5.9995	8.06839
XM_011434628.3	2210	2111	2.908e-08	1.61175e-08
XM_011434629.3	1325	1226	13	12.4063
XM_011434630.3	701	602	0	0
XM_011434639.2	1479	1380	0	0
XM_011434640.3	618	519	40	90.1744
XM_011434642.3	593	494	0	0
XM_011434646.3	1579	1480	2	1.5811
XM_011434647.3	2484	2385	76.9859	37.7671
XM_011434648.3	6743	6644	1.01412	0.178587
XM_011434649.2	1389	1290	0	0
XM_011434650.3	2732	2633	13	5.77675
XM_011434651.3	1963	1864	4.99988	3.13837
XM_011434652.3	2916	2817	0	0
XM_011434653.3	2797	2698	9.15256	3.96909
XM_011434654.3	2634	2535	1.33388	0.615645
XM_011434655.3	3000	2901	0	0
XM_011434657.3	3041	2942	0	0
XM_011434658.3	3246	3147	0	0
XM_011434659.3	2680	2581	0	0
XM_011434660.3	4443	4344	3.17336e-08	8.54714e-09
XM_011434663.3	852	753	0	0
XM_011434665.3	1366	1267	7	6.46416
XM_011434666.3	1362	1263	0	0
XM_011434667.3	2586	2487	4	1.88181
XM_011434668.3	5057	4958	0	0
XM_011434669.3	5089	4990	0	0
XM_011434670.3	4746	4647	0	0
XM_011434671.3	5003	4904	17.2405	4.1133
XM_011434672.3	4763	4664	0	0
XM_011434673.3	4680	4581	0	0
XM_011434674.3	4720	4621	0	0
XM_011434675.3	4812	4713	0	0
XM_011434676.3	5037	4938	0	0
XM_011434678.3	4766	4667	0	0
XM_011434679.3	4628	4529	25.0742	6.47761
XM_011434680.3	4713	4614	85.6853	21.728
XM_011434681.3	4706	4607	5.01633e-08	1.27397e-08
XM_011434708.3	6023	5924	7	1.38253
XM_011434713.3	932	833	29	40.7328
XM_011434714.3	3965	3866	0	0
XM_011434715.3	3940	3841	0	0
XM_011434716.3	3978	3879	0	0
XM_011434717.3	1048	949	2	2.46578
XM_011434719.3	1524	1425	0	0
XM_011434720.3	1533	1434	0	0
XM_011434724.3	2431	2332	28	14.0482
XM_011434725.3	2514	2415	0	0
XM_011434729.3	3542	3443	0.00177155	0.000602015
XM_011434730.3	3521	3422	0	0
XM_011434731.3	3515	3416	18.1564	6.21873
XM_011434733.3	3494	3395	0	0
XM_011434734.3	1106	1007	21	24.3995
XM_011434736.3	727	628	8	14.9046
XM_011434737.3	6530	6431	0.0310423	0.00564763
XM_011434739.3	6491	6392	38.969	7.13301
XM_011434741.3	2107	2008	0	0
XM_011434743.3	2760	2661	2.34218	1.02983
XM_011434744.3	3645	3546	0	0
XM_011434746.3	2758	2659	5.65782	2.48955
XM_011434747.3	2013	1914	3	1.83388
XM_011434748.3	2485	2386	101	49.527
XM_011434754.3	4200	4101	0	0
XM_011434755.3	4190	4091	7.23469	2.0691
XM_011434756.3	4164	4065	0	0
XM_011434758.3	4056	3957	0	0
XM_011434759.3	4035	3936	0	0
XM_011434760.3	3915	3816	0	0
XM_011434762.3	4407	4308	0.000424743	0.000115356
XM_011434763.3	4402	4303	0	0
XM_011434764.3	1966	1867	17	10.6536
XM_011434768.3	1326	1227	0	0
XM_011434769.3	1155	1056	41	45.4267
XM_011434771.2	867	768	0	0
XM_011434772.3	1826	1727	0	0
XM_011434774.3	2297	2198	0	0
XM_011434775.3	2293	2194	0	0
XM_011434778.3	1332	1233	0	0
XM_011434779.3	3582	3483	7	2.35145
XM_011434782.3	1061	962	0	0
XM_011434783.3	3319	3220	3	1.09007
XM_011434785.3	2069	1970	7.00801e-05	4.16216e-05
XM_011434786.3	2053	1954	0.99993	0.598737
XM_011434788.3	2089	1990	20	11.7589
XM_011434789.3	1395	1296	48	43.3338
XM_011434790.3	1692	1593	0	0
XM_011434791.3	1726	1627	8.42403	6.05791
XM_011434792.3	1652	1553	0	0
XM_011434794.3	770	671	5	8.71843
XM_011434795.3	3319	3220	60.9856	22.1596
XM_011434796.3	1419	1320	6	5.31824
XM_011434797.3	3623	3524	0	0
XM_011434798.3	3559	3460	0	0
XM_011434799.3	3520	3421	0	0
XM_011434800.3	3373	3274	0	0
XM_011434801.3	682	583	15	30.1033
XM_011434802.2	1897	1798	39	25.3785
XM_011434804.3	2356	2257	2	1.03679
XM_011434814.3	2678	2579	19.909	9.03209
XM_011434817.3	1757	1658	0	0
XM_011434818.3	1719	1620	0	0
XM_011434820.3	1823	1724	0	0
XM_011434821.3	1399	1300	6	5.40006
XM_011434822.3	3694	3595	0	0
XM_011434824.3	1646	1547	6	4.53787
XM_011434825.3	3291	3192	61	22.3593
XM_011434826.3	3443	3344	4.68478e-05	1.63913e-05
XM_011434827.3	3405	3306	31.1014	11.007
XM_011434832.3	3849	3750	10	3.12004
XM_011434833.2	1897	1798	17	11.0624
XM_011434834.3	2333	2234	24	12.5695
XM_011434835.3	5324	5225	0.00180278	0.000403689
XM_011434836.3	2270	2171	0	0
XM_011434841.3	3421	3322	3.19247	1.12439
XM_011434844.3	1475	1376	3.91775e-07	3.33127e-07
XM_011434845.3	1457	1358	2	1.72314
XM_011434846.3	1882	1783	0	0
XM_011434847.3	1763	1664	0	0
XM_011434848.3	3663	3564	0	0
XM_011434849.3	3698	3599	22	7.15207
XM_011434850.3	1541	1442	1	0.811382
XM_011434854.3	2990	2891	728	294.628
XM_011434855.3	3228	3129	0.539316	0.201664
XM_011434856.3	3221	3122	7.46068	2.796
XM_011434861.3	1443	1344	9	7.83491
XM_011434862.3	1645	1546	7	5.2976
XM_011434863.3	2866	2767	31.7205	13.4129
XM_011434864.3	2145	2046	0	0
XM_011434865.3	3766	3667	0.000131891	4.2082e-05
XM_011434867.3	1626	1527	458	350.927
XM_011434869.3	2959	2860	60	24.5457
XM_011434870.3	2777	2678	0	0
XM_011434872.3	3730	3631	13.9999	4.51116
XM_011434876.3	4332	4233	3.26145e-07	9.01474e-08
XM_011434877.3	4499	4400	81.1606	21.5816
XM_011434878.3	3440	3341	49	17.1597
XM_011434887.3	1170	1071	0.00822983	0.00899068
XM_011434889.3	692	593	0	0
XM_011434890.3	698	599	0	0
XM_011434891.3	675	576	1	2.03127
XM_011434892.3	1570	1471	1	0.795386
XM_011434893.3	1693	1594	0	0
XM_011434895.3	3544	3445	13	4.41514
XM_011434897.3	2161	2062	0	0
XM_011434903.3	2610	2511	8.6854	4.047
XM_011434905.3	567	468	0	0
XM_011434907.3	1040	941	0	0
XM_011434912.3	1396	1297	1	0.902092
XM_011434913.3	3930	3831	41	12.5217
XM_011434914.3	3301	3202	0.0167877	0.00613425
XM_011434924.3	3646	3547	7	2.30902
XM_011434925.3	1780	1681	0	0
XM_011434928.3	2797	2698	2.86993e-07	1.24457e-07
XM_011434930.3	2794	2695	3	1.30243
XM_011434931.3	2753	2654	0	0
XM_011434935.3	2497	2398	1	0.487912
XM_011434936.3	2477	2378	0	0
XM_011434938.3	848	749	0	0
XM_011434939.3	1820	1721	0	0
XM_011434941.3	2395	2296	0	0
XM_011434942.3	6747	6648	0	0
XM_011434944.3	6684	6585	0	0
XM_011434946.3	1252	1153	7	7.10329
XM_011434947.3	1532	1433	2.99999	2.44943
XM_011434948.3	3779	3680	0.000108342	3.44462e-05
XM_011434949.3	5451	5352	5.43328	1.18778
XM_011434950.3	5448	5349	10.4881	2.29411
XM_011434951.3	5199	5100	0	0
XM_011434953.3	5196	5097	0	0
XM_011434954.3	4779	4680	0.802949	0.20074
XM_011434955.3	1922	1823	6.57218	4.21807
XM_011434956.3	3798	3699	0	0
XM_011434958.3	3685	3586	2	0.652545
XM_011434959.3	8199	8100	0.393046	0.056774
XM_011434961.3	2947	2848	0	0
XM_011434963.3	7531	7432	0	0
XM_011434968.3	7492	7393	2.24123e-06	3.54696e-07
XM_011434971.3	5109	5010	0	0
XM_011434972.3	1600	1501	0	0
XM_011434973.3	1631	1532	0	0
XM_011434975.3	5580	5481	24	5.12321
XM_011434976.3	1404	1305	10	8.96562
XM_011434977.3	2572	2473	0	0
XM_011434978.3	3613	3514	0	0
XM_011434985.3	2273	2174	0	0
XM_011434986.3	2075	1976	4.59258	2.71932
XM_011434987.3	2210	2111	7.12877	3.95109
XM_011434988.3	3090	2991	3.68731e-08	1.4424e-08
XM_011434989.3	1081	982	15.9314	18.9816
XM_011434990.3	2329	2230	8	4.19736
XM_011434992.3	7166	7067	0.000744971	0.000123338
XM_011434999.3	3665	3566	20	6.56205
XM_011435007.3	584	485	0	0
XM_011435013.3	2620	2521	0	0
XM_011435018.3	1574	1475	3	2.37969
XM_011435019.3	1926	1827	0.216738	0.1388
XM_011435020.3	1924	1825	0.783262	0.502152
XM_011435022.3	6269	6170	22.9997	4.36141
XM_011435023.3	6328	6229	0.000326225	6.12759e-05
XM_011435024.3	2677	2578	0	0
XM_011435025.3	2612	2513	0.175841	0.0818687
XM_011435026.3	1852	1753	2	1.33487
XM_011435028.3	3314	3215	0.146078	0.0531612
XM_011435031.3	1722	1623	7.20871	5.19672
XM_011435033.3	1792	1693	0	0
XM_011435034.3	1787	1688	0	0
XM_011435035.3	1773	1674	0	0
XM_011435036.3	1777	1678	0	0
XM_011435038.3	1693	1594	3	2.20203
XM_011435040.3	1752	1653	0	0
XM_011435042.3	1319	1220	0	0
XM_011435044.3	1889	1790	9	5.88275
XM_011435045.3	1938	1839	0	0
XM_011435047.3	2024	1925	1.30445	0.792844
XM_011435048.3	3993	3894	14.6955	4.41551
XM_011435050.3	928	829	0	0
XM_011435051.3	2453	2354	27.3724	13.605
XM_011435059.3	1755	1656	4	2.82612
XM_011435063.3	2359	2260	4	2.07082
XM_011435064.3	3208	3109	0	0
XM_011435067.3	777	678	5	8.62842
XM_011435070.3	3436	3337	0	0
XM_011435072.3	1964	1865	27.1426	17.028
XM_011435079.3	2417	2318	38	19.1805
XM_011435081.3	2214	2115	0.0344766	0.0190724
XM_011435082.3	2074	1975	0	0
XM_011435084.3	2299	2200	0	0
XM_011435086.3	1591	1492	0	0
XM_011435093.3	1338	1239	0	0
XM_011435094.3	1540	1441	0	0
XM_011435095.3	7337	7238	2.24456	0.362831
XM_011435097.3	7355	7256	0.121849	0.0196479
XM_011435098.3	7327	7228	11.3617	1.83914
XM_011435099.3	7515	7416	0	0
XM_011435100.3	7510	7411	0	0
XM_011435102.3	3879	3780	1.24476e-06	3.85286e-07
XM_011435107.3	3832	3733	2.94404	0.922734
XM_011435108.3	2905	2806	0.000276004	0.000115085
XM_011435109.3	2880	2781	9.99972	4.20705
XM_011435110.3	2940	2841	0	0
XM_011435111.3	1702	1603	0	0
XM_011435113.3	2482	2383	12.056	5.91928
XM_011435114.3	639	540	16	34.6671
XM_011435116.2	3576	3477	8	2.69201
XM_011435121.3	3063	2964	0	0
XM_011435122.3	2893	2794	36	15.0753
XM_011435126.3	3353	3254	1.61723	0.581493
XM_011435129.3	901	802	1835	2677.03
XM_011435130.3	2649	2550	0.0207162	0.0095052
XM_011435131.3	2634	2535	20.9793	9.68286
XM_011435143.3	2787	2688	32.3855	14.0965
XM_011435150.3	631	532	0	0
XM_011435159.3	1535	1436	10	8.14773
XM_011435164.3	2123	2024	0	0
XM_011435165.3	1927	1828	0	0
XM_011435168.3	2653	2554	0	0
XM_011435169.3	2031	1932	7	4.23918
XM_011435170.3	1391	1292	38	34.4122
XM_011435171.3	2186	2087	4	2.24248
XM_011435179.3	1749	1650	8	5.67279
XM_011435189.3	3171	3072	13	4.95123
XM_011435191.3	3087	2988	0	0
XM_011435197.3	1297	1198	6	5.85983
XM_011435198.3	689	590	0	0
XM_011435199.3	695	596	7	13.7418
XM_011435202.3	1256	1157	111	112.248
XM_011435206.3	2251	2152	0	0
XM_011435207.3	727	628	20	37.2616
XM_011435208.3	4453	4354	0	0
XM_011435209.3	3648	3549	5	1.64837
XM_011435210.3	3296	3197	41	15.0049
XM_011435214.3	2167	2068	2	1.13154
XM_011435221.3	1525	1426	14	11.4868
XM_011435223.3	3822	3723	32.444	10.1961
XM_011435224.3	3819	3720	83.5214	26.2691
XM_011435225.3	3723	3624	0	0
XM_011435232.3	1915	1816	3.03539	1.95564
XM_011435237.3	3547	3448	1	0.339331
XM_011435238.3	877	778	7.16061	10.7687
XM_011435241.3	2276	2177	1	0.537443
XM_011435248.3	2148	2049	0	0
XM_011435250.3	2865	2766	21	8.88297
XM_011435251.3	2213	2114	9	4.98114
XM_011435256.3	2669	2570	2	0.910516
XM_011435257.3	1616	1517	0	0
XM_011435261.2	1459	1360	0	0
XM_011435262.3	2356	2257	0	0
XM_011435263.3	2427	2328	0	0
XM_011435264.3	2353	2254	1.48006e-08	7.68275e-09
XM_011435265.3	3450	3351	0	0
XM_011435271.3	618	519	0	0
XM_011435281.3	2234	2135	3.14544	1.72375
XM_011435290.3	3167	3068	0	0
XM_011435293.3	5132	5033	0	0
XM_011435305.3	5090	4991	0	0
XM_011435307.3	5045	4946	0	0
XM_011435315.3	3473	3374	375	130.04
XM_011435318.2	2147	2048	4	2.28518
XM_011435319.3	7092	6993	36.0866	6.03772
XM_011435320.3	7092	6993	36.0866	6.03772
XM_011435321.3	7248	7149	45.8268	7.50006
XM_011435322.3	7335	7236	3.15532e-05	5.10195e-06
XM_011435323.3	7199	7100	6.63165e-07	1.09283e-07
XM_011435325.3	7216	7117	4.01166e-08	6.59504e-09
XM_011435326.3	2043	1944	6	3.61115
XM_011435329.3	866	767	38	57.9668
XM_011435331.3	1883	1784	8017.9	5258.44
XM_011435332.3	2369	2270	4	2.0617
XM_011435336.3	1732	1633	30	21.4944
XM_011435347.3	1803	1704	0	0
XM_011435348.3	2558	2459	28	13.3226
XM_011435354.3	4612	4513	2.0845	0.540414
XM_011435355.3	1590	1491	0	0
XM_011435357.3	1429	1330	1	0.879709
XM_011435358.3	3286	3187	0	0
XM_011435359.3	3269	3170	0	0
XM_011435361.3	3487	3388	0	0
XM_011435362.3	3154	3055	0.510833	0.19564
XM_011435363.3	3397	3298	0	0
XM_011435364.3	1088	989	0	0
XM_011435365.3	3252	3153	12	4.45295
XM_011435366.3	2044	1945	0	0
XM_011435367.3	979	880	4	5.31824
XM_011435368.3	2048	1949	0	0
XM_011435375.3	1338	1239	453	427.777
XM_011435377.3	1034	935	3	3.75405
XM_011435382.3	1627	1528	36.6385	28.0547
XM_011435383.3	1731	1632	5.3615	3.84377
XM_011435391.3	2720	2621	0	0
XM_011435392.3	2197	2098	0	0
XM_011435393.3	2295	2196	1	0.532793
XM_011435394.3	2888	2789	0	0
XM_011435396.3	816	717	55	89.75
XM_011435397.3	8326	8227	0.806001	0.114626
XM_011435398.3	8296	8197	58.5293	8.35428
XM_011435407.3	825	726	0	0
XM_011435411.3	3382	3283	3	1.06916
XM_011435413.3	1685	1586	0	0
XM_011435414.3	1618	1519	2	1.5405
XM_011435418.2	1187	1088	3	3.22614
XM_011435419.2	1187	1088	3	3.22614
XM_011435420.3	4108	4009	19	5.54509
XM_011435432.2	1576	1477	0	0
XM_011435434.3	882	783	0	0
XM_011435436.3	1392	1293	1.32456	1.19857
XM_011435443.3	1333	1234	78	73.9555
XM_011435445.3	1212	1113	1	1.05122
XM_011435447.3	892	793	10	14.7543
XM_011435448.3	1091	992	18	21.2301
XM_011435450.3	1121	1022	0	0
XM_011435451.3	1121	1022	0	0
XM_011435452.3	1004	905	4	5.17133
XM_011435453.3	2492	2393	7	3.42252
XM_011435455.3	4147	4048	1.50574	0.435212
XM_011435456.3	4138	4039	20.4943	5.93676
XM_011435457.3	3527	3428	0.00125228	0.000427416
XM_011435458.3	3496	3397	53.1494	18.306
XM_011435459.3	3508	3409	0.84938	0.291518
XM_011435461.3	3704	3605	61	19.7977
XM_011435462.3	1069	970	0.0186286	0.0224698
XM_011435464.3	1144	1045	0	0
XM_011435465.3	1063	964	26.9814	32.7475
XM_011435466.3	915	816	36	51.6182
XM_011435469.3	3554	3455	1.7689	0.599028
XM_011435470.3	3566	3467	0	0
XM_011435472.3	1745	1646	2	1.42164
XM_011435473.3	3305	3206	14	5.10923
XM_011435474.3	1314	1215	0	0
XM_011435475.3	12201	12102	4.31689e-08	4.17354e-09
XM_011435476.3	712	613	0	0
XM_011435477.3	690	591	0	0
XM_011435479.3	625	526	0	0
XM_011435484.3	12159	12060	2.54809e-06	2.47205e-07
XM_011435486.3	1293	1194	11	10.779
XM_011435487.3	877	778	14	21.0542
XM_011435488.3	2187	2088	0	0
XM_011435493.3	12041	11942	0.26014	0.0254871
XM_011435495.3	1035	936	18	22.5003
XM_011435500.3	3800	3701	8	2.52907
XM_011435501.3	3850	3751	1.16646e-06	3.63843e-07
XM_011435502.3	12053	11954	0.080087	0.00783862
XM_011435503.3	3434	3335	0	0
XM_011435504.3	2543	2444	2.45028	1.17302
XM_011435508.3	1799	1700	4	2.75297
XM_011435509.3	12184	12085	2.24533e-07	2.17382e-08
XM_011435514.3	3451	3352	33.8667	11.8211
XM_011435515.3	11979	11880	116.66	11.4894
XM_011435516.3	3269	3170	0.257395	0.0950016
XM_011435517.3	3253	3154	97.3538	36.1145
XM_011435518.3	1905	1806	0.0108905	0.00705536
XM_011435526.3	3997	3898	0	0
XM_011435528.3	4957	4858	0	0
XM_011435529.3	4891	4792	57.0432	13.9276
XM_011435530.3	4807	4708	28.9568	7.19624
XM_011435531.3	3650	3551	9	2.9654
XM_011435532.3	2557	2458	2	0.952004
XM_011435534.3	2128	2029	35	20.1826
XM_011435536.3	4105	4006	11.7452	3.43036
XM_011435537.3	708	609	0	0
XM_011435546.3	1909	1810	0	0
XM_011435547.3	1955	1856	0	0
XM_011435549.3	3992	3893	0	0
XM_011435551.3	657	558	0	0
XM_011435552.3	850	751	65	101.266
XM_011435553.3	3537	3438	2.11398	0.719426
XM_011435555.3	4010	3911	0	0
XM_011435556.3	847	748	108.791	170.169
XM_011435557.3	855	756	0.000414095	0.000640869
XM_011435562.3	4054	3955	0.131277	0.0388358
XM_011435565.3	1879	1780	5	3.28655
XM_011435567.3	736	637	2	3.67351
XM_011435569.3	563	464	1195	3013.29
XM_011435573.3	2811	2712	18	7.76558
XM_011435574.2	1282	1183	37	36.5938
XM_011435575.3	1707	1608	0	0
XM_011435581.3	1800	1701	0	0
XM_011435584.2	1946	1847	0	0
XM_011435585.3	2974	2875	48	19.5341
XM_011435588.3	1567	1468	4	3.18805
XM_011435592.3	2241	2142	3	1.63867
XM_011435602.2	1505	1406	0	0
XM_011435609.3	3157	3058	3	1.14782
XM_011435610.3	811	712	5	8.21639
XM_011435611.3	1111	1012	0	0
XM_011435612.3	1002	903	0	0
XM_011435613.3	3489	3390	0.162628	0.0561288
XM_011435622.3	5588	5489	42.6895	9.09952
XM_011435623.3	3482	3383	1.83737	0.635457
XM_011435624.3	1158	1059	0	0
XM_011435634.3	6323	6224	0	0
XM_011435635.3	6251	6152	0	0
XM_011435636.3	5841	5742	0	0
XM_011435637.3	2917	2818	3	1.24558
XM_011435638.3	3155	3056	1.35494e-05	5.1875e-06
XM_011435639.3	3120	3021	9.99999	3.87293
XM_011435640.3	5195	5096	0	0
XM_011435641.3	2645	2546	64	29.4112
XM_011435643.3	3857	3758	0	0
XM_011435644.3	5598	5499	29.1732	6.20712
XM_011435645.3	3771	3672	0	0
XM_011435648.3	1032	933	3	3.7621
XM_011435649.3	1025	926	1	1.26351
XM_011435650.3	634	535	0	0
XM_011435655.3	1490	1391	4	3.36452
XM_011435666.3	1285	1186	0	0
XM_011435667.3	1793	1694	7	4.83477
XM_011435673.3	2067	1968	10	5.94519
XM_011435674.2	3989	3890	62	18.648
XM_011435684.2	708	609	4	7.68482
XM_011435689.3	3089	2990	55	21.522
XM_011435690.3	5457	5358	1	0.218368
XM_011435693.3	4790	4691	0	0
XM_011435698.3	426	327	1000	3578.02
XM_011435699.3	4441	4342	2	0.538928
XM_011435713.3	2376	2277	0	0
XM_011435714.3	2692	2593	0	0
XM_011435717.3	2216	2117	1	0.552675
XM_011435720.3	8068	7969	43	6.31329
XM_011435722.3	1502	1403	107.731	89.8411
XM_011435723.3	3477	3378	10.2777	3.55982
XM_011435739.2	1227	1128	1	1.03725
XM_011435742.3	2556	2457	0	0
XM_011435743.3	617	518	9	20.3284
XM_011435744.3	2541	2442	9.5801e-06	4.59003e-06
XM_011435745.3	2526	2427	0.0131881	0.00635773
XM_011435746.3	2511	2412	18.9868	9.21012
XM_011435748.3	2060	1961	0.984927	0.587648
XM_011435749.3	2067	1968	0.0150725	0.00896091
XM_011435751.3	1428	1329	34	29.9326
XM_011435752.3	2133	2034	16	9.20365
XM_011435753.3	1463	1364	0	0
XM_011435763.3	5723	5624	2.28775	0.475943
XM_011435765.3	5755	5656	0	0
XM_011435766.3	1510	1411	0	0
XM_011435770.3	3505	3406	4.28741	1.47279
XM_011435771.3	3432	3333	64.6809	22.7055
XM_011435772.3	3572	3473	4.03172	1.35824
XM_011435773.3	3763	3664	0	0
XM_011435774.3	2645	2546	0	0
XM_011435776.3	1945	1846	0.00109437	0.000693621
XM_011435777.3	1960	1861	8.24988e-08	5.18671e-08
XM_011435778.3	1926	1827	203.999	130.641
XM_011435782.3	1066	967	0.0763882	0.0924253
XM_011435783.3	1063	964	2.92361	3.54841
XM_011435785.3	12957	12858	7.74991	0.705203
XM_011435786.3	11055	10956	14.2501	1.5218
XM_011435791.3	1014	915	0	0
XM_011435792.3	997	898	0	0
XM_011435794.3	2059	1960	0	0
XM_011435806.3	2008	1909	3	1.83868
XM_011435807.3	1695	1596	1	0.733091
XM_011435808.3	1798	1699	0	0
XM_011435810.3	2151	2052	0.152366	0.0868761
XM_011435825.3	3421	3322	0	0
XM_011435826.3	1633	1534	1	0.762721
XM_011435827.3	6883	6784	7.49902e-05	1.29333e-05
XM_011435828.3	6727	6628	0.000546926	9.65465e-05
XM_011435829.3	6806	6707	48.9994	8.54778
XM_011435830.3	2310	2211	0	0
XM_011435831.3	2312	2213	0	0
XM_011435850.3	2334	2235	1	0.523496
XM_011435851.3	997	898	7	9.12037
XM_011435852.3	2314	2215	19	10.0362
XM_011435859.3	6594	6495	0.00038789	6.98747e-05
XM_011435882.3	2959	2860	26	10.6365
XM_011435883.3	2653	2554	3	1.37433
XM_011435885.3	1319	1220	0	0
XM_011435886.3	1301	1202	0	0
XM_011435887.3	1292	1193	0	0
XM_011435892.3	2372	2273	16	8.23591
XM_011435894.3	3056	2957	10.0605	3.9807
XM_011435895.3	1529	1430	81.3517	66.5612
XM_011435896.3	2413	2314	0.116149	0.0587278
XM_011435899.3	928	829	0	0
XM_011435900.3	1850	1751	1	0.668197
XM_011435901.3	1873	1774	0	0
XM_011435904.3	1726	1627	25	17.9781
XM_011435908.3	3282	3183	0	0
XM_011435909.3	3247	3148	0.000631272	0.000234624
XM_011435917.3	2080	1981	1	0.590618
XM_011435923.3	2161	2062	7.7377	4.3905
XM_011435924.3	2814	2715	0	0
XM_011435925.3	2447	2348	2	0.996604
XM_011435927.3	1119	1020	0	0
XM_011435928.3	1226	1127	0	0
XM_011435929.3	1245	1146	29	29.6077
XM_011435931.3	2200	2101	0	0
XM_011435932.3	1460	1361	26	22.3515
XM_011435933.3	1139	1040	16	18.0002
XM_011435934.3	1677	1578	0	0
XM_011435940.3	4805	4706	398.319	99.0308
XM_011435941.3	2251	2152	0	0
XM_011435944.3	5343	5244	0.846928	0.188962
XM_011435945.3	5325	5226	47.8036	10.7024
XM_011435946.3	3700	3601	0	0
XM_011435947.3	1291	1192	0	0
XM_011435948.3	4746	4647	1.68083	0.423197
XM_011435949.3	1982	1883	0	0
XM_011435950.3	1397	1298	0	0
XM_011435951.3	3034	2935	0	0
XM_011435952.3	2768	2669	11	4.82209
XM_011435953.3	2095	1996	4	2.34472
XM_011435954.3	2009	1910	81.9384	50.1932
XM_011435955.3	2002	1903	96.0616	59.0612
XM_011435956.3	983	884	3	3.97063
XM_011435959.3	1031	932	0	0
XM_011435960.3	838	739	20	31.6648
XM_011435963.2	4739	4640	34	8.57337
XM_011435964.3	3784	3685	42.8193	13.5954
XM_011435966.3	5641	5542	0.036984	0.00780797
XM_011435968.3	1558	1459	18	14.4347
XM_011435970.3	811	712	4	6.57311
XM_011435971.3	1535	1436	5	4.07386
XM_011435972.3	1386	1287	136	123.638
XM_011435975.3	1679	1580	35	25.918
XM_011435983.3	2540	2441	21	10.0657
XM_011435986.3	4730	4631	0	0
XM_011435989.3	4585	4486	0.00731593	0.0019081
XM_011435993.3	4554	4455	24.9362	6.54898
XM_011435995.3	1940	1841	136	86.4323
XM_011435998.3	1859	1760	1	0.66478
XM_011435999.3	3924	3825	26	7.95303
XM_011436000.3	4300	4201	0	0
XM_011436002.3	1638	1539	19	14.4446
XM_011436003.3	1685	1586	0	0
XM_011436004.3	1500	1401	3	2.50538
XM_011436005.3	2141	2042	0	0
XM_011436007.3	2058	1959	6.06502	3.62233
XM_011436008.3	1735	1636	5.93498	4.24451
XM_011436011.3	2595	2496	5.32188	2.49466
XM_011436013.3	2228	2129	0	0
XM_011436014.3	1256	1157	74	74.8323
XM_011436015.3	2433	2334	0	0
XM_011436016.3	4413	4314	3.56824	0.967753
XM_011436017.3	3204	3105	83.4318	31.4384
XM_011436023.3	2637	2538	9.18284	4.23327
XM_011436026.3	1232	1133	0	0
XM_011436031.3	1242	1143	9.11567	9.33111
XM_011436032.3	1858	1759	17.075	11.3576
XM_011436033.3	3847	3748	1.40483e-06	4.38546e-07
XM_011436035.3	1765	1666	8	5.61831
XM_011436039.3	1867	1768	0	0
XM_011436040.3	1200	1101	9.88433	10.5039
XM_011436042.3	1827	1728	3.76053	2.54622
XM_011436043.3	1935	1836	0	0
XM_011436046.3	2534	2435	0	0
XM_011436048.3	4028	3929	0	0
XM_011436049.3	3515	3416	8.28894	2.83904
XM_011436050.3	8112	8013	0.00682215	0.000996132
XM_011436051.3	8058	7959	18.9932	2.79209
XM_011436053.3	2368	2269	17	8.76608
XM_011436073.3	1324	1225	0	0
XM_011436074.3	1581	1482	7.29223	5.75709
XM_011436075.3	1207	1108	0	0
XM_011436091.3	2982	2883	0	0
XM_011436092.3	2919	2820	0	0
XM_011436101.3	3323	3224	6	2.17744
XM_011436102.2	2055	1956	3.75273	2.24476
XM_011436103.3	2584	2485	10.2829	4.84151
XM_011436110.3	7449	7350	28.1252	4.47712
XM_011436111.3	6957	6858	0.126874	0.0216454
XM_011436118.3	1366	1267	0	0
XM_011436122.3	4507	4408	0	0
XM_011436123.3	4370	4271	0	0
XM_011436124.3	4383	4284	0	0
XM_011436125.3	4384	4285	0	0
XM_011436126.3	4446	4347	0	0
XM_011436127.3	4418	4319	0	0
XM_011436128.3	4354	4255	0	0
XM_011436130.3	4263	4164	7	1.96688
XM_011436131.3	4263	4164	7	1.96688
XM_011436134.3	5450	5351	44	9.62074
XM_011436135.3	2801	2702	0	0
XM_011436143.3	3868	3769	1.7803e-07	5.52661e-08
XM_011436149.3	1046	947	8	9.88396
XM_011436151.3	6356	6257	0.00115803	0.000216544
XM_011436152.3	6167	6068	24.1231	4.65135
XM_011436153.3	6386	6287	0	0
XM_011436156.3	1910	1811	28	18.0897
XM_011436157.3	2640	2541	0	0
XM_011436158.3	4980	4881	21	5.03386
XM_011436159.3	962	863	1.11144e-07	1.50684e-07
XM_011436161.3	949	850	6	8.25892
XM_011436162.3	2736	2637	22	9.7612
XM_011436164.3	1335	1236	11	10.4127
XM_011436165.3	3731	3632	14.1673	4.56386
XM_011436169.3	1348	1249	13	12.1779
XM_011436170.3	528	429	8	21.8184
XM_011436171.3	1919	1820	112	72.0008
XM_011436173.3	3403	3304	0	0
XM_011436174.3	3338	3239	0	0
XM_011436175.3	3406	3307	0	0
XM_011436176.3	3281	3182	8.50005	3.12545
XM_011436177.3	3304	3205	0.00182156	0.000664976
XM_011436190.3	3292	3193	0	0
XM_011436191.3	3320	3221	0	0
XM_011436193.3	3237	3138	0	0
XM_011436194.3	3295	3196	0	0
XM_011436195.3	3175	3076	39	14.8344
XM_011436196.3	3248	3149	0	0
XM_011436197.3	3368	3269	0	0
XM_011436198.3	3264	3165	0	0
XM_011436206.3	959	860	0	0
XM_011436213.3	2252	2153	8	4.34747
XM_011436214.3	1213	1114	5	5.25141
XM_011436215.3	1516	1417	0	0
XM_011436216.3	1435	1336	12.0905	10.5884
XM_011436217.3	1942	1843	57	36.186
XM_011436218.3	2537	2438	0	0
XM_011436229.3	1198	1099	24	25.5508
XM_011436231.3	2466	2367	5	2.47151
XM_011436233.3	926	827	7	9.90338
XM_011436234.3	1268	1169	4	4.00347
XM_011436236.3	8756	8657	9	1.21637
XM_011436239.3	890	791	0	0
XM_011436241.3	645	546	0	0
XM_011436254.3	1596	1497	0	0
XM_011436255.3	1545	1446	20.0807	16.2481
XM_011436256.3	1589	1490	5.73015	4.49956
XM_011436257.3	4115	4016	4	1.16535
XM_011436258.3	5010	4911	2.27146e-08	5.4116e-09
XM_011436259.3	5010	4911	0	0
XM_011436261.3	4995	4896	8.21608e-07	1.96342e-07
XM_011436262.3	4992	4893	1.6862e-06	4.03204e-07
XM_011436263.3	4957	4858	42.3367	10.1965
XM_011436264.3	4966	4867	0.000873129	0.000209898
XM_011436265.3	4935	4836	1.57115	0.380121
XM_011436266.3	4920	4821	60.0873	14.5826
XM_011436268.3	1375	1276	1.37134	1.25743
XM_011436270.3	1462	1363	15.9999	13.7345
XM_011436275.2	1479	1380	0	0
XM_011436278.3	1476	1377	9.95965e-05	8.46255e-05
XM_011436281.3	2249	2150	32.7143	17.8029
XM_011436290.3	2222	2123	2	1.10223
XM_011436291.3	3855	3756	32.8239	10.2248
XM_011436292.3	1982	1883	8	4.97085
XM_011436294.3	2042	1943	0	0
XM_011436295.3	1684	1585	5.83186e-08	4.30495e-08
XM_011436297.3	5377	5278	0	0
XM_011436298.3	5335	5236	0	0
XM_011436299.3	5230	5131	6.67668e-07	1.52247e-07
XM_011436300.3	5200	5101	0.00064838	0.000148719
XM_011436301.3	5188	5089	0.0102721	0.00236166
XM_011436302.3	5158	5059	10.5598	2.4422
XM_011436304.3	1078	979	5	5.97555
XM_011436305.3	4257	4158	0	0
XM_011436306.3	1329	1230	9	8.56107
XM_011436311.3	1693	1594	10.2377	7.51456
XM_011436312.2	2623	2524	4	1.85422
XM_011436313.3	2215	2116	0	0
XM_011436314.3	1821	1722	13	8.83285
XM_011436315.3	645	546	0	0
XM_011436321.3	2332	2233	0	0
XM_011436322.3	1094	995	0	0
XM_011436328.3	3462	3363	5	1.73954
XM_011436330.3	1599	1500	1	0.780009
XM_011436331.3	2521	2422	0	0
XM_011436343.3	1501	1402	8.37718	6.99102
XM_011436355.3	3117	3018	5	1.93839
XM_011436358.3	1907	1808	0	0
XM_011436359.3	1837	1738	1.96542	1.32311
XM_011436360.3	1843	1744	0.0344997	0.0231452
XM_011436361.3	2384	2285	1.08644	0.556301
XM_011436367.3	2887	2788	0	0
XM_011436368.3	742	643	0	0
XM_011436370.3	683	584	0	0
XM_011436371.3	1326	1227	0	0
XM_011436372.3	4108	4009	34	9.92279
XM_011436374.3	2250	2151	4	2.17576
XM_011436375.3	2798	2699	0	0
XM_011436376.3	2745	2646	6	2.65309
XM_011436377.3	5298	5199	0	0
XM_011436378.3	5938	5839	0	0
XM_011436379.3	5347	5248	0	0
XM_011436380.3	5286	5187	0	0
XM_011436381.3	5265	5166	0	0
XM_011436382.3	5253	5154	0	0
XM_011436383.3	5241	5142	0	0
XM_011436384.3	5229	5130	0	0
XM_011436385.3	5423	5324	118	25.9319
XM_011436386.3	4941	4842	0	0
XM_011436387.3	5129	5030	0	0
XM_011436388.3	2992	2893	1.14105e-06	4.61472e-07
XM_011436389.3	2953	2854	9.36505	3.83926
XM_011436390.3	1734	1635	5.59686	4.00514
XM_011436393.3	4186	4087	0	0
XM_011436394.3	3505	3406	20	6.87031
XM_011436395.3	3505	3406	20	6.87031
XM_011436400.3	2763	2664	10.5045	4.61353
XM_011436401.3	2723	2624	0	0
XM_011436402.3	2689	2590	0	0
XM_011436403.3	2717	2618	12.6105	5.63577
XM_011436404.3	2690	2591	0	0
XM_011436405.3	2658	2559	0	0
XM_011436407.3	2708	2609	21.0459	9.43808
XM_011436408.3	1117	1018	2	2.29865
XM_011436409.3	4139	4040	1.12473e-06	3.25729e-07
XM_011436412.3	4081	3982	26.1587	7.68608
XM_011436414.3	3025	2926	0	0
XM_011436415.3	3007	2908	0	0
XM_011436416.3	2977	2878	0	0
XM_011436417.3	2935	2836	0	0
XM_011436418.3	1961	1862	0	0
XM_011436419.3	1949	1850	0	0
XM_011436422.3	4998	4899	30	7.16481
XM_011436423.3	1409	1310	0	0
XM_011436424.3	1152	1053	19	21.1114
XM_011436426.3	1071	972	11	13.2409
XM_011436429.3	1383	1284	0	0
XM_011436432.3	1076	977	16	19.1609
XM_011436434.3	3222	3123	1	0.374644
XM_011436436.3	2220	2121	25.0484	13.8175
XM_011436439.3	4184	4085	7.14317	2.04593
XM_011436440.3	1970	1871	0.057676	0.0360672
XM_011436441.3	1748	1649	0.116436	0.082615
XM_011436442.3	1296	1197	0.493202	0.482083
XM_011436444.3	1164	1065	7	7.69023
XM_011436447.3	1029	930	0	0
XM_011436451.3	2983	2884	6.01373	2.43972
XM_011436454.3	2089	1990	0	0
XM_011436464.3	1620	1521	1.23279e-08	9.4831e-09
XM_011436465.3	1592	1493	36	28.212
XM_011436466.3	4347	4248	0	0
XM_011436467.3	4341	4242	50	13.7908
XM_011436470.3	2164	2065	202	114.452
XM_011436471.3	3354	3255	40	14.378
XM_011436473.3	3155	3056	55	21.0572
XM_011436474.3	1898	1799	0	0
XM_011436476.3	3176	3077	34	12.9283
XM_011436477.3	761	662	37.8144	66.8329
XM_011436478.3	894	795	1.8789	2.7652
XM_011436479.3	926	827	0	0
XM_011436480.3	693	594	0	0
XM_011436482.3	3290	3191	12.8563	4.7139
XM_011436483.3	3423	3324	6.5263	2.29719
XM_011436491.3	1764	1665	0	0
XM_011436502.3	1469	1370	0	0
XM_011436503.3	2958	2859	0	0
XM_011436512.3	2526	2427	13.9197	6.71045
XM_011436514.3	1639	1540	2.5	1.89937
XM_011436515.3	1639	1540	2.5	1.89937
XM_011436516.3	5632	5533	0	0
XM_011436518.3	4905	4806	0	0
XM_011436520.3	4749	4650	26	6.54201
XM_011436523.3	1050	951	0	0
XM_011436524.3	1023	924	1.03209e-05	1.30688e-05
XM_011436525.3	1014	915	0.99999	1.27869
XM_011436532.3	1689	1590	2	1.47171
XM_011436533.3	5119	5020	0	0
XM_011436535.3	5570	5471	43	9.19586
XM_011436542.3	2133	2034	65.1134	37.4551
XM_011436546.3	510	411	0	0
XM_011436550.3	927	828	0	0
XM_011436552.3	1218	1119	1.37747	1.44026
XM_011436565.3	3006	2907	0	0
XM_011436566.3	2913	2814	2.51189	1.0444
XM_011436567.3	2820	2721	0	0
XM_011436569.3	2359	2260	14	7.24787
XM_011436579.3	3879	3780	14	4.33338
XM_011436582.3	3959	3860	0	0
XM_011436584.3	3653	3554	3	0.987631
XM_011436585.3	931	832	13	18.2815
XM_011436586.3	1023	924	0.0431403	0.0546264
XM_011436587.3	1020	921	1.95686	2.48594
XM_011436588.3	1043	944	0	0
XM_011436589.3	1049	950	0	0
XM_011436590.3	1846	1747	0	0
XM_011436594.3	1598	1499	0	0
XM_011436595.3	1669	1570	0	0
XM_011436599.3	2781	2682	0	0
XM_011436600.3	2692	2593	0	0
XM_011436605.3	6754	6655	0	0
XM_011436608.3	5581	5482	1.07558e-06	2.29559e-07
XM_011436609.2	1535	1436	5	4.07386
XM_011436610.3	1100	1001	0	0
XM_011436611.3	4284	4185	0	0
XM_011436613.3	4006	3907	9	2.69519
XM_011436614.3	1462	1363	9	7.72569
XM_011436616.3	3692	3593	23.7393	7.73038
XM_011436617.3	868	769	3	4.56442
XM_011436618.3	903	804	0	0
XM_011436619.2	1431	1332	0	0
XM_011436622.3	775	676	73	126.348
XM_011436623.3	1373	1274	852	782.458
XM_011436624.3	4843	4744	11	2.71293
XM_011436627.3	3338	3239	0	0
XM_011436630.3	961	862	0	0
XM_011436634.3	670	571	0	0
XM_011436635.3	638	539	13	28.2192
XM_011436636.3	1197	1098	15	15.9838
XM_011436638.3	2268	2169	0	0
XM_011436640.3	2170	2071	0	0
XM_011436643.3	1508	1409	42	34.8762
XM_011436644.3	1718	1619	6	4.33606
XM_011436645.3	1454	1355	0	0
XM_011436651.3	2458	2359	0	0
XM_011436652.3	2245	2146	3.72938	2.03328
XM_011436668.3	2964	2865	4	1.63353
XM_011436669.3	2704	2605	0	0
XM_011436671.3	2658	2559	0	0
XM_011436683.3	1592	1493	28	21.9426
XM_011436684.3	1700	1601	0	0
XM_011436685.3	1730	1631	0	0
XM_011436686.3	2720	2621	0	0
XM_011436687.3	2715	2616	10.6186	4.74918
XM_011436688.3	2704	2605	0	0
XM_011436689.3	2661	2562	1.87856e-06	8.57898e-07
XM_011436690.3	2678	2579	0	0
XM_011436694.3	1209	1110	25	26.3517
XM_011436695.3	1520	1421	5	4.11687
XM_011436696.3	3079	2980	0	0
XM_011436703.3	3291	3192	0.187593	0.0687613
XM_011436704.3	3278	3179	22.5003	8.28111
XM_011436705.3	3138	3039	42.3121	16.2901
XM_011436706.3	1994	1895	0	0
XM_011436713.3	1145	1046	1	1.11856
XM_011436719.3	4222	4123	13.6979	3.88714
XM_011436720.3	4217	4118	22.0214	6.25676
XM_011436723.3	2798	2699	62	26.8769
XM_011436730.3	2534	2435	0	0
XM_011436732.3	3999	3900	9.79079	2.93727
XM_011436736.3	726	627	0	0
XM_011436737.3	822	723	0	0
XM_011436738.3	2530	2431	0	0
XM_011436739.3	3350	3251	9	3.23904
XM_011436740.3	2788	2689	0	0
XM_011436741.3	1780	1681	2	1.39204
XM_011436744.3	1287	1188	0	0
XM_011436745.3	1425	1326	6	5.29418
XM_011436746.3	2530	2431	0	0
XM_011436757.3	2521	2422	0	0
XM_011436759.3	2105	2006	1.02745	0.599269
XM_011436760.3	1800	1701	38.1258	26.2244
XM_011436761.3	4352	4253	29.8742	8.21848
XM_011436763.1	879	780	0	0
XM_011436764.3	2515	2416	0	0
XM_011436768.3	2494	2395	0	0
XM_011436773.3	1074	975	1	1.20001
XM_011436774.3	2488	2389	0	0
XM_011436775.3	1634	1535	0	0
XM_011436776.3	1990	1891	2	1.23745
XM_011436780.3	2835	2736	0	0
XM_011436781.3	4396	4297	2.32252e-08	6.32391e-09
XM_011436782.3	4325	4226	7.1388	1.97645
XM_011436783.3	4434	4335	0	0
XM_011436784.3	4372	4273	1.65667e-05	4.53623e-06
XM_011436790.3	2955	2856	0	0
XM_011436791.3	1187	1088	1	1.07538
XM_011436794.3	2678	2579	0.101898	0.0462279
XM_011436795.3	2786	2687	0	0
XM_011436796.3	2738	2639	0	0
XM_011436797.3	2763	2664	9	3.95275
XM_011436798.3	1428	1329	0	0
XM_011436799.3	5796	5697	0	0
XM_011436800.3	5749	5650	0	0
XM_011436801.3	5726	5627	0	0
XM_011436802.3	5698	5599	0	0
XM_011436803.3	5631	5532	1.15557e-06	2.44402e-07
XM_011436804.3	5865	5766	19.2734	3.91089
XM_011436805.3	5372	5273	0	0
XM_011436806.3	6586	6487	0	0
XM_011436808.3	5040	4941	0	0
XM_011436809.3	4975	4876	0	0
XM_011436810.3	5445	5346	0	0
XM_011436811.3	5424	5325	0	0
XM_011436812.3	5100	5001	0	0
XM_011436813.3	6355	6256	15.1879	2.84048
XM_011436815.3	4626	4527	0	0
XM_011436817.3	4762	4663	0	0
XM_011436822.3	5188	5089	18	4.13839
XM_011436827.3	3662	3563	4.25491	1.39722
XM_011436828.3	3606	3507	8.97636	2.99471
XM_011436829.3	3774	3675	3.87092	1.23239
XM_011436830.3	2826	2727	2.64158	1.13337
XM_011436831.3	2915	2816	0	0
XM_011436832.3	2954	2855	0	0
XM_011436833.3	2930	2831	0	0
XM_011436837.3	3673	3574	51	16.6958
XM_011436838.3	2445	2346	0	0
XM_011436839.3	2748	2649	24.8728	10.9858
XM_011436840.3	2503	2404	39.1593	19.0586
XM_011436841.3	1567	1468	0	0
XM_011436843.3	985	886	0	0
XM_011436848.3	1124	1025	0	0
XM_011436852.2	1643	1544	24.4871	18.5558
XM_011436853.2	1657	1558	0.000617436	0.000463677
XM_011436854.3	1646	1547	2.51233	1.9001
XM_011436855.3	1469	1370	0	0
XM_011436856.3	1352	1253	0	0
XM_011436857.3	1290	1191	0	0
XM_011436858.3	2801	2702	0	0
XM_011436859.3	844	745	0	0
XM_011436860.3	2875	2776	7.65504	3.2264
XM_011436861.3	1938	1839	25	15.9056
XM_011436862.3	1967	1868	2.67447e-07	1.67514e-07
XM_011436863.3	2943	2844	0	0
XM_011436864.3	2874	2775	4	1.68651
XM_011436867.3	1693	1594	28.963	21.2591
XM_011436868.3	1781	1682	0	0
XM_011436869.3	1583	1484	1.03704	0.817618
XM_011436871.3	1711	1612	0	0
XM_011436872.3	2079	1980	6	3.5455
XM_011436881.3	1952	1853	29	18.3111
XM_011436885.3	699	600	12	23.4003
XM_011436889.3	4722	4623	2	0.506171
XM_011436890.3	2614	2515	4.37574	2.03566
XM_011436892.3	7190	7091	0	0
XM_011436894.3	6920	6821	55.6052	9.53801
XM_011436895.3	7409	7310	0	0
XM_011436896.3	7095	6996	0	0
XM_011436897.3	7398	7299	0	0
XM_011436898.3	7151	7052	0	0
XM_011436899.3	7098	6999	0	0
XM_011436900.3	7013	6914	7.01973e-06	1.1879e-06
XM_011436902.3	7085	6986	1.35502	0.226938
XM_011436904.3	5026	4927	15.8419	3.76198
XM_011436907.3	5037	4938	1.15806	0.274391
XM_011436908.3	5434	5335	0	0
XM_011436910.3	2165	2066	7	3.96423
XM_011436911.3	1357	1258	16.8432	15.6652
XM_011436912.3	2087	1988	0	0
XM_011436918.3	3593	3494	1.34337e-05	4.49846e-06
XM_011436919.3	3555	3456	4.99999	1.69272
XM_011436920.3	1629	1530	2	1.52943
XM_011436923.3	1460	1361	5	4.29836
XM_011436926.3	4459	4360	0	0
XM_011436927.3	3477	3378	0	0
XM_011436928.3	3546	3447	0	0
XM_011436929.3	3562	3463	0	0
XM_011436930.3	4376	4277	21.7992	5.96337
XM_011436931.3	1302	1203	5	4.8629
XM_011436939.3	3646	3547	35	11.5451
XM_011436940.3	3430	3331	5.98442	2.10203
XM_011436941.3	2092	1993	0.0344564	0.020228
XM_011436942.3	2533	2434	0.00181964	0.000874695
XM_011436945.3	2515	2416	10.9982	5.32617
XM_011436946.3	5843	5744	0	0
XM_011436947.3	5808	5709	0	0
XM_011436948.3	5746	5647	0	0
XM_011436950.3	5730	5631	0	0
XM_011436951.3	1822	1723	95.759	65.0257
XM_011436958.3	3480	3381	2	0.692111
XM_011436962.3	1078	979	23	27.4875
XM_011436965.3	6375	6276	40.9988	7.64327
XM_011436966.3	6269	6170	0.00120984	0.000229422
XM_011436968.3	6194	6095	0	0
XM_011436977.3	2044	1945	6	3.6093
XM_011436979.3	1297	1198	19	18.5561
XM_011436981.3	2109	2010	3	1.74629
XM_011436982.3	1372	1273	0	0
XM_011436983.3	2167	2068	66	37.3409
XM_011436984.3	993	894	2	2.61748
XM_011436987.3	3713	3614	27	8.74111
XM_011436989.3	635	536	20	43.6572
XM_011436990.3	2077	1978	11	6.50665
XM_011436991.3	1581	1482	0	0
XM_011436992.3	1721	1622	0	0
XM_011436997.3	2232	2133	2	1.09706
XM_011436998.3	2051	1952	19	11.3885
XM_011437017.3	2409	2310	244	123.586
XM_011437024.3	2832	2733	0	0
XM_011437025.3	3294	3195	4	1.46481
XM_011437029.3	727	628	5	9.31539
XM_011437033.3	1653	1554	0	0
XM_011437038.2	1431	1332	0	0
XM_011437042.3	1559	1460	0	0
XM_011437043.3	1448	1349	1	0.867319
XM_011437049.3	1584	1485	34	26.7882
XM_011437051.3	1889	1790	0	0
XM_011437052.3	810	711	0	0
XM_011437054.3	835	736	0	0
XM_011437060.3	1502	1403	1	0.833937
XM_011437062.3	1784	1685	0	0
XM_011437063.3	1787	1688	0	0
XM_011437065.3	2347	2248	0	0
XM_011437066.3	2353	2254	0	0
XM_011437067.3	2203	2104	1	0.55609
XM_011437069.3	1101	1002	15	17.5152
XM_011437070.3	1948	1849	3	1.89835
XM_011437071.3	3790	3691	6	1.90195
XM_011437072.3	1447	1348	28	24.3029
XM_011437073.3	947	848	0	0
XM_011437074.3	1651	1552	0	0
XM_011437075.3	1633	1534	0	0
XM_011437076.3	1702	1603	0	0
XM_011437078.3	2301	2202	9.44774	5.01997
XM_011437079.3	1788	1689	0	0
XM_011437087.3	3378	3279	8.23869	2.93973
XM_011437088.3	1863	1764	0	0
XM_011437090.3	2551	2452	1.44481e-05	6.89416e-06
XM_011437091.3	2536	2437	0.01931	0.0092708
XM_011437093.3	2521	2422	26.9807	13.0338
XM_011437098.3	1652	1553	24	18.0813
XM_011437101.3	3227	3128	4	1.49618
XM_011437103.3	4858	4759	4	0.983411
XM_011437117.3	1383	1284	0	0
XM_011437120.3	3243	3144	11.0867	4.12583
XM_011437126.3	950	851	10.9886	15.1079
XM_011437127.3	2675	2576	0	0
XM_011437130.3	6145	6046	0	0
XM_011437131.3	6142	6043	0	0
XM_011437134.3	6222	6123	0	0
XM_011437135.3	5393	5294	9.90824	2.18979
XM_011437136.3	5486	5387	1.33215e-08	2.89332e-09
XM_011437137.3	5533	5434	0	0
XM_011437145.3	1698	1599	12.9821	9.49917
XM_011437146.3	1707	1608	0.0179499	0.0130607
XM_011437148.3	1185	1086	0	0
XM_011437149.3	5776	5677	0	0
XM_011437150.3	5727	5628	0	0
XM_011437151.3	5732	5633	0	0
XM_011437153.3	5645	5546	0.00306309	0.000646206
XM_011437155.3	1303	1204	0	0
XM_011437157.2	1029	930	0	0
XM_011437158.3	1097	998	4.91329	5.76014
XM_011437162.3	1241	1142	2	2.04906
XM_011437163.3	1203	1104	0.00380995	0.00403776
XM_011437164.3	1191	1092	0.00191776	0.00205477
XM_011437165.3	1195	1096	19.3135	20.6178
XM_011437166.3	1183	1084	10.6807	11.5282
XM_011437167.3	1523	1424	19	15.6111
XM_011437168.3	2262	2163	0	0
XM_011437169.3	2319	2220	0	0
XM_011437170.3	761	662	10	17.6739
XM_011437171.3	2190	2091	1	0.559547
XM_011437172.3	2897	2798	0	0
XM_011437173.3	2893	2794	0	0
XM_011437174.3	2714	2615	3	1.34227
XM_011437176.3	2268	2169	0	0
XM_011437177.3	1936	1837	0	0
XM_011437178.3	7818	7719	0.0031836	0.000482557
XM_011437181.3	1690	1591	13	9.56013
XM_011437186.3	2850	2751	2.71838	1.15614
XM_011437187.3	2400	2301	0	0
XM_011437189.3	1836	1737	0	0
XM_011437192.3	585	486	42	101.112
XM_011437193.2	3329	3230	3	1.0867
XM_011437195.3	3195	3096	11.2351	4.24586
XM_011437196.3	1660	1561	9	6.74575
XM_011437197.3	704	605	5	9.66953
XM_011437200.3	1825	1726	8	5.42301
XM_011437201.3	4727	4628	24	6.06749
XM_011437202.3	5115	5016	0	0
XM_011437205.3	1430	1331	1	0.879048
XM_011437209.3	3117	3018	6.99346	2.71121
XM_011437221.3	2015	1916	0	0
XM_011437222.3	1777	1678	39	27.1934
XM_011437223.3	2465	2366	166	82.0889
XM_011437224.3	2615	2516	0	0
XM_011437225.3	2605	2506	0	0
XM_011437227.3	2547	2448	0	0
XM_011437228.3	1134	1035	11	12.4349
XM_011437229.3	899	800	0	0
XM_011437230.3	884	785	0	0
XM_011437234.3	971	872	0	0
XM_011437235.3	1557	1458	2	1.60496
XM_011437237.3	3056	2957	14.2296	5.63033
XM_011437238.3	3079	2980	0.00160739	0.000631095
XM_011437242.3	2581	2482	19	8.95659
XM_011437250.2	3373	3274	4.86655e-06	1.73913e-06
XM_011437254.3	2654	2555	27.1209	12.4195
XM_011437255.3	1498	1399	36	30.1076
XM_011437256.3	883	784	0	0
XM_011437257.3	934	835	0	0
XM_011437260.3	3892	3793	52	16.0403
XM_011437267.3	1396	1297	52	46.9088
XM_011437268.3	4017	3918	4.18606e-05	1.25006e-05
XM_011437269.3	3999	3900	0.0092811	0.00278436
XM_011437270.3	3997	3898	0.0169399	0.00508464
XM_011437272.3	4012	3913	0.000187211	5.59774e-05
XM_011437273.3	3994	3895	0.0417956	0.0125549
XM_011437275.3	3990	3891	0.139495	0.0419459
XM_011437281.3	1738	1639	0	0
XM_011437284.3	1063	964	0	0
XM_011437285.3	1162	1063	0	0
XM_011437286.3	10208	10109	0	0
XM_011437287.2	10241	10142	1.47564e-06	1.70234e-07
XM_011437289.2	10100	10001	20	2.33979
XM_011437291.3	2203	2104	1	0.55609
XM_011437293.3	2521	2422	5	2.41539
XM_011437294.3	2569	2470	0	0
XM_011437298.3	1188	1089	0	0
XM_011437299.3	4473	4374	0	0
XM_011437300.3	4349	4250	26	7.15773
XM_011437301.3	4348	4249	0	0
XM_011437302.3	2530	2431	14.8397	7.14216
XM_011437303.3	2531	2432	9.16035	4.40696
XM_011437304.3	3964	3865	0	0
XM_011437307.3	4112	4013	11.1118	3.23971
XM_011437308.3	4183	4084	1.29284e-08	3.70381e-09
XM_011437316.3	1836	1737	0	0
XM_011437317.3	3436	3337	0.000200706	7.0371e-05
XM_011437318.3	3559	3460	0	0
XM_011437320.3	3881	3782	0	0
XM_011437321.3	3825	3726	0.0595336	0.0186943
XM_011437322.3	3452	3353	9	3.14051
XM_011437323.3	801	702	3	5.00006
XM_011437325.3	4258	4159	4	1.12528
XM_011437327.3	2034	1935	36	21.7677
XM_011437328.3	2631	2532	0	0
XM_011437329.3	2530	2431	10.225	4.92119
XM_011437330.3	7977	7878	0	0
XM_011437335.3	909	810	0	0
XM_011437337.3	943	844	0	0
XM_011437341.3	2481	2382	0	0
XM_011437342.3	1910	1811	0	0
XM_011437350.3	1890	1791	0	0
XM_011437351.3	1930	1831	0	0
XM_011437352.3	2007	1908	0	0
XM_011437353.3	3277	3178	0	0
XM_011437354.3	3148	3049	17.6056	6.7559
XM_011437355.3	3147	3048	25.8677	9.92964
XM_011437356.3	3281	3182	0	0
XM_011437357.3	3213	3114	0	0
XM_011437361.3	3434	3335	36.5884	12.8363
XM_011437363.3	2620	2521	0.396679	0.184101
XM_011437364.3	2617	2518	1.60332	0.744999
XM_011437365.3	778	679	0	0
XM_011437366.3	998	899	0	0
XM_011437367.3	726	627	0	0
XM_011437368.3	649	550	0	0
XM_011437369.3	727	628	0	0
XM_011437370.3	667	568	0	0
XM_011437372.3	2391	2292	0	0
XM_011437378.3	2370	2271	0	0
XM_011437381.3	2349	2250	0	0
XM_011437383.3	2322	2223	0	0
XM_011437384.3	2316	2217	0	0
XM_011437385.3	2301	2202	0	0
XM_011437386.3	2244	2145	3.0869	1.68378
XM_011437399.3	2818	2719	2.22529	0.957563
XM_011437403.3	5183	5084	13.7911	3.17383
XM_011437404.3	5174	5075	110.209	25.4081
XM_011437405.3	4299	4200	9.84351e-07	2.74215e-07
XM_011437406.3	4272	4173	0.00189938	0.000532543
XM_011437407.3	4242	4143	8.9981	2.54113
XM_011437408.3	2187	2088	0	0
XM_011437412.3	1970	1871	3.51051	2.19527
XM_011437413.3	1943	1844	2	1.269
XM_011437414.3	1253	1154	0	0
XM_011437415.3	1480	1381	0	0
XM_011437420.3	3560	3461	0	0
XM_011437421.3	3486	3387	19	6.56341
XM_011437423.3	4400	4301	0	0
XM_011437424.3	3898	3799	33	10.1633
XM_011437425.3	1646	1547	5	3.78156
XM_011437426.3	3008	2909	29.5256	11.8753
XM_011437427.3	1908	1809	60	38.8064
XM_011437431.3	2082	1983	0	0
XM_011437432.3	1437	1338	0	0
XM_011437433.3	1239	1140	2	2.05266
XM_011437437.3	2286	2187	0	0
XM_011437445.3	7472	7373	0	0
XM_011437448.3	2232	2133	34.7281	19.0494
XM_011437449.3	3234	3135	9	3.35889
XM_011437451.3	3706	3607	0.215872	0.0700231
XM_011437452.3	3694	3595	10.7601	3.50195
XM_011437453.3	1801	1702	0	0
XM_011437454.3	1923	1824	1	0.641455
XM_011437470.2	1158	1059	0	0
XM_011437475.3	2030	1931	14.7514	8.93803
XM_011437478.3	7650	7551	72.4464	11.2254
XM_011437480.3	976	877	0	0
XM_011437481.3	2412	2313	7	3.5409
XM_011437502.3	1561	1462	9	7.20254
XM_011437515.3	1114	1015	30	34.5817
XM_011437516.3	1115	1016	0	0
XM_011437523.3	1046	947	0	0
XM_011437524.3	4360	4261	1	0.274587
XM_011437529.3	4743	4644	23	5.79464
XM_011437530.3	1574	1475	5	3.96615
XM_011437531.3	990	891	0	0
XM_011437532.3	1683	1584	0	0
XM_011437533.3	1714	1615	0	0
XM_011437538.3	911	812	7.38182	10.6365
XM_011437540.3	1514	1415	0	0
XM_011437542.3	5533	5434	0	0
XM_011437543.3	5533	5434	0	0
XM_011437544.3	5297	5198	76.7261	17.2702
XM_011437546.3	801	702	7.61818	12.6971
XM_011437548.3	732	633	23	42.5123
XM_011437549.3	712	613	30	57.26
XM_011437553.3	5395	5296	47.9184	10.5863
XM_011437554.3	1980	1881	0	0
XM_011437555.3	3441	3342	6.10704	2.13804
XM_011437557.3	1960	1861	45	28.2916
XM_011437558.3	3095	2996	9	3.51473
XM_011437559.3	2624	2525	19	8.80406
XM_011437561.3	2472	2373	0	0
XM_011437562.3	2452	2353	0	0
XM_011437563.3	1258	1159	0	0
XM_011437566.3	799	700	1	1.67145
XM_011437568.3	1043	944	1	1.23942
XM_011437569.3	2497	2398	10.813	5.27577
XM_011437572.3	2317	2218	0	0
XM_011437573.3	2315	2216	0	0
XM_011437574.3	3219	3120	0	0
XM_011437576.3	1624	1525	38.738	29.7207
XM_011437577.3	1784	1685	2.47524	1.71873
XM_011437582.3	2589	2490	57.2137	26.8839
XM_011437584.3	2625	2526	0	0
XM_011437585.3	973	874	0	0
XM_011437590.3	1520	1421	0	0
XM_011437595.3	2597	2498	38.1793	17.8824
XM_011437603.3	2659	2560	3993	1824.95
XM_011437607.3	6076	5977	98	19.1838
XM_011437609.2	2679	2580	4	1.81397
XM_011437610.3	1411	1312	36	32.104
XM_011437612.3	2518	2419	12.9962	6.28594
XM_011437616.3	7438	7339	0	0
XM_011437619.3	7548	7449	0	0
XM_011437620.3	8041	7942	19.5569	2.88112
XM_011437622.3	7635	7536	3.32094	0.515598
XM_011437624.3	2181	2082	4	2.24786
XM_011437625.3	1060	961	0	0
XM_011437626.3	3459	3360	2	0.696437
XM_011437627.3	1820	1721	17	11.5574
XM_011437629.3	3954	3855	0.0414619	0.0125839
XM_011437630.3	3940	3841	2.95854	0.901205
XM_011437634.3	2599	2500	65.3027	30.562
XM_011437641.3	1962	1863	0	0
XM_011437642.3	3028	2929	11	4.39404
XM_011437647.3	3430	3331	15	5.26875
XM_011437648.3	1759	1660	7.46682	5.26282
XM_011437656.3	3910	3811	5.41822	1.66345
XM_011437657.3	4070	3971	0	0
XM_011437659.3	4043	3944	0	0
XM_011437660.3	3921	3822	0.18432	0.0564252
XM_011437661.3	3904	3805	34.3975	10.577
XM_011437665.3	4239	4140	0.000862513	0.000243756
XM_011437668.3	1905	1806	0	0
XM_011437669.3	1889	1790	0	0
XM_011437670.3	1801	1702	4	2.74974
XM_011437674.3	4612	4513	0	0
XM_011437679.3	2260	2161	0	0
XM_011437683.3	4350	4251	0	0
XM_011437684.3	1336	1237	0	0
XM_011437685.3	962	863	0	0
XM_011437690.3	4215	4116	0.78988	0.224531
XM_011437691.3	2805	2706	2.99996	1.29711
XM_011437696.3	2175	2076	1	0.56359
XM_011437699.3	2630	2531	31	14.3305
XM_011437704.3	5618	5519	148.76	31.5368
XM_011437706.3	1204	1105	0	0
XM_011437707.3	1123	1024	25	28.5648
XM_011437710.3	594	495	13	30.7276
XM_011437717.3	775	676	1	1.73079
XM_011437718.3	740	641	0	0
XM_011437719.3	1571	1472	1	0.794846
XM_011437726.3	1284	1185	0	0
XM_011437727.3	1383	1284	13	11.8459
XM_011437728.3	4061	3962	35.8563	10.5887
XM_011437729.3	4318	4219	16.4163	4.55258
XM_011437730.3	4437	4338	23.0745	6.22347
XM_011437731.3	1768	1669	0	0
XM_011437732.3	1829	1730	0	0
XM_011437733.3	781	682	0	0
XM_011437735.2	1994	1895	13	8.02648
XM_011437737.3	1184	1085	0	0
XM_011437738.3	2074	1975	0	0
XM_011437739.3	2079	1980	0	0
XM_011437740.3	2889	2790	7.18634	3.01366
XM_011437742.3	2276	2177	24	12.8986
XM_011437747.3	3397	3298	2	0.709529
XM_011437748.3	5176	5077	218	50.2389
XM_011437749.3	2444	2345	0	0
XM_011437753.3	1269	1170	5	5.00006
XM_011437756.3	1908	1809	4	2.58709
XM_011437757.3	2416	2317	28	14.1391
XM_011437760.3	8900	8801	3.34465e-06	4.44641e-07
XM_011437761.3	9303	9204	0	0
XM_011437763.3	9816	9717	7.24973e-07	8.72933e-08
XM_011437764.3	10870	10771	0	0
XM_011437765.3	12264	12165	1.2776e-05	1.22878e-06
XM_011437766.3	10730	10631	0	0
XM_011437767.3	8888	8789	1.65737e-05	2.20633e-06
XM_011437768.3	8786	8687	14.6592	1.97439
XM_011437769.3	9163	9064	0	0
XM_011437771.3	12122	12023	12.2415	1.19128
XM_011437772.3	10859	10760	4.03662	0.438931
XM_011437773.3	8791	8692	58.1799	7.83148
XM_011437774.3	9673	9574	25.8828	3.16306
XM_011437775.3	715	616	6.70513	12.7355
XM_011437776.3	705	606	0	0
XM_011437780.3	3462	3363	9	3.13117
XM_011437788.3	4716	4617	156.484	39.6552
XM_011437789.3	4693	4594	8.7047	2.21694
XM_011437790.3	4157	4058	0	0
XM_011437791.3	4156	4057	0	0
XM_011437792.3	3289	3190	16	5.86841
XM_011437794.3	3546	3447	6.83702	2.32069
XM_011437795.3	3557	3458	0.162847	0.0550993
XM_011437796.3	3696	3597	0	0
XM_011437799.3	4065	3966	89	26.256
XM_011437800.3	3583	3484	0.958081	0.321747
XM_011437801.3	3580	3481	2.63177	0.884576
XM_011437803.3	3404	3305	0	0
XM_011437805.2	5012	4913	39.8383	9.48735
XM_011437806.3	3816	3717	0	0
XM_011437807.3	3739	3640	4.16533	1.33887
XM_011437812.3	4529	4430	0	0
XM_011437813.3	4784	4685	0	0
XM_011437815.3	4460	4361	24	6.43896
XM_011437834.3	2261	2162	0	0
XM_011437835.3	1302	1203	6	5.83548
XM_011437836.3	992	893	3	3.93062
XM_011437852.3	1635	1536	11	8.379
XM_011437853.3	1911	1812	0.417827	0.269792
XM_011437855.3	1806	1707	0	0
XM_011437858.3	1455	1356	13	11.2169
XM_011437859.3	772	673	2	3.47701
XM_011437860.3	1864	1765	0	0
XM_011437864.3	1609	1510	4	3.09937
XM_011437865.3	1495	1396	2	1.67624
XM_011437866.3	1010	911	0	0
XM_011437867.3	981	882	0	0
XM_011437869.3	1273	1174	3	2.98981
XM_011437870.3	1271	1172	0	0
XM_011437871.3	1836	1737	0	0
XM_011437872.3	1893	1794	0	0
XM_011437873.3	1149	1050	0	0
XM_011437874.3	1343	1244	2.2609	2.12643
XM_011437876.3	3285	3186	0	0
XM_011437877.3	1868	1769	3	1.98419
XM_011437878.3	1061	962	0	0
XM_011437880.3	1810	1711	1	0.683818
XM_011437882.3	2965	2866	0	0
XM_011437894.3	389	290	0	0
XM_011437898.3	4263	4164	78	21.9167
XM_011437899.3	3353	3254	0.0258968	0.00931151
XM_011437901.3	3341	3242	1.9741	0.712439
XM_011437902.3	2560	2461	0	0
XM_011437904.3	2550	2451	0	0
XM_011437905.3	2541	2442	0	0
XM_011437906.3	2929	2830	8.44567e-07	3.49171e-07
XM_011437907.3	2911	2812	0.00150369	0.000625652
XM_011437908.3	4032	3933	4.77482	1.42044
XM_011437909.3	2822	2723	0	0
XM_011437910.3	3762	3663	36	11.4989
XM_011437911.3	2753	2654	3	1.32255
XM_011437912.3	1411	1312	1.37597e-06	1.22706e-06
XM_011437914.3	3021	2922	0	0
XM_011437916.3	2614	2515	8	3.72171
XM_011437917.3	3294	3195	5.01	1.83467
XM_011437918.2	5155	5056	19.4732	4.5063
XM_011437920.3	3143	3044	48.6426	18.6966
XM_011437921.3	4058	3959	60	17.732
XM_011437922.3	1874	1775	0	0
XM_011437923.3	3857	3758	0	0
XM_011437924.3	4038	3939	0	0
XM_011437936.3	2601	2502	0	0
XM_011437938.3	3421	3322	17	5.98743
XM_011437939.3	2742	2643	2.2844	1.01127
XM_011437940.3	2775	2676	1.09028e-06	4.76699e-07
XM_011437941.3	2669	2570	0	0
XM_011437942.3	2626	2527	0	0
XM_011437943.3	2664	2565	0	0
XM_011437945.3	2880	2781	59	24.8223
XM_011437950.3	2128	2029	0	0
XM_011437951.3	3753	3654	23	7.36462
XM_011437955.3	1405	1306	49	43.8979
XM_011437956.3	3324	3225	0	0
XM_011437957.3	3244	3145	22.9137	8.52442
XM_011437958.3	3743	3644	0	0
XM_011437959.3	1791	1692	0	0
XM_011437960.3	1367	1268	0	0
XM_011437961.3	1363	1264	0	0
XM_011437962.3	2806	2707	48	20.7465
XM_011437964.3	2522	2423	0.00185474	0.000895611
XM_011437965.3	3793	3694	26	8.23507
XM_011437966.3	1341	1242	0	0
XM_011437967.3	2726	2627	0	0
XM_011437971.3	2503	2404	18.9981	9.24629
XM_011437975.2	1815	1716	3	2.04548
XM_011437976.3	1884	1785	2	1.31094
XM_011437982.3	4479	4380	6	1.60276
XM_011437986.3	3287	3188	4	1.46802
XM_011437987.3	4240	4141	0	0
XM_011437988.3	4319	4220	21.3131	5.90916
XM_011437989.2	3489	3390	4	1.38055
XM_011437990.3	2380	2281	14434.3	7403.91
XM_011437994.3	1903	1804	0	0
XM_011437995.3	1749	1650	0	0
XM_011438004.3	5717	5618	543.269	113.142
XM_011438007.3	6477	6378	51	9.3557
XM_011438009.3	3033	2934	6.75302	2.69295
XM_011438010.3	2521	2422	0	0
XM_011438012.3	2236	2137	0	0
XM_011438014.3	2794	2695	48	20.8388
XM_011438015.3	3254	3155	7	2.59591
XM_011438016.3	4919	4820	0	0
XM_011438022.3	886	787	65	96.6339
XM_011438027.3	3585	3486	1	0.335632
XM_011438028.3	879	780	55.762	83.644
XM_011438029.3	1802	1703	124	85.1918
XM_011438030.3	6280	6181	54.6455	10.3439
XM_011438031.3	2625	2526	1	0.463188
XM_011438033.3	2984	2885	6.23809e-06	2.52986e-06
XM_011438038.3	887	788	0	0
XM_011438042.3	2622	2523	2.5807	1.19677
XM_011438043.2	1182	1083	3	3.24103
XM_011438047.3	3911	3812	0	0
XM_011438048.3	4301	4202	2.49629	0.695073
XM_011438049.2	3486	3387	19.5037	6.73741
XM_011438050.3	3586	3487	0	0
XM_011438051.3	2534	2435	3	1.44149
XM_011438053.3	1279	1180	9	8.92383
XM_011438056.3	2515	2416	0	0
XM_011438058.3	3126	3027	9	3.47873
XM_011438059.3	3972	3873	4	1.20838
XM_011438071.3	2091	1992	0	0
XM_011438072.3	2015	1916	16.6104	10.1432
XM_011438074.3	1363	1264	0	0
XM_011438076.3	1600	1501	0	0
XM_011438078.3	1103	1004	0	0
XM_011438079.3	2561	2462	3	1.42569
XM_011438080.3	2647	2548	1357	623.119
XM_011438082.3	5247	5148	0	0
XM_011438083.3	5240	5141	0	0
XM_011438084.3	5357	5258	60.516	13.4661
XM_011438087.3	3706	3607	0	0
XM_011438098.3	1119	1020	20	22.9414
XM_011438099.3	2628	2529	15	6.93958
XM_011438101.3	2942	2843	5	2.05771
XM_011438102.3	1650	1551	10269	7746.53
XM_011438109.2	747	648	0	0
XM_011438110.3	2654	2555	27	12.3641
XM_011438111.3	1585	1486	0	0
XM_011438116.3	2576	2477	23	10.8641
XM_011438124.3	604	505	0	0
XM_011438128.3	710	611	0	0
XM_011438129.3	2803	2704	16	6.92316
XM_011438130.3	1162	1063	3	3.30201
XM_011438131.3	2031	1932	0	0
XM_011438132.3	4365	4266	22.3937	6.14179
XM_011438133.3	1837	1738	0	0
XM_011438134.3	1362	1263	0	0
XM_011438135.3	9035	8936	5	0.654663
XM_011438141.3	2429	2330	49.2254	24.7186
XM_011438142.3	2324	2225	0	0
XM_011438143.3	2965	2866	2.00626e-06	8.19036e-07
XM_011438145.3	3340	3241	0.00632656	0.00228391
XM_011438146.3	3234	3135	0	0
XM_011438147.3	3325	3226	1.46007	0.529541
XM_011438148.3	4423	4324	27.5336	7.45021
XM_011438152.3	3405	3306	6.82746	2.41628
XM_011438160.3	2875	2776	0	0
XM_011438168.3	1536	1437	1	0.814206
XM_011438169.3	2439	2340	1	0.500006
XM_011438172.3	3988	3889	2.72516	0.81987
XM_011438174.3	2800	2701	6	2.59907
XM_011438175.3	2382	2283	0.0385153	0.0197387
XM_011438176.3	2373	2274	3.96148	2.03825
XM_011438179.3	1552	1453	52	41.8725
XM_011438180.3	3979	3880	41.2748	12.4464
XM_011438210.3	1714	1615	0	0
XM_011438212.3	1702	1603	0	0
XM_011438213.3	1970	1871	0	0
XM_011438220.3	1531	1432	0	0
XM_011438221.3	1051	952	0	0
XM_011438222.3	3641	3542	16	5.28521
XM_011438223.3	3605	3506	7	2.33602
XM_011438224.3	1855	1756	5	3.33147
XM_011438225.3	4144	4045	2.94859e-07	8.52877e-08
XM_011438226.3	4189	4090	0	0
XM_011438227.3	835	736	29.783	47.3458
XM_011438228.3	2656	2557	0	0
XM_011438229.3	2707	2608	0	0
XM_011438230.3	2570	2471	0	0
XM_011438231.3	2593	2494	0	0
XM_011438232.3	2574	2475	0	0
XM_011438233.3	2473	2374	24	11.8283
XM_011438235.3	857	758	0	0
XM_011438236.3	3900	3801	0	0
XM_011438237.3	3908	3809	0	0
XM_011438240.3	2782	2683	29.247	12.7541
XM_011438242.3	2427	2328	1	0.502583
XM_011438246.3	2028	1929	29.4664	17.8725
XM_011438248.3	2780	2681	51.5784	22.5093
XM_011438252.3	3301	3202	0	0
XM_011438254.3	2229	2130	18	9.88744
XM_011438256.3	1916	1817	6.96869	4.48732
XM_011438259.3	1885	1786	0	0
XM_011438260.3	2982	2883	0.000149392	6.06281e-05
XM_011438261.3	2954	2855	13.9999	5.73731
XM_011438267.3	3236	3137	43	16.0378
XM_011438269.3	2701	2602	20	8.99319
XM_011438271.3	679	580	168.617	340.145
XM_011438272.1	360	261	0	0
XM_011438279.3	831	732	22	35.1643
XM_011438281.3	1186	1087	0	0
XM_011438282.3	1247	1148	0	0
XM_011438283.3	1156	1057	3	3.32076
XM_011438286.3	954	855	0	0
XM_011438287.3	780	681	100	171.808
XM_011438288.3	3555	3456	1.27683	0.432266
XM_011438289.3	1170	1071	1	1.09245
XM_011438290.3	2953	2854	25	10.2489
XM_011438291.3	2381	2282	1.93696	0.993108
XM_011438292.3	2378	2279	9.06304	4.65286
XM_011438293.3	1664	1565	0	0
XM_011438294.3	1543	1444	5	4.05129
XM_011438296.3	1339	1240	12	11.3227
XM_011438303.3	1966	1867	0	0
XM_011438315.3	1131	1032	0	0
XM_011438318.3	4220	4121	4.83423e-05	1.37251e-05
XM_011438319.3	4175	4076	18.9543	5.44081
XM_011438320.3	1918	1819	43.5421	28.0071
XM_011438321.3	1742	1643	0	0
XM_011438322.3	748	649	0	0
XM_011438323.3	664	565	5	10.3541
XM_011438324.3	2767	2668	4	1.75414
XM_011438327.3	2155	2056	0	0
XM_011438328.3	2099	2000	16.5829	9.70113
XM_011438330.3	4543	4444	18	4.73903
XM_011438331.3	1820	1721	4	2.71938
XM_011438332.3	1659	1560	2	1.50002
XM_011438333.3	2759	2660	13	5.71811
XM_011438334.2	4943	4844	61.7024	14.9035
XM_011438335.3	2361	2262	21.0582	10.8923
XM_011438336.3	815	716	1.88814e-06	3.08541e-06
XM_011438345.2	1071	972	0	0
XM_011438347.3	3720	3621	3.79252e-07	1.22544e-07
XM_011438350.3	2405	2306	0	0
XM_011438351.3	3702	3603	0.000131102	4.25731e-05
XM_011438352.3	3675	3576	0.890243	0.291274
XM_011438356.3	2380	2281	0.354132	0.181648
XM_011438357.3	2578	2479	1	0.47197
XM_011438362.3	931	832	0	0
XM_011438363.2	1089	990	0	0
XM_011438364.3	1797	1698	28	19.2935
XM_011438366.3	2121	2022	30	17.3592
XM_011438369.3	8554	8455	0	0
XM_011438370.3	8438	8339	41.7879	5.8631
XM_011438376.3	4739	4640	142.791	36.0059
XM_011438384.3	680	581	17	34.2345
XM_011438385.3	1444	1345	18.5451	16.1323
XM_011438386.3	550	451	103	267.209
XM_011438389.3	951	852	1	1.37326
XM_011438390.3	2416	2317	9.18403e-07	4.63765e-07
XM_011438392.3	588	489	0	0
XM_011438393.3	962	863	0	0
XM_011438404.3	2796	2697	0	0
XM_011438405.3	2676	2577	0	0
XM_011438406.3	2768	2669	0	0
XM_011438407.3	2764	2665	0	0
XM_011438408.3	2696	2597	1.60687e-05	7.23935e-06
XM_011438410.3	2669	2570	3.38863	1.5427
XM_011438414.3	2684	2585	0	0
XM_011438424.3	2200	2101	2	1.11377
XM_011438425.3	1531	1432	0	0
XM_011438428.3	1757	1658	0	0
XM_011438446.3	1662	1563	5	3.74285
XM_011438447.3	1187	1088	172	184.965
XM_011438450.3	1852	1753	0	0
XM_011438453.3	1958	1859	0	0
XM_011438454.3	1670	1571	0	0
XM_011438457.3	1264	1165	2	2.00861
XM_011438458.3	1823	1724	42	28.5038
XM_011438461.3	1834	1735	6	4.04616
XM_011438462.3	1584	1485	0	0
XM_011438464.3	756	657	0	0
XM_011438466.3	2011	1912	1	0.611932
XM_011438467.2	1058	959	20	24.4007
XM_011438468.3	4192	4093	7	2.001
XM_011438471.3	2965	2866	6	2.44943
XM_011438474.3	1937	1838	1	0.636569
XM_011438479.3	866	767	1	1.52544
XM_011438480.3	1195	1096	8	8.54024
XM_011438486.3	1437	1338	3	2.62335
XM_011438487.3	1696	1597	4	2.93053
XM_011438488.3	802	703	6	9.98589
XM_011438489.3	841	742	0	0
XM_011438490.3	1104	1005	5	5.82096
XM_011438492.3	3756	3657	7	2.23957
XM_011438495.3	2022	1923	2.96016e-05	1.80105e-05
XM_011438496.3	1998	1899	74	45.5929
XM_011438497.3	1024	925	0	0
XM_011438501.3	3454	3355	0	0
XM_011438502.3	3426	3327	0	0
XM_011438503.3	4982	4883	10	2.3961
XM_011438512.3	2375	2276	12	6.16879
XM_011438515.3	2083	1984	33	19.4609
XM_011438517.3	1557	1458	0	0
XM_011438518.3	1602	1503	0	0
XM_011438520.3	1553	1454	0	0
XM_011438521.3	6090	5991	16.9773	3.31558
XM_011438522.3	5849	5750	0	0
XM_011438523.3	6089	5990	17.0227	3.32501
XM_011438524.3	4399	4300	0	0
XM_011438525.3	1309	1210	3	2.90086
XM_011438530.3	1285	1186	0	0
XM_011438535.3	1039	940	0	0
XM_011438537.3	7631	7532	15.4439	2.39904
XM_011438538.3	1693	1594	4	2.93604
XM_011438540.3	1108	1009	2	2.31915
XM_011438541.3	2027	1928	0	0
XM_011438543.3	3835	3736	5	1.56586
XM_011438545.3	1497	1398	4	3.34768
XM_011438547.3	3240	3141	24	8.93993
XM_011438549.3	2525	2426	4	1.92912
XM_011438550.3	8043	7944	0	0
XM_011438551.3	8077	7978	0	0
XM_011438552.3	7962	7863	6.29007e-07	9.35962e-08
XM_011438553.3	7932	7833	5.57199e-05	8.32287e-06
XM_011438554.3	7851	7752	10.9991	1.6601
XM_011438555.3	3286	3187	0	0
XM_011438556.3	3262	3163	0	0
XM_011438560.3	3518	3419	0.526284	0.180099
XM_011438561.3	3515	3416	1.47372	0.504762
XM_011438562.3	1397	1298	1	0.901397
XM_011438563.3	669	570	0	0
XM_011438564.3	3252	3153	4	1.48432
XM_011438565.3	3288	3189	0	0
XM_011438566.3	3144	3045	3.48045e-07	1.33733e-07
XM_011438567.3	1436	1337	8	7.00083
XM_011438568.3	3119	3020	0.00551303	0.00213587
XM_011438569.3	3099	3000	13.3753	5.21642
XM_011438570.3	5752	5653	4.09576	0.847708
XM_011438571.3	702	603	2	3.88064
XM_011438572.3	769	670	58	101.285
XM_011438573.3	2660	2561	16	7.30973
XM_011438576.3	4165	4066	0	0
XM_011438577.3	3994	3895	7.72166e-07	2.3195e-07
XM_011438578.3	4028	3929	0	0
XM_011438579.3	3943	3844	4	1.2175
XM_011438580.3	4130	4031	0	0
XM_011438581.3	2710	2611	39	17.4763
XM_011438582.3	3540	3441	0	0
XM_011438583.3	3477	3378	0	0
XM_011438584.3	3537	3438	0	0
XM_011438586.3	3421	3322	0	0
XM_011438588.3	3316	3217	8	2.90958
XM_011438597.3	2991	2892	6.3821e-05	2.582e-05
XM_011438599.3	1947	1848	0	0
XM_011438603.3	3103	3004	0	0
XM_011438605.3	2789	2690	0	0
XM_011438606.3	2614	2515	0	0
XM_011438607.3	1785	1686	66	45.8012
XM_011438608.3	2748	2649	0	0
XM_011438609.3	2574	2475	0	0
XM_011438610.3	2714	2615	0	0
XM_011438611.3	2824	2725	0	0
XM_011438612.3	4096	3997	34	9.95258
XM_011438613.2	6203	6104	0	0
XM_011438614.2	1793	1694	2.59255e-08	1.79063e-08
XM_011438615.3	1777	1678	0.00177088	0.00123477
XM_011438616.3	1766	1667	3.96912	2.7858
XM_011438617.3	1773	1674	0.0291076	0.0203442
XM_011438621.3	1196	1097	6	6.39934
XM_011438623.3	2175	2076	10	5.6359
XM_011438626.2	747	648	1	1.80558
XM_011438627.3	3163	3064	2.74322e-07	1.04752e-07
XM_011438637.3	1205	1106	11	11.6367
XM_011438638.3	1330	1231	17	16.1578
XM_011438639.3	1450	1351	4	3.46414
XM_011438640.3	1415	1316	0	0
XM_011438641.3	1426	1327	6	5.29019
XM_011438643.3	1753	1654	4	2.82954
XM_011438649.3	4161	4062	0	0
XM_011438650.3	4171	4072	28	8.04528
XM_011438652.3	2786	2687	0.00326691	0.00142253
XM_011438654.3	4587	4488	6	1.56419
XM_011438655.3	3577	3478	0	0
XM_011438659.3	2771	2672	2.32247	1.01696
XM_011438661.3	1452	1353	0	0
XM_011438662.3	1475	1376	0	0
XM_011438663.3	1405	1306	2	1.79175
XM_011438665.3	1231	1132	0	0
XM_011438667.3	739	640	0	0
XM_011438668.3	2768	2669	8.67427	3.80255
XM_011438670.3	3445	3346	139	48.6049
XM_011438671.3	2531	2432	5	2.40546
XM_011438672.3	1630	1531	0	0
XM_011438683.3	1896	1797	26	16.9284
XM_011438684.3	1517	1418	38	31.3544
XM_011438685.3	1090	991	45	53.1288
XM_011438686.3	3164	3065	50	19.0867
XM_011438687.3	1850	1751	6	4.00918
XM_011438688.3	1867	1768	175	115.81
XM_011438691.3	2999	2900	5.55997e-08	2.24319e-08
XM_011438692.3	1144	1045	0	0
XM_011438693.3	2955	2856	3.41627	1.39954
XM_011438703.3	1418	1319	23	20.4021
XM_011438704.3	658	559	0	0
XM_011438713.3	2045	1946	0	0
XM_011438715.3	1382	1283	4	3.64774
XM_011438718.3	6062	5963	0	0
XM_011438719.3	6030	5931	2.53705	0.500486
XM_011438721.3	6023	5924	0	0
XM_011438722.3	1219	1120	0	0
XM_011438724.3	1120	1021	0	0
XM_011438725.3	1155	1056	1.97656	2.18997
XM_011438726.3	1159	1060	0.0234373	0.0258697
XM_011438727.3	2489	2390	2	0.979091
XM_011438728.3	2112	2013	0	0
XM_011438729.3	2104	2005	0	0
XM_011438730.3	2072	1973	0	0
XM_011438731.3	2064	1965	0	0
XM_011438735.3	1611	1512	0	0
XM_011438739.3	2737	2638	0	0
XM_011438741.3	2653	2554	0.00125695	0.000575821
XM_011438742.3	2637	2538	1.99874	0.921417
XM_011438744.3	1385	1286	13	11.8275
XM_011438746.3	1934	1835	1	0.637609
XM_011438749.3	2723	2624	8	3.56711
XM_011438753.3	1296	1197	0	0
XM_011438754.3	1867	1768	0	0
XM_011438755.3	1869	1770	0	0
XM_011438758.3	2252	2153	0	0
XM_011438759.3	2365	2266	0	0
XM_011438760.3	1382	1283	9	8.20742
XM_011438761.3	1302	1203	0	0
XM_011438762.3	2607	2508	0	0
XM_011438763.3	910	811	0	0
XM_011438764.3	3033	2934	1.01744	0.405733
XM_011438772.3	1987	1888	0	0
XM_011438773.3	2583	2484	153	72.066
XM_011438775.3	1546	1447	1	0.808579
XM_011438776.3	1533	1434	6	4.89545
XM_011438777.3	3768	3669	10	3.18892
XM_011438778.3	3312	3213	3.69608	1.34593
XM_011438779.3	2359	2260	4.4002	2.27801
XM_011438781.3	1630	1531	0	0
XM_011438783.3	2723	2624	87.2013	38.8821
XM_011438784.3	2851	2752	1	0.42515
XM_011438786.3	2407	2308	0	0
XM_011438787.3	2383	2284	0	0
XM_011438788.3	2343	2244	8	4.17117
XM_011438790.3	2313	2214	4	2.11385
XM_011438792.3	2258	2159	1	0.541924
XM_011438793.3	1725	1626	5	3.59783
XM_011438809.3	4304	4205	0.000423568	0.000117855
XM_011438811.3	2261	2162	0	0
XM_011438812.3	4264	4165	31.3357	8.80269
XM_011438813.3	996	897	4	5.21745
XM_011438824.3	1913	1814	73.9579	47.7021
XM_011438825.3	7901	7802	13.9964	2.09894
XM_011438826.3	8206	8107	74.0458	10.6864
XM_011438827.3	7981	7882	2.52735e-06	3.75162e-07
XM_011438829.3	7974	7875	7.16619e-06	1.0647e-06
XM_011438830.3	8256	8157	0	0
XM_011438840.3	3487	3388	7	2.41738
XM_011438842.3	919	820	0	0
XM_011438844.3	3284	3185	0	0
XM_011438845.3	3281	3182	0	0
XM_011438847.3	3280	3181	0	0
XM_011438848.3	3271	3172	0	0
XM_011438849.3	3254	3155	0	0
XM_011438850.3	3250	3151	0	0
XM_011438851.3	3247	3148	0	0
XM_011438852.3	3220	3121	0	0
XM_011438853.3	3214	3115	0	0
XM_011438854.3	3202	3103	8.08218	3.04746
XM_011438855.3	4015	3916	53.8814	16.0986
XM_011438856.3	3167	3068	0	0
XM_011438858.3	3164	3065	0	0
XM_011438867.3	2190	2091	0	0
XM_011438870.3	3237	3138	14.727	5.49101
XM_011438871.3	6711	6612	2.273	0.402214
XM_011438873.3	4274	4175	4.38352e-06	1.22845e-06
XM_011438875.3	4223	4124	8	2.26967
XM_011438885.2	1137	1038	0	0
XM_011438893.3	1724	1625	18.704	13.4671
XM_011438897.3	4360	4261	0.470608	0.129223
XM_011438898.3	3711	3612	2.46269e-06	7.97726e-07
XM_011438903.3	4342	4243	67.4874	18.6097
XM_011438914.3	1864	1765	0	0
XM_011438916.3	1858	1759	0	0
XM_011438920.3	4313	4214	0.000867976	0.000240993
XM_011438926.3	2620	2521	0	0
XM_011438927.3	2419	2320	1	0.504316
XM_011438928.3	1684	1585	23	16.9781
XM_011438929.3	4311	4212	0.00151476	0.000420771
XM_011438930.3	4673	4574	14	3.58115
XM_011438939.3	1691	1592	0	0
XM_011438941.3	3779	3680	30.8461	9.80716
XM_011438944.3	3267	3168	0	0
XM_011438945.3	3216	3117	7.24156e-05	2.71823e-05
XM_011438946.3	1558	1459	1	0.801928
XM_011438947.3	3758	3659	0	0
XM_011438954.3	1123	1024	4	4.57036
XM_011438955.3	1327	1228	0	0
XM_011438957.3	1699	1600	0	0
XM_011438959.3	1777	1678	55	38.3497
XM_011438961.3	1917	1818	0	0
XM_011438969.3	5555	5456	433.992	93.0675
XM_011438983.3	2144	2045	0	0
XM_011438984.3	1970	1871	0	0
XM_011438986.3	6588	6489	2	0.360614
XM_011438990.3	3982	3883	7.71146	2.32359
XM_011438992.3	3229	3130	7.67393	2.86856
XM_011438993.3	5711	5612	0	0
XM_011438994.3	5737	5638	0	0
XM_011438995.3	5708	5609	0	0
XM_011438996.3	5734	5635	0	0
XM_011438997.3	5687	5588	0	0
XM_011438998.3	5675	5576	128.326	26.9267
XM_011438999.3	8745	8646	41	5.54829
XM_011439001.3	1722	1623	3	2.16269
XM_011439008.3	1163	1064	1	1.09964
XM_011439010.3	2098	1999	1.07359	0.628373
XM_011439013.3	1253	1154	57	57.791
XM_011439016.3	4455	4356	3.5023	0.940711
XM_011439017.3	3738	3639	49.4977	15.9145
XM_011439027.3	1198	1099	0	0
XM_011439028.3	1926	1827	0	0
XM_011439031.3	990	891	0	0
XM_011439032.3	5685	5586	0	0
XM_011439033.3	5564	5465	46	9.84824
XM_011439038.3	578	479	0	0
XM_011439042.3	1120	1021	0	0
XM_011439048.3	4823	4724	0	0
XM_011439049.3	5159	5060	0	0
XM_011439052.3	4721	4622	75	18.9855
XM_011439056.3	2188	2089	3	1.68025
XM_011439057.3	2054	1955	30	17.9542
XM_011439059.3	2736	2637	19	8.43013
XM_011439061.3	464	365	8	25.6441
XM_011439062.3	2175	2076	0	0
XM_011439063.3	2087	1988	0	0
XM_011439064.3	2880	2781	13	5.46932
XM_011439065.3	2898	2799	0	0
XM_011439066.3	12323	12224	19	1.81857
XM_011439068.3	2322	2223	2	1.05264
XM_011439069.3	1791	1692	2	1.38299
XM_011439070.3	883	784	48	71.6335
XM_011439071.3	1776	1677	0	0
XM_011439075.3	1201	1102	7	7.43203
XM_011439076.3	1263	1164	0	0
XM_011439077.3	2666	2567	329.871	150.352
XM_011439078.3	4210	4111	30	8.53817
XM_011439080.3	2778	2679	0	0
XM_011439081.3	4657	4558	6	1.54017
XM_011439082.3	1474	1375	11	9.36011
XM_011439089.3	1583	1484	0	0
XM_011439098.3	714	615	0	0
XM_011439099.3	617	518	0	0
XM_011439101.3	1693	1594	0	0
XM_011439102.3	514	415	0	0
XM_011439105.3	1011	912	0	0
XM_011439107.3	2470	2371	15	7.40202
XM_011439112.3	1629	1530	0	0
XM_011439114.3	1809	1710	0	0
XM_011439116.3	3040	2941	0	0
XM_011439145.3	1998	1899	0.350269	0.215808
XM_011439155.3	1796	1697	11	7.58406
XM_011439156.3	1018	919	3	3.81941
XM_011439166.3	4974	4875	4	0.960011
XM_011439177.3	2748	2649	1	0.441681
XM_011439178.3	1678	1579	1	0.740984
XM_011439179.3	2817	2718	0	0
XM_011439184.3	5393	5294	67.1718	14.8455
XM_011439192.3	2212	2113	0	0
XM_011439198.3	1772	1673	33	23.0786
XM_011439199.3	833	734	0	0
XM_011439203.3	810	711	0	0
XM_011439209.3	4011	3912	0	0
XM_011439210.3	3986	3887	0	0
XM_011439221.3	8355	8256	0	0
XM_011439222.3	8328	8229	0	0
XM_011439225.3	1744	1645	0	0
XM_011439226.3	1737	1638	0	0
XM_011439228.3	1760	1661	0	0
XM_011439229.3	1737	1638	0	0
XM_011439230.3	1777	1678	0	0
XM_011439231.3	1947	1848	4.51678e-06	2.85968e-06
XM_011439232.3	1926	1827	2.99861	1.92031
XM_011439233.3	1938	1839	0.00138633	0.000882016
XM_011439234.3	1887	1788	0	0
XM_011439235.3	2227	2128	52.8013	29.0311
XM_011439241.3	6509	6410	21	3.83312
XM_011439247.3	1459	1360	52.0853	44.8092
XM_011439249.3	1246	1147	0	0
XM_011439252.3	3455	3356	0	0
XM_011439261.3	1889	1790	0	0
XM_011439262.3	548	449	0	0
XM_011439268.3	924	825	0	0
XM_011439271.2	597	498	0	0
XM_011439272.3	3535	3436	47	16.0043
XM_011439273.3	3302	3203	9	3.28758
XM_011439274.3	1472	1373	9	7.66943
XM_011439275.3	2125	2026	14	8.08499
XM_011439281.3	7308	7209	75	12.1724
XM_011439282.3	1895	1796	4	2.60582
XM_011439283.3	920	821	45	64.1298
XM_011439287.3	5095	4996	72	16.8617
XM_011439288.3	4122	4023	0	0
XM_011439289.3	3958	3859	0	0
XM_011439297.3	1035	936	0	0
XM_011439300.3	4065	3966	13	3.83514
XM_011439301.3	5018	4919	0	0
XM_011439303.3	4991	4892	31	7.41423
XM_011439306.3	4975	4876	0	0
XM_011439310.3	6612	6513	1.59032e-07	2.85689e-08
XM_011439314.3	2400	2301	13	6.61022
XM_011439317.3	1557	1458	0	0
XM_011439329.3	2386	2287	0	0
XM_011439330.3	690	591	2	3.95944
XM_011439332.3	522	423	7	19.3619
XM_011439336.3	2186	2087	0	0
XM_011439341.3	1663	1564	66	49.374
XM_011439342.3	1151	1052	499	554.978
XM_011439343.3	4107	4008	8	2.33536
XM_011439344.3	2231	2132	7	3.84151
XM_011439346.3	617	518	0	0
XM_011439348.2	608	509	4	9.1946
XM_011439353.3	2951	2852	0	0
XM_011439354.3	3700	3601	0.000131463	4.27142e-05
XM_011439355.3	3875	3776	0	0
XM_011439356.3	3713	3614	1.91879e-06	6.21198e-07
XM_011439357.3	3663	3564	23.9999	7.87883
XM_011439358.3	941	842	0	0
XM_011439359.3	5998	5899	28.969	5.74575
XM_011439365.3	2674	2575	0	0
XM_011439366.3	2567	2468	0	0
XM_011439368.3	2563	2464	0	0
XM_011439369.3	2456	2357	30	14.892
XM_011439376.3	2874	2775	0	0
XM_011439377.3	2880	2781	0	0
XM_011439378.3	2590	2491	34.883	16.3844
XM_011439381.3	2161	2062	0.00119919	0.00068044
XM_011439382.3	2148	2049	1.9988	1.14135
XM_011439383.3	2151	2052	0	0
XM_011439384.3	1813	1714	0	0
XM_011439387.3	1805	1706	0	0
XM_011439394.2	2278	2179	0	0
XM_011439395.3	1750	1651	0	0
XM_011439396.3	1729	1630	0	0
XM_011439397.3	1687	1588	4	2.94714
XM_011439398.3	1708	1609	8.1181e-07	5.90322e-07
XM_011439399.3	1800	1701	0	0
XM_011439400.3	5493	5394	0	0
XM_011439401.3	5333	5234	1	0.223541
XM_011439403.3	5490	5391	0	0
XM_011439404.2	2278	2179	0	0
XM_011439406.3	6134	6035	0.865528	0.167801
XM_011439414.3	2210	2111	54	29.9293
XM_011439415.3	1569	1470	0	0
XM_011439417.3	2555	2456	9.37405	4.4657
XM_011439418.2	2403	2304	0	0
XM_011439422.3	2896	2797	0	0
XM_011439423.3	2372	2273	12	6.17693
XM_011439424.3	1199	1100	1	1.06365
XM_011439426.3	838	739	0	0
XM_011439427.2	2789	2690	0	0
XM_011439428.3	1184	1085	0	0
XM_011439430.3	1697	1598	0	0
XM_011439432.3	1805	1706	0	0
XM_011439434.3	1510	1411	18	14.9258
XM_011439437.3	1151	1052	0	0
XM_011439438.3	1132	1033	7	7.92845
XM_011439439.3	3338	3239	8	2.88981
XM_011439440.3	2953	2854	0	0
XM_011439442.3	5966	5867	0	0
XM_011439445.2	2278	2179	7.5445e-05	4.05102e-05
XM_011439455.2	2914	2815	0	0
XM_011439459.3	5375	5276	5	1.10881
XM_011439473.3	3782	3683	0	0
XM_011439474.3	4422	4323	0	0
XM_011439477.3	3752	3653	0	0
XM_011439478.3	4218	4119	0	0
XM_011439479.3	3677	3578	9.35716e-05	3.05981e-05
XM_011439480.3	3647	3548	1.82172	0.600744
XM_011439481.3	2124	2025	2	1.15557
XM_011439483.2	4422	4323	0	0
XM_011439486.3	1209	1110	0	0
XM_011439491.3	833	734	0	0
XM_011439492.3	2322	2223	0	0
XM_011439493.3	895	796	0	0
XM_011439496.3	3492	3393	31	10.6898
XM_011439504.3	1375	1276	0	0
XM_011439505.3	3605	3506	0	0
XM_011439518.2	4092	3993	0	0
XM_011439519.3	5260	5161	46.4231	10.5242
XM_011439520.3	1341	1242	62	58.4065
XM_011439521.3	1697	1598	0	0
XM_011439522.3	1561	1462	42	33.6119
XM_011439523.3	1514	1415	55	45.4776
XM_011439524.3	1948	1849	0	0
XM_011439526.3	1535	1436	0	0
XM_011439527.3	1533	1434	0	0
XM_011439528.3	4346	4247	13.0669	3.59984
XM_011439529.3	4343	4244	29.9331	8.25214
XM_011439530.3	2309	2210	0	0
XM_011439531.3	2251	2152	4.22679	2.29805
XM_011439535.3	1153	1054	2	2.22014
XM_011439537.3	2597	2498	2.46263	1.15345
XM_011439538.3	1784	1685	13	9.02681
XM_011439539.3	1975	1876	1	0.623675
XM_011439541.3	941	842	0	0
XM_011439546.3	718	619	0	0
XM_011439547.3	1243	1144	0	0
XM_011439548.3	651	552	3	6.35877
XM_011439549.3	607	508	1	2.30318
XM_011439550.3	5257	5158	91.8208	20.8281
XM_011439551.3	928	829	0	0
XM_011439552.3	1264	1165	0	0
XM_011439554.3	516	417	0	0
XM_011439555.3	1384	1285	0	0
XM_011439556.3	1179	1080	20.491	22.1988
XM_011439559.3	2781	2682	0	0
XM_011439560.3	2726	2627	15.509	6.90741
XM_011439564.3	5325	5226	2.7443	0.614403
XM_011439565.3	5318	5219	13.2204	2.9638
XM_011439566.3	5321	5222	6.73751	1.50957
XM_011439568.3	5321	5222	6.73751	1.50957
XM_011439569.3	5287	5188	51.9834	11.7234
XM_011439570.3	5342	5243	9.4638	2.11192
XM_011439571.3	5309	5210	0	0
XM_011439572.3	4916	4817	0	0
XM_011439573.3	2251	2152	0	0
XM_011439574.3	5045	4946	0	0
XM_011439575.3	5815	5716	0	0
XM_011439576.3	5107	5008	0	0
XM_011439579.3	5416	5317	81.9346	18.0298
XM_011439581.3	2711	2612	0	0
XM_011439584.3	1022	923	0	0
XM_011439588.3	1930	1831	3	1.91701
XM_011439589.3	1969	1870	0	0
XM_011439590.3	557	458	0	0
XM_011439591.3	1534	1435	0	0
XM_011439597.3	947	848	7	9.65813
XM_011439598.3	1034	935	2	2.5027
XM_011439599.3	1059	960	0	0
XM_011439600.3	611	512	0	0
XM_011439605.2	1026	927	0	0
XM_011439607.3	640	541	0	0
XM_011439608.3	996	897	5	6.52181
XM_011439611.3	2545	2446	273.512	130.831
XM_011439613.3	1362	1263	0	0
XM_011439617.3	3668	3569	6	1.96696
XM_011439618.3	3809	3710	0	0
XM_011439620.3	2183	2084	0	0
XM_011439627.3	5145	5046	49.2037	11.4088
XM_011439628.3	2757	2658	2	0.880371
XM_011439643.3	3179	3080	58	22.0327
XM_011439644.3	3048	2949	0	0
XM_011439645.3	2992	2893	9	3.63986
XM_011439646.3	1518	1419	55.8377	46.04
XM_011439648.3	996	897	11.1623	14.5597
XM_011439649.3	4240	4141	28	7.91122
XM_011439650.3	2489	2390	17	8.32227
XM_011439651.3	2553	2454	0	0
XM_011439652.3	948	849	0.201317	0.277437
XM_011439653.3	945	846	12.7987	17.7005
XM_011439654.3	7123	7024	0.000506121	8.43064e-05
XM_011439668.3	1975	1876	2.75904e-07	1.72074e-07
XM_011439669.3	2068	1969	0	0
XM_011439673.2	1107	1008	0	0
XM_011439674.3	1386	1287	2	1.8182
XM_011439679.3	3989	3890	0	0
XM_011439682.3	1326	1227	3	2.86067
XM_011439683.3	6247	6148	0	0
XM_011439684.3	6226	6127	0	0
XM_011439689.3	6193	6094	0	0
XM_011439690.3	6187	6088	0	0
XM_011439693.3	6172	6073	0	0
XM_011439695.3	6133	6034	0	0
XM_011439697.3	6700	6601	0	0
XM_011439698.3	6574	6475	30	5.42091
XM_011439699.3	3074	2975	0	0
XM_011439708.3	2840	2741	0	0
XM_011439709.3	2763	2664	1	0.439194
XM_011439710.3	2959	2860	0	0
XM_011439711.3	1247	1148	0	0
XM_011439712.3	1253	1154	0	0
XM_011439713.3	743	644	38	69.0381
XM_011439715.3	2824	2725	2.21963	0.953027
XM_011439716.3	2466	2367	0	0
XM_011439717.3	2213	2114	0	0
XM_011439719.3	1977	1878	4	2.49204
XM_011439720.3	2001	1902	1.35848e-06	8.35668e-07
XM_011439721.3	2174	2075	32	18.0436
XM_011439722.3	1562	1463	4	3.19894
XM_011439723.3	1814	1715	0	0
XM_011439724.3	1487	1388	6	5.05769
XM_011439726.3	852	753	0	0
XM_011439727.3	3725	3626	54	17.4244
XM_011439728.3	2267	2168	6	3.23804
XM_011439732.3	3320	3221	0	0
XM_011439734.3	1622	1523	0	0
XM_011439735.3	3167	3068	0	0
XM_011439740.3	1877	1778	0	0
XM_011439741.3	6007	5908	23.683	4.69015
XM_011439742.3	5517	5418	1.57386	0.339875
XM_011439743.3	5507	5408	13.7431	2.97331
XM_011439744.3	2815	2716	11	4.73864
XM_011439745.3	2660	2561	17	7.76659
XM_011439746.3	2149	2050	0	0
XM_011439750.3	1499	1400	0	0
XM_011439751.3	1465	1366	0	0
XM_011439752.3	890	791	18	26.6248
XM_011439754.3	1433	1334	4	3.50829
XM_011439755.3	2451	2352	14	6.96437
XM_011439758.3	1371	1272	0	0
XM_011439759.3	1311	1212	9	8.68822
XM_011439765.3	2704	2605	0	0
XM_011439766.3	2672	2573	0	0
XM_011439767.3	2546	2447	0	0
XM_011439768.3	2537	2438	0	0
XM_011439769.3	2656	2557	0	0
XM_011439778.3	1940	1841	0	0
XM_011439779.3	1949	1850	0	0
XM_011439780.3	1918	1819	0	0
XM_011439781.3	5992	5893	9	1.78689
XM_011439782.3	3814	3715	0	0
XM_011439783.3	2961	2862	0	0
XM_011439784.3	5275	5176	3.85929e-07	8.72377e-08
XM_011439785.3	5254	5155	0	0
XM_011439786.3	2321	2222	0	0
XM_011439787.3	5214	5115	0.422523	0.0966486
XM_011439788.3	5199	5100	13.2424	3.038
XM_011439789.3	2841	2742	1.142e-06	4.8729e-07
XM_011439790.3	2910	2811	0	0
XM_011439791.3	2806	2707	4	1.72887
XM_011439798.3	2491	2392	0	0
XM_011439799.3	2331	2232	5	2.621
XM_011439800.3	2321	2222	0	0
XM_011439801.3	2192	2093	0	0
XM_011439803.3	2537	2438	0	0
XM_011439805.3	2444	2345	0.999999	0.498939
XM_011439806.3	2542	2443	0	0
XM_011439807.3	1544	1445	0	0
XM_011439812.3	5049	4950	0	0
XM_011439817.3	819	720	0	0
XM_011439824.3	1401	1302	0	0
XM_011439825.3	4073	3974	21	6.18276
XM_011439826.3	1645	1546	0.0181616	0.0137447
XM_011439827.3	2997	2898	12	4.84478
XM_011439829.3	3188	3089	116	43.9371
XM_011439831.3	4553	4454	0	0
XM_011439832.3	4377	4278	2.24649	0.614404
XM_011439833.3	4463	4364	0	0
XM_011439834.3	4400	4301	0.00416853	0.00113398
XM_011439835.3	4395	4296	0.0163135	0.00444297
XM_011439836.3	4424	4325	6.0986e-06	1.64981e-06
XM_011439839.3	4166	4067	4.65454e-07	1.33904e-07
XM_011439841.3	4142	4043	0.00048194	0.00013947
XM_011439842.3	4207	4108	0	0
XM_011439845.3	2243	2144	8	4.36572
XM_011439847.3	2368	2269	2.17553e-05	1.12182e-05
XM_011439851.3	2782	2683	1	0.436084
XM_011439861.3	1369	1270	0	0
XM_011439863.3	696	597	30	58.7946
XM_011439864.3	1294	1195	1	0.979091
XM_011439865.3	1617	1518	94	72.4514
XM_011439866.3	1513	1414	0.00154782	0.00128075
XM_011439867.3	1501	1402	33.9985	28.3728
XM_011439868.3	3302	3203	5.37511	1.96346
XM_011439869.3	1150	1051	101.248	112.714
XM_011439870.3	3098	2999	0	0
XM_011439871.3	2548	2449	2.49491	1.19195
XM_011439872.3	2546	2447	6.50509	3.11036
XM_011439874.3	950	851	5	6.87434
XM_011439876.3	3304	3205	2.5846	0.94353
XM_011439877.3	883	784	61	91.0342
XM_011439878.3	1152	1053	1	1.11112
XM_011439879.3	3043	2944	29.4713	11.7126
XM_011439880.3	1232	1133	0	0
XM_011439882.3	2197	2098	1	0.55768
XM_011439887.3	2629	2530	0	0
XM_011439892.3	1047	948	0	0
XM_011439893.3	2335	2236	4	2.09305
XM_011439894.3	950	851	61	83.867
XM_011439895.3	2486	2387	24.4821	12.0001
XM_011439897.3	2096	1997	26.5179	15.5365
XM_011439907.3	2102	2003	0	0
XM_011439908.3	2790	2691	12	5.21745
XM_011439909.3	2252	2153	0	0
XM_011439915.3	4269	4170	4.1454e-06	1.16311e-06
XM_011439917.3	2415	2316	12.9138	6.52388
XM_011439920.3	1064	965	1	1.21245
XM_011439927.3	923	824	4	5.67968
XM_011439933.3	4642	4543	0	0
XM_011439952.3	1480	1381	23	19.4861
XM_011439953.3	1459	1360	0	0
XM_011439954.3	3566	3467	30.395	10.2574
XM_011439956.3	929	830	0	0
XM_011439957.3	1440	1341	0	0
XM_011439959.3	5718	5619	0	0
XM_011439960.3	5685	5586	0	0
XM_011439961.3	5643	5544	0	0
XM_011439962.3	5571	5472	14	2.99346
XM_011439964.3	2875	2776	0	0
XM_011439965.3	2526	2427	0	0
XM_011439966.3	2514	2415	0	0
XM_011439969.3	2706	2607	0	0
XM_011439970.2	1403	1304	15	13.4587
XM_011439971.3	5660	5561	0	0
XM_011439972.3	5681	5582	0	0
XM_011439974.3	5982	5883	43	8.55186
XM_011439977.3	5658	5559	0	0
XM_011439978.3	939	840	0	0
XM_011439985.3	3142	3043	0	0
XM_011439986.3	2785	2686	68	29.6206
XM_011439988.3	1885	1786	8.89614	5.82789
XM_011439989.3	1296	1197	4	3.90982
XM_011439991.3	9944	9845	22.002	2.61479
XM_011439992.3	9932	9833	91.998	10.9467
XM_011439993.3	3792	3693	5.45659e-06	1.72875e-06
XM_011439994.3	3070	2971	0	0
XM_011439995.3	3742	3643	48	15.416
XM_011439996.3	1990	1891	7	4.33109
XM_011440001.3	1447	1348	1	0.867962
XM_011440005.3	3030	2931	27	10.778
XM_011440006.3	862	763	576	883.26
XM_011440013.3	752	653	361	646.822
XM_011440018.3	2702	2603	14	6.29281
XM_011440019.3	3465	3366	39.237	13.6387
XM_011440022.3	938	839	2.03477e-07	2.83755e-07
XM_011440023.3	1033	934	0	0
XM_011440024.3	924	825	76	107.783
XM_011440025.3	1437	1338	1	0.874449
XM_011440029.3	1236	1137	3.11262	3.20299
XM_011440030.3	1897	1798	0	0
XM_011440032.3	2134	2035	4.16506	2.39468
XM_011440033.3	1798	1699	0	0
XM_011440037.3	1673	1574	155	115.217
XM_011440038.3	6302	6203	5.27691	0.995334
XM_011440041.3	886	787	3	4.46003
XM_011440042.3	4829	4730	18	4.45248
XM_011440044.3	1542	1443	8.15112	6.60909
XM_011440045.3	4421	4322	0	0
XM_011440046.3	4412	4313	0	0
XM_011440047.3	1143	1044	20	22.4141
XM_011440048.3	597	498	6	14.0965
XM_011440049.3	1500	1401	8	6.68102
XM_011440050.3	1139	1040	0.0326554	0.0367378
XM_011440051.3	483	384	0	0
XM_011440056.3	4804	4705	0	0
XM_011440057.3	1042	943	11	13.6481
XM_011440058.3	1161	1062	0	0
XM_011440061.3	1331	1232	3.84888	3.65523
XM_011440069.3	1723	1624	5	3.60226
XM_011440070.3	1266	1167	0	0
XM_011440072.3	3111	3012	5	1.94225
XM_011440081.3	3987	3888	0	0
XM_011440082.3	3431	3332	0	0
XM_011440083.3	1602	1503	1	0.778452
XM_011440091.3	1338	1239	9	8.49889
XM_011440092.3	4131	4032	13	3.77236
XM_011440093.3	2031	1932	0	0
XM_011440094.3	1781	1682	3	2.08683
XM_011440096.3	719	620	0	0
XM_011440097.3	786	687	0	0
XM_011440101.3	2572	2473	19	8.98919
XM_011440103.3	1742	1643	0	0
XM_011440104.3	1929	1830	0	0
XM_011440105.3	3665	3566	0.00308687	0.00101281
XM_011440106.3	3645	3546	2.26307	0.746705
XM_011440108.3	1906	1807	35.3902	22.9148
XM_011440109.3	2311	2212	0	0
XM_011440110.3	1738	1639	2	1.42772
XM_011440111.3	1726	1627	0	0
XM_011440112.3	1881	1782	0	0
XM_011440113.3	2614	2515	1	0.465214
XM_011440117.3	4095	3996	0	0
XM_011440119.3	1686	1587	0	0
XM_011440121.3	4521	4422	20	5.29178
XM_011440122.3	1987	1888	7	4.33797
XM_011440125.3	1295	1196	11	10.761
XM_011440126.3	1542	1443	0	0
XM_011440132.3	1562	1463	0	0
XM_011440133.3	1497	1398	102	85.3658
XM_011440134.3	2492	2393	1.19434	0.583953
XM_011440136.3	3877	3778	5	1.54846
XM_011440140.3	1420	1321	0	0
XM_011440143.3	1260	1161	2	2.01553
XM_011440144.3	1805	1706	2	1.37165
XM_011440147.2	1287	1188	0	0
XM_011440148.3	634	535	0	0
XM_011440151.3	4147	4048	19.6547	5.68091
XM_011440152.3	2951	2852	0	0
XM_011440153.3	720	621	0	0
XM_011440154.3	716	617	0	0
XM_011440155.2	1212	1113	0	0
XM_011440161.3	4395	4296	0	0
XM_011440165.3	1244	1145	3	3.06554
XM_011440167.3	3572	3473	16.8743	5.68475
XM_011440168.3	1822	1723	0	0
XM_011440169.3	3158	3059	0	0
XM_011440170.3	3213	3114	0	0
XM_011440172.3	2604	2505	29	13.5451
XM_011440174.3	1530	1431	24	19.6229
XM_011440175.3	802	703	6	9.98589
XM_011440176.3	2101	2002	0	0
XM_011440178.3	2042	1943	5.5748	3.35697
XM_011440179.3	1226	1127	8.43084e-08	8.75262e-08
XM_011440180.3	1256	1157	0	0
XM_011440182.3	3496	3397	8	2.7554
XM_011440183.2	2907	2808	43	17.9169
XM_011440187.3	10015	9916	31.9877	3.77431
XM_011440188.3	950	851	0	0
XM_011440189.3	9862	9763	1.43357e-07	1.71802e-08
XM_011440190.3	9906	9807	0	0
XM_011440191.3	10942	10843	0	0
XM_011440192.3	9793	9694	0.000588276	7.10017e-05
XM_011440193.3	9832	9733	5.29922e-06	6.37024e-07
XM_011440194.3	9705	9606	26.0117	3.16823
XM_011440195.3	557	458	11	28.1008
XM_011440196.3	3494	3395	1.05518	0.363643
XM_011440197.3	3489	3390	5.94482	2.05178
XM_011440198.3	4670	4571	4.98878	1.27695
XM_011440201.3	1211	1112	1	1.05217
XM_011440203.3	1221	1122	0	0
XM_011440204.3	7952	7853	0	0
XM_011440205.3	7718	7619	33.6706	5.17063
XM_011440206.3	7844	7745	1.48404e-07	2.24189e-08
XM_011440207.3	3401	3302	0	0
XM_011440208.3	2034	1935	0	0
XM_011440209.3	1100	1001	0	0
XM_011440211.3	2480	2381	0	0
XM_011440212.3	3046	2947	29.0523	11.5343
XM_011440213.3	3043	2944	95.9477	38.1318
XM_011440215.3	4426	4327	28.655	7.74827
XM_011440217.3	514	415	0	0
XM_011440218.3	878	779	0	0
XM_011440220.3	604	505	0	0
XM_011440221.3	787	688	2	3.4012
XM_011440222.3	2036	1937	0	0
XM_011440223.3	2142	2043	1	0.572694
XM_011440224.3	2094	1995	21	12.3159
XM_011440225.3	2192	2093	28.489	15.9257
XM_011440226.3	2881	2782	0	0
XM_011440227.3	2958	2859	11.511	4.71075
XM_011440236.3	2077	1978	4	2.36605
XM_011440239.3	3187	3088	12	4.54668
XM_011440240.3	3306	3207	1.10024	0.401402
XM_011440241.3	3296	3197	42.8998	15.7001
XM_011440242.3	1366	1267	0	0
XM_011440244.3	2274	2175	0	0
XM_011440245.3	4626	4527	0	0
XM_011440246.3	4068	3969	0	0
XM_011440251.2	2877	2778	0	0
XM_011440252.3	5370	5271	20	4.43944
XM_011440253.3	7131	7032	0	0
XM_011440264.3	2132	2033	1	0.575511
XM_011440265.3	963	864	1	1.35418
XM_011440270.3	1692	1593	0	0
XM_011440271.3	2823	2724	10	4.2952
XM_011440272.3	1575	1476	0	0
XM_011440273.3	1588	1489	0	0
XM_011440276.3	4133	4034	8.9964e-05	2.6093e-05
XM_011440279.3	3173	3074	0	0
XM_011440281.3	1406	1307	0	0
XM_011440282.3	3050	2951	5.57007	2.20842
XM_011440283.3	3516	3417	10.6601	3.65012
XM_011440284.3	3264	3165	5	1.84836
XM_011440285.3	2971	2872	1	0.407386
XM_011440288.3	802	703	0	0
XM_011440289.3	1367	1268	13	11.9954
XM_011440290.3	2360	2261	8	4.13981
XM_011440292.3	2346	2247	0	0
XM_011440294.3	3192	3093	1.71512	0.64879
XM_011440295.3	3528	3429	2	0.682423
XM_011440296.3	2493	2394	58	28.3462
XM_011440297.3	3419	3320	16	5.63862
XM_011440300.3	1376	1277	0	0
XM_011440304.3	912	813	0	0
XM_011440309.3	1060	961	35	42.6124
XM_011440318.3	638	539	0	0
XM_011440321.2	987	888	0	0
XM_011440328.3	1654	1555	0	0
XM_011440331.3	2223	2124	0.110414	0.0608219
XM_011440333.3	2213	2114	27.9977	15.4956
XM_011440335.3	2190	2091	0	0
XM_011440337.3	1983	1884	4	2.4841
XM_011440338.3	2159	2060	0	0
XM_011440340.3	1922	1823	0	0
XM_011440342.3	846	747	0	0
XM_011440345.3	1491	1392	0	0
XM_011440346.3	5952	5853	0	0
XM_011440355.3	5626	5527	2.2587e-06	4.78146e-07
XM_011440356.3	2383	2284	53.6979	27.5076
XM_011440358.3	3857	3758	5.30211	1.65076
XM_011440359.3	5816	5717	0.507151	0.103791
XM_011440361.3	5798	5699	20.4928	4.20721
XM_011440362.3	970	871	0	0
XM_011440365.3	2492	2393	7.09733	3.47011
XM_011440367.3	2448	2349	3.56086	1.77363
XM_011440370.3	2365	2266	0	0
XM_011440372.3	2382	2283	2.38681	1.22321
XM_011440374.3	2314	2215	3.6016	1.90244
XM_011440375.3	2369	2270	0	0
XM_011440377.3	3217	3118	0	0
XM_011440378.3	2360	2261	0	0
XM_011440379.3	2394	2295	1.1922	0.607794
XM_011440380.3	2354	2255	0	0
XM_011440381.3	2764	2665	1.16121	0.509806
XM_011440382.3	2258	2159	0	0
XM_011440383.3	3024	2925	0	0
XM_011440384.3	2559	2460	0	0
XM_011440385.3	2364	2265	0	0
XM_011440388.3	3781	3682	1	0.317766
XM_011440389.3	3390	3291	0	0
XM_011440390.3	1851	1752	0	0
XM_011440391.3	794	695	0	0
XM_011440397.3	2197	2098	13	7.24984
XM_011440417.3	4422	4323	0	0
XM_011440418.3	4410	4311	0	0
XM_011440419.3	4400	4301	0	0
XM_011440420.3	4294	4195	81.8423	22.8264
XM_011440428.3	7068	6969	48.9801	8.22319
XM_011440429.3	7248	7149	8.01987	1.31254
XM_011440431.3	1920	1821	0.000917095	0.000589244
XM_011440434.3	1408	1309	12.7736	11.4174
XM_011440440.3	1890	1791	9	5.87946
XM_011440441.3	3272	3173	0.00107197	0.000395278
XM_011440442.3	3248	3149	7.90762	2.93808
XM_011440449.3	1563	1464	3	2.39757
XM_011440451.3	1717	1618	28	20.2475
XM_011440458.3	1093	994	0	0
XM_011440460.3	2662	2563	7	3.19551
XM_011440462.3	4534	4435	3.42505	0.903576
XM_011440463.3	4531	4432	7.57495	1.99973
XM_011440464.3	3564	3465	0	0
XM_011440465.3	3460	3361	8	2.78492
XM_011440466.3	5058	4959	15	3.53906
XM_011440467.3	6094	5995	7.16198e-05	1.39777e-05
XM_011440468.3	6031	5932	43.2537	8.53126
XM_011440469.3	6019	5920	185.519	36.6655
XM_011440470.3	5879	5780	24.4722	4.95378
XM_011440476.3	1273	1174	0	0
XM_011440477.3	1782	1683	0	0
XM_011440479.3	2649	2550	0	0
XM_011440481.3	3139	3040	0	0
XM_011440482.3	1298	1199	0	0
XM_011440483.2	1163	1064	2	2.19927
XM_011440484.3	1006	907	28	36.1195
XM_011440485.3	1913	1814	6	3.86995
XM_011440486.3	1747	1648	23	16.3291
XM_011440488.3	1561	1462	0	0
XM_011440492.3	2067	1968	5.66387	3.36728
XM_011440493.3	3074	2975	0	0
XM_011440495.3	3119	3020	0	0
XM_011440496.2	922	823	0	0
XM_011440497.3	1465	1366	0	0
XM_011440512.3	4449	4350	17.9873	4.83803
XM_011440514.3	4900	4801	2.64196e-07	6.43851e-08
XM_011440521.3	1516	1417	0	0
XM_011440522.3	1488	1389	0	0
XM_011440533.2	638	539	0	0
XM_011440534.3	564	465	0	0
XM_011440535.3	1843	1744	2	1.34176
XM_011440536.3	1449	1350	0	0
XM_011440537.3	991	892	6	7.87005
XM_011440538.3	3069	2970	7	2.75761
XM_011440539.3	2604	2505	0	0
XM_011440541.3	1137	1038	0	0
XM_011440542.3	2671	2572	5	2.27452
XM_011440543.3	1378	1279	7	6.40351
XM_011440544.3	2015	1916	48	29.3114
XM_011440545.3	1687	1588	3	2.21035
XM_011440546.3	3972	3873	10	3.02095
XM_011440547.3	2186	2087	54	30.2735
XM_011440556.3	742	643	0	0
XM_011440558.3	3103	3004	31	12.074
XM_011440559.3	747	648	11	19.8613
XM_011440570.3	1552	1453	15	12.0786
XM_011440572.3	3155	3056	4	1.53143
XM_011440573.3	3425	3326	0	0
XM_011440574.3	3422	3323	0	0
XM_011440575.3	3341	3242	0	0
XM_011440576.3	3141	3042	0	0
XM_011440577.3	2068	1969	0	0
XM_011440581.3	750	651	7	12.5808
XM_011440583.3	1381	1282	26	23.7288
XM_011440585.3	1157	1058	0	0
XM_011440586.3	1393	1294	0	0
XM_011440587.3	3123	3024	0	0
XM_011440588.3	3183	3084	0	0
XM_011440589.3	3012	2913	7	2.81157
XM_011440590.3	1796	1697	4	2.75784
XM_011440592.3	2392	2293	74	37.7588
XM_011440594.3	4485	4386	0	0
XM_011440596.2	564	465	0	0
XM_011440604.3	4230	4131	0.120968	0.0342614
XM_011440605.3	4217	4118	4.87903	1.38624
XM_011440617.3	2712	2613	22	9.85086
XM_011440618.3	3975	3876	13.9999	4.22604
XM_011440619.3	4016	3917	6.10586e-05	1.82383e-05
XM_011440622.3	2142	2043	1.04308e-06	5.97367e-07
XM_011440627.3	1986	1887	0.699037	0.43343
XM_011440630.3	1980	1881	29.301	18.2257
XM_011440631.3	5933	5834	0	0
XM_011440632.3	5930	5831	0	0
XM_011440633.3	5905	5806	5.02869e-06	1.01337e-06
XM_011440634.3	5894	5795	0	0
XM_011440635.3	6036	5937	0	0
XM_011440636.3	5875	5776	0	0
XM_011440637.3	5865	5766	0	0
XM_011440638.3	5863	5764	0	0
XM_011440639.3	5927	5828	0	0
XM_011440641.3	5846	5747	0	0
XM_011440642.3	6125	6026	0	0
XM_011440643.3	6017	5918	0	0
XM_011440644.3	5828	5729	31.824	6.4993
XM_011440645.3	5794	5695	0	0
XM_011440646.3	5848	5749	43.6633	8.88618
XM_011440647.3	5754	5655	0	0
XM_011440648.3	5863	5764	0	0
XM_011440650.3	5718	5619	0	0
XM_011440651.3	5715	5616	0	0
XM_011440652.3	5679	5580	0	0
XM_011440653.3	5540	5441	0	0
XM_011440654.3	5453	5354	20.5127	4.48266
XM_011440655.3	2480	2381	20	9.82792
XM_011440657.3	2660	2561	2.007	0.916916
XM_011440658.3	2714	2615	0	0
XM_011440659.3	2678	2579	1.993	0.904161
XM_011440661.3	1680	1581	2	1.48009
XM_011440663.3	685	586	0	0
XM_011440664.3	2505	2406	0	0
XM_011440665.3	673	574	0	0
XM_011440667.3	5096	4997	42.3396	9.91353
XM_011440673.2	1415	1316	27	24.0048
XM_011440674.3	1944	1845	1	0.634154
XM_011440675.3	2144	2045	0	0
XM_011440676.3	2126	2027	4.69083e-06	2.70761e-06
XM_011440678.3	2389	2290	61	31.1663
XM_011440679.3	4265	4166	0	0
XM_011440693.3	930	831	5	7.03979
XM_011440695.3	4209	4110	0	0
XM_011440696.3	1644	1545	17	12.8739
XM_011440697.2	3579	3480	92	30.9314
XM_011440698.3	1716	1617	12	8.68285
XM_011440699.3	2235	2136	3	1.64328
XM_011440704.3	1917	1818	11	7.07929
XM_011440705.3	2021	1922	11	6.69623
XM_011440716.2	918	819	3	4.28576
XM_011440726.3	1445	1346	6	5.21551
XM_011440727.3	1420	1321	402.504	356.499
XM_011440728.3	1912	1813	0	0
XM_011440729.3	2065	1966	0	0
XM_011440731.3	2379	2280	0	0
XM_011440735.3	1819	1720	0	0
XM_011440737.3	1346	1247	3	2.81479
XM_011440738.3	1091	992	0	0
XM_011440739.3	1489	1390	0	0
XM_011440753.3	2040	1941	0	0
XM_011440759.3	1977	1878	0	0
XM_011440770.3	2797	2698	0	0
XM_011440772.3	6031	5932	0	0
XM_011440773.3	6223	6124	0	0
XM_011440776.3	6794	6695	5.63917	0.985497
XM_011440778.3	2642	2543	4.43073e-05	2.03854e-05
XM_011440779.3	6019	5920	14.3608	2.83824
XM_011440780.3	5957	5858	0	0
XM_011440781.3	5968	5869	0	0
XM_011440782.3	4079	3980	0	0
XM_011440783.3	5917	5818	0	0
XM_011440784.3	5866	5767	0	0
XM_011440785.3	5764	5665	0	0
XM_011440790.3	1645	1546	431	326.181
XM_011440796.3	2384	2285	0	0
XM_011440797.3	773	674	4	6.9437
XM_011440799.3	833	734	2	3.18805
XM_011440800.3	1353	1254	0	0
XM_011440801.3	1515	1416	17	14.0468
XM_011440803.3	1913	1814	9	5.80492
XM_011440806.3	751	652	30.6359	54.9761
XM_011440811.3	10813	10714	19	2.07488
XM_011440825.3	2514	2415	27	13.0809
XM_011440830.3	2633	2534	5	2.30863
XM_011440842.3	3393	3294	0	0
XM_011440848.3	628	529	33	72.9876
XM_011440849.3	3083	2984	5	1.96048
XM_011440853.3	3702	3603	1	0.324733
XM_011440854.3	2435	2336	6	3.00517
XM_011440855.3	1538	1439	6	4.87844
XM_011440856.3	2828	2729	15.8412	6.79166
XM_011440857.3	2298	2199	5	2.66033
XM_011440858.3	543	444	6	15.811
XM_011440864.3	2807	2708	15	6.48087
XM_011440866.3	3660	3561	0	0
XM_011440867.3	3522	3423	2	0.683619
XM_011440868.3	3576	3477	2.12432e-08	7.14836e-09
XM_011440870.3	1458	1359	0	0
XM_011440876.3	2366	2267	29.8477	15.4046
XM_011440877.3	2354	2255	0	0
XM_011440878.3	2307	2208	26.1523	13.858
XM_011440879.3	2290	2191	1	0.534009
XM_011440880.3	9865	9766	0	0
XM_011440881.3	9856	9757	89	10.6725
XM_011440882.3	9853	9754	0	0
XM_011440883.3	4946	4847	4.46089e-08	1.07681e-08
XM_011440884.3	4922	4823	1.50704e-05	3.65594e-06
XM_011440885.3	4889	4790	0.0473932	0.0115763
XM_011440886.3	4864	4765	21.9526	5.39031
XM_011440888.3	3752	3653	13.1181	4.20158
XM_011440889.3	3094	2995	16.8819	6.595
XM_011440894.3	1215	1116	22	23.0648
XM_011440897.3	2282	2183	0	0
XM_011440900.3	865	766	0	0
XM_011440902.3	1815	1716	0	0
XM_011440903.3	1849	1750	22	14.7087
XM_011440909.3	1650	1551	0	0
XM_011440921.3	771	672	0	0
XM_011440923.3	4226	4127	0.024109	0.00683494
XM_011440928.3	1016	917	0	0
XM_011440932.3	2307	2208	0	0
XM_011440934.3	2228	2129	65	35.7214
XM_011440935.3	2314	2215	0	0
XM_011440936.3	2041	1942	0	0
XM_011440937.3	2033	1934	0	0
XM_011440938.3	1483	1384	0	0
XM_011440939.3	1502	1403	0	0
XM_011440948.3	3026	2927	0	0
XM_011440949.3	2878	2779	4	1.68408
XM_011440950.3	2162	2063	7	3.96999
XM_011440951.3	6618	6519	8.28318	1.48664
XM_011440963.3	2455	2356	0	0
XM_011440964.3	2837	2738	0	0
XM_011440966.3	2796	2697	0	0
XM_011440972.3	3978	3879	3	0.904883
XM_011440997.3	1690	1591	2	1.47079
XM_011440999.3	1274	1175	1	0.995756
XM_011441001.3	2183	2084	14	7.85997
XM_011441002.3	3192	3093	0	0
XM_011441003.3	3162	3063	0	0
XM_011441004.3	3160	3061	0	0
XM_011441005.3	2839	2740	0	0
XM_011441006.3	2309	2210	0	0
XM_011441008.3	2441	2342	0	0
XM_011441009.3	2240	2141	20.4441	11.1723
XM_011441010.3	2278	2179	2.2294e-08	1.19708e-08
XM_011441011.3	2411	2312	0	0
XM_011441012.3	2426	2327	0	0
XM_011441013.3	2825	2726	0	0
XM_011441014.3	2404	2305	0	0
XM_011441016.3	948	849	1	1.37811
XM_011441018.3	762	663	218.999	386.473
XM_011441021.3	841	742	6	9.46102
XM_011441022.3	1585	1486	6.5829	5.1831
XM_011441023.3	2485	2386	18	8.82659
XM_011441024.3	1858	1759	7	4.65611
XM_011441025.3	2972	2873	5.96737	2.43018
XM_011441026.3	2975	2876	1.75434	0.713701
XM_011441027.3	2708	2609	0	0
XM_011441028.3	2801	2702	0	0
XM_011441029.3	2272	2173	0	0
XM_011441030.3	2933	2834	0	0
XM_011441032.3	2752	2653	0.788623	0.347795
XM_011441033.3	2745	2646	17.4897	7.73361
XM_011441034.3	2758	2659	0	0
XM_011441035.3	2763	2664	0	0
XM_011441046.3	1629	1530	0	0
XM_011441047.3	1671	1572	0	0
XM_011441048.3	1138	1039	0	0
XM_011441049.3	2944	2845	0	0
XM_011441050.3	2982	2883	0	0
XM_011441051.3	1297	1198	0	0
XM_011441052.3	2451	2352	52	25.8676
XM_011441054.3	1163	1064	0	0
XM_011441055.3	1192	1093	0	0
XM_011441056.3	606	507	103	237.695
XM_011441057.3	3882	3783	24.9259	7.70912
XM_011441059.3	2155	2056	0	0
XM_011441060.3	2066	1967	0	0
XM_011441068.3	2158	2059	3	1.70473
XM_011441082.3	2509	2410	66	32.0419
XM_011441084.3	4546	4447	12.231	3.21799
XM_011441087.3	1629	1530	4	3.05886
XM_011441088.3	2442	2343	5	2.49683
XM_011441089.3	771	672	7	12.1876
XM_011441097.3	1578	1479	5	3.95542
XM_011441099.3	3630	3531	8	2.65084
XM_011441100.3	703	604	26	50.3648
XM_011441113.3	1001	902	6	7.78279
XM_011441117.3	3241	3142	0	0
XM_011441118.3	1283	1184	0	0
XM_011441119.3	4198	4099	1.92894	0.550593
XM_011441121.3	3122	3023	0	0
XM_011441122.3	2825	2726	0	0
XM_011441124.3	2649	2550	8.32713	3.82073
XM_011441125.3	3092	2993	0	0
XM_011441127.3	1807	1708	1	0.68502
XM_011441135.3	1799	1700	19	13.0766
XM_011441136.3	2229	2130	2.56989e-05	1.41165e-05
XM_011441137.3	2237	2138	3.16341e-07	1.73117e-07
XM_011441138.3	2041	1942	6	3.61487
XM_011441139.3	2396	2297	0	0
XM_011441142.3	2681	2582	3	1.35943
XM_011441144.3	2993	2894	24	9.70294
XM_011441145.3	5128	5029	0	0
XM_011441146.3	5016	4917	23	5.47291
XM_011441147.3	5375	5276	0	0
XM_011441150.3	1371	1272	0	0
XM_011441152.3	2409	2310	30.0949	15.243
XM_011441156.3	2099	2000	2	1.17001
XM_011441158.3	1565	1466	0	0
XM_011441161.3	5072	4973	0	0
XM_011441162.3	4907	4808	25	6.08368
XM_011441163.2	2397	2298	1	0.509144
XM_011441171.2	1023	924	0	0
XM_011441173.3	1245	1146	0	0
XM_011441174.3	7929	7830	122.069	18.2404
XM_011441175.3	7914	7815	1.35718e-05	2.03188e-06
XM_011441177.3	2103	2004	19	11.0929
XM_011441179.3	1052	953	0	0
XM_011441182.3	2154	2055	2.25623e-07	1.28458e-07
XM_011441183.3	2067	1968	0	0
XM_011441184.3	1543	1444	0	0
XM_011441187.3	989	890	0	0
XM_011441188.3	2950	2851	11.239	4.61233
XM_011441189.3	4144	4045	0	0
XM_011441190.3	2486	2387	0	0
XM_011441191.3	2690	2591	1	0.451568
XM_011441192.3	1759	1660	0	0
XM_011441193.3	1704	1605	0	0
XM_011441197.3	1489	1390	5	4.20868
XM_011441198.3	1647	1548	5	3.77911
XM_011441199.3	1441	1342	0	0
XM_011441200.3	1793	1694	1	0.690681
XM_011441201.3	3853	3754	2.63039e-08	8.19817e-09
XM_011441202.3	3785	3686	54	17.1407
XM_011441203.2	1991	1892	30	18.552
XM_011441204.3	3180	3081	65	24.6838
XM_011441205.3	2825	2726	0	0
XM_011441206.3	2780	2681	0	0
XM_011441207.3	1227	1128	1	1.03725
XM_011441208.2	999	900	4	5.20006
XM_011441209.3	951	852	25	34.3314
XM_011441210.3	6542	6443	0	0
XM_011441211.3	6428	6329	0.0149936	0.00277179
XM_011441213.3	6382	6283	77.985	14.5223
XM_011441214.3	2186	2087	0	0
XM_011441217.3	4122	4023	0	0
XM_011441218.3	4193	4094	0	0
XM_011441219.3	4110	4011	0	0
XM_011441220.3	4130	4031	0	0
XM_011441222.3	1650	1551	5	3.7718
XM_011441223.3	1483	1384	0	0
XM_011441224.3	1462	1363	0	0
XM_011441225.3	1453	1354	0	0
XM_011441239.3	2567	2468	5.76994	2.73537
XM_011441241.3	1433	1334	2	1.75414
XM_011441242.2	1553	1454	9	7.24217
XM_011441244.3	3108	3009	28.6263	11.131
XM_011441245.3	3157	3058	1.68977e-07	6.46517e-08
XM_011441247.3	3162	3063	2.48636e-08	9.49748e-09
XM_011441249.3	4822	4723	2.68591e-08	6.65372e-09
XM_011441251.3	4800	4701	6.42062e-06	1.598e-06
XM_011441255.3	988	889	7	9.2127
XM_011441256.3	896	797	16	23.4883
XM_011441260.3	1227	1128	0	0
XM_011441269.3	1454	1355	13	11.2252
XM_011441271.3	2002	1903	9.37438	5.76361
XM_011441272.3	2319	2220	0	0
XM_011441283.2	703	604	1	1.93711
XM_011441286.3	4615	4516	0	0
XM_011441287.3	4725	4626	4	1.01168
XM_011441288.3	4804	4705	1.19441e-06	2.97019e-07
XM_011441291.3	4789	4690	5.05651e-05	1.26145e-05
XM_011441292.3	4789	4690	5.05651e-05	1.26145e-05
XM_011441293.3	4786	4687	0.000107106	2.67369e-05
XM_011441294.3	4756	4657	0.199976	0.0502416
XM_011441295.3	2353	2254	8	4.15267
XM_011441296.3	1960	1861	17	10.6879
XM_011441297.3	799	700	1	1.67145
XM_011441301.3	6503	6404	0	0
XM_011441304.3	6497	6398	0	0
XM_011441305.3	6260	6161	1.57363e-07	2.98843e-08
XM_011441307.3	6164	6065	15.7484	3.03806
XM_011441308.3	4238	4139	2.17859	0.615843
XM_011441310.3	4323	4224	0	0
XM_011441313.3	2158	2059	603	342.651
XM_011441314.3	2105	2006	24	13.9982
XM_011441316.3	7109	7010	2.36856	0.395328
XM_011441317.3	7146	7047	0.00492844	0.000818268
XM_011441318.3	1669	1570	0	0
XM_011441322.3	2863	2764	4.99987	2.11647
XM_011441323.3	2888	2789	0.000129411	5.42892e-05
XM_011441326.3	825	726	2	3.22318
XM_011441327.3	6789	6690	6	1.04934
XM_011441329.3	924	825	0	0
XM_011441330.3	1640	1541	0	0
XM_011441341.3	426	327	0	0
XM_011441343.3	1122	1023	1	1.14371
XM_011441344.3	820	721	0	0
XM_011441355.3	2317	2218	0	0
XM_011441356.3	2403	2304	0	0
XM_011441357.3	1922	1823	3	1.92542
XM_011441358.3	1617	1518	0	0
XM_011441365.3	1087	988	3	3.55267
XM_011441367.3	1161	1062	3	3.30512
XM_011441368.3	631	532	0	0
XM_011441370.3	548	449	0	0
XM_011441372.3	1321	1222	0	0
XM_011441373.3	1375	1276	1	0.916938
XM_011441374.3	4305	4206	8.3182	2.31393
XM_011441377.3	1538	1439	4.75036	3.86239
XM_011441378.3	2904	2805	9	3.75405
XM_011441380.3	1017	918	1	1.27452
XM_011441387.3	1509	1410	2	1.65959
XM_011441388.3	1709	1610	0	0
XM_011441389.2	2013	1914	0	0
XM_011441393.3	2102	2003	3	1.75239
XM_011441395.3	1271	1172	4	3.99322
XM_011441396.3	3582	3483	15	5.03882
XM_011441397.3	3667	3568	0	0
XM_011441398.3	3187	3088	10.6294	4.02738
XM_011441403.3	3946	3847	0	0
XM_011441409.3	1141	1042	6	6.73712
XM_011441411.3	1839	1740	19	12.776
XM_011441412.3	5361	5262	9.58202	2.13058
XM_011441413.3	2124	2025	0	0
XM_011441415.3	2154	2055	17.8731	10.176
XM_011441417.3	3801	3702	48.3835	15.2915
XM_011441423.3	1976	1877	8	4.98674
XM_011441424.3	2829	2730	55.9867	23.9946
XM_011441427.3	2139	2040	0	0
XM_011441428.3	1544	1445	0	0
XM_011441429.3	1509	1410	0	0
XM_011441436.3	2188	2089	0	0
XM_011441443.3	1930	1831	4	2.55601
XM_011441445.3	4477	4378	0	0
XM_011441446.3	4407	4308	4.39305e-07	1.19311e-07
XM_011441450.3	3518	3419	0	0
XM_011441453.3	2424	2325	0	0
XM_011441454.3	2451	2352	0	0
XM_011441455.3	2581	2482	0	0
XM_011441456.3	2143	2044	9	5.15172
XM_011441459.3	1363	1264	0	0
XM_011441460.3	1710	1611	0	0
XM_011441461.3	961	862	0	0
XM_011441462.3	1156	1057	0	0
XM_011441463.3	1314	1215	0	0
XM_011441464.3	649	550	2	4.25459
XM_011441469.3	5120	5021	7.04178	1.6409
XM_011441470.3	5130	5031	6.95822	1.61821
XM_011441471.3	1172	1073	0	0
XM_011441472.3	1124	1025	20.098	22.9414
XM_011441476.3	953	854	2	2.74008
XM_011441478.3	2188	2089	0	0
XM_011441482.3	3992	3893	4.53111e-05	1.36179e-05
XM_011441483.3	3982	3883	0	0
XM_011441484.3	3797	3698	6.6441	2.10213
XM_011441485.3	4022	3923	0	0
XM_011441486.3	3949	3850	20.6241	6.26765
XM_011441488.3	2034	1935	0	0
XM_011441489.3	2619	2520	0	0
XM_011441495.3	866	767	195.957	298.921
XM_011441496.3	2082	1983	0	0
XM_011441504.3	1130	1031	80	90.7867
XM_011441505.3	675	576	0	0
XM_011441512.3	3013	2914	0	0
XM_011441513.3	2124	2025	9	5.20006
XM_011441514.3	1428	1329	10	8.80371
XM_011441515.3	1517	1418	0	0
XM_011441519.3	666	567	0	0
XM_011441523.3	4866	4767	1.08786	0.267004
XM_011441524.3	2046	1947	0	0
XM_011441525.3	3151	3052	1.47144	0.564089
XM_011441526.3	3148	3049	4.66375	1.78965
XM_011441527.3	1539	1440	2.99911	2.4368
XM_011441528.3	1549	1450	0.000894393	0.000721691
XM_011441531.3	1174	1075	10	10.8838
XM_011441532.3	1248	1149	1	1.01829
XM_011441533.3	1921	1822	0	0
XM_011441534.3	558	459	6.01857	15.3416
XM_011441536.3	3339	3240	31	11.1946
XM_011441537.3	4436	4337	11.9983	3.23685
XM_011441539.3	5115	5016	0	0
XM_011441542.3	1107	1008	10	11.6073
XM_011441544.3	1809	1710	3	2.05266
XM_011441545.3	1861	1762	0	0
XM_011441546.3	1814	1715	28	19.1023
XM_011441553.3	3790	3691	53	16.8005
XM_011441565.3	2019	1920	0	0
XM_011441566.3	1859	1760	0	0
XM_011441567.3	1825	1726	1	0.677876
XM_011441568.3	2568	2469	0	0
XM_011441569.3	1340	1241	38.9087	36.6831
XM_011441570.3	1297	1198	19	18.5561
XM_011441571.3	1809	1710	13.8848	9.50024
XM_011441579.3	3525	3426	17	5.80567
XM_011441580.3	658	559	1	2.09305
XM_011441581.3	8856	8757	27.7589	3.70883
XM_011441584.2	2533	2434	8	3.84557
XM_011441604.3	6686	6587	83	14.7428
XM_011441606.3	1911	1812	19	12.2684
XM_011441609.3	2488	2389	8.69954	4.2606
XM_011441615.3	2194	2095	88	49.1461
XM_011441616.3	2239	2140	0	0
XM_011441617.3	4939	4840	0	0
XM_011441618.3	4914	4815	43	10.4487
XM_011441619.3	4930	4831	0	0
XM_011441621.3	1905	1806	0	0
XM_011441633.3	1330	1231	3	2.85137
XM_011441634.3	7850	7751	0	0
XM_011441636.3	7180	7081	23.8144	3.93492
XM_011441640.3	2385	2286	1	0.511817
XM_011441641.3	2122	2023	0	0
XM_011441645.3	1445	1346	0	0
XM_011441649.3	2329	2230	0	0
XM_011441651.3	4997	4898	1.27016	0.303411
XM_011441656.3	2030	1931	16	9.69457
XM_011441659.3	2435	2336	65	32.556
XM_011441661.3	4210	4111	53.9581	15.3568
XM_011441663.3	4207	4108	127.042	36.1832
XM_011441664.3	1913	1814	0	0
XM_011441665.3	2912	2813	2	0.831862
XM_011441666.3	2441	2342	23	11.4903
XM_011441667.3	5391	5292	2.99992	0.663256
XM_011441669.3	856	757	6	9.27355
XM_011441672.3	1788	1689	3	2.07818
XM_011441675.3	3245	3146	0	0
XM_011441686.3	2839	2740	0.0692943	0.0295895
XM_011441687.2	516	417	614	1722.75
XM_011441692.3	2827	2728	11.9307	5.11697
XM_011441693.3	7937	7838	0.00101039	0.000150826
XM_011441694.3	7863	7764	68.6968	10.3524
XM_011441695.3	7392	7293	0	0
XM_011441696.3	7271	7172	0	0
XM_011441697.3	7206	7107	27.7499	4.56841
XM_011441699.3	7299	7200	0	0
XM_011441700.3	7330	7231	0	0
XM_011441701.3	7212	7113	0	0
XM_011441702.3	1577	1478	9.52612	7.54106
XM_011441704.3	7137	7038	0	0
XM_011441705.3	7171	7072	0	0
XM_011441709.3	2268	2169	21.5274	11.6124
XM_011441710.3	7157	7058	0	0
XM_011441711.3	7175	7076	0	0
XM_011441712.3	7139	7040	0	0
XM_011441717.3	1027	928	14	17.6511
XM_011441718.3	2160	2061	1.19743e-08	6.79774e-09
XM_011441719.3	2448	2349	0	0
XM_011441722.3	1566	1467	20	15.9511
XM_011441724.3	2921	2822	0.999996	0.414603
XM_011441725.3	2690	2591	0	0
XM_011441726.3	623	524	0	0
XM_011441733.3	966	867	0	0
XM_011441749.3	4748	4649	0	0
XM_011441754.3	4403	4304	14.7974	4.02256
XM_011441767.3	5447	5348	0.0249516	0.00545881
XM_011441779.3	5159	5060	13.9991	3.23698
XM_011441786.3	2488	2389	1.27477	0.624319
XM_011441787.3	1737	1638	0	0
XM_011441788.3	2509	2410	0	0
XM_011441789.3	2533	2434	0	0
XM_011441790.3	2018	1919	0	0
XM_011441793.3	7190	7091	129	21.285
XM_011441795.3	2235	2136	4.85151	2.65746
XM_011441796.3	3149	3050	55.7852	21.3998
XM_011441799.3	1126	1027	19.3054	21.9937
XM_011441800.3	1982	1883	0	0
XM_011441801.3	1932	1833	1.29833	0.828733
XM_011441803.3	1033	934	18.0753	22.6428
XM_011441805.3	803	704	0	0
XM_011441806.3	1111	1012	0	0
XM_011441810.3	2379	2280	3	1.53949
XM_011441812.3	2142	2043	2	1.14539
XM_011441816.3	1965	1866	0	0
XM_011441817.3	637	538	2	4.34949
XM_011441820.3	5970	5871	42	8.37005
XM_011441821.3	15105	15006	16.371	1.27645
XM_011441823.3	15092	14993	45.2475	3.531
XM_011441824.3	3213	3114	0	0
XM_011441825.3	2078	1979	6.43955	3.80716
XM_011441835.3	2106	2007	122	71.1219
XM_011441836.3	3802	3703	6.89695e-07	2.17918e-07
XM_011441838.3	2302	2203	8.93585	4.74583
XM_011441839.3	1352	1253	4	3.73508
XM_011441840.3	2172	2073	1.3868e-06	7.82719e-07
XM_011441846.3	3358	3259	0	0
XM_011441853.3	2221	2122	6.93908	3.82602
XM_011441854.3	2439	2340	2.06092	1.03047
XM_011441857.3	3827	3728	0	0
XM_011441863.3	2401	2302	0	0
XM_011441865.3	2444	2345	0	0
XM_011441866.3	2823	2724	23.8947	10.2633
XM_011441867.3	1486	1387	0	0
XM_011441869.3	3000	2901	39.9995	16.1323
XM_011441872.3	2924	2825	29	12.0108
XM_011441874.3	3827	3728	4.00328e-07	1.25641e-07
XM_011441875.3	3824	3725	1.02927e-06	3.2329e-07
XM_011441876.3	3812	3713	4.53195e-05	1.42808e-05
XM_011441877.3	3803	3704	0.000780897	0.000246668
XM_011441878.3	3791	3692	0.0351306	0.0111331
XM_011441879.3	3776	3677	4.16508	1.32532
XM_011441880.3	3767	3668	73.799	23.5403
XM_011441881.3	4174	4075	1.01384	0.291093
XM_011441882.3	3784	3685	0	0
XM_011441883.3	1217	1118	0	0
XM_011441884.3	2450	2351	3	1.493
XM_011441889.3	1657	1558	29	21.7782
XM_011441891.3	4256	4157	0	0
XM_011441898.3	3698	3599	0	0
XM_011441906.3	3468	3369	27.7929	9.65214
XM_011441914.3	3586	3487	0	0
XM_011441915.3	822	723	0	0
XM_011441922.3	1617	1518	1	0.77076
XM_011441923.3	1013	914	0	0
XM_011441927.3	2764	2665	5	2.19515
XM_011441928.2	1976	1877	13.1926	8.22349
XM_011441930.3	2000	1901	4.44527e-06	2.73594e-06
XM_011441932.3	2086	1987	0	0
XM_011441935.3	2105	2006	0.0794428	0.0463356
XM_011441936.3	2095	1996	27.9206	16.3664
XM_011441937.3	2039	1940	1	0.6031
XM_011441939.3	891	792	0	0
XM_011441940.3	1507	1408	0	0
XM_011441942.3	1144	1045	5	5.59815
XM_011441944.3	700	601	118	229.72
XM_011441945.3	2166	2067	5.58703	3.1625
XM_011441946.3	1068	969	0	0
XM_011441947.3	1036	937	0	0
XM_011441949.3	2546	2447	0	0
XM_011441950.3	3963	3864	0	0
XM_011441951.3	3967	3868	0	0
XM_011441952.3	3623	3524	0	0
XM_011441954.3	5750	5651	0.00998425	0.00206719
XM_011441956.3	5714	5615	17.99	3.74863
XM_011441957.3	2549	2450	0	0
XM_011441958.3	845	746	28	43.9147
XM_011441959.3	2374	2275	0	0
XM_011441960.3	3685	3586	15	4.89409
XM_011441961.3	1482	1383	2	1.69199
XM_011441962.3	1317	1218	8	7.68482
XM_011441963.3	914	815	3	4.3068
XM_011441964.3	3238	3139	3.30769	1.23289
XM_011441967.3	2457	2358	0	0
XM_011441968.3	1516	1417	37	30.5508
XM_011441974.3	4389	4290	0.244503	0.0666835
XM_011441975.3	4374	4275	14.8806	4.07264
XM_011441977.3	4076	3977	0	0
XM_011441978.3	4074	3975	0	0
XM_011441979.3	4070	3971	0	0
XM_011441980.3	1905	1806	2	1.2957
XM_011441981.3	4071	3972	0	0
XM_011441982.3	4045	3946	0	0
XM_011441983.3	4047	3948	0	0
XM_011441985.3	3942	3843	10	3.04453
XM_011441986.3	3586	3487	0	0
XM_011441988.3	2284	2185	13.3262	7.13582
XM_011441993.3	1669	1570	12.7111	9.47268
XM_011441994.3	2344	2245	0	0
XM_011441995.3	2734	2635	42	18.6492
XM_011441996.3	1637	1538	11	8.36811
XM_011441997.3	2294	2195	31.4493	16.7636
XM_011441998.3	3002	2903	1	0.403036
XM_011442000.3	1475	1376	0	0
XM_011442001.3	1468	1369	0	0
XM_011442002.3	1763	1664	0	0
XM_011442013.3	954	855	6	8.21062
XM_011442014.3	2018	1919	33.5452	20.4525
XM_011442016.3	1984	1885	162.455	100.835
XM_011442017.3	3746	3647	0	0
XM_011442018.3	1412	1313	58.2932	51.945
XM_011442020.3	2043	1944	16	9.62974
XM_011442021.3	1855	1756	3	1.99888
XM_011442022.3	2314	2215	67	35.3909
XM_011442023.3	2048	1949	0	0
XM_011442025.3	1741	1642	0	0
XM_011442026.3	1865	1766	0	0
XM_011442027.3	1755	1656	0	0
XM_011442029.3	1739	1640	5	3.56711
XM_011442030.2	6531	6432	100.93	18.3597
XM_011442031.3	6800	6701	0	0
XM_011442032.3	6571	6472	0.070105	0.0126736
XM_011442033.3	5402	5303	0.00243059	0.000536267
XM_011442034.3	5363	5264	13.9976	3.1112
XM_011442035.3	702	603	0	0
XM_011442036.3	2244	2145	54	29.4549
XM_011442037.3	2113	2014	0	0
XM_011442038.2	2444	2345	4	1.99576
XM_011442040.3	3816	3717	0	0
XM_011442041.3	3824	3725	0	0
XM_011442045.3	2687	2588	0	0
XM_011442046.3	2747	2648	0	0
XM_011442047.3	3235	3136	0	0
XM_011442049.3	2618	2519	0.996222	0.46272
XM_011442050.3	1897	1798	1	0.65073
XM_011442053.3	1738	1639	0	0
XM_011442057.3	2994	2895	0	0
XM_011442059.3	4254	4155	0	0
XM_011442060.3	3124	3025	0	0
XM_011442061.3	2992	2893	0	0
XM_011442062.3	2778	2679	0	0
XM_011442063.3	949	850	28	38.5416
XM_011442066.3	3881	3782	8	2.47491
XM_011442067.3	4682	4583	0	0
XM_011442068.3	4575	4476	11.8745	3.10397
XM_011442069.3	4584	4485	1.12545	0.2936
XM_011442070.3	1472	1373	0	0
XM_011442071.3	1297	1198	1	0.976639
XM_011442072.3	2918	2819	0	0
XM_011442073.3	3283	3184	0	0
XM_011442074.3	1648	1549	0	0
XM_011442075.3	1786	1687	0	0
XM_011442076.3	1697	1598	0	0
XM_011442078.3	1616	1517	0	0
XM_011442079.3	1679	1580	0	0
XM_011442080.3	1553	1454	0.000300017	0.000241419
XM_011442081.3	1745	1646	2.8355	2.01554
XM_011442082.3	1749	1650	0.164496	0.116644
XM_011442083.3	1812	1713	613.629	419.121
XM_011442084.3	1789	1690	0	0
XM_011442085.3	2466	2367	18	8.89744
XM_011442087.3	2476	2377	57	28.0567
XM_011442089.3	1018	919	0	0
XM_011442091.3	2128	2029	0	0
XM_011442098.3	1936	1837	7	4.45841
XM_011442099.3	2266	2167	50.0039	26.9982
XM_011442102.3	1299	1200	0	0
XM_011442111.3	4082	3983	6.99101	2.05362
XM_011442112.3	2352	2253	4	2.07725
XM_011442113.3	1363	1264	25	23.1411
XM_011442118.3	4079	3980	16.9194	4.97386
XM_011442121.3	5563	5464	0	0
XM_011442125.2	3968	3869	1.08957	0.329495
XM_011442137.3	732	633	35	64.6927
XM_011442138.3	1867	1768	0	0
XM_011442139.3	1830	1731	0	0
XM_011442140.3	1837	1738	0	0
XM_011442141.3	1824	1725	0	0
XM_011442143.3	1804	1705	0	0
XM_011442144.3	1786	1687	0	0
XM_011442145.3	1724	1625	0.00214875	0.00154712
XM_011442150.3	4938	4839	32	7.73722
XM_011442151.3	5053	4954	0	0
XM_011442154.3	1525	1426	15	12.3073
XM_011442156.3	6615	6516	0	0
XM_011442157.3	6195	6096	112.16	21.5271
XM_011442158.3	6613	6514	0	0
XM_011442159.3	6319	6220	0	0
XM_011442160.3	4231	4132	0	0
XM_011442162.3	3780	3681	0	0
XM_011442164.3	3826	3727	0	0
XM_011442165.3	4015	3916	0	0
XM_011442166.3	3935	3836	0	0
XM_011442170.3	2374	2275	0	0
XM_011442172.3	5976	5877	42.5885	8.47867
XM_011442173.3	5888	5789	0.00373377	0.000754631
XM_011442174.3	5838	5739	97.9985	19.979
XM_011442175.3	5955	5856	1.02227e-07	2.04247e-08
XM_011442176.3	5838	5739	6.95539	1.418
XM_011442177.3	2445	2346	0	0
XM_011442184.3	2595	2496	0	0
XM_011442185.3	1144	1045	6	6.71778
XM_011442186.3	1174	1075	7.65813	8.33499
XM_011442187.3	2655	2556	2.34187	1.072
XM_011442204.3	2590	2491	0	0
XM_011442205.3	2644	2545	0	0
XM_011442209.3	581	482	13	31.5564
XM_011442211.3	3115	3016	9.46505	3.67183
XM_011442213.3	5106	5007	0.834229	0.194939
XM_011442217.3	1247	1148	0	0
XM_011442218.3	1133	1034	0	0
XM_011442219.3	5091	4992	28.1658	6.60143
XM_011442220.3	1285	1186	0	0
XM_011442223.3	2658	2559	17	7.77266
XM_011442228.3	1098	999	0	0
XM_011442231.2	1544	1445	0	0
XM_011442232.3	3725	3626	0	0
XM_011442241.3	5122	5023	21.9567	5.11441
XM_011442245.3	2954	2855	3	1.22944
XM_011442247.3	1966	1867	11	6.89349
XM_011442248.3	2201	2102	0	0
XM_011442249.3	2137	2038	0	0
XM_011442254.3	2058	1959	39	23.2928
XM_011442256.3	5605	5506	0.0150573	0.00319965
XM_011442262.3	1244	1145	4	4.08738
XM_011442266.3	985	886	8	10.5645
XM_011442267.3	2845	2746	14	5.96511
XM_011442276.3	1729	1630	3	2.1534
XM_011442277.3	2006	1907	3	1.84061
XM_011442278.3	5354	5255	0	0
XM_011442279.3	6239	6140	4.16033	0.792775
XM_011442280.3	5460	5361	7.8104	1.70458
XM_011442282.3	5411	5312	0	0
XM_011442285.3	1389	1290	0	0
XM_011442286.3	5223	5124	0	0
XM_011442289.3	5218	5119	0	0
XM_011442290.3	5253	5154	6.85407	1.55595
XM_011442291.3	5096	4997	0	0
XM_011442292.3	5365	5266	0	0
XM_011442293.3	5196	5097	11.3484	2.60502
XM_011442294.3	5639	5540	0	0
XM_011442299.3	3543	3444	21.6342	7.34969
XM_011442300.3	2985	2886	0	0
XM_011442302.3	858	759	0	0
XM_011442303.3	920	821	0	0
XM_011442304.3	3251	3152	45	16.7039
XM_011442309.3	2326	2227	0.955331	0.501909
XM_011442322.3	3897	3798	0	0
XM_011442352.3	3767	3668	4.33058	1.38136
XM_011442353.2	1080	981	0	0
XM_011442359.3	1646	1547	0	0
XM_011442360.3	1709	1610	0	0
XM_011442378.2	933	834	0	0
XM_011442379.3	4649	4550	2.96804	0.763218
XM_011442380.3	3534	3435	0	0
XM_011442381.3	3276	3177	0	0
XM_011442382.3	1761	1662	2	1.40796
XM_011442383.3	3318	3219	15.9356	5.79215
XM_011442384.3	3247	3148	0	0
XM_011442385.3	3116	3017	159.096	61.6987
XM_011442390.3	1735	1636	0	0
XM_011442391.3	1601	1502	39	30.3798
XM_011442393.3	4325	4226	14.9993	4.15271
XM_011442394.3	2095	1996	0	0
XM_011442396.3	3580	3481	0	0
XM_011442403.3	3444	3345	0	0
XM_011442404.3	3402	3303	0	0
XM_011442406.3	3386	3287	0	0
XM_011442407.3	3345	3246	0	0
XM_011442408.3	3257	3158	3.9991e-08	1.48163e-08
XM_011442410.3	5253	5154	0	0
XM_011442411.3	5151	5052	148.634	34.4228
XM_011442412.3	3965	3866	0	0
XM_011442413.3	4112	4013	27.2803	7.95373
XM_011442415.3	3964	3865	0	0
XM_011442416.3	3909	3810	0	0
XM_011442417.3	3965	3866	39.4192	11.9299
XM_011442418.3	3947	3848	0	0
XM_011442419.3	3960	3861	0	0
XM_011442420.3	3985	3886	0	0
XM_011442422.3	3962	3863	61.9189	18.7538
XM_011442423.3	3957	3858	0	0
XM_011442426.3	3833	3734	135.376	42.4188
XM_011442427.3	2624	2525	0	0
XM_011442428.3	2770	2671	0	0
XM_011442432.3	2891	2792	0	0
XM_011442434.3	2752	2653	0	0
XM_011442441.3	2820	2721	0	0
XM_011442450.3	2716	2617	2.04212e-08	9.12994e-09
XM_011442455.3	2689	2590	0.00391944	0.00177058
XM_011442459.3	2723	2624	5	2.22945
XM_011442464.3	2739	2640	0	0
XM_011442470.3	2721	2622	0	0
XM_011442471.3	1598	1499	1	0.780529
XM_011442472.2	14396	14297	33.1589	2.7136
XM_011442473.3	9222	9123	37.2792	4.78101
XM_011442475.3	1369	1270	0	0
XM_011442476.3	1370	1271	0	0
XM_011442477.3	3164	3065	14	5.34427
XM_011442482.3	1318	1219	1.47388	1.41465
XM_011442486.3	2220	2121	1	0.551633
XM_011442487.3	2847	2748	2.03726	0.867404
XM_011442490.3	1865	1766	22	14.5755
XM_011442491.3	2629	2530	4	1.84982
XM_011442492.3	3250	3151	0	0
XM_011442493.3	1508	1409	0	0
XM_011442494.3	5898	5799	0	0
XM_011442495.3	1326	1227	3	2.86067
XM_011442502.3	1679	1580	0	0
XM_011442503.3	5126	5027	0	0
XM_011442507.2	489	390	2	6.00007
XM_011442509.3	587	488	0	0
XM_011442510.3	4747	4648	0.090584	0.0228022
XM_011442511.3	2034	1935	0	0
XM_011442513.3	2022	1923	0	0
XM_011442515.3	2001	1902	0	0
XM_011442516.3	1992	1893	0	0
XM_011442517.3	1989	1890	0	0
XM_011442519.3	1980	1881	0	0
XM_011442521.3	1977	1878	0	0
XM_011442522.3	1959	1860	3.32792	2.09339
XM_011442524.3	2422	2323	52	26.1906
XM_011442526.3	5524	5425	0	0
XM_011442537.3	4727	4628	14.2498	3.60253
XM_011442541.3	909	810	0	0
XM_011442546.3	915	816	0	0
XM_011442547.3	504	405	4	11.5557
XM_011442549.3	484	385	0	0
XM_011442550.3	499	400	0	0
XM_011442552.3	1381	1282	16.0855	14.6804
XM_011442553.3	3253	3154	53.9145	20.0002
XM_011442555.3	1220	1121	8	8.34978
XM_011442556.3	3586	3487	11	3.69089
XM_011442557.3	3568	3469	0	0
XM_011442559.3	1444	1345	45	39.1454
XM_011442561.3	4704	4605	0	0
XM_011442564.3	1133	1034	0	0
XM_011442567.3	4538	4439	0	0
XM_011442568.3	599	500	0	0
XM_011442569.3	1292	1193	0	0
XM_011442571.3	2177	2078	12	6.75657
XM_011442572.3	5157	5058	19	4.39507
XM_011442574.3	735	636	0	0
XM_011442576.3	1220	1121	17	17.7433
XM_011442577.3	4278	4179	16	4.47959
XM_011442578.3	4061	3962	0	0
XM_011442579.3	1028	929	0.295669	0.372375
XM_011442584.3	1050	951	0	0
XM_011442586.3	4082	3983	0	0
XM_011442587.3	2294	2195	121.337	64.6769
XM_011442589.3	3950	3851	18	5.46877
XM_011442591.3	1938	1839	2	1.27245
XM_011442592.3	2295	2196	0	0
XM_011442593.3	2785	2686	0	0
XM_011442594.3	2229	2130	0	0
XM_011442595.3	2718	2619	0	0
XM_011442599.3	3673	3574	3	0.982104
XM_011442602.3	4419	4320	33.6187	9.10516
XM_011442603.3	1932	1833	6.77537	4.32475
XM_011442607.3	3715	3616	12.3106	3.98327
XM_011442608.3	1435	1336	8.88886	7.7845
XM_011442609.3	1890	1791	8	5.22619
XM_011442610.3	1440	1341	0.111139	0.0969677
XM_011442612.3	2005	1906	15.5077	9.51954
XM_011442613.3	720	621	0	0
XM_011442617.3	789	690	704	1193.75
XM_011442618.3	4492	4393	14.2267	3.78907
XM_011442619.3	4976	4877	7	1.67933
XM_011442621.3	4965	4866	0	0
XM_011442622.3	6667	6568	0	0
XM_011442623.3	6640	6541	100	17.8874
XM_011442625.3	4737	4638	1.90463e-08	4.80474e-09
XM_011442627.3	4656	4557	18	4.62151
XM_011442628.3	1362	1263	7	6.48463
XM_011442629.3	7700	7601	0	0
XM_011442630.3	4878	4779	15	3.67236
XM_011442632.3	7580	7481	0.000476933	7.45913e-05
XM_011442634.3	7751	7652	0	0
XM_011442636.3	2642	2543	0	0
XM_011442638.3	1656	1557	1	0.751454
XM_011442643.3	4449	4350	0	0
XM_011442645.3	4437	4338	0	0
XM_011442657.3	1282	1183	0	0
XM_011442659.3	1043	944	1	1.23942
XM_011442660.3	5010	4911	0	0
XM_011442661.3	2118	2019	1	0.579501
XM_011442663.3	1805	1706	0	0
XM_011442666.3	6122	6023	0	0
XM_011442677.3	818	719	2	3.25456
XM_011442681.3	2050	1951	0	0
XM_011442685.3	1757	1658	3	2.11703
XM_011442687.3	1803	1704	0	0
XM_011442690.3	1250	1151	0	0
XM_011442696.2	2616	2517	1.68059	0.781214
XM_011442697.3	2260	2161	30	16.2427
XM_011442700.3	2215	2116	0	0
XM_011442701.3	3179	3080	0.999984	0.379868
XM_011442704.3	3211	3112	5.42683e-06	2.04032e-06
XM_011442708.3	1603	1504	0	0
XM_011442715.3	3310	3211	0	0
XM_011442736.3	948	849	0	0
XM_011442738.3	4362	4263	17	4.66578
XM_011442739.3	1314	1215	58	55.8525
XM_011442740.3	436	337	7	24.3029
XM_011442742.3	1746	1647	2	1.42078
XM_011442743.3	2638	2539	0	0
XM_011442744.3	2509	2410	6	2.9129
XM_011442745.3	1983	1884	0	0
XM_011442746.3	1992	1893	0	0
XM_011442747.3	1477	1378	0	0
XM_011442748.3	1471	1372	0	0
XM_011442750.3	961	862	0	0
XM_011442751.3	1092	993	0	0
XM_011442752.3	2362	2263	2	1.03404
XM_011442753.3	2788	2689	15.0972	6.56895
XM_011442754.3	3944	3845	44	13.389
XM_011442756.3	2864	2765	20.9028	8.84505
XM_011442757.3	1340	1241	12	11.3136
XM_011442759.3	3525	3426	28	9.56228
XM_011442760.3	2215	2116	1	0.552936
XM_011442761.3	4363	4264	1	0.274393
XM_011442762.3	3261	3162	20	7.40046
XM_011442763.3	2327	2228	0	0
XM_011442771.3	6987	6888	0.273116	0.0463921
XM_011442772.3	6969	6870	5.87957	1.00134
XM_011442777.3	2115	2016	31	17.9913
XM_011442778.3	2053	1954	19.647	11.7642
XM_011442779.3	1655	1556	3.35298	2.52123
XM_011442780.3	2135	2036	0.0155702	0.00894763
XM_011442781.3	2123	2024	15.9844	9.24012
XM_011442783.3	1354	1255	4.89888	4.56713
XM_011442784.3	1443	1344	15.1011	13.1462
XM_011442785.3	3149	3050	0.83288	0.319502
XM_011442786.3	3928	3829	1	0.305566
XM_011442788.3	1298	1199	3	2.92747
XM_011442789.3	2336	2237	0	0
XM_011442790.3	2261	2162	0	0
XM_011442791.3	1731	1632	0	0
XM_011442792.3	2108	2009	1	0.582386
XM_011442794.3	3480	3381	3.0318e-08	1.04917e-08
XM_011442798.3	1211	1112	0	0
XM_011442799.3	937	838	0	0
XM_011442802.3	3111	3012	40	15.538
XM_011442804.2	716	617	0	0
XM_011442805.3	2124	2025	0	0
XM_011442807.3	891	792	0	0
XM_011442812.3	3044	2945	8	3.1783
XM_011442815.3	548	449	0	0
XM_011442818.3	1662	1563	30	22.4571
XM_011442834.3	3967	3868	0	0
XM_011442835.3	1678	1579	0	0
XM_011442836.3	1546	1447	0	0
XM_011442837.3	2071	1972	0	0
XM_011442838.3	1846	1747	0	0
XM_011442840.3	1816	1717	0	0
XM_011442843.3	3565	3466	15	5.06353
XM_011442844.3	3589	3490	0	0
XM_011442859.3	1193	1094	0	0
XM_011442862.3	2448	2349	103	51.3033
XM_011442864.3	2405	2306	0	0
XM_011442869.3	1396	1297	13	11.7272
XM_011442871.3	1596	1497	0	0
XM_011442872.3	1967	1868	0	0
XM_011442874.2	2005	1906	7	4.29701
XM_011442875.3	2074	1975	0	0
XM_011442876.3	2995	2896	5	2.02005
XM_011442877.3	4007	3908	32	9.58046
XM_011442880.3	1263	1164	0	0
XM_011442881.3	631	532	0	0
XM_011442882.3	2979	2880	3	1.21876
XM_011442884.3	604	505	54	125.11
XM_011442885.3	1598	1499	6	4.68318
XM_011442892.3	2103	2004	12	7.00607
XM_011442895.3	1480	1381	12	10.1667
XM_011442896.3	2132	2033	0	0
XM_011442897.3	2223	2124	25	13.7713
XM_011442898.3	2551	2452	8	3.81734
XM_011442899.3	1201	1102	7	7.43203
XM_011442900.2	1013	914	30	38.4031
XM_011442911.3	2331	2232	0	0
XM_011442914.3	1476	1377	0	0
XM_011442916.2	2280	2181	3	1.60937
XM_011442923.3	3798	3699	9.22065	2.91654
XM_011442927.3	2966	2867	32	13.0591
XM_011442928.3	2255	2156	31.5319	17.1117
XM_011442929.3	2443	2344	12.4681	6.22348
XM_011442930.3	823	724	0	0
XM_011442942.3	4143	4044	3.5588	1.02963
XM_011442943.3	4130	4031	155.441	45.1174
XM_011442945.3	2784	2685	2	0.871518
XM_011442951.3	2866	2767	0	0
XM_011442952.3	1047	948	3	3.70257
XM_011442953.3	2879	2780	0	0
XM_011442959.3	991	892	0.536358	0.703526
XM_011442960.3	1043	944	0	0
XM_011442961.3	1138	1039	0	0
XM_011442971.3	4766	4667	123	30.836
XM_011442976.3	1395	1296	0	0
XM_011442977.3	1884	1785	0	0
XM_011442978.3	1733	1634	1	0.716042
XM_011442980.3	577	478	3	7.34318
XM_011442982.3	3945	3846	9	2.73794
XM_011442987.3	3322	3223	6	2.17812
XM_011442990.3	1598	1499	1	0.780529
XM_011442996.3	1501	1402	0	0
XM_011442997.3	1419	1320	3	2.65912
XM_011443001.3	1288	1189	7	6.88822
XM_011443002.3	1455	1356	0	0
XM_011443003.3	642	543	822	1771.18
XM_011443011.3	3560	3461	24	8.11336
XM_011443016.3	1136	1037	14.9339	16.8494
XM_011443019.3	4252	4153	1	0.281727
XM_011443021.3	3683	3584	0	0
XM_011443022.3	1554	1455	0	0
XM_011443024.3	2261	2162	20	10.8234
XM_011443032.3	456	357	0	0
XM_011443033.2	1023	924	0	0
XM_011443035.3	2069	1970	2.99998	1.78173
XM_011443042.3	1323	1224	0	0
XM_011443043.3	1355	1256	0	0
XM_011443044.3	1926	1827	16	10.2464
XM_011443052.3	874	775	0	0
XM_011443053.3	1469	1370	0	0
XM_011443054.3	1699	1600	0	0
XM_011443060.3	1089	990	7	8.27282
XM_011443061.3	2201	2102	10	5.56619
XM_011443062.3	2593	2494	8.96783	4.20709
XM_011443064.3	2605	2506	0.0321685	0.015019
XM_011443065.3	1980	1881	0	0
XM_011443066.3	552	453	1087	2807.52
XM_011443067.3	1946	1847	64	40.5419
XM_011443068.2	1809	1710	0	0
XM_011443069.3	3603	3504	2	0.667816
XM_011443071.3	2363	2264	6	3.10074
XM_011443072.3	1142	1043	0.0436355	0.0489493
XM_011443073.3	1138	1039	3.95636	4.45524
XM_011443074.3	672	573	0	0
XM_011443075.3	904	805	0	0
XM_011443078.3	1081	982	4	4.76584
XM_011443084.3	2615	2516	0	0
XM_011443085.3	6919	6820	0	0
XM_011443086.3	6907	6808	0	0
XM_011443087.3	6907	6808	0	0
XM_011443088.3	6898	6799	0	0
XM_011443089.3	6886	6787	0	0
XM_011443090.3	6880	6781	0	0
XM_011443091.3	6871	6772	0	0
XM_011443092.2	1633	1534	0	0
XM_011443094.3	6859	6760	0	0
XM_011443095.3	7215	7116	0	0
XM_011443096.3	6482	6383	65.7592	12.0538
XM_011443097.3	6838	6739	0	0
XM_011443098.3	6826	6727	0	0
XM_011443099.3	839	740	40	63.244
XM_011443100.2	941	842	0	0
XM_011443101.3	2241	2142	0	0
XM_011443102.3	2318	2219	4.99935	2.63601
XM_011443103.3	1627	1528	27	20.6743
XM_011443108.3	3543	3444	0	0
XM_011443109.3	3599	3500	0	0
XM_011443110.3	3410	3311	9	3.18034
XM_011443113.3	5522	5423	0	0
XM_011443114.3	6504	6405	88	16.0751
XM_011443118.3	1183	1084	23	24.825
XM_011443119.3	3928	3829	0	0
XM_011443120.3	1792	1693	30	20.7327
XM_011443122.3	1364	1265	4	3.69965
XM_011443123.3	1104	1005	0	0
XM_011443124.3	945	846	7	9.68096
XM_011443127.3	1829	1730	0	0
XM_011443129.3	2857	2758	0	0
XM_011443131.3	2284	2185	1	0.535475
XM_011443137.3	3479	3380	0	0
XM_011443138.3	3048	2949	0	0
XM_011443147.3	1814	1715	0	0
XM_011443150.2	459	360	0	0
XM_011443152.3	3249	3150	1	0.371433
XM_011443158.3	1252	1153	3	3.04427
XM_011443159.3	2368	2269	6	3.09391
XM_011443163.3	2706	2607	10.2822	4.61464
XM_011443164.3	1220	1121	0	0
XM_011443165.3	1163	1064	0	0
XM_011443166.3	1165	1066	0	0
XM_011443172.3	2037	1938	1	0.603722
XM_011443179.3	5660	5561	0	0
XM_011443181.3	2130	2031	9	5.1847
XM_011443182.3	2209	2110	0	0
XM_011443184.3	1338	1239	0	0
XM_011443186.3	2991	2892	39	15.7782
XM_011443187.3	2545	2446	0	0
XM_011443190.3	4256	4157	126	35.4635
XM_011443195.3	1844	1745	1	0.670495
XM_011443204.3	2198	2099	0	0
XM_011443205.2	2187	2088	1.41903e-05	7.95156e-06
XM_011443206.2	2163	2064	11	6.23553
XM_011443209.3	2488	2389	2	0.979501
XM_011443211.3	3239	3140	11.5702	4.31124
XM_011443217.3	1586	1487	0	0
XM_011443221.3	2616	2517	14	6.50782
XM_011443230.3	2610	2511	63	29.3552
XM_011443234.3	3789	3690	0	0
XM_011443235.3	3732	3633	5.17146e-08	1.66548e-08
XM_011443236.3	2574	2475	0.0270927	0.0128076
XM_011443237.3	3669	3570	42.1801	13.8239
XM_011443238.3	4074	3975	0	0
XM_011443239.3	1081	982	0	0
XM_011443240.3	2037	1938	1	0.603722
XM_011443241.3	1012	913	1	1.2815
XM_011443242.3	1443	1344	27.3981	23.8513
XM_011443245.3	760	661	13	23.0109
XM_011443250.3	2185	2086	0	0
XM_011443268.3	2052	1953	1.04553e-08	6.26363e-09
XM_011443269.2	2081	1982	0	0
XM_011443270.3	2113	2014	0	0
XM_011443271.3	3687	3588	2	0.652181
XM_011443272.3	1888	1789	0	0
XM_011443273.3	1876	1777	0	0
XM_011443275.3	1580	1481	0	0
XM_011443276.3	1819	1720	1.04454e-07	7.10538e-08
XM_011443277.3	2278	2179	13	6.98035
XM_011443278.3	4658	4559	25	6.41595
XM_011443280.3	617	518	8	18.0697
XM_011443286.3	1796	1697	4	2.75784
XM_011443287.3	1717	1618	0	0
XM_011443288.3	1660	1561	0	0
XM_011443289.3	1841	1742	0	0
XM_011443290.2	1861	1762	58	38.5135
XM_011443291.3	1304	1205	1	0.970965
XM_011443292.3	1028	929	37	46.599
XM_011443293.3	1148	1049	38	42.3837
XM_011443294.3	3420	3321	0	0
XM_011443295.3	3609	3510	0	0
XM_011443296.3	3401	3302	0	0
XM_011443300.3	3343	3244	0	0
XM_011443301.3	2012	1913	14	8.56257
XM_011443312.3	6869	6770	0	0
XM_011443313.3	6668	6569	10.9245	1.94577
XM_011443314.3	2445	2346	8.40209	4.19035
XM_011443315.3	2384	2285	25.4724	13.0429
XM_011443322.3	1157	1058	12.1429	13.4285
XM_011443323.3	1157	1058	21.8571	24.1712
XM_011443331.3	4290	4191	9	2.51256
XM_011443337.3	603	504	0	0
XM_011443341.3	2012	1913	21.1008	12.9055
XM_011443349.3	5227	5128	2.74388	0.626049
XM_011443357.3	1178	1079	0	0
XM_011443358.3	1733	1634	10	7.16042
XM_011443359.2	1398	1299	27	24.319
XM_011443360.3	1580	1481	4	3.16006
XM_011443361.3	1754	1655	0	0
XM_011443368.3	882	783	4	5.97708
XM_011443371.3	1993	1894	0	0
XM_011443372.3	1748	1649	30	21.2859
XM_011443374.3	1244	1145	7.99146	8.16604
XM_011443378.3	1425	1326	39	34.4122
XM_011443379.3	1875	1776	11	7.2467
XM_011443380.3	1938	1839	4	2.54489
XM_011443382.3	1604	1505	0	0
XM_011443385.3	2250	2151	12	6.52727
XM_011443393.3	3101	3002	0	0
XM_011443394.3	2725	2626	0.95959	0.427545
XM_011443395.3	1865	1766	0	0
XM_011443400.3	3440	3341	3	1.0506
XM_011443407.3	3397	3298	0	0
XM_011443414.3	4825	4726	0.0871618	0.0215786
XM_011443415.3	5036	4937	0	0
XM_011443417.3	4813	4714	1.71981	0.426857
XM_011443419.3	1025	926	0.478391	0.604453
XM_011443420.3	1022	923	21.5216	27.2812
XM_011443421.3	4004	3905	0	0
XM_011443422.3	3722	3623	0	0
XM_011443423.3	3429	3330	34	11.9461
XM_011443424.3	2146	2047	15	8.57362
XM_011443426.3	2007	1908	0	0
XM_011443429.3	4242	4143	0	0
XM_011443431.3	4233	4134	0	0
XM_011443432.3	4218	4119	0	0
XM_011443433.3	4203	4104	0	0
XM_011443434.3	4179	4080	0	0
XM_011443435.3	4065	3966	0	0
XM_011443436.3	3529	3430	0	0
XM_011443437.3	4041	3942	3.23552e-06	9.60324e-07
XM_011443438.3	4026	3927	0.000283205	8.43784e-05
XM_011443439.3	4002	3903	0.37587	0.112676
XM_011443443.3	843	744	30	47.178
XM_011443444.3	1109	1010	0	0
XM_011443446.3	1184	1085	0	0
XM_011443447.3	1407	1308	0	0
XM_011443448.3	2585	2486	0	0
XM_011443456.3	2379	2280	11	5.6448
XM_011443459.3	2175	2076	1.53494	0.86508
XM_011443461.3	2827	2728	32.4905	13.9349
XM_011443467.3	1745	1646	2.28136	1.62164
XM_011443469.3	4521	4422	0	0
XM_011443470.3	4500	4401	0	0
XM_011443472.3	4461	4362	34.6192	9.28586
XM_011443473.3	4455	4356	0	0
XM_011443474.3	4422	4323	0	0
XM_011443475.3	4395	4296	3.12088e-06	8.49971e-07
XM_011443476.3	4380	4281	0.00018885	5.16135e-05
XM_011443477.3	4335	4236	45.6393	12.6059
XM_011443478.3	4225	4126	0	0
XM_011443482.3	7333	7234	28	4.52867
XM_011443489.3	4216	4117	18	5.11543
XM_011443491.3	6861	6762	297.901	51.5452
XM_011443492.3	6897	6798	3.79202e-06	6.5265e-07
XM_011443494.3	2720	2621	26	11.6064
XM_011443497.3	1941	1842	0	0
XM_011443499.3	2008	1909	1	0.612893
XM_011443505.3	4701	4602	0	0
XM_011443506.3	4398	4299	0	0
XM_011443507.3	4593	4494	0	0
XM_011443510.3	3556	3457	0	0
XM_011443513.3	4154	4055	15	4.32804
XM_011443514.3	4203	4104	0	0
XM_011443517.3	3422	3323	0	0
XM_011443520.2	1519	1420	19	15.6551
XM_011443528.3	1988	1889	4	2.47753
XM_011443529.3	2140	2041	33.5	19.204
XM_011443531.2	1499	1400	0	0
XM_011443532.3	1380	1281	0	0
XM_011443533.2	1424	1325	3.7896	3.34632
XM_011443534.3	1141	1042	29	32.5628
XM_011443543.3	1767	1668	0	0
XM_011443544.3	1752	1653	0.00015894	0.0001125
XM_011443545.3	1737	1638	6.99984	4.99994
XM_011443546.3	2470	2371	15.777	7.78543
XM_011443552.3	2802	2703	2	0.865715
XM_011443554.3	822	723	1	1.61828
XM_011443556.3	3770	3671	0	0
XM_011443560.3	1227	1128	1	1.03725
XM_011443569.3	2193	2094	13	7.26369
XM_011443574.3	2093	1994	7.36246	4.32005
XM_011443582.3	2177	2078	1	0.563048
XM_011443584.3	2074	1975	598	354.262
XM_011443585.3	2298	2199	0	0
XM_011443586.3	2547	2448	0	0
XM_011443587.3	4174	4075	1.17913	0.338553
XM_011443588.3	4318	4219	0	0
XM_011443589.3	4008	3909	0	0
XM_011443590.3	4182	4083	0	0
XM_011443591.3	4040	3941	0	0
XM_011443592.3	4031	3932	0	0
XM_011443593.3	4182	4083	0	0
XM_011443594.3	4355	4256	1.17784	0.3238
XM_011443595.3	4044	3945	0	0
XM_011443599.3	4621	4522	12.8222	3.31758
XM_011443600.3	3504	3405	0	0
XM_011443601.3	3498	3399	0	0
XM_011443602.3	4331	4232	18	4.97643
XM_011443603.3	4675	4576	0	0
XM_011443608.3	824	725	2	3.22762
XM_011443609.3	3910	3811	5	1.53505
XM_011443610.3	2554	2455	4	1.90634
XM_011443611.3	1608	1509	0	0
XM_011443612.3	1573	1474	11	8.73144
XM_011443616.3	4337	4238	0	0
XM_011443617.3	4259	4160	0	0
XM_011443618.3	3847	3748	15.7492	4.91643
XM_011443619.3	4379	4280	0	0
XM_011443620.3	980	881	119	158.038
XM_011443622.3	680	581	11	22.1517
XM_011443637.3	2359	2260	1	0.517705
XM_011443638.3	2300	2201	5	2.65791
XM_011443639.3	2037	1938	51	30.7898
XM_011443640.3	5756	5657	32	6.61842
XM_011443641.3	1284	1185	13	12.8356
XM_011443642.3	3060	2961	0	0
XM_011443643.3	1011	912	0	0
XM_011443644.3	813	714	3	4.91602
XM_011443645.3	960	861	5	6.7945
XM_011443646.3	6689	6590	8.55004	1.51801
XM_011443647.3	6683	6584	24.8884	4.42282
XM_011443656.3	3285	3186	159.598	58.6101
XM_011443665.3	892	793	4	5.90171
XM_011443671.3	1030	931	0	0
XM_011443673.3	8036	7937	157	23.1438
XM_011443674.3	3845	3746	41	12.8058
XM_011443684.3	1468	1369	0	0
XM_011443687.3	1735	1636	11	7.86684
XM_011443689.3	1460	1361	0	0
XM_011443695.3	969	870	0	0
XM_011443696.3	758	659	63	111.853
XM_011443697.3	6368	6269	0	0
XM_011443699.3	6726	6627	20	3.53105
XM_011443700.3	6349	6250	0	0
XM_011443701.3	6337	6238	0	0
XM_011443702.3	6333	6234	0	0
XM_011443703.3	6325	6226	0	0
XM_011443704.3	6664	6565	0	0
XM_011443705.3	6298	6199	0	0
XM_011443706.3	6286	6187	0	0
XM_011443707.3	6280	6181	0	0
XM_011443708.3	6262	6163	0	0
XM_011443709.3	6244	6145	0	0
XM_011443711.3	1457	1358	12	10.3389
XM_011443712.2	1001	902	1	1.29713
XM_011443717.3	2396	2297	1	0.509366
XM_011443722.3	995	896	0	0
XM_011443724.3	5255	5156	0	0
XM_011443725.3	5225	5126	20	4.56502
XM_011443727.3	1486	1387	1	0.843557
XM_011443731.3	2183	2084	0	0
XM_011443733.3	989	890	5	6.57311
XM_011443734.3	2118	2019	2	1.159
XM_011443735.3	941	842	0	0
XM_011443736.3	1344	1245	2	1.87954
XM_011443737.3	1172	1073	0	0
XM_011443738.3	1560	1461	0.16466	0.131865
XM_011443739.3	1557	1458	1.83534	1.47282
XM_011443740.3	4667	4568	36	9.22077
XM_011443741.3	1626	1527	5.16554	3.95793
XM_011443743.3	457	358	0	0
XM_011443747.3	8158	8059	0	0
XM_011443748.3	1365	1266	0.27068	0.250157
XM_011443750.3	1363	1264	1.72932	1.60073
XM_011443751.3	1441	1342	3	2.61553
XM_011443754.3	1766	1667	19	13.3355
XM_011443766.3	2402	2303	5	2.54019
XM_011443768.3	1695	1596	126.57	92.7875
XM_011443773.3	6700	6601	10.5613	1.87197
XM_011443774.3	6700	6601	10.5613	1.87197
XM_011443775.3	6680	6581	10.8774	1.93385
XM_011443779.3	1200	1101	0	0
XM_011443780.3	1448	1349	5.27682	4.57669
XM_011443784.3	1518	1419	1	0.824534
XM_011443791.3	2478	2379	27	13.2788
XM_011443798.3	2070	1971	33.0953	19.6458
XM_011443799.3	1073	974	1839	2209.09
XM_011443802.3	3944	3845	0	0
XM_011443807.3	686	587	0	0
XM_011443808.3	610	511	0	0
XM_011443809.3	578	479	1.98503	4.84867
XM_011443810.3	580	481	0.0149675	0.0364079
XM_011443814.3	997	898	4	5.21164
XM_011443815.3	1794	1695	22	15.186
XM_011443817.3	2755	2656	14	6.16724
XM_011443818.3	4277	4178	0	0
XM_011443819.3	4271	4172	0	0
XM_011443820.3	4265	4166	0	0
XM_011443821.3	4184	4085	1.55014e-07	4.43986e-08
XM_011443822.3	4172	4073	12.8082	3.6793
XM_011443823.2	1901	1802	0	0
XM_011443824.3	1809	1710	0	0
XM_011443825.3	1893	1794	0	0
XM_011443826.3	1777	1678	0	0
XM_011443827.3	1196	1097	0	0
XM_011443828.3	3811	3712	5.59083	1.76222
XM_011443829.3	3802	3703	96.4092	30.4618
XM_011443830.3	2316	2217	0	0
XM_011443831.3	2373	2274	6.99985	3.60155
XM_011443833.3	1520	1421	11	9.05711
XM_011443834.3	2707	2608	0.502971	0.225645
XM_011443835.3	1826	1727	4	2.70993
XM_011443836.3	2701	2602	7.49703	3.37111
XM_011443837.3	1813	1714	1.04919e-06	7.16197e-07
XM_011443838.3	1790	1691	8	5.53525
XM_011443839.3	1489	1390	0	0
XM_011443840.3	815	716	1	1.6341
XM_011443842.3	1070	971	0	0
XM_011443843.3	756	657	0	0
XM_011443846.3	3702	3603	0	0
XM_011443847.3	3857	3758	2	0.622679
XM_011443850.3	2298	2199	23	12.2375
XM_011443852.3	4797	4698	86.6895	21.5896
XM_011443855.3	3687	3588	9.76798e-08	3.18525e-08
XM_011443857.3	2192	2093	19	10.6212
XM_011443863.3	3639	3540	0.709388	0.234461
XM_011443864.3	4100	4001	0	0
XM_011443865.3	3025	2926	0	0
XM_011443866.3	2753	2654	0	0
XM_011443867.3	2695	2596	0	0
XM_011443868.3	2619	2520	0	0
XM_011443869.3	2549	2450	7	3.3429
XM_011443874.3	2769	2670	0	0
XM_011443875.3	2414	2315	26	13.1405
XM_011443877.3	8124	8025	8	1.16637
XM_011443878.3	1132	1033	11	12.459
XM_011443879.3	1232	1133	8	8.26135
XM_011443880.3	2060	1961	2	1.19328
XM_011443882.3	1501	1402	10	8.34532
XM_011443884.3	868	769	30	45.6442
XM_011443885.3	6482	6383	17.2631	3.16434
XM_011443888.3	2766	2667	0	0
XM_011443889.3	2119	2020	0	0
XM_011443893.3	3935	3836	2	0.610017
XM_011443899.2	521	422	2	5.54509
XM_011443900.3	1289	1190	3	2.94961
XM_011443901.3	3785	3686	26	8.25294
XM_011443902.3	6370	6271	8.83741	1.64884
XM_011443903.3	6364	6265	27.1626	5.07272
XM_011443904.3	3219	3120	9	3.37504
XM_011443905.3	4671	4572	20	5.11817
XM_011443906.3	2052	1953	1	0.599085
XM_011443907.3	808	709	4	6.60092
XM_011443910.3	4268	4169	17	4.77098
XM_011443917.3	3683	3584	0	0
XM_011443921.3	1804	1705	0	0
XM_011443922.3	1839	1740	12.7325	8.56158
XM_011443923.3	616	517	0	0
XM_011443924.2	588	489	0	0
XM_011443925.3	3131	3032	0	0
XM_011443927.3	3088	2989	0.0404165	0.0158206
XM_011443928.3	965	866	0	0
XM_011443929.3	853	754	0	0
XM_011443932.3	3124	3025	0	0
XM_011443935.3	1597	1498	1	0.78105
XM_011443937.3	3099	3000	0	0
XM_011443941.3	1739	1640	6	4.28054
XM_011443944.3	3087	2988	0	0
XM_011443953.3	3079	2980	0.00205692	0.000807591
XM_011443955.3	1173	1074	0	0
XM_011443960.3	3053	2954	59.8947	23.723
XM_011443962.3	7499	7400	9.17223	1.45022
XM_011443963.3	7500	7401	7.82777	1.23748
XM_011443967.3	3052	2953	89.0987	35.3019
XM_011443971.3	3983	3884	16	4.81983
XM_011443972.3	2636	2537	6	2.76708
XM_011443975.3	2901	2802	2	0.835127
XM_011443978.3	2295	2196	0	0
XM_011443980.3	1012	913	0	0
XM_011443981.3	923	824	0	0
XM_011443983.3	1056	957	3	3.66775
XM_011443989.3	2237	2138	0	0
XM_011443990.3	3367	3268	0	0
XM_011443991.3	1440	1341	0	0
XM_011443996.3	3423	3324	0	0
XM_011443997.3	3280	3181	21	7.72407
XM_011444003.3	1702	1603	6	4.37934
XM_011444009.3	872	773	0	0
XM_011444013.3	3737	3638	4.03181e-05	1.29667e-05
XM_011444019.3	880	781	11	16.4791
XM_011444021.3	3734	3635	0.000106111	3.41545e-05
XM_011444023.2	2362	2263	0	0
XM_011444025.2	2353	2254	0	0
XM_011444029.3	2925	2826	1	0.414017
XM_011444030.3	3725	3626	0.00194371	0.000627184
XM_011444031.3	1484	1385	11.025	9.31362
XM_011444035.3	4517	4418	7	1.8538
XM_011444037.3	3709	3610	0.347931	0.112766
XM_011444038.3	1805	1706	0	0
XM_011444040.3	2429	2330	559.26	280.833
XM_011444041.3	2024	1925	26	15.8028
XM_011444042.3	1760	1661	5	3.52202
XM_011444044.3	3703	3604	2.44845	0.794873
XM_011444045.3	4148	4049	413	119.342
XM_011444046.3	2050	1951	3	1.7991
XM_011444047.3	1916	1817	0.189841	0.122244
XM_011444048.3	1911	1812	4.81016	3.10593
XM_011444050.2	6107	6008	87	16.9426
XM_011444051.3	1421	1322	33	29.2061
XM_011444052.3	4023	3924	13.5894	4.05194
XM_011444053.3	3710	3611	0.251418	0.081463
XM_011444054.2	2951	2852	0	0
XM_011444055.3	5870	5771	2.98165	0.6045
XM_011444056.3	2980	2881	0	0
XM_011444058.3	4156	4057	0	0
XM_011444063.3	3051	2952	0	0
XM_011444065.3	2959	2860	0.00023576	9.64483e-05
XM_011444066.3	2934	2835	6.99976	2.88882
XM_011444068.3	3045	2946	0	0
XM_011444069.3	3018	2919	0	0
XM_011444070.3	2987	2888	0	0
XM_011444071.3	1983	1884	1	0.621026
XM_011444072.2	2062	1963	0	0
XM_011444073.3	1071	972	4	4.81487
XM_011444074.3	2657	2558	36	16.4662
XM_011444075.3	3097	2998	8	3.12212
XM_011444079.3	3043	2944	0	0
XM_011444080.3	3041	2942	0	0
XM_011444082.3	1475	1376	94.3666	80.24
XM_011444086.3	1660	1561	9	6.74575
XM_011444089.3	3074	2975	8	3.14625
XM_011444093.3	1922	1823	6	3.85084
XM_011444107.3	1635	1536	0	0
XM_011444118.3	1616	1517	10	7.71268
XM_011444119.3	4227	4128	17.0832	4.84195
XM_011444120.3	2150	2051	0	0
XM_011444121.3	2081	1982	3.74904e-05	2.21313e-05
XM_011444122.3	3566	3467	0	0
XM_011444123.3	3586	3487	0	0
XM_011444125.3	2583	2484	53	24.9641
XM_011444129.3	1524	1425	1	0.821062
XM_011444132.3	4064	3965	6.41058	1.89167
XM_011444133.3	1478	1379	21	17.8175
XM_011444148.2	1011	912	0	0
XM_011444151.3	711	612	0	0
XM_011444152.3	745	646	0	0
XM_011444153.3	4044	3945	0.861834	0.255604
XM_011444154.3	4038	3939	5.13817	1.52621
XM_011444155.3	2424	2325	0	0
XM_011444156.3	2175	2076	0	0
XM_011444157.3	1312	1213	4	3.85825
XM_011444158.3	2626	2527	0	0
XM_011444160.3	3908	3809	0.414468	0.127312
XM_011444163.3	4877	4778	0	0
XM_011444164.3	4820	4721	0	0
XM_011444166.3	7165	7066	0	0
XM_011444167.3	3547	3448	0	0
XM_011444168.3	1814	1715	4	2.72889
XM_011444169.3	4291	4192	0	0
XM_011444170.3	4273	4174	0	0
XM_011444171.3	4219	4120	0.00447031	0.0012695
XM_011444172.3	4300	4201	0	0
XM_011444173.3	1946	1847	109	69.0479
XM_011444175.3	2221	2122	7	3.85961
XM_011444177.3	2257	2158	0	0
XM_011444178.3	2238	2139	2.0634e-08	1.12866e-08
XM_011444179.3	2204	2105	3	1.66748
XM_011444181.3	1413	1314	6	5.34253
XM_011444182.3	666	567	13	26.8257
XM_011444183.3	1553	1454	0	0
XM_011444184.3	1713	1614	1	0.724915
XM_011444187.3	637	538	0	0
XM_011444189.3	1835	1736	55	37.0684
XM_011444191.3	2316	2217	48	25.3318
XM_011444199.3	1778	1679	7	4.87796
XM_011444202.3	2414	2315	0	0
XM_011444203.3	2520	2421	0	0
XM_011444204.3	2571	2472	50	23.6653
XM_011444205.3	731	632	1	1.85129
XM_011444206.3	949	850	0	0
XM_011444207.3	756	657	0	0
XM_011444208.3	974	875	0	0
XM_011444209.3	793	694	0	0
XM_011444210.3	684	585	0	0
XM_011444211.3	650	551	0	0
XM_011444212.3	6291	6192	2.25	0.42515
XM_011444213.2	6360	6261	5.09119e-06	9.51407e-07
XM_011444214.2	6291	6192	2.25	0.42515
XM_011444215.2	6291	6192	2.25	0.42515
XM_011444216.2	6291	6192	2.25	0.42515
XM_011444217.3	4182	4083	0.0096375	0.0027617
XM_011444218.3	4164	4065	1.71693	0.494177
XM_011444220.3	4159	4060	7.27344	2.09606
XM_011444221.3	2001	1902	0	0
XM_011444222.3	1962	1863	4	2.51211
XM_011444223.3	2423	2324	9	4.53103
XM_011444225.3	2177	2078	0	0
XM_011444226.3	2007	1908	10	6.13215
XM_011444227.3	1200	1101	263.994	280.542
XM_011444228.3	1036	937	0	0
XM_011444229.3	4749	4650	5	1.25808
XM_011444237.3	1888	1789	1	0.654004
XM_011444239.3	2665	2566	3	1.3679
XM_011444246.3	3074	2975	0	0
XM_011444247.3	2985	2886	12	4.86492
XM_011444248.2	3170	3071	0	0
XM_011444249.3	3169	3070	0	0
XM_011444250.3	3274	3175	0	0
XM_011444252.2	3146	3047	0	0
XM_011444253.3	1949	1850	30	18.9732
XM_011444254.3	634	535	3	6.56082
XM_011444258.3	8326	8227	218	31.0032
XM_011444260.3	3479	3380	2	0.692316
XM_011444262.3	1873	1774	2	1.31907
XM_011444267.3	3056	2957	7.30542	2.89058
XM_011444268.3	1970	1871	0	0
XM_011444269.3	1963	1864	0	0
XM_011444270.3	1897	1798	0	0
XM_011444292.3	1845	1746	39	26.1343
XM_011444293.3	2037	1938	4	2.41489
XM_011444294.3	612	513	4	9.12291
XM_011444296.3	1287	1188	6.70032e-05	6.59887e-05
XM_011444297.3	1313	1214	0	0
XM_011444298.3	1274	1175	26.9999	26.8853
XM_011444299.3	1300	1201	0	0
XM_011444301.3	1308	1209	0	0
XM_011444307.3	2521	2422	39	18.84
XM_011444325.3	3717	3618	0	0
XM_011444326.3	3329	3230	2.02184	0.732378
XM_011444331.3	1910	1811	8.23033	5.31728
XM_011444332.3	2208	2109	9	4.99294
XM_011444334.3	3153	3054	0	0
XM_011444335.3	3135	3036	0	0
XM_011444336.3	3235	3136	0.0120078	0.00448
XM_011444349.3	6987	6888	3.8416e-06	6.52544e-07
XM_011444350.3	3843	3744	0.785236	0.245389
XM_011444351.3	6975	6876	2.97023e-05	5.05412e-06
XM_011444352.3	6975	6876	0	0
XM_011444353.3	6972	6873	4.95567e-05	8.43619e-06
XM_011444354.3	7204	7105	23.4027	3.85382
XM_011444355.3	6942	6843	0.00838633	0.00143389
XM_011444356.3	6927	6828	0.11002	0.0188526
XM_011444357.3	6900	6801	11.4789	1.97477
XM_011444359.3	4103	4004	0	0
XM_011444360.3	3758	3659	0	0
XM_011444361.3	3670	3571	28	9.17401
XM_011444362.3	1666	1567	0	0
XM_011444363.3	1624	1525	24	18.4133
XM_011444364.3	664	565	9	18.6374
XM_011444367.3	4984	4885	0	0
XM_011444368.3	5103	5004	0	0
XM_011444369.3	1160	1061	6	6.61648
XM_011444370.3	3834	3735	13.2148	4.13961
XM_011444371.3	4992	4893	0	0
XM_011444372.3	1260	1161	11	11.0854
XM_011444373.3	2606	2507	0	0
XM_011444378.3	2100	2001	2	1.16943
XM_011444380.3	2852	2753	16	6.79993
XM_011444381.3	1002	903	1.86416e-07	2.41539e-07
XM_011444382.3	1027	928	0	0
XM_011444393.3	4910	4811	4	0.972782
XM_011444394.3	1261	1162	0	0
XM_011444410.3	4399	4300	25	6.8024
XM_011444420.3	1376	1277	52.7659	48.3452
XM_011444422.3	1836	1737	18.6762	12.58
XM_011444424.3	1743	1644	2.32378	1.65381
XM_011444425.3	1440	1341	0	0
XM_011444430.3	958	859	0.0375576	0.0511559
XM_011444431.3	954	855	8.96244	12.2645
XM_011444433.3	2347	2248	8	4.16375
XM_011444434.3	2919	2820	23.7728	9.86328
XM_011444440.3	1348	1249	77	72.1305
XM_011444449.3	2910	2811	0.666547	0.277435
XM_011444450.3	1185	1086	19	20.4698
XM_011444452.3	2496	2397	0	0
XM_011444453.3	2360	2261	15	7.76214
XM_011444454.3	3215	3116	139	52.1925
XM_011444455.3	2276	2177	11	5.91187
XM_011444456.3	3153	3054	1	0.383109
XM_011444457.3	974	875	1	1.33716
XM_011444461.3	1367	1268	0	0
XM_011444462.3	1248	1149	4	4.07315
XM_011444463.3	634	535	0	0
XM_011444465.3	2144	2045	0	0
XM_011444470.3	2578	2479	0	0
XM_011444471.3	2339	2240	0	0
XM_011444472.3	1406	1307	5	4.47595
XM_011444473.3	2006	1907	0	0
XM_011444474.3	1782	1683	0	0
XM_011444475.3	1972	1873	0	0
XM_011444481.3	2162	2063	70	39.6999
XM_011444483.3	1455	1356	0	0
XM_011444485.3	1702	1603	0	0
XM_011444486.3	2181	2082	0	0
XM_011444487.3	3010	2911	0	0
XM_011444489.3	2136	2037	0	0
XM_011444490.3	3660	3561	0	0
XM_011444491.3	3720	3621	0	0
XM_011444493.3	3578	3479	0	0
XM_011444494.3	3557	3458	0	0
XM_011444495.3	2859	2760	0	0
XM_011444497.3	2614	2515	11	5.11735
XM_011444499.3	2361	2262	2	1.03449
XM_011444500.3	5861	5762	14	2.8428
XM_011444504.3	1246	1147	2	2.04013
XM_011444505.3	1600	1501	0	0
XM_011444506.3	883	784	2	2.98473
XM_011444513.3	3592	3493	0	0
XM_011444515.3	479	380	1763	5428.25
XM_011444516.3	1481	1382	7	5.92626
XM_011444517.3	1029	930	0	0
XM_011444521.3	11889	11790	10.7569	1.06749
XM_011444523.2	1791	1692	30.5428	21.1203
XM_011444525.3	4467	4368	11	2.94646
XM_011444533.3	2304	2205	7	3.71433
XM_011444535.3	4465	4366	0	0
XM_011444536.3	2829	2730	3	1.28573
XM_011444537.3	3353	3254	3	1.07868
XM_011444538.3	443	344	0	0
XM_011444542.2	4020	3921	0	0
XM_011444543.3	2847	2748	0.178139	0.0758459
XM_011444544.3	2837	2738	12.8219	5.47909
XM_011444545.3	2530	2431	0.394734	0.189981
XM_011444546.3	1497	1398	0	0
XM_011444547.3	3364	3265	2.04675	0.733452
XM_011444548.3	1376	1277	2	1.83244
XM_011444549.3	1000	901	39	50.6443
XM_011444550.3	2865	2766	0	0
XM_011444551.3	2739	2640	17	7.53418
XM_011444552.3	7301	7202	111	18.0327
XM_011444553.3	7295	7196	0	0
XM_011444554.3	2330	2231	18	9.43982
XM_011444555.3	2454	2355	0	0
XM_011444556.3	2293	2194	0	0
XM_011444557.3	2126	2027	18.9152	10.9181
XM_011444558.3	1425	1326	2	1.76473
XM_011444559.3	2340	2241	39	20.3617
XM_011444561.3	1465	1366	0	0
XM_011444562.3	5569	5470	0	0
XM_011444564.3	1868	1769	36	23.8103
XM_011444576.3	1310	1211	12	11.5938
XM_011444577.3	1296	1197	0	0
XM_011444578.3	1268	1169	9	9.0078
XM_011444580.3	547	448	1	2.61164
XM_011444581.3	2133	2034	0	0
XM_011444582.3	2182	2083	0	0
XM_011444587.3	1009	910	1	1.28573
XM_011444592.3	812	713	22	36.1014
XM_011444602.3	2356	2257	0	0
XM_011444611.3	3019	2920	4	1.60276
XM_011444612.3	2525	2426	0.999984	0.482273
XM_011444615.3	1665	1566	14.9084	11.1386
XM_011444624.3	2052	1953	0.0574121	0.0343947
XM_011444630.3	2368	2269	6	3.09391
XM_011444631.3	1397	1298	3	2.70419
XM_011444642.3	2052	1953	7	4.1936
XM_011444644.3	5523	5424	9	1.94139
XM_011444645.3	1600	1501	0	0
XM_011444648.3	1308	1209	1	0.967753
XM_011444649.3	2018	1919	27.7875	16.942
XM_011444651.3	3547	3448	0	0
XM_011444652.3	3542	3443	0	0
XM_011444653.3	3536	3437	0	0
XM_011444654.3	3533	3434	0	0
XM_011444655.3	3521	3422	2.83134	0.96806
XM_011444656.3	3512	3413	62.1687	21.3121
XM_011444657.3	3502	3403	5.85203e-06	2.01203e-06
XM_011444658.3	3526	3427	0	0
XM_011444659.3	3603	3504	0	0
XM_011444660.3	1744	1645	25	17.7814
XM_011444661.3	1421	1322	0	0
XM_011444662.3	1145	1046	0	0
XM_011444665.3	3707	3608	20	6.48566
XM_011444666.3	1733	1634	1	0.716042
XM_011444667.3	2206	2107	1	0.555298
XM_011444668.3	2058	1959	0	0
XM_011444670.3	2454	2355	3	1.49046
XM_011444671.3	1699	1600	15.7562	11.5219
XM_011444684.2	3394	3295	0	0
XM_011444685.2	3394	3295	0	0
XM_011444686.3	3084	2985	0	0
XM_011444687.3	2259	2160	0	0
XM_011444688.3	2236	2137	0	0
XM_011444689.3	1859	1760	2	1.32956
XM_011444690.3	2007	1908	0	0
XM_011444691.3	1989	1890	0.00012476	7.72333e-05
XM_011444692.3	1995	1896	3.02975e-06	1.86965e-06
XM_011444694.3	1847	1748	0	0
XM_011444695.3	1792	1693	0	0
XM_011444696.3	3140	3041	25.0214	9.62687
XM_011444697.3	2881	2782	7.97864	3.35554
XM_011444698.3	895	796	5	7.34933
XM_011444706.3	2823	2724	16	6.87233
XM_011444707.3	1284	1185	0	0
XM_011444708.3	1356	1257	3	2.79239
XM_011444709.3	1248	1149	44	44.8047
XM_011444710.3	2402	2303	2	1.01608
XM_011444713.3	2493	2394	0	0
XM_011444714.3	2833	2734	8	3.42359
XM_011444716.3	2810	2711	0	0
XM_011444717.3	3281	3182	9	3.30928
XM_011444718.3	2782	2683	15	6.54126
XM_011444719.3	3782	3683	49	15.5663
XM_011444720.3	1009	910	5	6.42865
XM_011444725.3	754	655	2	3.57256
XM_011444729.3	863	764	0	0
XM_011444735.3	2684	2585	3	1.35785
XM_011444740.3	1300	1201	0	0
XM_011444741.3	763	664	1	1.76207
XM_011444743.3	1864	1765	1	0.662897
XM_011444744.3	1284	1185	1.0353	1.02221
XM_011444745.3	2939	2840	8	3.29581
XM_011444746.3	1525	1426	2	1.64097
XM_011444747.3	871	772	1	1.51556
XM_011444754.2	1326	1227	34	32.4209
XM_011444756.3	2397	2298	0	0
XM_011444762.3	2082	1983	0	0
XM_011444766.3	895	796	2.48819	3.6573
XM_011444768.3	2191	2092	0.15389	0.0860677
XM_011444772.3	2044	1945	0	0
XM_011444777.3	1796	1697	1	0.68946
XM_011444780.3	2151	2052	17.5184	9.98867
XM_011444787.3	1588	1489	0	0
XM_011444788.3	1588	1489	0	0
XM_011444789.3	1585	1486	0	0
XM_011444790.3	1527	1428	4	3.27735
XM_011444791.3	1527	1428	4	3.27735
XM_011444794.3	2897	2798	49	20.4899
XM_011444796.3	2953	2854	0	0
XM_011444804.3	1400	1301	7.85381	7.06308
XM_011444805.3	3644	3545	49	16.1723
XM_011444807.3	2975	2876	7	2.84774
XM_011444808.3	3011	2912	3.22091e-06	1.29413e-06
XM_011444809.3	4436	4337	0	0
XM_011444810.3	4287	4188	0	0
XM_011444811.3	4016	3917	31.5387	9.42065
XM_011444813.3	2973	2874	1	0.407103
XM_011444814.3	2339	2240	22	11.4912
XM_011444815.3	4369	4270	7	1.91805
XM_011444816.3	1722	1623	0	0
XM_011444817.3	797	698	1	1.67624
XM_011444818.3	4873	4774	70	17.1556
XM_011444822.3	1205	1106	11	11.6367
XM_011444829.3	2254	2155	13.4401	7.29705
XM_011444834.3	1327	1228	19	18.1028
XM_011444835.3	2711	2612	17	7.61494
XM_011444837.3	1434	1335	30.9991	27.1681
XM_011444838.3	2238	2139	0	0
XM_011444842.3	1926	1827	52	33.3009
XM_011444844.3	1082	983	0	0
XM_011444873.3	1833	1734	0	0
XM_011444874.3	1921	1822	0	0
XM_011444875.3	1970	1871	10.0496	6.28444
XM_011444877.3	3804	3705	0	0
XM_011444878.3	3755	3656	2.94297e-05	9.41825e-06
XM_011444879.3	3741	3642	0.00265028	0.000851418
XM_011444881.3	3710	3611	59.979	19.434
XM_011444882.3	3735	3636	0.0183332	0.00589936
XM_011444892.3	3029	2930	0	0
XM_011444895.3	1933	1834	0	0
XM_011444897.3	1881	1782	0	0
XM_011444900.3	1610	1511	2.73317	2.11638
XM_011444901.3	1598	1499	0	0
XM_011444902.3	2756	2657	0	0
XM_011444905.3	1572	1473	5.29658	4.20711
XM_011444906.3	2728	2629	0	0
XM_011444908.3	1513	1414	2	1.6549
XM_011444909.3	901	802	1	1.45887
XM_011444910.3	2332	2233	2	1.04793
XM_011444916.3	1436	1337	16	14.0017
XM_011444917.3	2533	2434	19	9.13322
XM_011444922.3	1501	1402	3	2.5036
XM_011444924.3	2324	2225	0	0
XM_011444925.3	2357	2258	0	0
XM_011444927.3	2464	2365	0	0
XM_011444934.3	4159	4060	7.28651e-05	2.09983e-05
XM_011444943.3	4127	4028	0.782741	0.227363
XM_011444952.3	2383	2284	0	0
XM_011444953.3	3957	3858	0	0
XM_011444963.3	5693	5594	58	12.131
XM_011444964.3	3381	3282	2	0.712988
XM_011444965.3	1650	1551	17	12.8241
XM_011444966.3	1365	1266	6	5.54509
XM_011444967.3	3754	3655	0	0
XM_011444968.3	1814	1715	2	1.36445
XM_011444971.3	1177	1078	0	0
XM_011444975.3	4417	4318	1	0.270962
XM_011444977.3	1229	1130	1	1.03541
XM_011444978.3	2385	2286	0	0
XM_011444979.3	4120	4021	6.02128	1.75205
XM_011444980.3	2416	2317	0	0
XM_011444981.3	2507	2408	20	9.71772
XM_011444982.3	6211	6112	0	0
XM_011444983.3	6196	6097	0	0
XM_011444984.3	6166	6067	33.5	6.46043
XM_011444985.3	6151	6052	4.41274e-06	8.531e-07
XM_011444992.3	1775	1676	0	0
XM_011444998.3	3004	2905	13	5.23586
XM_011445000.3	3571	3472	1.77633e-05	5.98598e-06
XM_011445001.3	3530	3431	20	6.82024
XM_011445002.3	1705	1606	1	0.728526
XM_011445006.3	2900	2801	11	4.59484
XM_011445007.3	874	775	0	0
XM_011445009.3	2494	2395	0.998256	0.487671
XM_011445010.3	1962	1863	4.79666	3.01243
XM_011445011.3	2488	2389	0	0
XM_011445012.3	2326	2227	32	16.812
XM_011445013.3	2501	2402	12	5.8452
XM_011445014.3	1621	1522	2.36703	1.81962
XM_011445016.3	5108	5009	16	3.73732
XM_011445019.3	2542	2443	0	0
XM_011445020.3	2156	2057	5.40223	3.07277
XM_011445021.3	1243	1144	0	0
XM_011445025.3	1751	1652	1.39434	0.98753
XM_011445027.3	2356	2257	52	26.9564
XM_011445028.3	2983	2884	0	0
XM_011445029.3	1531	1432	0	0
XM_011445030.3	1532	1433	0	0
XM_011445031.3	1504	1405	0	0
XM_011445032.3	1498	1399	0	0
XM_011445033.3	1499	1400	0	0
XM_011445034.3	1471	1372	18.2401	15.5547
XM_011445035.3	6403	6304	11.6457	2.16143
XM_011445038.3	2197	2098	8	4.46144
XM_011445039.3	2419	2320	0	0
XM_011445040.3	1877	1778	0	0
XM_011445041.3	1606	1507	11.1138	8.62862
XM_011445042.3	7823	7724	93	14.0874
XM_011445043.3	5034	4935	39.9839	9.47958
XM_011445044.3	3452	3353	9	3.14051
XM_011445045.3	2265	2166	11	5.9419
XM_011445046.3	2255	2156	0	0
XM_011445047.3	3810	3711	0	0
XM_011445048.3	3935	3836	0	0
XM_011445049.3	3828	3729	0	0
XM_011445051.3	3707	3608	17	5.51281
XM_011445054.3	2870	2771	5	2.11118
XM_011445055.3	4917	4818	37	8.98516
XM_011445056.3	1779	1680	6	4.17862
XM_011445058.3	2557	2458	0.0608466	0.0289631
XM_011445061.3	667	568	0	0
XM_011445063.3	2545	2446	18.9392	9.05931
XM_011445064.3	1783	1684	0	0
XM_011445069.3	1747	1648	0	0
XM_011445073.3	1215	1116	0	0
XM_011445075.3	987	888	0	0
XM_011445080.3	1346	1247	0	0
XM_011445091.3	520	421	0	0
XM_011445095.3	2877	2778	0	0
XM_011445096.3	2850	2751	43.4212	18.4672
XM_011445098.3	2834	2735	0	0
XM_011445099.3	2891	2792	0	0
XM_011445100.3	2748	2649	0	0
XM_011445101.3	2758	2659	0	0
XM_011445103.3	490	391	0	0
XM_011445106.3	2751	2652	0	0
XM_011445109.3	2586	2487	0	0
XM_011445123.3	1532	1433	0	0
XM_011445124.3	3915	3816	2	0.613215
XM_011445125.3	3086	2987	0	0
XM_011445127.3	1797	1698	2	1.37811
XM_011445128.3	1143	1044	1	1.1207
XM_011445129.3	3750	3651	3.06063	0.98082
XM_011445130.3	2558	2459	31.9394	15.197
XM_011445131.3	2812	2713	19	8.19398
XM_011445132.3	3795	3696	14.0351	4.44297
XM_011445139.3	3533	3434	6.09375	2.07623
XM_011445144.2	1833	1734	0	0
XM_011445156.3	1275	1176	1	0.994909
XM_011445159.3	1254	1155	0	0
XM_011445160.3	722	623	0	0
XM_011445161.3	1653	1554	4.05729	3.05475
XM_011445179.3	863	764	0	0
XM_011445180.3	577	478	0	0
XM_011445193.3	2240	2141	2.7897	1.52451
XM_011445194.3	2236	2137	25.0151	13.6959
XM_011445199.3	1852	1753	2	1.33487
XM_011445200.3	1519	1420	3	2.47186
XM_011445201.3	1006	907	8	10.3199
XM_011445202.3	655	556	0	0
XM_011445206.3	4513	4414	36	9.54247
XM_011445211.3	1979	1880	0	0
XM_011445219.3	1883	1784	1	0.655837
XM_011445221.3	982	883	10	13.2504
XM_011445222.3	1560	1461	0	0
XM_011445229.3	5207	5108	0	0
XM_011445230.3	4866	4767	0	0
XM_011445231.3	4952	4853	0	0
XM_011445232.3	4940	4841	0	0
XM_011445235.3	4965	4866	0	0
XM_011445236.3	4870	4771	0	0
XM_011445237.3	4978	4879	0	0
XM_011445239.3	2324	2225	33	17.353
XM_011445240.3	3241	3142	22	8.19233
XM_011445242.3	5792	5693	0	0
XM_011445243.3	5849	5750	0	0
XM_011445244.3	5822	5723	10	2.04441
XM_011445245.3	6265	6166	0	0
XM_011445246.3	5807	5708	0	0
XM_011445249.3	5905	5806	0	0
XM_011445250.3	5654	5555	0	0
XM_011445251.3	5612	5513	0	0
XM_011445253.3	4906	4807	0	0
XM_011445258.3	2932	2833	2	0.825989
XM_011445259.3	824	725	0	0
XM_011445263.3	1892	1793	3	1.95764
XM_011445264.3	2459	2360	0.666667	0.330512
XM_011445266.3	2304	2205	0	0
XM_011445268.3	700	601	7	13.6274
XM_011445271.3	10089	9990	78	9.13524
XM_011445274.3	2184	2085	15	8.41736
XM_011445275.3	1691	1592	0.970955	0.713587
XM_011445276.3	1690	1591	2.02905	1.49215
XM_011445277.3	1403	1304	109	97.8002
XM_011445278.3	1338	1239	2.30435	2.17604
XM_011445279.3	1499	1400	8.69565	7.26716
XM_011445281.3	2346	2247	23	11.9761
XM_011445283.3	2553	2454	93	44.3404
XM_011445284.3	2553	2454	93	44.3404
XM_011445286.3	6997	6898	39	6.61504
XM_011445287.3	3467	3368	0.000132062	4.58772e-05
XM_011445288.3	3430	3331	55.9999	19.6699
XM_011445289.3	874	775	27	40.7618
XM_011445291.3	3933	3834	0	0
XM_011445292.3	3931	3832	0	0
XM_011445293.3	3878	3779	4.52764e-07	1.4018e-07
XM_011445294.3	3819	3720	47	14.7824
XM_011445296.3	4895	4796	24.7387	6.03515
XM_011445297.3	1087	988	1.13322	1.34199
XM_011445298.3	1696	1597	39.9021	29.2336
XM_011445299.3	1058	959	7.96466	9.71716
XM_011445301.3	1329	1230	0	0
XM_011445303.3	5947	5848	23.0138	4.60439
XM_011445306.3	3763	3664	0	0
XM_011445311.3	5931	5832	48.9862	9.82758
XM_011445320.3	940	841	5	6.95608
XM_011445323.3	2400	2301	5	2.5424
XM_011445336.3	663	564	0	0
XM_011445337.3	1039	940	0	0
XM_011445338.3	1055	956	0	0
XM_011445339.3	1695	1596	0	0
XM_011445341.3	510	411	0	0
XM_011445345.3	6908	6809	56	9.62267
XM_011445346.3	3682	3583	0	0
XM_011445347.3	1471	1372	38	32.4056
XM_011445348.3	1260	1161	0	0
XM_011445350.3	1260	1161	0	0
XM_011445354.2	1489	1390	0.0683845	0.0575617
XM_011445355.3	1635	1536	9.63854e-08	7.34194e-08
XM_011445356.3	1760	1661	5.48533	3.86389
XM_011445357.3	1952	1853	0	0
XM_011445359.3	2636	2537	0	0
XM_011445360.3	2374	2275	0.0157339	0.00809182
XM_011445361.3	2358	2259	61.9843	32.1038
XM_011445365.3	1565	1466	0	0
XM_011445366.3	1687	1588	1	0.736784
XM_011445367.3	3921	3822	24	7.34702
XM_011445369.3	3527	3428	16	5.46097
XM_011445371.3	1127	1028	0	0
XM_011445382.3	1100	1001	5.34359	6.24582
XM_011445391.3	1044	945	9	11.143
XM_011445397.3	1976	1877	4.63495	2.88916
XM_011445408.3	1984	1885	0.0315804	0.0196018
XM_011445413.3	1712	1613	0	0
XM_011445415.3	1246	1147	0	0
XM_011445419.3	1539	1440	0	0
XM_011445440.3	2110	2011	0.000632228	0.000367834
XM_011445444.3	2204	2105	2.04327	1.1357
XM_011445448.3	1390	1291	4.69455	4.25459
XM_011445458.3	3875	3776	0	0
XM_011445459.3	3835	3736	0	0
XM_011445460.3	3872	3773	0	0
XM_011445461.3	3849	3750	0	0
XM_011445462.3	3761	3662	0.430858	0.13766
XM_011445463.3	4182	4083	0	0
XM_011445466.3	1613	1514	8	6.18237
XM_011445467.3	1839	1740	6	4.03453
XM_011445468.3	5511	5412	1.94621e-05	4.20748e-06
XM_011445469.3	5547	5448	0	0
XM_011445470.3	5738	5639	0	0
XM_011445471.3	5585	5486	0	0
XM_011445472.3	5453	5354	5.99998	1.31118
XM_011445475.3	2670	2571	2	0.910162
XM_011445479.3	1331	1232	1	0.949686
XM_011445482.3	2010	1911	23	14.0818
XM_011445483.3	3454	3355	0.00150314	0.000524202
XM_011445484.3	1753	1654	4.45455	3.15108
XM_011445485.3	3383	3284	0.00039342	0.000140166
XM_011445486.3	3352	3253	26.702	9.60396
XM_011445489.3	1629	1530	7.99916	6.11708
XM_011445491.3	1802	1703	0	0
XM_011445498.3	3409	3310	1	0.353478
XM_011445499.3	8062	7963	5.08643	0.747356
XM_011445500.3	8059	7960	7.91357	1.16319
XM_011445501.3	2900	2801	0	0
XM_011445502.3	4031	3932	0	0
XM_011445503.3	3915	3816	58	17.7832
XM_011445505.3	1946	1847	69	43.7092
XM_011445506.3	2358	2259	1	0.517934
XM_011445507.3	1733	1634	0	0
XM_011445508.3	2096	1997	0.699693	0.40994
XM_011445509.3	2095	1996	1.25912	0.738071
XM_011445510.2	4906	4807	42	10.2227
XM_011445511.3	2525	2426	0.832898	0.401691
XM_011445513.2	1500	1401	0	0
XM_011445516.3	1532	1433	0	0
XM_011445518.2	2272	2173	11	5.92276
XM_011445519.3	2144	2045	0	0
XM_011445520.3	2206	2107	0	0
XM_011445521.3	3717	3618	17	5.49758
XM_011445523.3	3838	3739	4.31555	1.35043
XM_011445524.3	2479	2380	0	0
XM_011445532.3	2426	2327	0	0
XM_011445533.3	3375	3276	0	0
XM_011445534.3	3294	3195	0	0
XM_011445535.3	3298	3199	0	0
XM_011445536.3	3671	3572	0	0
XM_011445539.3	3305	3206	14	5.10923
XM_011445545.3	3208	3109	0	0
XM_011445546.3	3141	3042	0	0
XM_011445547.3	3120	3021	0	0
XM_011445548.3	3214	3115	0	0
XM_011445549.3	3078	2979	0	0
XM_011445551.2	904	805	15	21.8015
XM_011445552.3	5697	5598	2.3362	0.488279
XM_011445553.3	5692	5593	6.6638	1.39402
XM_011445554.3	2990	2891	0	0
XM_011445555.3	2987	2888	0	0
XM_011445556.3	2987	2888	9.17317e-08	3.71632e-08
XM_011445558.3	2987	2888	0	0
XM_011445559.3	2978	2879	0	0
XM_011445560.3	2978	2879	0	0
XM_011445562.3	3445	3346	0.0351081	0.0122764
XM_011445563.3	2974	2875	1.82316e-05	7.41956e-06
XM_011445564.3	2972	2873	0	0
XM_011445565.3	2957	2858	0	0
XM_011445566.3	2954	2855	0	0
XM_011445567.3	2945	2846	0	0
XM_011445569.3	2933	2834	0	0
XM_011445570.3	2891	2792	20.9907	8.79635
XM_011445571.3	2879	2780	0	0
XM_011445572.3	2855	2756	0	0
XM_011445573.3	2834	2735	0.359822	0.153929
XM_011445574.3	2822	2723	0	0
XM_011445575.3	2797	2698	1.17749e-05	5.10631e-06
XM_011445578.3	849	750	0	0
XM_011445579.3	809	710	0.000296726	0.000488977
XM_011445583.3	2018	1919	1	0.6097
XM_011445585.3	1556	1457	0	0
XM_011445587.3	1669	1570	0	0
XM_011445588.3	1407	1308	2	1.78901
XM_011445589.3	1097	998	4	4.68943
XM_011445592.2	879	780	2	3.00003
XM_011445593.2	1435	1336	1	0.875759
XM_011445595.3	1711	1612	0.101926	0.0739793
XM_011445598.3	3165	3066	0	0
XM_011445600.3	6810	6711	107	18.6547
XM_011445602.3	1706	1607	3.89807	2.83808
XM_011445606.3	3524	3425	0.0641286	0.0219069
XM_011445609.3	3512	3413	3.93587	1.34926
XM_011445610.3	2717	2618	7	3.12838
XM_011445611.3	2147	2048	0	0
XM_011445612.3	829	730	0	0
XM_011445613.3	697	598	5	9.78272
XM_011445614.3	3334	3235	34	12.2969
XM_011445615.3	3013	2914	11	4.41666
XM_011445618.3	2857	2758	0.616573	0.261566
XM_011445619.3	2853	2754	3.38343	1.43742
XM_011445624.3	2874	2775	3	1.26488
XM_011445625.3	886	787	5.20169	7.73322
XM_011445635.3	1049	950	19	23.4003
XM_011445641.3	4850	4751	0	0
XM_011445644.3	3433	3334	2.37513	0.833514
XM_011445646.3	599	500	0	0
XM_011445647.3	1886	1787	5.71606	3.74251
XM_011445661.3	3541	3442	1003	340.942
XM_011445663.3	2026	1927	29.6021	17.9735
XM_011445669.3	3242	3143	3	1.11678
XM_011445675.3	3280	3181	22.7308	8.3607
XM_011445690.3	3015	2916	0	0
XM_011445691.3	3993	3894	0	0
XM_011445693.3	1425	1326	6	5.29418
XM_011445694.3	3019	2920	16	6.41103
XM_011445695.3	3299	3200	0.199243	0.0728489
XM_011445696.3	1526	1427	3	2.45973
XM_011445698.3	3842	3743	1.46284	0.457264
XM_011445702.3	1155	1056	0	0
XM_011445705.3	2284	2185	5	2.67738
XM_011445707.3	573	474	0	0
XM_011445711.3	3424	3325	56.5883	19.9125
XM_011445714.3	4670	4571	0	0
XM_011445715.3	4538	4439	0	0
XM_011445716.3	1882	1783	6	3.93723
XM_011445718.3	1169	1070	5	5.46735
XM_011445719.3	1368	1269	15	13.8299
XM_011445720.3	2540	2441	28	13.4209
XM_011445722.3	4167	4068	6	1.72568
XM_011445738.3	1223	1124	35	36.4328
XM_011445739.3	1461	1362	19	16.3218
XM_011445740.3	4251	4152	65.4504	18.4436
XM_011445749.3	4733	4634	83	20.9562
XM_011445750.3	2060	1961	0	0
XM_011445751.3	2126	2027	0	0
XM_011445754.3	1973	1874	0	0
XM_011445758.3	1343	1244	0	0
XM_011445762.3	1423	1324	0	0
XM_011445763.3	2386	2287	0	0
XM_011445765.3	2357	2258	0	0
XM_011445767.3	1820	1721	0	0
XM_011445769.2	1172	1073	3	3.27124
XM_011445772.3	3506	3407	0.00150236	0.000515931
XM_011445773.3	3482	3383	5.9985	2.07459
XM_011445774.3	2230	2131	60	32.9427
XM_011445775.2	1934	1835	25.9185	16.5259
XM_011445777.3	3312	3213	2	0.7283
XM_011445780.3	993	894	15.7559	20.6203
XM_011445781.3	1274	1175	0	0
XM_011445782.3	2823	2724	34	14.6037
XM_011445785.3	3802	3703	0	0
XM_011445798.3	3117	3018	5	1.93839
XM_011445814.3	3443	3344	0	0
XM_011445815.3	3440	3341	0	0
XM_011445816.3	3569	3470	0.0170762	0.00575775
XM_011445817.3	3541	3442	228.939	77.8214
XM_011445819.3	4338	4239	52.0442	14.3648
XM_011445820.3	2346	2247	0	0
XM_011445821.3	2301	2202	3.75676	1.99612
XM_011445822.3	2349	2250	0	0
XM_011445823.3	2146	2047	0	0
XM_011445824.3	2166	2067	1.27323	0.720705
XM_011445825.3	1972	1873	0	0
XM_011445826.3	2113	2014	67.97	39.4865
XM_011445830.3	3586	3487	29.7807	9.99248
XM_011445831.3	3232	3133	27.2354	10.171
XM_011445835.3	6434	6335	12.8717	2.37727
XM_011445836.3	3201	3102	17	6.41207
XM_011445847.3	1862	1763	0	0
XM_011445848.3	1739	1640	0	0
XM_011445850.3	796	697	5	8.39321
XM_011445854.3	4553	4454	26	6.82989
XM_011445855.3	2458	2359	0	0
XM_011445856.3	2430	2331	9.64004	4.83869
XM_011445868.2	3765	3666	52.955	16.9007
XM_011445870.3	1322	1223	4	3.8267
XM_011445872.3	6549	6450	11	1.99537
XM_011445873.3	2987	2888	3	1.21539
XM_011445885.3	1211	1112	28	29.4608
XM_011445886.3	1625	1526	5.04361	3.86703
XM_011445887.3	691	592	257	507.928
XM_011445888.3	1837	1738	0	0
XM_011445891.3	904	805	16	23.2549
XM_011445892.3	1352	1253	0	0
XM_011445894.3	6347	6248	0	0
XM_011445895.3	6332	6233	0	0
XM_011445896.3	6314	6215	47	8.84805
XM_011445897.3	2204	2105	7	3.89078
XM_011445898.3	2676	2577	45	20.431
XM_011445901.3	754	655	1966	3511.83
XM_011445902.3	1947	1848	0	0
XM_011445904.3	5545	5446	21.0815	4.52913
XM_011445906.3	2107	2008	1.96615	1.14563
XM_011445918.3	2154	2055	0.99892	0.568735
XM_011445923.3	2280	2181	0	0
XM_011445925.3	2166	2067	0.00108	0.000611328
XM_011445926.3	1772	1673	6	4.1961
XM_011445927.3	4307	4208	0	0
XM_011445928.3	4301	4202	0	0
XM_011445929.3	4302	4203	0	0
XM_011445930.3	4115	4016	0.686527	0.200011
XM_011445931.3	2283	2184	9	4.82148
XM_011445933.3	1129	1030	1	1.13594
XM_011445934.3	1758	1659	9	6.34727
XM_011445935.3	3119	3020	5	1.93711
XM_011445938.3	2488	2389	0	0
XM_011445941.3	1662	1563	2	1.49714
XM_011445942.3	892	793	0	0
XM_011445957.3	3013	2914	0	0
XM_011445959.3	8021	7922	15	2.21538
XM_011445960.3	5724	5625	1.37714e-05	2.86448e-06
XM_011445961.3	5664	5565	3.99999	0.840977
XM_011445962.3	1698	1599	5.69656e-06	4.16826e-06
XM_011445963.3	1679	1580	6.99999	5.1836
XM_011445964.3	3648	3549	110	36.2642
XM_011445965.3	2612	2513	0	0
XM_011445966.3	619	520	3	6.75008
XM_011445967.3	1288	1189	112	110.212
XM_011445968.3	2232	2133	2	1.09706
XM_011445969.3	8174	8075	15	2.1734
XM_011445970.2	1250	1151	219.916	223.549
XM_011445971.3	3052	2953	21.3922	8.47583
XM_011445972.3	4971	4872	20.1807	4.84642
XM_011445973.3	4947	4848	0	0
XM_011445975.3	4950	4851	0	0
XM_011445977.3	4882	4783	24.3734	5.96221
XM_011445978.3	3550	3451	10	3.39036
XM_011445979.3	4850	4751	0	0
XM_011445980.3	4835	4736	0	0
XM_011445981.3	4884	4785	0	0
XM_011445982.3	4822	4723	0	0
XM_011445984.3	4833	4734	0	0
XM_011445987.3	4814	4715	0	0
XM_011445988.3	2863	2764	0	0
XM_011445989.3	4808	4709	0	0
XM_011445990.3	4741	4642	1.74321e-08	4.39376e-09
XM_011445992.3	4705	4606	0.000161251	4.09608e-05
XM_011445994.3	1656	1557	0	0
XM_011445997.3	1727	1628	0	0
XM_011445999.3	3547	3448	0	0
XM_011446002.3	3031	2932	0	0
XM_011446005.3	2847	2748	0	0
XM_011446008.3	2727	2628	5.73919e-07	2.55515e-07
XM_011446009.3	2092	1993	0	0
XM_011446010.3	1886	1787	0	0
XM_011446012.3	1592	1493	33	25.861
XM_011446013.3	2356	2257	57	29.5484
XM_011446014.3	2831	2732	1	0.428263
XM_011446015.3	3460	3361	0	0
XM_011446017.3	687	588	0	0
XM_011446018.3	7476	7377	0	0
XM_011446026.3	1066	967	7	8.46959
XM_011446032.3	4214	4115	4.86169e-07	1.38232e-07
XM_011446033.3	2306	2207	5	2.65069
XM_011446034.3	830	731	366	585.807
XM_011446037.3	1980	1881	1	0.622017
XM_011446039.2	2879	2780	0	0
XM_011446042.3	2198	2099	91	50.7247
XM_011446043.3	2223	2124	0	0
XM_011446051.2	523	424	37	102.1
XM_011446080.3	3758	3659	0	0
XM_011446086.3	5367	5268	15	3.33147
XM_011446087.3	3730	3631	0.0230278	0.00742023
XM_011446090.3	549	450	12	31.2004
XM_011446092.3	899	800	2	2.92503
XM_011446093.3	664	565	11	22.779
XM_011446096.3	2108	2009	0	0
XM_011446098.3	1951	1852	1.1693	0.738712
XM_011446099.3	1948	1849	7.8307	4.95513
XM_011446100.3	2021	1922	0	0
XM_011446101.3	2033	1934	0	0
XM_011446102.2	3324	3225	0	0
XM_011446103.2	3306	3207	0	0
XM_011446104.3	2083	1984	13	7.66642
XM_011446105.2	3323	3224	0	0
XM_011446106.3	6656	6557	1.7066	0.304521
XM_011446109.3	4214	4115	4.86169e-07	1.38232e-07
XM_011446112.3	773	674	47	81.5885
XM_011446113.3	785	686	2	3.41112
XM_011446117.3	2610	2511	0	0
XM_011446118.3	3233	3134	116	43.3062
XM_011446119.3	2469	2370	0	0
XM_011446121.3	2454	2355	0	0
XM_011446123.3	1811	1712	0	0
XM_011446125.3	863	764	19	29.0972
XM_011446127.3	3660	3561	0	0
XM_011446129.3	3639	3540	0	0
XM_011446135.3	1316	1217	0	0
XM_011446136.3	3438	3339	0	0
XM_011446137.3	3003	2904	14	5.64056
XM_011446138.3	3133	3034	0	0
XM_011446139.3	644	545	32	68.698
XM_011446140.3	767	668	0	0
XM_011446143.3	1714	1615	40	28.9787
XM_011446148.3	1522	1423	1	0.822216
XM_011446150.3	1550	1451	0	0
XM_011446153.3	1326	1227	0	0
XM_011446166.3	2561	2462	1	0.475229
XM_011446167.3	2455	2356	13	6.45593
XM_011446168.3	2650	2551	0	0
XM_011446171.3	789	690	134	227.22
XM_011446174.3	5851	5752	0	0
XM_011446175.3	5843	5744	18	3.66648
XM_011446176.3	5842	5743	0	0
XM_011446177.3	5800	5701	0	0
XM_011446188.3	2826	2727	0	0
XM_011446192.3	3201	3102	0	0
XM_011446193.3	3138	3039	40.1711	15.4658
XM_011446195.3	5986	5887	22	4.3724
XM_011446200.3	4446	4347	0	0
XM_011446201.3	1407	1308	1	0.894506
XM_011446204.2	885	786	0	0
XM_011446207.3	1710	1611	1	0.726265
XM_011446221.3	2812	2713	0	0
XM_011446230.3	2002	1903	12.5737	7.73061
XM_011446231.3	1359	1260	0	0
XM_011446233.3	1937	1838	0	0
XM_011446234.3	1310	1211	0	0
XM_011446235.3	1238	1139	0	0
XM_011446237.3	783	684	1	1.71055
XM_011446238.3	3039	2940	1.57249	0.625794
XM_011446239.3	3035	2936	7.7653	3.09452
XM_011446240.3	12925	12826	20.8879	1.90544
XM_011446241.3	4686	4587	10.7902	2.75229
XM_011446253.3	969	870	0	0
XM_011446258.3	4857	4758	26.3845	6.48806
XM_011446260.3	5766	5667	0	0
XM_011446261.3	5799	5700	0	0
XM_011446262.3	6626	6527	139	24.9168
XM_011446264.3	2349	2250	7	3.64004
XM_011446265.3	1735	1636	1.94573	1.39152
XM_011446266.3	1810	1711	0	0
XM_011446267.3	1740	1641	0.054266	0.038691
XM_011446268.3	5312	5213	38	8.52878
XM_011446269.3	5312	5213	0	0
XM_011446272.3	2364	2265	0	0
XM_011446273.3	8429	8330	0.17719	0.0248877
XM_011446274.3	8429	8330	0	0
XM_011446275.3	1746	1647	0	0
XM_011446276.3	8383	8284	117.328	16.5711
XM_011446277.3	8323	8224	11.4953	1.63541
XM_011446279.3	2703	2604	0	0
XM_011446280.3	2682	2583	2.23328e-07	1.0116e-07
XM_011446281.3	3578	3479	15	5.04461
XM_011446282.3	3990	3891	0	0
XM_011446283.3	3711	3612	0	0
XM_011446284.3	3739	3640	0	0
XM_011446286.3	3708	3609	0	0
XM_011446289.3	2055	1956	23	13.7578
XM_011446290.3	1144	1045	2	2.23926
XM_011446291.3	1920	1821	7	4.49758
XM_011446292.3	1170	1071	2	2.1849
XM_011446293.3	2314	2215	2	1.05645
XM_011446295.3	1952	1853	9	5.68274
XM_011446296.3	2375	2276	0	0
XM_011446297.3	1680	1581	0	0
XM_011446298.3	1701	1602	5	3.65173
XM_011446299.3	1696	1597	0	0
XM_011446307.3	677	578	0	0
XM_011446308.3	1217	1118	0	0
XM_011446310.3	803	704	0	0
XM_011446311.3	977	878	12	15.9911
XM_011446312.3	2512	2413	24	11.6371
XM_011446313.3	559	460	5	12.7175
XM_011446314.3	1366	1267	13	12.0049
XM_011446316.3	3626	3527	68	22.5577
XM_011446332.3	1690	1591	87	63.9794
XM_011446333.3	2028	1929	22	13.3439
XM_011446334.3	1014	915	3.7977e-08	4.85613e-08
XM_011446335.3	999	900	10	13.0001
XM_011446340.3	1429	1330	6	5.27826
XM_011446341.3	3186	3087	0	0
XM_011446342.3	3926	3827	0.588242	0.179841
XM_011446343.3	3914	3815	23.4118	7.1801
XM_011446346.3	1959	1860	2	1.25808
XM_011446348.3	3920	3821	4.09108	1.25271
XM_011446349.3	2727	2628	2	0.890421
XM_011446350.3	3422	3323	0	0
XM_011446351.3	2675	2576	4.76192e-07	2.16285e-07
XM_011446352.3	3383	3284	0	0
XM_011446353.3	3165	3066	18.2727	6.97302
XM_011446354.3	3238	3139	0	0
XM_011446355.3	1473	1374	8.03834e-05	6.84496e-05
XM_011446356.3	1443	1344	2	1.74109
XM_011446357.3	1553	1454	2	1.60937
XM_011446359.3	3559	3460	15	5.07231
XM_011446365.3	2764	2665	0	0
XM_011446369.3	1823	1724	0	0
XM_011446371.3	2029	1930	22	13.3369
XM_011446375.3	2161	2062	0	0
XM_011446378.3	3018	2919	30.4044	12.1869
XM_011446384.3	2498	2399	20.4916	9.99396
XM_011446386.3	1599	1500	45.2278	35.2781
XM_011446388.2	585	486	25	60.1859
XM_011446390.3	3106	3007	0	0
XM_011446393.3	4563	4464	0	0
XM_011446394.3	4558	4459	0	0
XM_011446395.3	4555	4456	0	0
XM_011446397.3	4555	4456	0	0
XM_011446398.3	4553	4454	0	0
XM_011446399.3	3068	2969	6	2.36446
XM_011446400.3	2946	2847	0	0
XM_011446401.3	2871	2772	22	9.28582
XM_011446402.3	1714	1615	1.03191e-05	7.47581e-06
XM_011446405.3	2118	2019	11	6.37452
XM_011446406.3	1202	1103	0	0
XM_011446408.3	2662	2563	2	0.913003
XM_011446409.3	4598	4499	87	22.6253
XM_011446411.3	4270	4171	55	15.4281
XM_011446412.3	2224	2125	0	0
XM_011446413.3	933	834	0	0
XM_011446415.3	1569	1470	0	0
XM_011446426.3	2888	2789	8	3.35608
XM_011446427.3	5156	5057	7.8955	1.82674
XM_011446428.3	5152	5053	19.975	4.62519
XM_011446429.3	12632	12533	0.00153797	0.000143576
XM_011446434.3	1126	1027	0	0
XM_011446435.3	2410	2311	4.66701	2.36281
XM_011446438.3	961	862	2	2.71465
XM_011446440.3	2319	2220	0	0
XM_011446441.3	2316	2217	0	0
XM_011446442.3	1421	1322	0	0
XM_011446443.3	6102	6003	0.00155883	0.000303824
XM_011446448.3	633	534	0.598475	1.31128
XM_011446449.3	562	463	3	7.58108
XM_011446452.3	2603	2504	0.00222511	0.0010397
XM_011446453.3	2858	2759	0	0
XM_011446454.3	1481	1382	0	0
XM_011446455.3	1683	1584	6	4.43187
XM_011446457.3	2054	1955	70	41.8931
XM_011446459.3	1643	1544	0	0
XM_011446460.3	1831	1732	54	36.4785
XM_011446461.3	3009	2910	44	17.6909
XM_011446462.3	1625	1526	17	13.0342
XM_011446463.3	2211	2112	21	11.6337
XM_011446467.3	2647	2548	9	4.1327
XM_011446469.3	2345	2246	2	1.04186
XM_011446473.3	3379	3280	9	3.2104
XM_011446474.2	1585	1486	0	0
XM_011446475.3	4986	4887	0	0
XM_011446477.3	1230	1131	6	6.20697
XM_011446478.3	2607	2508	0	0
XM_011446479.3	2494	2395	5	2.44262
XM_011446482.3	4745	4646	107.629	27.1044
XM_011446488.3	1822	1723	61	41.4224
XM_011446489.3	1955	1856	0	0
XM_011446493.3	4826	4727	17	4.20779
XM_011446494.3	1412	1313	0	0
XM_011446495.3	2152	2053	10	5.69904
XM_011446498.3	2522	2423	6.39331	3.08719
XM_011446499.3	2439	2340	4	2.00002
XM_011446500.3	1376	1277	64	58.6381
XM_011446501.3	1058	959	0	0
XM_011446505.3	4712	4613	0	0
XM_011446506.3	2527	2428	10.978	5.2901
XM_011446508.3	1749	1650	0	0
XM_011446511.3	1200	1101	30.7332	32.6596
XM_011446513.3	1944	1845	97.6921	61.9518
XM_011446515.3	1601	1502	0	0
XM_011446516.3	5812	5713	66.9999	13.7215
XM_011446518.3	2385	2286	3	1.53545
XM_011446521.3	2597	2498	0	0
XM_011446522.3	6353	6254	0.00366092	0.000684894
XM_011446523.3	5880	5781	6.2853e-05	1.27208e-05
XM_011446525.3	4979	4880	3.48862	0.83642
XM_011446528.3	6304	6205	37.2105	7.0164
XM_011446530.3	5244	5145	0	0
XM_011446531.3	5173	5074	130.579	30.1101
XM_011446544.3	2318	2219	16	8.43633
XM_011446545.3	6132	6033	1.12965	0.21908
XM_011446546.3	2909	2810	9	3.74737
XM_011446547.3	865	766	0	0
XM_011446548.3	3082	2983	0	0
XM_011446549.3	2592	2493	19	8.91707
XM_011446550.3	4569	4470	517	135.324
XM_011446552.3	4513	4414	2.76913	0.734011
XM_011446554.3	2919	2820	53.2309	22.0854
XM_011446555.3	4397	4298	0	0
XM_011446556.3	4084	3985	0	0
XM_011446557.3	4071	3972	0	0
XM_011446558.3	1755	1656	60	42.3918
XM_011446559.3	1978	1879	14	8.7175
XM_011446560.3	1583	1484	8	6.30735
XM_011446561.3	2934	2835	0	0
XM_011446562.3	6292	6193	0	0
XM_011446563.2	2511	2412	67.4169	32.7026
XM_011446564.3	2950	2851	0	0
XM_011446565.3	3075	2976	0	0
XM_011446576.3	908	809	2	2.89249
XM_011446579.3	1328	1229	0	0
XM_011446595.3	1596	1497	0	0
XM_011446602.3	1738	1639	168.032	119.951
XM_011446603.3	2684	2585	0	0
XM_011446604.3	2657	2558	0	0
XM_011446605.3	2534	2435	3.7327	1.79356
XM_011446607.3	2531	2432	15.8504	7.62551
XM_011446614.3	5393	5294	0.012718	0.00281076
XM_011446615.3	5363	5264	9.98728	2.21984
XM_011446616.3	2691	2592	11	4.96533
XM_011446622.3	3837	3738	65.9998	20.6583
XM_011446623.3	2896	2797	1.42191e-07	5.94799e-08
XM_011446624.3	2852	2753	17	7.22493
XM_011446625.3	2887	2788	6.23327e-06	2.61586e-06
XM_011446627.3	1783	1684	1	0.694782
XM_011446628.3	2231	2132	0	0
XM_011446629.3	3201	3102	2.9989	1.13113
XM_011446630.3	2001	1902	6	3.69089
XM_011446632.3	2162	2063	0	0
XM_011446633.3	3308	3209	0	0
XM_011446634.3	3247	3148	0	0
XM_011446635.3	3338	3239	0	0
XM_011446636.3	3313	3214	0	0
XM_011446637.3	3392	3293	0	0
XM_011446639.3	3219	3120	0	0
XM_011446640.3	3225	3126	0	0
XM_011446642.3	621	522	0	0
XM_011446649.3	2511	2412	9.69223e-06	4.70151e-06
XM_011446650.3	2200	2101	0.00965153	0.00537479
XM_011446651.3	2528	2429	0	0
XM_011446652.3	2122	2023	0	0
XM_011446653.3	2098	1999	17	9.95009
XM_011446654.3	2290	2191	0	0
XM_011446655.3	2397	2298	0	0
XM_011446656.3	1986	1887	0	0
XM_011446658.3	3594	3495	1.74935	0.585624
XM_011446661.3	4019	3920	0	0
XM_011446663.3	595	496	1	2.3589
XM_011446664.3	4920	4821	0	0
XM_011446668.3	2202	2103	4.79197e-08	2.66604e-08
XM_011446669.3	2172	2073	1	0.564406
XM_011446670.3	2272	2173	12	6.46119
XM_011446671.3	761	662	0	0
XM_011446672.3	1891	1792	0	0
XM_011446675.3	2491	2392	3.73254	1.82572
XM_011446676.3	2488	2389	16.2675	7.96699
XM_011446677.3	2298	2199	0	0
XM_011446678.3	2294	2195	0	0
XM_011446679.3	2495	2396	4.08914	1.99681
XM_011446680.3	2528	2429	4.39734e-07	2.11813e-07
XM_011446681.3	6243	6144	1.06733e-06	2.03255e-07
XM_011446682.3	6162	6063	6.15246	1.18728
XM_011446683.3	2228	2129	8.1384e-06	4.47254e-06
XM_011446684.3	2201	2102	25.8475	14.3872
XM_011446685.3	4025	3926	24	7.1524
XM_011446686.3	1888	1789	0	0
XM_011446687.3	3553	3454	36	12.1947
XM_011446693.3	3980	3881	31	9.34564
XM_011446698.3	2674	2575	7	3.18062
XM_011446702.3	652	553	1	2.11576
XM_011446713.3	6071	5972	0	0
XM_011446719.3	1819	1720	11	7.48264
XM_011446720.3	3942	3843	0	0
XM_011446721.3	3700	3601	11	3.57405
XM_011446722.3	3393	3294	14.5447	5.16621
XM_011446723.3	3328	3229	4.67963	1.69564
XM_011446724.2	3207	3108	0	0
XM_011446725.2	3214	3115	0	0
XM_011446726.2	2882	2783	29.7672	12.5145
XM_011446727.3	3019	2920	0	0
XM_011446728.3	2912	2813	0.000102715	4.27222e-05
XM_011446730.3	1127	1028	3	3.41444
XM_011446731.3	1956	1857	0	0
XM_011446732.3	2025	1926	1	0.607484
XM_011446734.3	1890	1791	0	0
XM_011446736.3	4685	4586	0	0
XM_011446740.3	2025	1926	1	0.607484
XM_011446744.3	1963	1864	0	0
XM_011446745.3	1367	1268	13	11.9954
XM_011446746.3	1003	904	13	16.8254
XM_011446747.3	1956	1857	26	16.3814
XM_011446750.3	1596	1497	0	0
XM_011446751.3	1920	1821	4	2.57005
XM_011446756.3	4131	4032	17	4.93309
XM_011446757.3	3305	3206	8	2.91956
XM_011446765.3	4081	3982	0	0
XM_011446775.3	4054	3955	0	0
XM_011446786.3	4032	3933	0	0
XM_011446791.3	2640	2541	45	20.7204
XM_011446792.3	911	812	0	0
XM_011446793.3	4006	3907	0	0
XM_011446800.3	3924	3825	45.2192	13.8319
XM_011446801.3	3630	3531	0	0
XM_011446806.3	3876	3777	9.83907e-05	3.04788e-05
XM_011446815.3	513	414	1	2.82612
XM_011446816.3	585	486	0	0
XM_011446818.3	583	484	0	0
XM_011446819.3	589	490	0	0
XM_011446820.3	534	435	0	0
XM_011446821.3	589	490	0	0
XM_011446823.3	3122	3023	12.129	4.69436
XM_011446826.2	1564	1465	0	0
XM_011446827.2	1483	1384	0	0
XM_011446828.3	1597	1498	0	0
XM_011446829.3	2036	1937	0.999989	0.604027
XM_011446832.3	892	793	7	10.328
XM_011446833.3	2317	2218	18.9573	10.0001
XM_011446839.3	1984	1885	0	0
XM_011446840.3	1600	1501	0	0
XM_011446841.3	1393	1294	2	1.80837
XM_011446842.3	1460	1361	0	0
XM_011446844.3	1858	1759	1	0.665158
XM_011446845.3	1218	1119	20	20.9118
XM_011446849.3	2682	2583	2.00432	0.907889
XM_011446859.3	1931	1832	3	1.91596
XM_011446861.3	1065	966	6	7.26716
XM_011446862.3	668	569	1	2.05626
XM_011446863.3	1767	1668	6.99686	4.90793
XM_011446864.3	686	587	0	0
XM_011446865.3	741	642	1	1.82245
XM_011446866.3	549	450	14	36.4004
XM_011446867.3	2299	2200	18	9.57284
XM_011446868.3	2245	2146	0	0
XM_011446872.3	607	508	1	2.30318
XM_011446873.3	2297	2198	14	7.45231
XM_011446874.3	2977	2878	3	1.21961
XM_011446876.3	1334	1235	2	1.89476
XM_011446880.3	688	589	2	3.97288
XM_011446882.3	2204	2105	34	18.8981
XM_011446890.3	2747	2648	0	0
XM_011446892.3	1866	1767	4	2.64859
XM_011446898.3	3328	3229	4.04398	1.46532
XM_011446900.3	7259	7160	2.75491	0.450179
XM_011446901.3	2119	2020	42	24.327
XM_011446904.3	6555	6456	0	0
XM_011446906.3	7244	7145	32.2451	5.28022
XM_011446912.3	1810	1711	5	3.41909
XM_011446913.3	2387	2288	30	15.3411
XM_011446914.3	5673	5574	6	1.25943
XM_011446916.3	5971	5872	0	0
XM_011446917.3	1225	1126	28	29.0945
XM_011446919.3	1051	952	7	8.60304
XM_011446920.3	3182	3083	11	4.17455
XM_011446921.3	4181	4082	17	4.87267
XM_011446922.3	2273	2174	2	1.07637
XM_011446924.3	1964	1865	0	0
XM_011446925.3	1682	1583	0	0
XM_011446929.3	2717	2618	0.000142389	6.36351e-05
XM_011446930.3	2693	2594	6.99986	3.15726
XM_011446931.3	2759	2660	47	20.6732
XM_011446932.3	2707	2608	12	5.3835
XM_011446933.3	2540	2441	0	0
XM_011446934.3	4254	4155	0	0
XM_011446935.3	4248	4149	0	0
XM_011446936.3	4264	4165	0	0
XM_011446938.3	4173	4074	2.19737	0.631063
XM_011446939.3	4167	4068	12.3799	3.56063
XM_011446940.3	3980	3881	0	0
XM_011446943.3	755	656	0	0
XM_011446944.3	1981	1882	6.90227	4.29105
XM_011446946.2	2930	2831	0	0
XM_011446947.3	2952	2853	0	0
XM_011446948.2	2843	2744	11.0977	4.73196
XM_011446950.3	926	827	19.9006	28.1547
XM_011446951.2	918	819	4.09944	5.85642
XM_011446953.3	1112	1013	0	0
XM_011446955.3	6729	6630	0.000527984	9.31747e-05
XM_011446956.3	6796	6697	0	0
XM_011446957.3	6668	6569	26.9995	4.80891
XM_011446960.3	3525	3426	7.64761	2.61173
XM_011446968.3	4288	4189	7	1.95514
XM_011446971.3	3329	3230	5.47546	1.98339
XM_011446976.3	998	899	1	1.30146
XM_011446977.3	666	567	1	2.06352
XM_011446978.3	3510	3411	0	0
XM_011446979.3	1618	1519	15	11.5538
XM_011446980.3	2366	2267	9	4.64496
XM_011446982.3	1769	1670	0	0
XM_011446983.3	1255	1156	91	92.1031
XM_011446985.3	3523	3424	0	0
XM_011446988.3	3493	3394	0	0
XM_011446989.3	3394	3295	7	2.48561
XM_011446990.3	2336	2237	3	1.56908
XM_011447003.3	2997	2898	93.0352	37.5612
XM_011447008.3	1285	1186	0	0
XM_011447009.3	1191	1092	0	0
XM_011447010.3	999	900	1	1.30001
XM_011447014.3	1327	1228	0	0
XM_011447015.3	1753	1654	0	0
XM_011447016.3	8967	8868	0	0
XM_011447024.3	1482	1383	19	16.0739
XM_011447025.3	567	468	0	0
XM_011447026.3	545	446	0	0
XM_011447033.3	1641	1542	0	0
XM_011447034.3	3534	3435	0.352395	0.120031
XM_011447036.3	1680	1581	0	0
XM_011447041.3	3629	3530	0	0
XM_011447046.3	1602	1503	1	0.778452
XM_011447048.3	1046	947	49	60.5392
XM_011447049.3	3024	2925	0	0
XM_011447050.3	2965	2866	11	4.49063
XM_011447051.3	1301	1202	4.35725	4.2413
XM_011447052.3	1302	1203	1.64275	1.59771
XM_011447053.3	418	319	0	0
XM_011447054.3	1743	1644	0	0
XM_011447055.3	1709	1610	14.9949	10.897
XM_011447056.3	1720	1621	0.00509589	0.00367814
XM_011447057.3	1791	1692	0	0
XM_011447058.3	1781	1682	0	0
XM_011447060.3	4170	4071	11	3.16142
XM_011447062.3	1582	1483	0	0
XM_011447063.3	1759	1660	3.49266e-05	2.46172e-05
XM_011447064.3	1743	1644	2.99997	2.13504
XM_011447068.3	1945	1846	2	1.26762
XM_011447073.3	2574	2475	0	0
XM_011447074.3	1638	1539	1	0.760243
XM_011447079.3	2080	1981	0	0
XM_011447082.3	1969	1870	32	20.0216
XM_011447083.3	1137	1038	1.00291	1.13047
XM_011447085.3	1167	1068	255.36	279.752
XM_011447088.3	1555	1456	43	34.554
XM_011447090.3	1449	1350	5.43478	4.7102
XM_011447098.3	4044	3945	0	0
XM_011447101.3	12540	12441	3.91992e-05	3.68649e-06
XM_011447102.3	12540	12441	3.91992e-05	3.68649e-06
XM_011447104.3	12525	12426	0.000161384	1.51956e-05
XM_011447105.3	12411	12312	7.99975	0.760219
XM_011447106.3	1897	1798	33	21.4741
XM_011447107.3	2792	2693	0	0
XM_011447108.3	2828	2729	0	0
XM_011447109.3	2774	2675	0	0
XM_011447110.3	2771	2672	1.55005e-06	6.78734e-07
XM_011447111.3	2768	2669	5.78934e-06	2.53788e-06
XM_011447112.3	2753	2654	0.00430257	0.00189679
XM_011447113.3	2747	2648	0.0611948	0.0270388
XM_011447114.3	2732	2633	47.9345	21.3004
XM_011447115.3	2768	2669	5.78934e-06	2.53788e-06
XM_011447116.3	2152	2053	0	0
XM_011447117.3	2810	2711	0	0
XM_011447119.3	2714	2615	0	0
XM_011447123.3	3289	3190	0	0
XM_011447124.3	1651	1552	0	0
XM_011447125.3	1250	1151	0	0
XM_011447127.3	2950	2851	1	0.410387
XM_011447128.3	2615	2516	40	18.6012
XM_011447129.3	1723	1624	0	0
XM_011447131.3	1468	1369	5	4.27324
XM_011447132.3	1315	1216	0.209111	0.201203
XM_011447136.3	1769	1670	0	0
XM_011447137.3	803	704	0	0
XM_011447138.3	2082	1983	12	7.08026
XM_011447139.3	728	629	0	0
XM_011447141.3	610	511	8	18.3172
XM_011447142.3	699	600	0	0
XM_011447143.3	2611	2512	54.9799	25.6079
XM_011447145.3	3593	3494	2.91035e-06	9.74569e-07
XM_011447149.3	2913	2814	2	0.831566
XM_011447154.3	2740	2641	5	2.2151
XM_011447155.3	2894	2795	0	0
XM_011447158.3	1000	901	3	3.89572
XM_011447159.3	9238	9139	34	4.35282
XM_011447168.3	1894	1795	0	0
XM_011447169.3	1186	1087	0	0
XM_011447172.3	2409	2310	0	0
XM_011447175.3	2020	1921	0	0
XM_011447179.3	2172	2073	0	0
XM_011447180.3	3570	3471	53.2448	17.9479
XM_011447183.3	3446	3347	3.41436	1.19356
XM_011447187.3	965	866	4	5.40422
XM_011447189.3	1940	1841	3.63155e-05	2.30797e-05
XM_011447191.3	2847	2748	4	1.70308
XM_011447192.3	1688	1589	0	0
XM_011447194.3	4639	4540	0	0
XM_011447195.3	3957	3858	0	0
XM_011447196.3	3945	3846	0	0
XM_011447197.3	3936	3837	0	0
XM_011447199.3	3524	3425	0	0
XM_011447200.3	3483	3384	0	0
XM_011447204.3	4557	4458	0	0
XM_011447205.3	4210	4111	0	0
XM_011447206.3	4459	4360	0	0
XM_011447207.3	4333	4234	0	0
XM_011447209.3	4625	4526	0	0
XM_011447210.3	3972	3873	21	6.34399
XM_011447211.3	3928	3829	1.90629	0.582497
XM_011447212.3	3925	3826	4.78055	1.46192
XM_011447214.3	2343	2244	0	0
XM_011447215.3	2371	2272	0	0
XM_011447218.3	2483	2384	0	0
XM_011447219.3	2413	2314	0	0
XM_011447220.3	2346	2247	18	9.3726
XM_011447221.3	1862	1763	7	4.64554
XM_011447250.3	1792	1693	4	2.76436
XM_011447251.3	2216	2117	0	0
XM_011447252.3	2224	2125	87	47.9017
XM_011447253.3	2153	2054	2	1.13925
XM_011447254.3	2237	2138	10	5.47247
XM_011447255.3	1576	1477	0	0
XM_011447256.3	1475	1376	20.4771	17.4117
XM_011447257.2	3116	3017	5	1.93903
XM_011447260.3	4963	4864	76	18.2815
XM_011447268.3	4961	4862	4.66833	1.12341
XM_011447281.3	1687	1588	0	0
XM_011447291.3	1246	1147	2.86615	2.92366
XM_011447292.3	1249	1150	0.133851	0.13618
XM_011447293.3	2167	2068	18	10.1839
XM_011447294.3	1349	1250	1	0.936011
XM_011447295.3	597	498	0	0
XM_011447303.3	4296	4197	3.18567	0.888082
XM_011447305.3	626	527	23	51.0632
XM_011447309.3	2519	2420	0	0
XM_011447310.2	2063	1964	1	0.59573
XM_011447311.3	2198	2099	0	0
XM_011447313.3	16260	16161	33	2.38911
XM_011447314.3	1371	1272	0	0
XM_011447315.3	1352	1253	0	0
XM_011447323.3	1139	1040	2	2.25003
XM_011447339.3	727	628	0	0
XM_011447343.3	4157	4058	0.000751321	0.000216623
XM_011447353.2	1089	990	0	0
XM_011447354.3	1677	1578	1	0.741453
XM_011447355.3	1938	1839	24	15.2693
XM_011447356.3	1617	1518	0	0
XM_011447357.3	1713	1614	0	0
XM_011447359.3	3035	2936	27	10.7597
XM_011447364.3	2865	2766	12	5.07598
XM_011447365.3	2916	2817	0	0
XM_011447366.3	4367	4268	0.0082077	0.00225003
XM_011447367.3	4335	4236	55.9918	15.4653
XM_011447368.3	1460	1361	7	6.0177
XM_011447369.3	1951	1852	1	0.631757
XM_011447370.3	3653	3554	44	14.4853
XM_011447371.3	2211	2112	30	16.6195
XM_011447372.3	2649	2550	20	9.17658
XM_011447373.3	2698	2599	0	0
XM_011447375.3	1454	1355	7	6.04435
XM_011447376.3	4315	4216	0	0
XM_011447380.3	4872	4773	23	5.63803
XM_011447382.3	4468	4369	17	4.55258
XM_011447384.3	4846	4747	0.000108181	2.66638e-05
XM_011447385.3	4789	4690	154.229	38.4754
XM_011447386.3	6374	6275	1.86633e-05	3.47989e-06
XM_011447387.3	6292	6193	93.7405	17.7099
XM_011447388.3	6293	6194	0	0
XM_011447389.3	1254	1155	0	0
XM_011447390.3	1301	1202	0	0
XM_011447391.3	1213	1114	2.27513	2.38952
XM_011447392.3	1322	1223	0	0
XM_011447394.3	1003	904	0	0
XM_011447396.3	2286	2187	0	0
XM_011447397.3	1041	942	0	0
XM_011447398.3	1410	1311	2.28417	2.03853
XM_011447399.3	731	632	6	11.1077
XM_011447401.3	1743	1644	60	42.7012
XM_011447402.3	1741	1642	0	0
XM_011447403.3	1052	953	0	0
XM_011447404.3	3788	3689	9	2.85446
XM_011447405.3	1186	1087	20	21.5274
XM_011447406.3	2449	2350	125	62.2348
XM_011447407.3	8006	7907	41.9731	6.21084
XM_011447410.2	7817	7718	41.3048	6.26162
XM_011447411.3	7850	7751	0.276997	0.0418127
XM_011447412.3	928	829	0	0
XM_011447413.3	7822	7723	19.3233	2.92743
XM_011447414.3	7907	7808	5.12755e-05	7.68353e-06
XM_011447416.3	7816	7717	48.085	7.29041
XM_011447417.3	7897	7798	0.000230553	3.45922e-05
XM_011447419.3	7897	7798	0.000230553	3.45922e-05
XM_011447420.3	2176	2077	0	0
XM_011447421.3	2303	2204	0	0
XM_011447423.3	2171	2072	0	0
XM_011447427.3	1909	1810	4	2.58566
XM_011447428.3	2126	2027	37	21.3569
XM_011447429.3	1526	1427	8	6.55929
XM_011447430.3	2067	1968	0	0
XM_011447432.3	2743	2644	0	0
XM_011447433.3	2728	2629	0.580568	0.258377
XM_011447434.3	2708	2609	0	0
XM_011447435.3	2085	1986	3.11894	1.83746
XM_011447436.3	1110	1011	26	30.0894
XM_011447437.3	903	804	0	0
XM_011447443.3	2293	2194	0.081524	0.043475
XM_011447445.3	1929	1830	0	0
XM_011447446.3	1938	1839	0	0
XM_011447447.3	2018	1919	0	0
XM_011447448.3	1945	1846	0	0
XM_011447450.3	1812	1713	2	1.36604
XM_011447451.3	2324	2225	3	1.57755
XM_011447462.2	2379	2280	0	0
XM_011447463.3	4414	4315	0	0
XM_011447468.3	4344	4245	0	0
XM_011447470.3	4332	4233	68.9591	19.0605
XM_011447473.3	3864	3765	0	0
XM_011447474.3	3093	2994	0	0
XM_011447475.3	2229	2130	13	7.14093
XM_011447481.3	1110	1011	0	0
XM_011447482.3	1413	1314	0	0
XM_011447484.3	1534	1435	0	0
XM_011447486.3	1669	1570	0	0
XM_011447487.3	1321	1222	0	0
XM_011447488.3	992	893	0	0
XM_011447495.3	840	741	0	0
XM_011447506.3	1121	1022	0	0
XM_011447507.3	1095	996	0	0
XM_011447519.3	5203	5104	5	1.14617
XM_011447520.3	2567	2468	0	0
XM_011447523.3	3409	3310	0	0
XM_011447524.3	1110	1011	2	2.31457
XM_011447529.3	2062	1963	1	0.596033
XM_011447533.3	4319	4220	2.00264	0.555241
XM_011447539.3	775	676	0	0
XM_011447547.3	3256	3157	59.0984	21.9024
XM_011447551.3	1531	1432	0	0
XM_011447552.3	3595	3496	138	46.1847
XM_011447556.3	2103	2004	0	0
XM_011447557.3	2119	2020	54	31.2776
XM_011447558.3	1026	927	0	0
XM_011447559.3	1627	1528	0	0
XM_011447560.3	995	896	39	50.9269
XM_011447561.3	2349	2250	8	4.16005
XM_011447562.3	2380	2281	0	0
XM_011447564.3	6342	6243	6.2665	1.17442
XM_011447567.2	1154	1055	0	0
XM_011447569.3	6337	6238	16.0394	3.00838
XM_011447579.3	6527	6428	0	0
XM_011447580.3	6487	6388	0	0
XM_011447585.3	5284	5185	0	0
XM_011447586.3	6427	6328	0	0
XM_011447588.3	5174	5075	1.4513	0.334589
XM_011447589.3	6098	5999	36.6444	7.14693
XM_011447592.3	1460	1361	0	0
XM_011447593.2	4851	4752	0	0
XM_011447594.3	1514	1415	1	0.826865
XM_011447595.3	3067	2968	0.248305	0.0978842
XM_011447596.3	5342	5243	0	0
XM_011447602.3	3307	3208	6	2.1883
XM_011447603.3	3058	2959	8.75169	3.46049
XM_011447605.3	2910	2811	11.4256	4.75564
XM_011447606.3	2906	2807	0	0
XM_011447608.3	2879	2780	0	0
XM_011447609.3	3019	2920	14.5744	5.83981
XM_011447610.3	1593	1494	3	2.34942
XM_011447616.3	920	821	14	19.9515
XM_011447617.3	1422	1323	13	11.4967
XM_011447618.3	3821	3722	26	8.17312
XM_011447619.3	4499	4400	0	0
XM_011447621.3	4071	3972	0	0
XM_011447622.3	4520	4421	0	0
XM_011447624.3	1158	1059	528	583.349
XM_011447631.3	988	889	49	64.4889
XM_011447633.3	2271	2172	0	0
XM_011447634.3	2070	1971	66	39.1785
XM_011447636.3	1313	1214	0	0
XM_011447637.3	3477	3378	18	6.23453
XM_011447640.3	4610	4511	0	0
XM_011447641.3	4592	4493	50.7025	13.2033
XM_011447642.3	4520	4421	0.22961	0.0607661
XM_011447643.3	1629	1530	0	0
XM_011447644.3	4502	4403	27.5009	7.30785
XM_011447652.3	3950	3851	21.9797	6.67787
XM_011447653.2	565	466	91	228.479
XM_011447654.3	1196	1097	118	125.854
XM_011447661.3	3941	3842	0	0
XM_011447667.3	1775	1676	5	3.49049
XM_011447669.3	2587	2488	8	3.7621
XM_011447672.3	2456	2357	10.2665	5.09626
XM_011447673.3	1229	1130	17	17.602
XM_011447674.3	2453	2354	45.7335	22.731
XM_011447678.2	3340	3241	6	2.16602
XM_011447681.3	2341	2242	3.34871	1.74756
XM_011447682.3	2340	2241	5.65129	2.95051
XM_011447685.3	1677	1578	7	5.19017
XM_011447691.3	953	854	3	4.11012
XM_011447715.3	897	798	0	0
XM_011447716.3	1043	944	2	2.47884
XM_011447720.3	1009	910	0	0
XM_011447721.3	5059	4960	0	0
XM_011447722.3	1688	1589	5.71583	4.20868
XM_011447726.3	915	816	64	91.7658
XM_011447730.3	756	657	10	17.8084
XM_011447734.3	1713	1614	10	7.24915
XM_011447735.3	1735	1636	0	0
XM_011447736.3	4999	4900	1.28923e-08	3.07839e-09
XM_011447738.3	5037	4938	0	0
XM_011447739.3	4985	4886	3.69759e-07	8.85434e-08
XM_011447744.3	4911	4812	21.9978	5.34866
XM_011447752.3	3818	3719	0	0
XM_011447758.3	2904	2805	0.243287	0.101479
XM_011447761.3	573	474	0	0
XM_011447764.3	3863	3764	0	0
XM_011447765.3	2920	2821	0.000308	0.000127743
XM_011447766.3	3851	3752	0	0
XM_011447767.3	3845	3746	0	0
XM_011447768.3	3833	3734	0	0
XM_011447769.3	3824	3725	0	0
XM_011447770.3	3824	3725	0	0
XM_011447771.3	3818	3719	0	0
XM_011447772.3	3800	3701	8	2.52908
XM_011447773.3	3794	3695	0	0
XM_011447774.3	3788	3689	0	0
XM_011447775.3	3785	3686	0	0
XM_011447776.3	2908	2809	0.0457279	0.0190467
XM_011447777.3	3752	3653	0	0
XM_011447778.3	3722	3623	0	0
XM_011447780.3	2078	1979	4	2.36486
XM_011447784.3	2905	2806	0.160154	0.0667792
XM_011447786.3	862	763	1881	2884.4
XM_011447787.3	862	763	0	0
XM_011447789.3	1711	1612	5	3.62907
XM_011447791.3	2895	2796	10.5505	4.41497
XM_011447792.3	2994	2895	0	0
XM_011447793.3	1614	1515	0	0
XM_011447794.3	1671	1572	0	0
XM_011447795.3	1679	1580	0	0
XM_011447796.3	1649	1550	0	0
XM_011447799.3	1947	1848	0	0
XM_011447800.3	2740	2641	0	0
XM_011447802.3	2840	2741	13	5.54913
XM_011447815.3	2338	2239	0	0
XM_011447816.3	1384	1285	1	0.910516
XM_011447817.3	1633	1534	9	6.86449
XM_011447819.3	2093	1994	12	7.0412
XM_011447820.3	5408	5309	0	0
XM_011447821.3	5405	5306	0	0
XM_011447822.3	5393	5294	0	0
XM_011447823.3	5387	5288	21	4.64642
XM_011447824.3	2053	1954	34.5062	20.6616
XM_011447825.3	5384	5285	0	0
XM_011447826.3	5368	5269	0	0
XM_011447827.3	2192	2093	8	4.4721
XM_011447829.3	1690	1591	42	30.8866
XM_011447831.3	2791	2692	3.25003	1.41255
XM_011447832.3	2764	2665	0	0
XM_011447833.3	2762	2663	0	0
XM_011447834.3	2771	2672	0	0
XM_011447836.3	2631	2532	9	4.15882
XM_011447837.3	1049	950	15	18.4739
XM_011447838.3	4117	4018	0	0
XM_011447839.3	4121	4022	0	0
XM_011447840.3	4105	4006	0	0
XM_011447841.3	4098	3999	0	0
XM_011447842.3	4086	3987	0	0
XM_011447843.3	4084	3985	0	0
XM_011447845.3	4053	3954	0	0
XM_011447846.3	1684	1585	9.2937	6.86041
XM_011447848.3	2840	2741	6.16597e-08	2.63198e-08
XM_011447857.3	2188	2089	0	0
XM_011447859.3	2038	1939	0	0
XM_011447860.3	1877	1778	0	0
XM_011447861.3	1755	1656	20	14.1306
XM_011447862.3	2037	1938	0	0
XM_011447863.3	2620	2521	0	0
XM_011447865.3	2346	2247	0	0
XM_011447869.3	1179	1080	4	4.33338
XM_011447874.3	2777	2678	0	0
XM_011447881.3	3940	3841	34	10.3568
XM_011447882.3	2171	2072	0	0
XM_011447884.3	2970	2871	0	0
XM_011447886.3	3208	3109	0	0
XM_011447890.3	2120	2021	0	0
XM_011447892.3	1662	1563	0	0
XM_011447893.3	1529	1430	9.9945	8.17741
XM_011447894.3	1092	993	0.0558902	0.0658532
XM_011447895.3	1089	990	1.94411	2.29761
XM_011447898.3	1907	1808	18.2623	11.8181
XM_011447899.3	1537	1438	5	4.0682
XM_011447900.3	2131	2032	19	10.9401
XM_011447903.3	5796	5697	13.8552	2.84549
XM_011447904.3	5502	5403	5.68942	1.23204
XM_011447905.3	5512	5413	0	0
XM_011447907.3	6259	6160	0	0
XM_011447908.3	6519	6420	0	0
XM_011447909.3	6521	6422	0	0
XM_011447910.3	6199	6100	0	0
XM_011447911.3	6184	6085	0	0
XM_011447912.3	6360	6261	21.4418	4.0069
XM_011447913.3	2388	2289	0	0
XM_011447914.3	2540	2441	0	0
XM_011447916.2	3834	3735	9.82284e-09	3.07707e-09
XM_011447917.2	3765	3666	31	9.89373
XM_011447918.3	919	820	5.89578	8.41237
XM_011447923.3	2231	2132	0	0
XM_011447926.3	1688	1589	0.483267	0.355839
XM_011447927.3	2172	2073	0	0
XM_011447928.3	972	873	10	13.4022
XM_011447930.3	3334	3235	0	0
XM_011447931.3	2325	2226	2	1.05122
XM_011447935.3	2639	2540	0	0
XM_011447937.3	2381	2282	0	0
XM_011447941.3	3182	3083	215.999	81.9726
XM_011447943.3	2132	2033	0	0
XM_011447944.3	1466	1367	9	7.70309
XM_011447949.3	2581	2482	2	0.942799
XM_011447952.3	608	509	82	188.489
XM_011447955.3	477	378	0	0
XM_011447956.3	686	587	56	111.62
XM_011447957.3	1152	1053	9	10.0001
XM_011447958.3	674	575	1	2.03481
XM_011447959.3	804	705	0	0
XM_011447960.3	738	639	0	0
XM_011447961.3	928	829	5.21204	7.35604
XM_011447962.3	930	831	7.78796	10.9651
XM_011447968.3	2048	1949	0	0
XM_011447969.3	1654	1555	2	1.50484
XM_011447970.3	1753	1654	41	29.0028
XM_011447978.3	2982	2883	10	4.05832
XM_011447979.3	2693	2594	0	0
XM_011447980.3	2189	2090	11.3235	6.33908
XM_011447982.3	742	643	1	1.81962
XM_011447983.3	897	798	1.67647	2.45801
XM_011447984.3	880	781	28	41.9467
XM_011447987.3	1671	1572	3	2.23285
XM_011447988.3	2603	2504	0	0
XM_011447989.3	2674	2575	706	320.788
XM_011447997.3	3237	3138	18	6.71136
XM_011447998.3	3074	2975	35	13.7649
XM_011447999.3	3422	3323	104	36.6179
XM_011448000.3	1380	1281	0	0
XM_011448002.3	1836	1737	0	0
XM_011448004.3	2297	2198	87	46.3108
XM_011448007.3	826	727	1	1.60937
XM_011448008.2	2179	2080	18.1184	10.1917
XM_011448010.3	1713	1614	97	70.3168
XM_011448014.3	1137	1038	15	16.9077
XM_011448016.3	1290	1191	0	0
XM_011448020.3	1061	962	0	0
XM_011448021.3	3653	3554	21	6.91342
XM_011448022.3	2524	2425	2	0.96496
XM_011448024.3	2908	2809	0	0
XM_011448025.3	2802	2703	24	10.3886
XM_011448026.3	1625	1526	0	0
XM_011448032.2	1389	1290	9	8.16288
XM_011448034.3	1510	1411	1	0.829209
XM_011448035.3	2682	2583	11	4.98264
XM_011448036.3	876	777	8	12.0465
XM_011448037.3	2709	2610	0.34166	0.15316
XM_011448038.3	2709	2610	0.34166	0.15316
XM_011448039.3	2706	2607	1.31668	0.590922
XM_011448043.3	1578	1479	0	0
XM_011448045.3	2499	2400	6.89499e-05	3.36135e-05
XM_011448046.3	2474	2375	14.8902	7.33547
XM_011448047.3	1517	1418	32.1097	26.4942
XM_011448048.3	3412	3313	9	3.17842
XM_011448049.3	1662	1563	0	0
XM_011448052.3	4044	3945	76	22.5402
XM_011448054.3	1678	1579	0	0
XM_011448062.3	2265	2166	1.03883	0.561149
XM_011448065.3	1856	1757	11	7.32507
XM_011448067.3	1696	1597	22	16.1179
XM_011448073.3	4276	4177	11.7371	3.28766
XM_011448074.3	2959	2860	0	0
XM_011448075.3	2963	2864	0	0
XM_011448076.3	1348	1249	4	3.74704
XM_011448083.3	1307	1208	0	0
XM_011448084.3	1304	1205	0	0
XM_011448085.3	1872	1773	7	4.61934
XM_011448087.3	2379	2280	0	0
XM_011448088.3	2105	2006	0	0
XM_011448089.3	2061	1962	13	7.75238
XM_011448090.3	1482	1383	0	0
XM_011448091.3	2380	2281	0	0
XM_011448096.3	798	699	10	16.7384
XM_011448103.3	479	380	0	0
XM_011448106.3	3178	3079	0	0
XM_011448107.3	3414	3315	3	1.05884
XM_011448108.3	5477	5378	0.981506	0.213532
XM_011448109.3	5452	5353	232.018	50.7126
XM_011448110.3	3210	3111	3.60883e-07	1.35724e-07
XM_011448111.3	4253	4154	7	1.97162
XM_011448112.3	2752	2653	0	0
XM_011448115.3	1973	1874	0.032093	0.0200369
XM_011448116.3	2080	1981	0	0
XM_011448117.3	2033	1934	0	0
XM_011448119.3	5984	5885	58.0509	11.5413
XM_011448120.3	5975	5876	52.6772	10.489
XM_011448121.3	5897	5798	0	0
XM_011448122.3	2518	2419	0	0
XM_011448124.3	2420	2321	0	0
XM_011448125.3	2006	1907	0	0
XM_011448131.3	3308	3209	0	0
XM_011448132.3	2994	2895	6	2.4249
XM_011448134.3	937	838	0	0
XM_011448137.3	884	785	5	7.45231
XM_011448143.3	2452	2353	0	0
XM_011448144.3	1359	1260	7	6.50007
XM_011448156.3	3898	3799	6	1.84788
XM_011448165.3	1460	1361	3	2.57902
XM_011448167.3	4644	4545	0	0
XM_011448168.3	4500	4401	35	9.30481
XM_011448174.3	5139	5040	0	0
XM_011448177.3	1635	1536	1.05254e-06	8.01746e-07
XM_011448178.3	1615	1516	5	3.85888
XM_011448180.3	1589	1490	3	2.35573
XM_011448183.3	2788	2689	0	0
XM_011448184.3	2787	2688	0	0
XM_011448186.3	2552	2453	1	0.476972
XM_011448189.3	1565	1466	93	74.2232
XM_011448195.3	796	697	0	0
XM_011448200.3	2337	2238	6	3.13677
XM_011448210.3	2633	2534	22	10.158
XM_011448211.3	1020	921	0	0
XM_011448212.3	1010	911	0	0
XM_011448214.3	812	713	8	13.1278
XM_011448215.3	1797	1698	0	0
XM_011448221.3	1948	1849	0	0
XM_011448233.3	1740	1641	1	0.712988
XM_011448239.3	4948	4849	3	0.723869
XM_011448240.3	1383	1284	0	0
XM_011448241.3	5783	5684	4.42389e-07	9.10628e-08
XM_011448242.3	5702	5603	9.07062	1.89412
XM_011448243.3	5742	5643	0.00215645	0.000447115
XM_011448244.3	5706	5607	3.92722	0.819493
XM_011448245.3	1842	1743	2	1.34253
XM_011448246.3	3195	3096	0	0
XM_011448252.3	2585	2486	0.000809806	0.000381128
XM_011448253.3	2562	2463	43.9992	20.9012
XM_011448254.3	3212	3113	21	7.8928
XM_011448255.3	3113	3014	0	0
XM_011448256.3	3170	3071	1.44793e-06	5.51644e-07
XM_011448260.3	836	737	0	0
XM_011448261.3	808	709	0	0
XM_011448262.3	2235	2136	1.05312e-07	5.76856e-08
XM_011448263.3	2020	1921	1.35149	0.823148
XM_011448264.3	2972	2873	0	0
XM_011448269.3	2664	2565	2.30865	1.05308
XM_011448285.3	2331	2232	41.4287	21.7169
XM_011448287.3	463	364	6	19.2859
XM_011448290.3	4454	4355	9.24085	2.48264
XM_011448291.3	4453	4354	12.0976	3.25089
XM_011448292.3	4316	4217	0.0226306	0.00627891
XM_011448293.3	4296	4197	5.97737	1.66633
XM_011448295.3	545	446	0	0
XM_011448302.3	1565	1466	0	0
XM_011448303.3	1573	1474	0	0
XM_011448304.3	1511	1412	1	0.828621
XM_011448310.3	2463	2364	0	0
XM_011448314.3	3262	3163	0	0
XM_011448319.3	908	809	0	0
XM_011448331.3	2146	2047	1.99998	1.14314
XM_011448332.3	2568	2469	17.8553	8.46129
XM_011448333.3	1248	1149	7.41465	7.55025
XM_011448335.3	6928	6829	0	0
XM_011448336.3	6886	6787	0	0
XM_011448347.3	1224	1125	0	0
XM_011448351.3	1710	1611	49	35.587
XM_011448353.3	3575	3476	3.25917e-07	1.09703e-07
XM_011448354.3	3575	3476	0	0
XM_011448356.3	3631	3532	8.87184e-06	2.93889e-06
XM_011448357.3	3555	3456	0.000283586	9.60067e-05
XM_011448358.3	3545	3446	0.00848904	0.00288227
XM_011448359.3	3521	3422	30.8481	10.5472
XM_011448360.3	3521	3422	0	0
XM_011448361.3	4330	4231	0.000678123	0.000187524
XM_011448362.3	4331	4232	0.000513948	0.00014209
XM_011448363.3	4306	4207	0	0
XM_011448364.3	1416	1317	0	0
XM_011448368.3	3194	3095	1	0.378033
XM_011448373.3	1488	1389	0	0
XM_011448374.3	1395	1296	0	0
XM_011448375.3	2118	2019	5.59625	3.24303
XM_011448376.3	2125	2026	0.0965461	0.0557553
XM_011448377.3	1915	1816	0	0
XM_011448378.3	2000	1901	0	0
XM_011448379.3	1886	1787	19	12.44
XM_011448382.3	2453	2354	2	0.994064
XM_011448386.3	5153	5054	2.78073	0.643745
XM_011448387.3	5130	5031	59.958	13.9439
XM_011448388.3	5141	5042	21.2613	4.93376
XM_011448389.3	5152	5053	0	0
XM_011448394.3	2137	2038	83	47.6502
XM_011448395.3	2072	1973	4.70043e-08	2.78741e-08
XM_011448396.3	2281	2182	78	41.8245
XM_011448397.3	1287	1188	0	0
XM_011448398.3	2453	2354	3.82764	1.90246
XM_011448399.3	1883	1784	0	0
XM_011448401.3	1938	1839	0	0
XM_011448402.3	2191	2092	20.3593	11.3865
XM_011448403.3	2311	2212	0	0
XM_011448404.3	2060	1961	0	0
XM_011448405.3	1641	1542	1	0.758764
XM_011448406.3	2197	2098	62	34.5762
XM_011448407.3	1819	1720	6	4.08144
XM_011448408.3	3048	2949	1	0.396749
XM_011448409.3	1048	949	0	0
XM_011448410.3	1964	1865	0	0
XM_011448412.3	3962	3863	1.58903	0.48128
XM_011448413.3	3958	3859	5.35672	1.62411
XM_011448414.3	1540	1441	0	0
XM_011448415.3	2875	2776	10	4.21475
XM_011448430.3	1869	1770	0	0
XM_011448432.3	668	569	0	0
XM_011448433.3	3162	3063	0	0
XM_011448434.3	7600	7501	0	0
XM_011448436.3	7465	7366	0	0
XM_011448438.3	7423	7324	19.6587	3.14049
XM_011448439.3	7405	7306	10.2143	1.63575
XM_011448443.3	7018	6919	58.127	9.82937
XM_011448444.3	5596	5497	0	0
XM_011448445.3	5598	5499	0	0
XM_011448446.2	1941	1842	3.14004	1.99451
XM_011448447.3	1721	1622	0	0
XM_011448449.3	862	763	9	13.8009
XM_011448450.3	1686	1587	14.9816	11.0451
XM_011448452.3	3325	3226	0	0
XM_011448453.3	2445	2346	8	3.98982
XM_011448454.3	1370	1271	0	0
XM_011448455.3	1371	1272	11	10.118
XM_011448456.3	1389	1290	0	0
XM_011448459.3	6289	6190	6.2612	1.18347
XM_011448460.3	6044	5945	0	0
XM_011448461.3	6012	5913	2.19905	0.43513
XM_011448462.3	6151	6052	0	0
XM_011448463.3	6286	6187	4.17634	0.78978
XM_011448464.3	5987	5888	0	0
XM_011448465.3	6765	6666	5.90128e-05	1.03579e-05
XM_011448466.3	5938	5839	0	0
XM_011448468.3	2117	2018	3	1.73937
XM_011448469.3	2989	2890	17	6.88243
XM_011448472.3	3444	3345	72	25.1841
XM_011448473.3	1919	1820	4	2.57146
XM_011448474.3	1713	1614	0.5	0.362458
XM_011448475.3	1713	1614	0.5	0.362458
XM_011448476.3	1119	1020	6	6.88243
XM_011448477.3	2238	2139	0	0
XM_011448478.3	4024	3925	9	2.68283
XM_011448479.3	4078	3979	9.84769e-07	2.89568e-07
XM_011448481.3	2458	2359	10	4.95979
XM_011448482.3	2796	2697	62	26.8969
XM_011448483.3	1275	1176	12	11.9389
XM_011448484.3	1744	1645	8.2116	5.84054
XM_011448485.3	1378	1279	23.7884	21.7613
XM_011448489.3	4079	3980	196	57.6188
XM_011448490.3	1309	1210	18	17.4052
XM_011448491.3	3527	3428	23	7.85015
XM_011448499.3	1975	1876	0	0
XM_011448500.3	1737	1638	36	25.7146
XM_011448501.3	4596	4497	2.0833	0.542025
XM_011448503.3	4903	4804	0.338663	0.0824814
XM_011448504.3	4886	4787	21.6613	5.29435
XM_011448505.3	1302	1203	0	0
XM_011448507.3	1856	1757	10	6.65915
XM_011448515.3	1568	1469	0	0
XM_011448516.3	1892	1793	0	0
XM_011448517.3	2476	2377	0	0
XM_011448519.3	2758	2659	0	0
XM_011448520.3	2356	2257	0	0
XM_011448521.3	2650	2551	0	0
XM_011448522.2	4561	4462	2	0.524435
XM_011448524.3	2335	2236	2	1.04652
XM_011448525.3	903	804	0	0
XM_011448526.3	8057	7958	0	0
XM_011448530.3	8061	7962	22	3.23289
XM_011448531.3	8030	7931	0	0
XM_011448532.3	5201	5102	0	0
XM_011448535.3	2072	1973	2	1.18602
XM_011448536.3	1163	1064	4	4.39855
XM_011448540.3	1652	1553	0	0
XM_011448541.3	1694	1595	0	0
XM_011448561.3	2772	2673	2	0.875431
XM_011448565.3	2248	2149	0	0
XM_011448566.3	1946	1847	0	0
XM_011448567.3	1791	1692	3.94588	2.72856
XM_011448568.3	1590	1491	0	0
XM_011448570.3	2221	2122	0	0
XM_011448571.3	2138	2039	2.33539e-06	1.34009e-06
XM_011448572.3	3161	3062	0	0
XM_011448573.3	3175	3076	0	0
XM_011448574.3	4159	4060	42	12.1036
XM_011448577.3	2465	2366	12	5.93413
XM_011448587.3	2391	2292	4	2.04191
XM_011448596.3	2702	2603	0	0
XM_011448600.3	1418	1319	16	14.1927
XM_011448601.2	5225	5126	13	2.96726
XM_011448602.2	5185	5086	0	0
XM_011448606.3	4267	4168	0	0
XM_011448607.3	4248	4149	0	0
XM_011448608.3	4323	4224	5.99935	1.66177
XM_011448609.3	4215	4116	0	0
XM_011448610.3	4177	4078	0	0
XM_011448611.3	4036	3937	0	0
XM_011448616.3	2058	1959	0	0
XM_011448617.3	2518	2419	3	1.45103
XM_011448618.3	1952	1853	0	0
XM_011448622.3	6641	6542	1.57826e-06	2.82266e-07
XM_011448623.3	1294	1195	55	53.85
XM_011448624.3	1620	1521	12	9.23088
XM_011448630.3	6599	6500	0.00301491	0.00054269
XM_011448634.3	6275	6176	31.9996	6.06217
XM_011448635.3	6343	6244	8.44924e-05	1.58324e-05
XM_011448638.3	6575	6476	0.231057	0.0417448
XM_011448641.3	2067	1968	0	0
XM_011448642.3	1891	1792	12	7.83491
XM_011448645.3	1286	1187	0	0
XM_011448646.3	1486	1387	0	0
XM_011448648.3	2552	2453	11	5.2467
XM_011448652.3	1861	1762	0	0
XM_011448653.3	1057	958	4	4.88523
XM_011448654.3	2573	2474	0	0
XM_011448655.3	3040	2941	0.000327783	0.000130402
XM_011448657.3	5470	5371	0	0
XM_011448659.3	3136	3037	8.81357	3.39546
XM_011448661.3	5468	5369	0	0
XM_011448662.3	5450	5351	0	0
XM_011448663.3	5465	5366	0	0
XM_011448664.3	5447	5348	0	0
XM_011448670.3	1426	1327	15.4832	13.6515
XM_011448674.3	1287	1188	0	0
XM_011448687.3	914	815	1	1.4356
XM_011448690.3	5563	5464	112.976	24.1917
XM_011448692.3	1193	1094	12	12.8338
XM_011448698.3	863	764	1	1.53143
XM_011448701.3	3534	3435	0	0
XM_011448702.3	3474	3375	0	0
XM_011448703.3	3369	3270	0	0
XM_011448708.3	1074	975	0	0
XM_011448710.3	904	805	0	0
XM_011448711.3	983	884	0	0
XM_011448715.3	4492	4393	0	0
XM_011448717.3	5211	5112	0	0
XM_011448718.3	5088	4989	7.83203	1.83676
XM_011448722.3	2494	2395	9.99906	4.88477
XM_011448723.3	607	508	0	0
XM_011448733.3	1394	1295	0.99998	0.903467
XM_011448734.3	1406	1307	2.00062e-05	1.79094e-05
XM_011448741.2	1464	1365	0	0
XM_011448742.3	938	839	0	0
XM_011448744.3	1317	1218	12	11.5272
XM_011448745.3	1479	1380	1	0.847836
XM_011448747.3	3068	2969	14	5.51707
XM_011448754.3	3820	3721	5	1.57218
XM_011448764.3	2316	2217	35	18.4711
XM_011448766.3	2324	2225	2.12174	1.11571
XM_011448767.3	2725	2626	8	3.5644
XM_011448768.3	1932	1833	23.19	14.8023
XM_011448769.3	3544	3445	0	0
XM_011448771.3	2358	2259	0	0
XM_011448772.3	2303	2204	0	0
XM_011448773.3	3418	3319	10.6623	3.75866
XM_011448776.3	1626	1527	5	3.83109
XM_011448778.3	4070	3971	0	0
XM_011448779.3	3143	3044	0.0300824	0.0115627
XM_011448780.3	3134	3035	0.969918	0.37391
XM_011448781.3	7278	7179	0	0
XM_011448782.3	7063	6964	23.7463	3.98959
XM_011448783.3	1782	1683	0	0
XM_011448784.3	978	879	0	0
XM_011448785.3	916	817	0	0
XM_011448786.3	790	691	0	0
XM_011448790.3	3031	2932	0	0
XM_011448793.3	2862	2763	8.80587	3.72891
XM_011448795.3	1745	1646	41	29.1437
XM_011448797.3	2003	1904	0	0
XM_011448798.3	1924	1825	10	6.41103
XM_011448800.3	2197	2098	3	1.67304
XM_011448801.3	2117	2018	0	0
XM_011448803.3	1668	1569	18	13.4227
XM_011448804.3	3294	3195	4.00765	1.46761
XM_011448805.3	6578	6479	66	11.9186
XM_011448809.3	2106	2007	38.1421	22.2356
XM_011448812.3	2115	2016	0	0
XM_011448813.3	2076	1977	0.000199297	0.000117947
XM_011448814.3	2578	2479	17.2153	8.12509
XM_011448815.3	2434	2335	42.7847	21.4384
XM_011448821.3	1523	1424	2	1.64328
XM_011448822.3	5773	5674	39	8.04204
XM_011448823.3	1400	1301	0	0
XM_011448827.3	1231	1132	0	0
XM_011448828.3	1259	1160	8	8.06906
XM_011448829.3	1254	1155	0	0
XM_011448831.3	1440	1341	1	0.872493
XM_011448832.3	1982	1883	10.9005	6.77307
XM_011448838.3	1540	1441	11	8.9314
XM_011448840.3	4107	4008	9	2.62728
XM_011448841.3	3850	3751	0	0
XM_011448842.3	3524	3425	0	0
XM_011448843.3	2396	2297	3.52925	1.79768
XM_011448844.3	3388	3289	0	0
XM_011448845.3	1716	1617	15	10.8536
XM_011448847.3	2794	2695	16.6164	7.21389
XM_011448849.3	2338	2239	1.6017e-06	8.36984e-07
XM_011448850.3	2311	2212	2.42708	1.28378
XM_011448851.3	2307	2208	20.2826	10.7477
XM_011448852.3	2387	2288	53.4707	27.3433
XM_011448853.3	3641	3542	0	0
XM_011448854.3	2342	2243	1.97376e-07	1.02957e-07
XM_011448856.3	10761	10662	8.78256	0.963769
XM_011448857.3	10758	10659	12.2174	1.34108
XM_011448861.3	1647	1548	38	28.7213
XM_011448862.3	2601	2502	3	1.40289
XM_011448863.3	2078	1979	1	0.591214
XM_011448865.3	4257	4158	0	0
XM_011448867.3	4251	4152	0.0760334	0.0214258
XM_011448870.3	4236	4137	5.30584	1.50058
XM_011448874.3	4134	4035	0	0
XM_011448887.3	3870	3771	0	0
XM_011448892.3	3780	3681	0	0
XM_011448896.3	656	557	2	4.20113
XM_011448902.3	909	810	0	0
XM_011448905.3	3168	3069	76	28.9739
XM_011448907.3	2857	2758	13.9998	5.93909
XM_011448908.3	1813	1714	0	0
XM_011448910.3	3096	2997	0	0
XM_011448911.3	3093	2994	0	0
XM_011448912.3	2960	2861	5	2.04476
XM_011448920.3	3883	3784	5.82146e-05	1.8e-05
XM_011448921.3	3874	3775	0.000950857	0.000294706
XM_011448922.3	3844	3745	11.0336	3.44712
XM_011448926.3	3694	3595	49	15.9473
XM_011448927.3	2460	2361	80	39.6447
XM_011448929.3	2167	2068	0	0
XM_011448931.3	3742	3643	0	0
XM_011448932.3	3742	3643	0	0
XM_011448933.3	3730	3631	0	0
XM_011448934.3	3730	3631	0	0
XM_011448935.3	3720	3621	0	0
XM_011448936.3	3703	3604	0	0
XM_011448937.3	3679	3580	0	0
XM_011448938.3	3655	3556	0	0
XM_011448939.3	3652	3553	0	0
XM_011448940.3	3630	3531	0	0
XM_011448941.3	3615	3516	0.0017074	0.000568168
XM_011448942.3	3609	3510	1.69352e-08	5.64512e-09
XM_011448943.3	3595	3496	0	0
XM_011448944.3	3589	3490	10.314	3.45776
XM_011448945.3	3583	3484	0	0
XM_011448946.3	3618	3519	0.000627849	0.00020875
XM_011448947.3	3568	3469	0.000119625	4.03466e-05
XM_011448948.3	3556	3457	0	0
XM_011448949.3	3684	3585	0	0
XM_011448950.3	3508	3409	0	0
XM_011448951.3	3851	3752	9.84272	3.06933
XM_011448952.3	2391	2292	2	1.02095
XM_011448954.3	1403	1304	0	0
XM_011448955.3	2948	2849	12	4.9281
XM_011448956.2	946	847	0	0
XM_011448959.3	2157	2058	0	0
XM_011448960.3	1920	1821	0	0
XM_011448965.3	903	804	1	1.45524
XM_011448967.3	2428	2329	0	0
XM_011448973.3	2367	2268	2.09321	1.07984
XM_011448977.3	4825	4726	7.40477	1.8332
XM_011448978.3	4822	4723	15.5952	3.86336
XM_011448981.3	962	863	0	0
XM_011448982.2	1577	1478	34	26.9151
XM_011448983.3	2050	1951	0	0
XM_011448993.3	3362	3263	6	2.15142
XM_011449000.3	2710	2611	0	0
XM_011449002.3	1890	1791	1	0.653274
XM_011449003.3	1030	931	0	0
XM_011449013.3	3103	3004	3	1.16846
XM_011449014.3	1248	1149	115	117.103
XM_011449015.3	1534	1435	2	1.63068
XM_011449017.3	7964	7865	0	0
XM_011449029.3	1495	1396	0	0
XM_011449030.3	1016	917	4	5.10366
XM_011449035.3	2017	1918	22	13.4204
XM_011449036.3	626	527	4.79091	10.6365
XM_011449037.3	597	498	0	0
XM_011449038.3	1834	1735	25	16.859
XM_011449039.3	735	636	0	0
XM_011449040.3	1056	957	3	3.66775
XM_011449041.3	769	670	54.0871	94.4518
XM_011449051.3	1563	1464	1	0.799189
XM_011449054.3	600	501	216	504.437
XM_011449055.3	1308	1209	18.5925	17.9929
XM_011449062.3	2637	2538	10.6827	4.92471
XM_011449063.3	4091	3992	0.00373328	0.00109419
XM_011449065.3	1238	1139	4	4.10891
XM_011449068.3	1648	1549	16	12.0854
XM_011449091.2	3069	2970	0	0
XM_011449093.2	615	516	0	0
XM_011449096.3	1068	969	0	0
XM_011449097.3	5346	5247	16.6967	3.72315
XM_011449099.3	3292	3193	23	8.42791
XM_011449104.3	869	770	5	7.59749
XM_011449108.3	1186	1087	19	20.451
XM_011449109.3	674	575	2	4.06961
XM_011449110.3	2001	1902	17	10.4575
XM_011449117.3	2283	2184	6	3.21432
XM_011449118.3	1532	1433	33	26.9438
XM_011449120.3	1342	1243	0	0
XM_011449128.3	1469	1370	0	0
XM_011449130.3	1341	1242	9	8.47836
XM_011449131.3	2482	2383	0	0
XM_011449132.3	2973	2874	0	0
XM_011449133.3	2476	2377	0	0
XM_011449134.3	2470	2371	0	0
XM_011449135.3	2463	2364	0	0
XM_011449136.3	2461	2362	0	0
XM_011449138.3	2455	2356	0	0
XM_011449139.3	2455	2356	0	0
XM_011449140.3	2451	2352	0	0
XM_011449141.3	2439	2340	0	0
XM_011449142.3	2433	2334	0	0
XM_011449143.3	2420	2321	0	0
XM_011449144.3	3080	2981	0	0
XM_011449147.3	1554	1455	0	0
XM_011449148.3	4319	4220	1.81657	0.503651
XM_011449149.3	4316	4217	4.18343	1.1607
XM_011449158.3	7708	7609	0.501902	0.0771759
XM_011449159.3	7690	7591	8.07528	1.24466
XM_011449160.3	7672	7573	130.786	20.2062
XM_011449169.3	2423	2324	13.0312	6.56053
XM_011449170.3	3080	2981	0	0
XM_011449176.3	2710	2611	6	2.68866
XM_011449177.3	4381	4282	6	1.63944
XM_011449178.3	4450	4351	4.31213e-08	1.15956e-08
XM_011449179.3	2005	1906	4.99996	3.06926
XM_011449181.3	868	769	16	24.3436
XM_011449182.3	1310	1211	0	0
XM_011449187.3	3987	3888	36	10.8335
XM_011449189.3	1543	1444	0	0
XM_011449190.3	1286	1187	45	44.356
XM_011449196.2	1132	1033	34.2957	38.8445
XM_011449197.3	3466	3367	0	0
XM_011449198.3	3360	3261	0.253567	0.0909774
XM_011449199.2	2496	2397	0	0
XM_011449201.3	2493	2394	33	16.128
XM_011449203.3	534	435	0	0
XM_011449204.3	1045	946	0	0
XM_011449210.3	1200	1101	0	0
XM_011449211.3	1754	1655	7	4.9487
XM_011449212.3	1069	970	2.70432	3.26195
XM_011449215.3	1073	974	11	13.2137
XM_011449216.3	1302	1203	4	3.89032
XM_011449217.3	5171	5072	77.6888	17.9213
XM_011449221.3	4288	4189	0	0
XM_011449222.3	3935	3836	21.5682	6.5785
XM_011449225.3	1159	1060	1.06375	1.17415
XM_011449230.3	2201	2102	4.40339	2.45101
XM_011449231.3	2198	2099	23.5162	13.1083
XM_011449235.3	2927	2828	84	34.7529
XM_011449237.3	1040	941	0	0
XM_011449252.3	2078	1979	5	2.95607
XM_011449254.3	1743	1644	7	4.98181
XM_011449255.3	1526	1427	0	0
XM_011449256.3	2573	2474	0	0
XM_011449257.3	2260	2161	0	0
XM_011449258.3	2244	2145	53	28.9094
XM_011449259.2	3485	3386	20	6.91089
XM_011449263.3	1698	1599	0.00159888	0.00116993
XM_011449264.3	1686	1587	10.9984	8.10856
XM_011449265.3	1605	1506	0	0
XM_011449267.3	1087	988	0	0
XM_011449268.3	1952	1853	0	0
XM_011449273.3	1091	992	69	81.382
XM_011449274.3	1189	1090	63	67.6246
XM_011449275.3	2430	2331	6	3.01162
XM_011449280.3	2632	2533	3	1.38572
XM_011449286.3	1347	1248	0	0
XM_011449288.3	1340	1241	0	0
XM_011449289.3	1210	1111	0	0
XM_011449296.3	1783	1684	33	22.9278
XM_011449297.3	2561	2462	8.96843	4.26205
XM_011449299.3	2759	2660	61.4728	27.0391
XM_011449300.3	2320	2221	0	0
XM_011449301.3	1855	1756	2	1.33259
XM_011449302.3	1611	1512	2	1.54764
XM_011449303.3	1521	1422	2.15144	1.7702
XM_011449305.3	3176	3077	1	0.380245
XM_011449306.3	1110	1011	3	3.47185
XM_011449307.3	1634	1535	0	0
XM_011449308.3	1586	1487	0.000149029	0.00011726
XM_011449310.3	1574	1475	1.99985	1.58634
XM_011449311.3	1625	1526	0	0
XM_011449313.3	720	621	40	75.3632
XM_011449314.3	2010	1911	0.300847	0.184194
XM_011449315.3	2718	2619	3.69915	1.65256
XM_011449316.3	2182	2083	0	0
XM_011449319.3	997	898	4	5.21164
XM_011449321.2	1157	1058	0	0
XM_011449322.3	4218	4119	14	3.97674
XM_011449323.3	1939	1840	18	11.4458
XM_011449324.2	6808	6709	286	49.8769
XM_011449326.3	1403	1304	0	0
XM_011449328.3	2441	2342	0	0
XM_011449329.3	2387	2288	0	0
XM_011449330.3	2324	2225	0.0483683	0.0254344
XM_011449331.3	2317	2218	1.94886	1.02804
XM_011449335.3	6995	6896	0	0
XM_011449336.3	8188	8089	28.3427	4.09956
XM_011449337.3	6899	6800	0	0
XM_011449338.3	6857	6758	1.11455e-06	1.92962e-07
XM_011449339.3	6761	6662	21.6573	3.80357
XM_011449341.3	4944	4845	9.27119	2.23889
XM_011449346.3	1297	1198	22	21.4861
XM_011449347.3	4840	4741	40.3077	9.94738
XM_011449349.3	4837	4738	84.6923	20.9141
XM_011449351.2	1911	1812	1	0.645703
XM_011449352.3	646	547	4	8.55586
XM_011449357.2	3978	3879	0	0
XM_011449362.3	2730	2631	14	6.22584
XM_011449365.3	924	825	0	0
XM_011449367.3	1548	1449	1	0.807463
XM_011449369.3	6976	6877	0	0
XM_011449375.3	4026	3927	1	0.297941
XM_011449377.3	1577	1478	0	0
XM_011449379.3	2089	1990	3.13222	1.84158
XM_011449381.3	2653	2554	2.09628	0.960329
XM_011449382.3	2458	2359	0	0
XM_011449383.3	2305	2206	30.196	16.0153
XM_011449385.3	651	552	2	4.23918
XM_011449388.3	1350	1251	0	0
XM_011449389.3	1881	1782	0	0
XM_011449392.3	1800	1701	27	18.5716
XM_011449393.3	2949	2850	0	0
XM_011449394.3	2749	2650	80	35.3212
XM_011449395.3	2465	2366	25	12.3628
XM_011449396.3	1713	1614	0	0
XM_011449397.3	2802	2703	4	1.73143
XM_011449398.3	1622	1523	0	0
XM_011449399.3	1283	1184	0	0
XM_011449401.3	971	872	0	0
XM_011449402.3	1696	1597	0	0
XM_011449403.3	2313	2214	0.48732	0.25753
XM_011449405.3	2346	2247	0	0
XM_011449413.3	939	840	1	1.39287
XM_011449415.3	3146	3047	0.186425	0.0715851
XM_011449416.3	1956	1857	0	0
XM_011449420.3	7986	7887	0.000418898	6.21423e-05
XM_011449422.3	7923	7824	5.10113	0.76283
XM_011449423.3	7908	7809	48.447	7.25875
XM_011449424.3	1890	1791	1	0.653274
XM_011449425.3	1075	976	2.89169e-05	3.46652e-05
XM_011449426.3	1063	964	57.9999	70.3949
XM_011449428.3	2538	2439	0	0
XM_011449430.3	1038	939	1	1.24602
XM_011449431.3	516	417	12	33.6695
XM_011449438.3	1930	1831	0	0
XM_011449439.3	1117	1018	0	0
XM_011449444.3	448	349	1	3.35247
XM_011449445.3	1439	1340	1	0.873144
XM_011449448.3	1767	1668	4	2.80579
XM_011449455.3	2300	2201	0	0
XM_011449458.3	1871	1772	0	0
XM_011449460.3	1135	1036	0	0
XM_011449471.2	1666	1567	0	0
XM_011449474.3	3025	2926	106	42.386
XM_011449475.3	2680	2581	5.25423e-08	2.38183e-08
XM_011449479.3	2410	2311	0	0
XM_011449481.3	2014	1915	30	18.3292
XM_011449485.3	3452	3353	53.6819	18.732
XM_011449486.3	2087	1988	1.31814	0.775775
XM_011449487.3	2607	2508	0	0
XM_011449491.3	995	896	0	0
XM_011449492.3	2029	1930	1	0.606225
XM_011449496.3	3706	3607	76	24.6523
XM_011449497.3	2049	1950	15	9.0001
XM_011449498.3	5297	5198	0	0
XM_011449499.3	5308	5209	0	0
XM_011449500.3	5154	5055	4.85515	1.12376
XM_011449501.3	5224	5125	4.78866e-07	1.09323e-07
XM_011449502.3	5171	5072	0.0945952	0.0218213
XM_011449503.3	4133	4034	8.05026	2.33488
XM_011449504.3	1130	1031	5	5.67417
XM_011449505.3	5411	5312	36	7.92931
XM_011449508.3	1004	905	1	1.29283
XM_011449509.3	1043	944	0	0
XM_011449510.3	3999	3900	29	8.7001
XM_011449511.3	1113	1014	110	126.925
XM_011449512.3	1920	1821	0	0
XM_011449515.3	3645	3546	3	0.989859
XM_011449516.3	1663	1564	17	12.7175
XM_011449517.3	1800	1701	5	3.43919
XM_011449518.3	991	892	2	2.62335
XM_011449528.3	883	784	0	0
XM_011449530.3	3112	3013	14	5.4365
XM_011449532.3	1935	1836	0.0783852	0.0499519
XM_011449533.3	2285	2186	12.1707	6.51413
XM_011449534.3	2275	2176	12.8293	6.89819
XM_011449535.3	1677	1578	1	0.741453
XM_011449536.3	5311	5212	3	0.673454
XM_011449537.3	834	735	0	0
XM_011449538.2	1197	1098	1	1.06559
XM_011449540.3	2079	1980	10	5.90916
XM_011449541.3	1996	1897	0	0
XM_011449542.3	1991	1892	0	0
XM_011449543.3	3786	3687	7	2.22134
XM_011449545.3	2694	2595	0	0
XM_011449547.3	3777	3678	5	1.59056
XM_011449549.3	5884	5785	16	3.23599
XM_011449550.3	2791	2692	0	0
XM_011449553.3	3069	2970	211.37	83.2679
XM_011449554.3	6310	6211	28	5.27457
XM_011449559.3	1499	1400	12	10.0287
XM_011449560.3	964	865	22	29.7576
XM_011449565.3	2343	2244	2	1.04279
XM_011449570.3	4580	4481	74.9659	19.574
XM_011449574.3	1977	1878	1.35533e-07	8.44385e-08
XM_011449575.3	1947	1848	21.6552	13.7104
XM_011449577.3	1958	1859	26	16.3638
XM_011449579.2	4629	4530	1	0.258281
XM_011449580.3	1724	1625	0	0
XM_011449581.3	2181	2082	0	0
XM_011449582.3	1135	1036	2	2.25871
XM_011449583.3	3515	3416	8.11276	2.7787
XM_011449585.3	1735	1636	0	0
XM_011449586.3	1687	1588	28	20.63
XM_011449587.2	2169	2070	17	9.60881
XM_011449590.3	1931	1832	0	0
XM_011449591.3	1913	1814	0	0
XM_011449593.3	2067	1968	0	0
XM_011449594.3	1894	1795	0	0
XM_011449596.3	1887	1788	0	0
XM_011449597.3	840	741	1	1.57897
XM_011449608.3	1858	1759	10	6.65158
XM_011449615.3	2274	2175	12	6.45525
XM_011449617.2	1017	918	0	0
XM_011449620.1	594	495	0	0
XM_011449623.3	3132	3033	19	7.32946
XM_011449624.3	2791	2692	1	0.434626
XM_011449625.3	2219	2120	1	0.551893
XM_011449627.3	2979	2880	133.493	54.232
XM_011449638.3	723	624	0	0
XM_011449639.3	1295	1196	0	0
XM_011449641.2	1292	1193	0	0
XM_011449642.3	3713	3614	11	3.56119
XM_011449644.3	3465	3366	18	6.25676
XM_011449651.3	719	620	3	5.66136
XM_011449652.3	2380	2281	0	0
XM_011449657.3	1557	1458	6	4.81487
XM_011449662.3	2377	2278	0	0
XM_011449672.3	2362	2263	0	0
XM_011449674.3	3833	3734	0	0
XM_011449675.3	3502	3403	0	0
XM_011449676.3	3316	3217	14	5.09176
XM_011449677.3	2333	2234	22	11.5221
XM_011449688.3	1656	1557	1.87317	1.4076
XM_011449689.3	3575	3476	35.63	11.993
XM_011449690.3	3304	3205	0	0
XM_011449692.3	930	831	0	0
XM_011449694.3	3087	2988	0	0
XM_011449695.3	2314	2215	0	0
XM_011449699.3	3270	3171	7.93071	2.92622
XM_011449700.3	3272	3173	5.97864e-05	2.20457e-05
XM_011449704.3	9191	9092	52.9893	6.81898
XM_011449710.3	1469	1370	12	10.2483
XM_011449711.3	1469	1370	12	10.2483
XM_011449713.3	979	880	0	0
XM_011449714.3	863	764	6	9.18859
XM_011449715.3	2008	1909	13	7.96761
XM_011449716.3	3290	3191	0.00688924	0.00252601
XM_011449717.3	6925	6826	0	0
XM_011449718.3	7113	7014	0	0
XM_011449719.3	7214	7115	0	0
XM_011449720.3	7177	7078	18.0235	2.97934
XM_011449723.3	1280	1181	83	82.2279
XM_011449724.3	3112	3013	0	0
XM_011449725.3	936	837	0	0
XM_011449726.3	2731	2632	33.6605	14.9632
XM_011449727.3	1701	1602	0	0
XM_011449728.3	1616	1517	11.9567	9.22182
XM_011449730.3	1728	1629	55.3037	39.7213
XM_011449731.3	1811	1712	73	49.8896
XM_011449732.3	739	640	0	0
XM_011449733.3	3413	3314	12	4.23662
XM_011449734.3	3040	2941	0	0
XM_011449735.3	2966	2867	0	0
XM_011449743.3	2566	2467	4.52788	2.14742
XM_011449744.3	2559	2460	0	0
XM_011449746.3	2027	1928	0.188166	0.114189
XM_011449747.3	2021	1922	7.28395	4.43409
XM_011449752.3	1905	1806	0	0
XM_011449755.3	1496	1397	0	0
XM_011449762.3	2372	2273	68	35.0026
XM_011449771.3	1522	1423	17	13.9777
XM_011449772.3	2128	2029	1	0.576645
XM_011449777.3	1233	1134	0	0
XM_011449781.3	897	798	0	0
XM_011449782.3	2611	2512	7	3.26039
XM_011449783.3	2459	2360	0	0
XM_011449785.3	1190	1091	0	0
XM_011449788.3	1289	1190	3	2.94961
XM_011449789.3	2524	2425	11	5.30728
XM_011449806.3	1891	1792	0	0
XM_011449807.3	2543	2444	10	4.78729
XM_011449816.3	7170	7071	0	0
XM_011449818.3	7161	7062	0	0
XM_011449819.3	7146	7047	2.67767e-08	4.44574e-09
XM_011449820.3	7119	7020	2.41733e-06	4.02893e-07
XM_011449821.3	7095	6996	0.000134262	2.2454e-05
XM_011449822.3	7023	6924	24.9999	4.22446
XM_011449834.3	828	729	0	0
XM_011449835.3	1921	1822	0	0
XM_011449836.3	1882	1783	527.129	345.904
XM_011449837.3	1629	1530	0	0
XM_011449844.3	995	896	8.18005	10.6817
XM_011449845.3	5008	4909	12	2.86009
XM_011449847.3	3190	3091	42	15.8979
XM_011449850.3	1967	1868	6	3.75807
XM_011449855.3	2044	1945	0	0
XM_011449856.3	3737	3638	0	0
XM_011449857.3	2089	1990	0	0
XM_011449858.3	2147	2048	22	12.5685
XM_011449859.3	2412	2313	14	7.08179
XM_011449860.3	2546	2447	0	0
XM_011449861.3	3824	3725	27	8.48063
XM_011449862.3	1876	1777	0	0
XM_011449864.2	2108	2009	0	0
XM_011449869.2	1062	963	0	0
XM_011449875.2	5067	4968	0	0
XM_011449876.3	725	626	1	1.86903
XM_011449877.3	808	709	0	0
XM_011449879.3	2145	2046	71	40.6016
XM_011449880.3	1588	1489	0	0
XM_011449881.3	904	805	0	0
XM_011449889.3	2978	2879	0	0
XM_011449890.3	2971	2872	3.09607	1.2613
XM_011449891.3	1568	1469	1	0.796469
XM_011449898.3	3052	2953	0	0
XM_011449904.3	2966	2867	23.9039	9.75512
XM_011449906.3	1735	1636	4.99199	3.57011
XM_011449907.3	2529	2430	6	2.88892
XM_011449908.3	578	479	0	0
XM_011449909.3	526	427	0	0
XM_011449920.3	4637	4538	10	2.57826
XM_011449927.3	6658	6559	0	0
XM_011449928.3	6483	6384	0	0
XM_011449930.3	1347	1248	0	0
XM_011449931.3	6433	6334	0	0
XM_011449932.3	6023	5924	75	14.8128
XM_011449933.3	3445	3346	91	31.8204
XM_011449934.3	3460	3361	6.58037e-07	2.29072e-07
XM_011449935.3	2635	2536	18	8.30451
XM_011449939.3	1193	1094	0	0
XM_011449940.3	4533	4434	0	0
XM_011449941.3	4305	4206	0	0
XM_011449942.3	862	763	0	0
XM_011449947.3	1739	1640	0	0
XM_011449954.3	5065	4966	0	0
XM_011449956.3	4789	4690	1.19037e-06	2.96962e-07
XM_011449957.3	5012	4913	0	0
XM_011449959.3	4723	4624	19.7478	4.99679
XM_011449961.3	4654	4555	4.13428	1.06195
XM_011449962.3	1906	1807	58	37.5544
XM_011449964.3	4945	4846	59.15	14.2811
XM_011449965.3	4484	4385	0	0
XM_011449966.3	5548	5449	13.9986	3.00579
XM_011449967.3	2306	2207	2	1.06027
XM_011449968.3	2235	2136	0	0
XM_011449972.3	2062	1963	6	3.5762
XM_011449974.3	1110	1011	9	10.4155
XM_011449975.3	2772	2673	0	0
XM_011449976.3	1370	1271	0	0
XM_011449977.3	2093	1994	25	14.6692
XM_011449978.3	1761	1662	8	5.63183
XM_011449981.3	3213	3114	6.16277	2.31552
XM_011449985.3	905	806	14	20.3228
XM_011449992.3	4119	4020	0	0
XM_011449993.3	3434	3335	1	0.350829
XM_011450002.3	2310	2211	0	0
XM_011450003.3	2275	2176	0.999999	0.53769
XM_011450007.3	4430	4331	0	0
XM_011450008.3	4762	4663	0	0
XM_011450009.3	4445	4346	0	0
XM_011450010.3	4385	4286	0	0
XM_011450012.3	4421	4322	0	0
XM_011450013.3	4406	4307	0	0
XM_011450014.3	4388	4289	0	0
XM_011450015.3	4349	4250	3.48451e-07	9.59277e-08
XM_011450016.3	4289	4190	6.0997	1.70328
XM_011450017.3	3023	2924	0	0
XM_011450019.3	2866	2767	0	0
XM_011450031.3	3689	3590	1.56648	0.51053
XM_011450032.3	3683	3584	11.1442	3.63807
XM_011450033.3	3696	3597	0.159434	0.0518597
XM_011450034.3	2392	2293	0	0
XM_011450036.3	1443	1344	2.14303	1.86561
XM_011450041.3	2663	2564	21.9243	10.0046
XM_011450042.3	2792	2693	52	22.5922
XM_011450047.3	2040	1941	1	0.602789
XM_011450049.3	4846	4747	0	0
XM_011450077.3	1657	1558	0	0
XM_011450079.3	1904	1805	27	17.5016
XM_011450091.3	1023	924	0	0
XM_011450096.3	967	868	0	0
XM_011450102.3	946	847	0	0
XM_011450108.3	707	608	13	25.0167
XM_011450109.3	3420	3321	23	8.10307
XM_011450110.3	816	717	0	0
XM_011450111.3	1166	1067	1.79612	1.96953
XM_011450113.3	1993	1894	2	1.23549
XM_011450114.3	1051	952	268.374	329.833
XM_011450115.2	925	826	1.9489	2.76058
XM_011450116.3	940	841	0	0
XM_011450117.3	772	673	210	365.086
XM_011450120.3	4031	3932	28.2092	8.39399
XM_011450123.3	2978	2879	1.8379	0.746916
XM_011450126.3	2541	2442	2.1621	1.03591
XM_011450139.3	1810	1711	1.53274e-06	1.04812e-06
XM_011450144.3	2236	2137	0	0
XM_011450145.3	2125	2026	8.18998	4.72971
XM_011450146.3	1537	1438	0	0
XM_011450148.3	2245	2146	20	10.9041
XM_011450149.3	1402	1303	0	0
XM_011450150.3	862	763	0	0
XM_011450153.3	765	666	0	0
XM_011450154.3	1492	1393	10	8.39923
XM_011450159.3	1332	1233	4	3.79566
XM_011450161.3	1028	929	1	1.25943
XM_011450162.3	1014	915	5	6.39352
XM_011450163.3	1842	1743	4	2.68506
XM_011450164.3	2824	2725	7.19228	3.0881
XM_011450165.3	2629	2530	18.8077	8.69774
XM_011450166.3	2564	2465	0	0
XM_011450167.3	2565	2466	0	0
XM_011450168.3	2675	2576	1.24513e-08	5.65536e-09
XM_011450169.3	2548	2449	0	0
XM_011450170.3	2815	2716	0	0
XM_011450171.3	2559	2460	0	0
XM_011450173.3	2789	2690	0	0
XM_011450174.3	2502	2403	0	0
XM_011450175.3	2733	2634	0	0
XM_011450176.3	2703	2604	0	0
XM_011450177.3	3311	3212	19	6.921
XM_011450181.3	735	636	7	12.8775
XM_011450182.3	725	626	0	0
XM_011450184.3	2062	1963	1	0.596033
XM_011450185.3	1819	1720	0	0
XM_011450186.3	1729	1630	0	0
XM_011450187.3	1760	1661	0	0
XM_011450189.2	1311	1212	2	1.93072
XM_011450192.3	2102	2003	4.71577e-07	2.75463e-07
XM_011450198.3	2100	2001	59	34.4981
XM_011450201.3	2199	2100	5	2.78575
XM_011450203.3	1849	1750	2.01905e-08	1.3499e-08
XM_011450205.3	1834	1735	0.000490332	0.00033066
XM_011450206.3	1819	1720	12.999	8.84246
XM_011450211.3	5550	5451	9	1.93178
XM_011450212.3	2190	2091	1	0.559547
XM_011450213.2	3301	3202	0	0
XM_011450220.2	1713	1614	1	0.724915
XM_011450228.3	3197	3098	0	0
XM_011450229.2	702	603	0	0
XM_011450234.3	2168	2069	0	0
XM_011450235.3	864	765	13	19.8826
XM_011450236.3	4435	4336	0.0377136	0.0101765
XM_011450237.3	4417	4318	4.96229	1.34459
XM_011450240.3	1609	1510	5331.43	4131.02
XM_011450241.3	712	613	0	0
XM_011450243.3	630	531	7.41919	16.3476
XM_011450244.3	1627	1528	29.5808	22.6505
XM_011450245.2	1527	1428	0	0
XM_011450246.3	1963	1864	9.21973	5.78713
XM_011450253.3	1823	1724	0	0
XM_011450254.3	1541	1442	1.14458	0.928692
XM_011450256.3	1327	1228	2	1.90556
XM_011450257.3	1171	1072	1.05789e-05	1.15461e-05
XM_011450258.3	1081	982	5.59096e-06	6.6614e-06
XM_011450259.3	1159	1060	5.74306	6.33911
XM_011450260.3	1078	979	0	0
XM_011450261.3	1155	1056	0	0
XM_011450262.3	1069	970	10.2569	12.3719
XM_011450263.3	1066	967	0	0
XM_011450264.3	1141	1042	0	0
XM_011450265.3	1351	1252	1	0.934516
XM_011450268.3	2087	1988	0	0
XM_011450269.3	3402	3303	0.000474352	0.000168029
XM_011450270.3	3376	3277	5.03491	1.79766
XM_011450273.3	2637	2538	46.6303	21.4965
XM_011450274.3	1558	1459	6	4.81157
XM_011450277.3	1270	1171	14	13.9882
XM_011450278.3	1670	1571	0	0
XM_011450279.3	1735	1636	0	0
XM_011450292.3	2117	2018	31	17.9734
XM_011450307.3	1976	1877	0.0232229	0.0144758
XM_011450308.3	1964	1865	42.9768	26.9616
XM_011450309.3	1852	1753	0	0
XM_011450310.3	1524	1425	27	22.1687
XM_011450311.3	2365	2266	18.3395	9.46929
XM_011450312.3	1565	1466	0	0
XM_011450313.3	3433	3334	0	0
XM_011450314.3	3119	3020	0	0
XM_011450316.3	2118	2019	65.6718	38.0569
XM_011450318.3	1414	1315	0	0
XM_011450320.3	1404	1305	0	0
XM_011450321.3	1902	1803	0	0
XM_011450322.3	1213	1114	42.8635	45.0187
XM_011450323.3	1277	1178	0	0
XM_011450325.3	986	887	13	17.1479
XM_011450334.3	1255	1156	8	8.09698
XM_011450335.3	3872	3773	3	0.930305
XM_011450337.3	4877	4778	0	0
XM_011450339.3	4874	4775	0	0
XM_011450340.3	4869	4770	20.7636	5.09302
XM_011450341.3	4868	4769	0	0
XM_011450343.3	1318	1219	0	0
XM_011450344.3	808	709	11	18.1525
XM_011450345.3	657	558	13	27.2584
XM_011450347.3	1207	1108	0	0
XM_011450350.3	758	659	15	26.6316
XM_011450356.3	1724	1625	0.0667751	0.0480786
XM_011450358.3	1774	1675	0	0
XM_011450360.3	1775	1676	0	0
XM_011450362.3	1770	1671	0	0
XM_011450364.3	1770	1671	0	0
XM_011450365.3	6346	6247	37.7557	7.07135
XM_011450367.3	2916	2817	0	0
XM_011450378.3	2905	2806	0	0
XM_011450379.3	2782	2683	7	3.05259
XM_011450381.3	740	641	0	0
XM_011450385.3	2231	2132	0.000671222	0.000368358
XM_011450386.3	2213	2114	13.9993	7.74806
XM_011450388.3	2288	2189	5	2.67248
XM_011450391.3	1169	1070	86	94.0385
XM_011450395.3	948	849	0	0
XM_011450398.3	1304	1205	4	3.88386
XM_011450399.3	3373	3274	0	0
XM_011450400.3	1191	1092	0	0
XM_011450402.3	1493	1394	1	0.839321
XM_011450403.3	4280	4181	69.0432	19.3211
XM_011450405.3	4334	4235	2.0031e-05	5.53401e-06
XM_011450406.3	4287	4188	9.70354	2.71091
XM_011450407.3	2088	1989	7	4.11769
XM_011450410.3	2377	2278	5	2.56807
XM_011450411.3	1459	1360	0	0
XM_011450412.3	898	799	2	2.92869
XM_011450419.3	4509	4410	8	2.12247
XM_011450421.3	1429	1330	5	4.39855
XM_011450423.3	2722	2623	7	3.12241
XM_011450432.3	4193	4094	10	2.85787
XM_011450433.3	3180	3081	22.233	8.44302
XM_011450435.3	1610	1511	24	18.5839
XM_011450436.3	1467	1368	1	0.855273
XM_011450437.3	722	623	0	0
XM_011450439.3	1536	1437	1	0.814206
XM_011450440.3	1005	906	5	6.45703
XM_011450441.3	991	892	4	5.2467
XM_011450442.3	972	873	6.93977e-07	9.30082e-07
XM_011450448.3	1292	1193	2	1.96146
XM_011450451.3	960	861	0	0
XM_011450452.3	2363	2264	1.99993	1.03355
XM_011450453.3	2204	2105	1	0.555826
XM_011450457.3	3659	3560	41	13.4749
XM_011450458.3	4467	4368	5.4574	1.46182
XM_011450459.3	4455	4356	137.543	36.9437
XM_011450460.3	1283	1184	0	0
XM_011450461.3	1134	1035	15	16.9567
XM_011450478.3	917	818	271	387.621
XM_011450479.3	788	689	1662	2822.3
XM_011450482.3	2821	2722	4	1.71934
XM_011450489.3	2784	2685	0	0
XM_011450490.3	1567	1468	8	6.37609
XM_011450498.3	1431	1332	5.33802	4.68885
XM_011450500.3	1266	1167	0	0
XM_011450501.3	1201	1102	0	0
XM_011450502.3	1234	1135	0	0
XM_011450503.3	1183	1084	0.010235	0.0110472
XM_011450504.3	2066	1967	1	0.594821
XM_011450505.3	3358	3259	5	1.79505
XM_011450513.3	535	436	0	0
XM_011450517.3	2756	2657	37.9991	16.7329
XM_011450518.3	2706	2607	0.000921137	0.000413403
XM_011450519.3	2804	2705	0	0
XM_011450525.3	2664	2565	5	2.28073
XM_011450526.3	4911	4812	44	10.6984
XM_011450528.3	14957	14858	42	3.30735
XM_011450537.3	677	578	13.8098	27.9544
XM_011450538.3	593	494	15.1902	35.9772
XM_011450539.3	1043	944	4	4.95768
XM_011450540.3	824	725	63	101.67
XM_011450541.3	1539	1440	0	0
XM_011450542.3	2578	2479	0	0
XM_011450543.3	2528	2429	0	0
XM_011450545.3	2343	2244	0	0
XM_011450546.3	2249	2150	0.00148286	0.000806963
XM_011450547.3	2278	2179	17.9257	9.62518
XM_011450548.3	4549	4450	42	11.0428
XM_011450551.3	3943	3844	8.65664	2.63486
XM_011450552.3	2727	2628	5	2.22605
XM_011450553.3	2727	2628	5	2.22605
XM_011450555.3	2724	2625	11	4.90291
XM_011450556.3	3888	3789	1.88348	0.581604
XM_011450557.3	573	474	1789	4415.94
XM_011450558.3	1197	1098	17	18.115
XM_011450559.3	2439	2340	45.2693	22.6349
XM_011450560.3	1904	1805	0	0
XM_011450561.3	527	428	12	32.8041
XM_011450562.2	1686	1587	34	25.0664
XM_011450563.3	2016	1917	6	3.66201
XM_011450564.3	4362	4263	51	13.9973
XM_011450568.3	1853	1754	0	0
XM_011450575.3	2109	2010	13.1235	7.63914
XM_011450579.3	1095	996	1	1.17471
XM_011450580.3	2245	2146	1	0.545207
XM_011450582.3	1875	1776	7.8765	5.18897
XM_011450584.3	4041	3942	9	2.67126
XM_011450586.3	3963	3864	0	0
XM_011450587.3	4002	3903	0	0
XM_011450588.3	3961	3862	0	0
XM_011450589.3	3867	3768	0	0
XM_011450590.3	3985	3886	0	0
XM_011450591.3	3836	3737	0	0
XM_011450592.3	3941	3842	0	0
XM_011450593.3	1992	1893	0	0
XM_011450594.3	1393	1294	0	0
XM_011450595.3	1244	1145	5	5.10923
XM_011450596.3	3227	3128	0.00215854	0.00080739
XM_011450597.3	3705	3606	4	1.29785
XM_011450599.3	2989	2890	2	0.809698
XM_011450603.3	5475	5376	0	0
XM_011450604.3	1909	1810	2.4338	1.57325
XM_011450605.3	3207	3108	3.99784	1.505
XM_011450606.3	1490	1391	0	0
XM_011450608.3	1000	901	0	0
XM_011450610.3	3595	3496	1.21263e-07	4.05835e-08
XM_011450612.3	3585	3486	3.49132e-06	1.1718e-06
XM_011450613.3	3550	3451	0.482584	0.163613
XM_011450614.3	3540	3441	14.5174	4.93623
XM_011450621.3	2540	2441	4	1.91727
XM_011450623.3	1833	1734	0	0
XM_011450624.3	1312	1213	1	0.964562
XM_011450627.3	2903	2804	0	0
XM_011450629.3	2729	2630	1	0.444872
XM_011450631.3	2037	1938	40	24.1489
XM_011450635.3	1343	1244	0	0
XM_011450642.3	2438	2339	0	0
XM_011450644.3	2252	2153	10	5.43434
XM_011450645.3	1310	1211	0	0
XM_011450646.3	2353	2254	32	16.6107
XM_011450647.3	4711	4612	8.90766	2.25977
XM_011450651.3	2069	1970	10	5.93915
XM_011450654.3	740	641	0	0
XM_011450663.3	13552	13453	24.03	2.0899
XM_011450664.3	1850	1751	0.99526	0.66503
XM_011450665.3	1858	1759	0.00473976	0.00315269
XM_011450667.3	691	592	68	134.393
XM_011450668.3	1675	1576	2	1.48479
XM_011450670.3	4841	4742	42	10.3628
XM_011450671.3	4835	4736	0	0
XM_011450672.3	2087	1988	5	2.94269
XM_011450673.3	4129	4030	0.000278164	8.07581e-05
XM_011450674.3	3988	3889	1.21793	0.366416
XM_011450675.3	4053	3954	1.21358	0.359106
XM_011450676.3	4132	4033	0	0
XM_011450677.3	4108	4009	0.127593	0.0372375
XM_011450678.3	4087	3988	60.4406	17.7323
XM_011450679.3	1730	1631	0	0
XM_011450680.3	5490	5391	13.1668	2.8576
XM_011450681.2	1907	1808	0	0
XM_011450682.3	5484	5385	48.6151	10.5627
XM_011450683.3	5463	5364	0	0
XM_011450684.3	3292	3193	10.2181	3.74424
XM_011450685.3	6041	5942	8.84689	1.742
XM_011450687.3	6211	6112	0	0
XM_011450689.3	2994	2895	11.3984	4.60665
XM_011450690.3	2680	2581	23	10.4263
XM_011450693.3	3068	2969	18.8016	7.40928
XM_011450699.3	4331	4232	10	2.76468
XM_011450700.3	1787	1688	2	1.38627
XM_011450704.3	1429	1330	30	26.3913
XM_011450706.3	1616	1517	0	0
XM_011450710.3	1287	1188	9	8.86374
XM_011450714.3	2138	2039	0	0
XM_011450717.3	7601	7502	14.0356	2.18899
XM_011450738.3	1457	1358	0	0
XM_011450747.3	3648	3549	35	11.5386
XM_011450748.3	1440	1341	0	0
XM_011450751.3	6784	6685	0	0
XM_011450752.3	6785	6686	0	0
XM_011450753.3	6850	6751	0	0
XM_011450754.3	6785	6686	16.9334	2.96326
XM_011450756.3	6672	6573	0	0
XM_011450757.3	6885	6786	4.63284e-07	7.98775e-08
XM_011450758.3	6949	6850	0	0
XM_011450759.3	6623	6524	0	0
XM_011450760.3	4238	4139	0	0
XM_011450764.3	3813	3714	0	0
XM_011450777.3	2326	2227	1	0.525376
XM_011450778.3	1159	1060	17	18.7644
XM_011450781.3	3686	3587	3.99462e-06	1.30297e-06
XM_011450782.3	3635	3536	78.7959	26.0725
XM_011450788.3	3209	3110	30	11.2863
XM_011450792.3	1809	1710	4	2.73687
XM_011450793.3	3839	3740	2	0.625676
XM_011450794.3	964	865	7	9.46832
XM_011450795.3	992	893	110	144.123
XM_011450796.3	4787	4688	0	0
XM_011450797.3	4784	4685	0	0
XM_011450799.3	3404	3305	23	8.1423
XM_011450800.3	3967	3868	0.00405062	0.00122525
XM_011450801.3	3940	3841	14.9959	4.56794
XM_011450803.3	1460	1361	3	2.57902
XM_011450805.3	1698	1599	3	2.19515
XM_011450807.3	2115	2016	0	0
XM_011450808.3	2113	2014	0	0
XM_011450809.3	959	860	60	81.6288
XM_011450811.3	1808	1709	0	0
XM_011450813.3	1284	1185	3	2.96206
XM_011450814.3	1618	1519	6	4.62151
XM_011450815.3	1143	1044	0	0
XM_011450817.3	939	840	0	0
XM_011450818.3	1197	1098	0	0
XM_011450819.3	2776	2677	15	6.55592
XM_011450820.3	1397	1298	0	0
XM_011450821.3	1304	1205	2	1.94193
XM_011450825.3	854	755	841	1303.29
XM_011450838.3	3619	3520	0	0
XM_011450848.3	2284	2185	18	9.63855
XM_011450850.3	945	846	4	5.53198
XM_011450852.3	2116	2017	6	3.48046
XM_011450853.3	2189	2090	11	6.15797
XM_011450856.3	2991	2892	1.98457	0.802897
XM_011450857.3	2819	2720	3	1.29046
XM_011450858.3	4276	4177	10	2.80109
XM_011450859.3	4069	3970	0	0
XM_011450860.3	2462	2363	0	0
XM_011450862.3	2746	2647	0	0
XM_011450870.3	4970	4871	202	48.5204
XM_011450871.3	4636	4537	8.5	2.192
XM_011450872.3	4636	4537	8.5	2.192
XM_011450873.3	2681	2582	6	2.71885
XM_011450874.3	2906	2807	33	13.7551
XM_011450875.3	2942	2843	0	0
XM_011450876.3	843	744	0	0
XM_011450878.3	1768	1669	0	0
XM_011450879.3	1639	1540	0	0
XM_011450880.3	856	757	9	13.9103
XM_011450883.3	1900	1801	99	64.315
XM_011450884.3	1412	1313	0	0
XM_011450886.3	2704	2605	0	0
XM_011450887.3	632	533	0	0
XM_011450888.3	638	539	12	26.0485
XM_011450891.3	632	533	3	6.58544
XM_011450892.2	822	723	0	0
XM_011450900.3	3972	3873	26	7.85447
XM_011450904.3	964	865	1	1.35262
XM_011450905.3	647	548	0	0
XM_011450914.3	1689	1590	0	0
XM_011450915.3	1984	1885	1	0.620697
XM_011450916.3	3157	3058	3	1.14782
XM_011450917.3	2725	2626	7	3.11885
XM_011450919.3	1816	1717	4	2.72572
XM_011450923.3	885	786	0	0
XM_011450925.3	1159	1060	520	573.969
XM_011450928.3	1512	1413	1	0.828035
XM_011450929.3	3491	3392	1	0.344933
XM_011450933.3	1012	913	1	1.2815
XM_011450935.3	1970	1871	0	0
XM_011450936.3	2002	1903	0	0
XM_011450937.3	2518	2419	0	0
XM_011450945.3	651	552	0	0
XM_011450965.3	888	789	0	0
XM_011450971.3	1141	1042	14	15.7199
XM_011450972.3	1129	1030	1	1.13594
XM_011450974.3	1042	943	13	16.1296
XM_011450975.3	5584	5485	0.00319339	0.000681187
XM_011450976.3	4191	4092	0	0
XM_011450977.3	3517	3418	32.5781	11.1518
XM_011450978.3	1297	1198	0	0
XM_011450983.3	5176	5077	0.666585	0.153617
XM_011450984.3	5173	5074	1.33341	0.307472
XM_011450989.3	969	870	0	0
XM_011450990.3	1140	1041	0	0
XM_011450992.3	975	876	0	0
XM_011450993.3	1365	1266	0	0
XM_011450994.3	2465	2366	20	9.89022
XM_011450995.3	2144	2045	1.93669e-06	1.10805e-06
XM_011450998.3	6453	6354	1.73141e-07	3.18819e-08
XM_011451000.3	3062	2963	5.29119	2.08936
XM_011451002.3	2512	2413	0	0
XM_011451012.3	946	847	0	0
XM_011451015.3	2383	2284	13	6.65945
XM_011451016.3	1156	1057	2.4846	2.75025
XM_011451018.3	1084	985	2.78704	3.31054
XM_011451019.3	1096	997	2.72836	3.20182
XM_011451022.3	4076	3977	0	0
XM_011451023.3	4073	3974	0	0
XM_011451024.3	3818	3719	26	8.17971
XM_011451025.3	2134	2035	9.04277e-06	5.19909e-06
XM_011451026.3	2110	2011	9.99999	5.81806
XM_011451028.3	2370	2271	0	0
XM_011451029.3	2824	2725	15	6.44044
XM_011451031.3	3970	3871	2	0.604502
XM_011451033.3	2126	2027	0	0
XM_011451034.3	2149	2050	0	0
XM_011451035.3	541	442	130	344.122
XM_011451037.3	2371	2272	0	0
XM_011451038.3	1199	1100	31	32.9731
XM_011451044.3	3957	3858	9	2.72942
XM_011451045.3	2336	2237	0	0
XM_011451047.3	3128	3029	0	0
XM_011451048.3	4775	4676	0	0
XM_011451049.3	4769	4670	17	4.25915
XM_011451050.3	4769	4670	0	0
XM_011451051.3	4769	4670	0	0
XM_011451052.3	4757	4658	0	0
XM_011451053.3	4754	4655	0	0
XM_011451054.3	4736	4637	0	0
XM_011451055.3	4730	4631	0	0
XM_011451056.3	4727	4628	0	0
XM_011451057.3	4718	4619	0	0
XM_011451059.3	4709	4610	0	0
XM_011451060.3	4688	4589	0	0
XM_011451062.3	2601	2502	7	3.27342
XM_011451064.3	1530	1431	13	10.6291
XM_011451065.3	804	705	6	9.95756
XM_011451068.3	1586	1487	0	0
XM_011451072.3	3259	3160	0	0
XM_011451073.3	3619	3520	0	0
XM_011451075.3	3397	3298	0	0
XM_011451076.3	3058	2959	0	0
XM_011451081.3	1238	1139	8	8.21783
XM_011451083.3	824	725	11	17.7519
XM_011451084.2	1337	1238	0	0
XM_011451085.3	1354	1255	0	0
XM_011451086.3	2334	2235	47	24.6043
XM_011451087.3	2554	2455	0	0
XM_011451090.3	1035	936	0	0
XM_011451097.3	956	857	0	0
XM_011451098.3	884	785	1	1.49046
XM_011451100.3	1049	950	0	0
XM_011451101.3	1030	931	0.993497	1.24855
XM_011451102.3	1044	945	2.47532e-08	3.06471e-08
XM_011451103.3	1034	935	0.00650313	0.00813771
XM_011451105.3	1493	1394	0.301163	0.252773
XM_011451106.3	1492	1393	0.698837	0.58697
XM_011451107.3	1811	1712	0	0
XM_011451111.3	1103	1004	0	0
XM_011451124.3	1592	1493	6	4.702
XM_011451125.3	1593	1494	0	0
XM_011451136.3	2440	2341	0.527086	0.263433
XM_011451137.3	2435	2336	6.47291	3.24204
XM_011451139.3	4035	3936	0.00230545	0.000685317
XM_011451140.3	4008	3909	7.40193	2.21549
XM_011451141.3	3510	3411	2.2947e-05	7.87109e-06
XM_011451142.3	3462	3363	6.59574	2.29471
XM_011451143.3	3035	2936	0	0
XM_011451144.3	2911	2812	3	1.24824
XM_011451149.3	1152	1053	0	0
XM_011451153.3	2452	2353	0	0
XM_011451154.3	2447	2348	0	0
XM_011451155.3	1323	1224	0	0
XM_011451156.3	2405	2306	0	0
XM_011451157.3	2461	2362	0	0
XM_011451158.3	2458	2359	0	0
XM_011451159.3	2375	2276	0	0
XM_011451163.3	2397	2298	2	1.01829
XM_011451164.3	4840	4741	0	0
XM_011451165.3	2950	2851	2	0.820774
XM_011451166.3	3778	3679	42.2789	13.4457
XM_011451167.3	5702	5603	0	0
XM_011451168.3	5697	5598	0	0
XM_011451170.3	5491	5392	40	8.67962
XM_011451171.3	5433	5334	0.346576	0.0760214
XM_011451173.3	5427	5328	1.29764	0.284958
XM_011451174.3	5406	5307	133.352	29.3997
XM_011451175.3	2441	2342	1.18e-07	5.89501e-08
XM_011451177.3	1881	1782	0	0
XM_011451179.3	1972	1873	13	8.12076
XM_011451180.3	2219	2120	5	2.75947
XM_011451182.2	1054	955	1	1.22514
XM_011451185.3	5021	4922	2	0.475422
XM_011451187.3	2822	2723	4	1.71871
XM_011451188.3	5186	5087	15.1989	3.49575
XM_011451191.3	2556	2457	15	7.14294
XM_011451203.3	2708	2609	0	0
XM_011451204.3	2648	2549	1	0.459009
XM_011451217.3	5404	5305	0	0
XM_011451219.3	1537	1438	17.1829	13.9807
XM_011451221.3	1977	1878	89.7364	55.9067
XM_011451222.3	1025	926	3	3.79054
XM_011451223.3	1259	1160	1	1.00863
XM_011451229.3	3504	3405	14	4.81063
XM_011451230.2	2351	2252	0	0
XM_011451238.3	559	460	14	35.6091
XM_011451242.3	3660	3561	4	1.31425
XM_011451246.3	2705	2606	1.87425e-06	8.4148e-07
XM_011451248.3	2695	2596	0.000170378	7.67889e-05
XM_011451249.3	2689	2590	0.00257151	0.00116166
XM_011451250.3	2667	2568	56.9973	25.9687
XM_011451253.3	805	706	0	0
XM_011451263.3	1365	1266	15.2683	14.1107
XM_011451268.3	6080	5981	0	0
XM_011451274.3	1293	1194	0	0
XM_011451275.3	697	598	459	898.054
XM_011451277.3	2051	1952	6	3.59635
XM_011451278.3	819	720	6.74943e-07	1.0968e-06
XM_011451286.3	1136	1037	0	0
XM_011451287.3	1098	999	2	2.34237
XM_011451289.3	1821	1722	9	6.11505
XM_011451290.3	1993	1894	0	0
XM_011451291.3	1874	1775	0	0
XM_011451292.3	1836	1737	255	171.764
XM_011451293.3	2646	2547	0	0
XM_011451294.3	2535	2436	0	0
XM_011451295.3	2568	2469	7	3.31717
XM_011451297.3	776	677	5	8.64116
XM_011451298.3	824	725	0	0
XM_011451299.3	3084	2985	4.40147	1.72522
XM_011451301.3	2310	2211	11.2345	5.94505
XM_011451302.3	963	864	7.28727	9.86829
XM_011451303.3	3840	3741	5.10897	1.59785
XM_011451305.3	1373	1274	0	0
XM_011451306.3	1272	1173	9	8.97708
XM_011451307.3	1341	1242	0	0
XM_011451308.3	3168	3069	0	0
XM_011451309.3	3253	3154	6.48971	2.40744
XM_011451310.3	2988	2889	0	0
XM_011451311.3	2916	2817	0	0
XM_011451312.3	2767	2668	13.5103	5.92474
XM_011451313.3	2971	2872	0	0
XM_011451314.3	1794	1695	0	0
XM_011451315.3	2063	1964	10.7127	6.38189
XM_011451321.3	1949	1850	1	0.63244
XM_011451324.3	1050	951	1	1.2303
XM_011451325.2	1416	1317	36	31.9821
XM_011451326.3	5297	5198	18	4.0516
XM_011451331.3	1920	1821	8	5.14009
XM_011451343.3	2387	2288	2	1.02274
XM_011451344.3	1883	1784	40	26.2335
XM_011451345.3	1795	1696	0	0
XM_011451346.3	1768	1669	0	0
XM_011451347.3	1683	1584	0	0
XM_011451351.3	772	673	0	0
XM_011451352.3	1105	1006	0	0
XM_011451353.3	2037	1938	9	5.4335
XM_011451355.2	2010	1911	0	0
XM_011451356.3	2743	2644	0	0
XM_011451357.3	3675	3576	15	4.90777
XM_011451359.3	2744	2645	2.04816	0.906
XM_011451362.3	2711	2612	0	0
XM_011451366.3	2725	2626	0	0
XM_011451367.3	2211	2112	4.99998	2.76991
XM_011451369.3	1807	1708	0.797821	0.546523
XM_011451370.3	1809	1710	0.202179	0.138334
XM_011451375.3	3184	3085	6.21914	2.35866
XM_011451376.3	3431	3332	0	0
XM_011451378.3	4651	4552	11	2.82736
XM_011451379.3	3581	3482	0.0182719	0.00613968
XM_011451380.3	3592	3493	0.000451842	0.000151349
XM_011451384.3	2803	2704	2.19914	0.951562
XM_011451387.3	3375	3276	0	0
XM_011451388.3	3488	3389	35	12.0833
XM_011451389.3	3493	3394	0	0
XM_011451390.3	3275	3176	10	3.68392
XM_011451392.3	5062	4963	0	0
XM_011451395.3	1535	1436	66.8614	54.4769
XM_011451396.3	1293	1194	4.13857	4.05543
XM_011451398.3	1326	1227	0	0
XM_011451399.3	9003	8904	24.7938	3.25798
XM_011451403.3	1952	1853	3	1.89425
XM_011451404.3	1119	1020	0	0
XM_011451406.3	672	573	0	0
XM_011451407.3	1683	1584	0	0
XM_011451409.2	963	864	0	0
XM_011451418.2	1467	1368	0.000324795	0.000277788
XM_011451419.2	1455	1356	9.99968	8.62814
XM_011451420.3	1624	1525	24	18.4133
XM_011451421.3	1674	1575	1	0.742866
XM_011451424.3	3332	3233	5.75938	2.0843
XM_011451427.3	2919	2820	2	0.829797
XM_011451428.3	1573	1474	0	0
XM_011451429.3	1992	1893	0	0
XM_011451430.3	2018	1919	0	0
XM_011451431.3	2455	2356	65.8776	32.7155
XM_011451432.3	2259	2160	0	0
XM_011451433.3	2354	2255	1.12243	0.582376
XM_011451435.3	1255	1156	2	2.02424
XM_011451436.3	2413	2314	2	1.01125
XM_011451441.3	885	786	36	53.5884
XM_011451442.3	2677	2578	1	0.453845
XM_011451443.3	1635	1536	293	223.186
XM_011451444.3	1859	1760	12	7.97736
XM_011451446.3	2926	2827	109	45.1119
XM_011451449.3	2269	2170	0	0
XM_011451450.3	2108	2009	0	0
XM_011451452.3	1111	1012	1	1.15614
XM_011451453.3	931	832	15	21.094
XM_011451454.3	2877	2778	0.000178268	7.50815e-05
XM_011451455.3	2851	2752	10.9998	4.67658
XM_011451456.3	2088	1989	4	2.35297
XM_011451458.3	2325	2226	0	0
XM_011451462.3	936	837	16.6014	23.2065
XM_011451463.3	1034	935	17	21.273
XM_011451468.3	2501	2402	21	10.2291
XM_011451473.3	1525	1426	0	0
XM_011451474.3	1471	1372	0	0
XM_011451475.3	927	828	0	0
XM_011451476.3	2712	2613	0	0
XM_011451479.3	2623	2524	0	0
XM_011451481.3	2200	2101	0	0
XM_011451482.3	2281	2182	0	0
XM_011451483.3	2293	2194	0	0
XM_011451484.3	2322	2223	0	0
XM_011451485.3	1082	983	1	1.19025
XM_011451497.3	1155	1056	0	0
XM_011451502.3	2231	2132	1	0.548787
XM_011451503.3	1828	1729	7.83869	5.30444
XM_011451504.3	1823	1724	0	0
XM_011451507.3	5935	5836	0	0
XM_011451508.3	5800	5701	0	0
XM_011451509.3	3561	3462	16	5.40734
XM_011451510.3	1899	1800	0	0
XM_011451511.3	5182	5083	0	0
XM_011451513.3	2341	2242	0	0
XM_011451515.3	1918	1819	7.32519	4.71169
XM_011451518.3	4503	4404	4	1.06268
XM_011451519.3	2168	2069	338.122	191.207
XM_011451520.3	2263	2164	913.878	494.108
XM_011451521.3	2502	2403	0	0
XM_011451527.3	1760	1661	1	0.704403
XM_011451529.3	3495	3396	31	10.6803
XM_011451530.3	2322	2223	0	0
XM_011451531.3	1606	1507	0	0
XM_011451532.3	4088	3989	2	0.58662
XM_011451533.3	4005	3906	0	0
XM_011451537.3	1376	1277	0	0
XM_011451538.3	1431	1332	0	0
XM_011451539.3	2245	2146	0	0
XM_011451540.3	2321	2222	0	0
XM_011451541.3	2174	2075	0	0
XM_011451542.3	2878	2779	3	1.26306
XM_011451543.2	785	686	5	8.52779
XM_011451545.3	805	706	0	0
XM_011451546.3	842	743	0	0
XM_011451547.3	590	491	4	9.53168
XM_011451548.3	4403	4304	5	1.35922
XM_011451549.3	3209	3110	0	0
XM_011451550.3	3155	3056	3	1.14857
XM_011451552.2	477	378	0	0
XM_011451553.3	1028	929	0	0
XM_011451554.3	980	881	0	0
XM_011451558.3	1367	1268	0	0
XM_011451561.3	2746	2647	0	0
XM_011451563.3	2943	2844	0	0
XM_011451564.3	2762	2663	0	0
XM_011451565.3	3104	3005	0	0
XM_011451566.3	2739	2640	0	0
XM_011451567.3	2990	2891	0	0
XM_011451569.3	3576	3477	2	0.673002
XM_011451572.3	1151	1052	2.72518e-05	3.03089e-05
XM_011451573.3	1505	1406	0	0
XM_011451576.3	3421	3322	7.42435	2.61487
XM_011451577.3	3339	3240	0	0
XM_011451579.3	3486	3387	0	0
XM_011451580.3	3446	3347	0	0
XM_011451581.3	3083	2984	0	0
XM_011451582.3	3108	3009	0	0
XM_011451583.3	3637	3538	0	0
XM_011451584.3	3211	3112	0	0
XM_011451585.3	3276	3177	0	0
XM_011451586.3	3099	3000	0	0
XM_011451587.3	3353	3254	8.57565	3.08347
XM_011451588.3	3051	2952	0	0
XM_011451589.3	3099	3000	0	0
XM_011451590.3	3002	2903	3.36652e-06	1.35683e-06
XM_011451591.3	1803	1704	0	0
XM_011451592.3	2263	2164	5	2.70336
XM_011451596.3	3041	2942	52	20.68
XM_011451599.3	2405	2306	0	0
XM_011451604.3	650	551	0	0
XM_011451607.2	389	290	460.761	1858.95
XM_011451608.2	409	310	0	0
XM_011451610.3	3834	3735	0	0
XM_011451611.3	1693	1594	4.63436	3.40167
XM_011451612.3	1289	1190	0	0
XM_011451613.3	2728	2629	4	1.78016
XM_011451615.3	1578	1479	3	2.37325
XM_011451617.3	1738	1639	4.99904	3.5686
XM_011451618.3	1604	1505	2	1.55484
XM_011451620.3	2135	2036	3	1.72399
XM_011451633.3	1224	1125	4	4.16005
XM_011451636.3	1859	1760	0	0
XM_011451637.3	2888	2789	4	1.67804
XM_011451638.3	2024	1925	0	0
XM_011451639.3	1997	1898	0.00118431	0.000730064
XM_011451640.3	2078	1979	0	0
XM_011451641.3	1255	1156	0	0
XM_011451642.3	1770	1671	24	16.8045
XM_011451643.3	1976	1877	0	0
XM_011451644.3	1771	1672	20.2305	14.1567
XM_011451645.3	1858	1759	0	0
XM_011451646.3	1447	1348	26	22.567
XM_011451648.3	1016	917	0	0
XM_011451649.3	849	750	0	0
XM_011451651.3	2061	1962	0	0
XM_011451653.3	1007	908	0.0700091	0.090211
XM_011451654.3	1005	906	0.929991	1.201
XM_011451655.3	3802	3703	5	1.57982
XM_011451658.3	4059	3960	31	9.1592
XM_011451659.3	2097	1998	0	0
XM_011451660.3	6023	5924	0.992068	0.195937
XM_011451661.3	6008	5909	19.4126	3.84381
XM_011451662.3	627	528	0.144743	0.320741
XM_011451675.3	6910	6811	6	1.0307
XM_011451696.3	1508	1409	0	0
XM_011451699.3	1572	1473	4	3.17723
XM_011451706.3	1390	1291	5	4.53142
XM_011451708.3	3067	2968	35	13.7973
XM_011451709.3	3046	2947	0	0
XM_011451710.3	1755	1656	0	0
XM_011451712.3	1764	1665	0	0
XM_011451713.3	1811	1712	2	1.36684
XM_011451717.3	3355	3256	5	1.7967
XM_011451718.3	1633	1534	7	5.33904
XM_011451719.3	3258	3159	0	0
XM_011451720.3	3030	2931	0	0
XM_011451722.3	3009	2910	0	0
XM_011451723.3	3069	2970	0	0
XM_011451727.3	1789	1690	22	15.2309
XM_011451729.3	4412	4313	0	0
XM_011451730.3	839	740	550	869.605
XM_011451731.3	4328	4229	51	14.1099
XM_011451738.3	716	617	0	0
XM_011451740.3	1363	1264	0	0
XM_011451741.3	2077	1978	0	0
XM_011451743.3	1381	1282	4	3.65059
XM_011451744.3	4312	4213	3	0.833145
XM_011451746.3	1267	1168	6	6.01034
XM_011451749.3	2128	2029	6	3.45987
XM_011451750.3	831	732	20	31.9676
XM_011451753.3	5607	5508	33.7142	7.1616
XM_011451754.3	5537	5438	0	0
XM_011451755.3	2162	2063	0.242737	0.137666
XM_011451757.3	4574	4475	0	0
XM_011451758.3	4545	4446	2.01482e-07	5.30222e-08
XM_011451759.3	4053	3954	0	0
XM_011451760.3	6706	6607	1.11509e-06	1.97468e-07
XM_011451761.3	6676	6577	0.000232116	4.12921e-05
XM_011451762.3	6637	6538	0.248586	0.0444859
XM_011451763.3	1915	1816	0	0
XM_011451765.3	6607	6508	54.7512	9.84321
XM_011451767.3	1747	1648	4	2.83984
XM_011451773.3	2534	2435	0	0
XM_011451774.3	1840	1741	0	0
XM_011451781.3	2294	2195	0	0
XM_011451782.3	1424	1325	34	30.023
XM_011451787.3	3178	3079	11	4.17998
XM_011451790.3	3821	3722	0.000399261	0.000125508
XM_011451791.3	3818	3719	0.00102809	0.000323441
XM_011451792.3	3791	3692	5.29629	1.67842
XM_011451793.3	3788	3689	13.7431	4.3588
XM_011451795.3	2386	2287	8	4.09274
XM_011451796.3	1886	1787	0	0
XM_011451798.3	4798	4699	20	4.97984
XM_011451799.3	4270	4171	0	0
XM_011451800.3	4159	4060	0	0
XM_011451801.3	881	782	118	176.549
XM_011451803.3	4655	4556	20	5.13614
XM_011451805.3	1617	1518	3	2.31228
XM_011451807.3	2426	2327	0	0
XM_011451821.3	3315	3216	7.08449	2.57741
XM_011451822.3	2779	2680	0	0
XM_011451823.3	2918	2819	46.8298	19.4365
XM_011451827.3	5775	5676	24	4.9472
XM_011451836.3	3551	3452	0	0
XM_011451839.3	2133	2034	0.752065	0.432609
XM_011451840.3	2130	2031	4.24794	2.44714
XM_011451841.3	855	756	0	0
XM_011451842.3	7070	6971	0.000451386	7.57607e-05
XM_011451844.3	1642	1543	0	0
XM_011451846.3	5171	5072	16	3.69089
XM_011451856.3	4074	3975	0	0
XM_011451858.3	1835	1736	0	0
XM_011451862.3	6366	6267	0.000698799	0.000130462
XM_011451863.3	6475	6376	0	0
XM_011451864.3	6317	6218	6.96759	1.31106
XM_011451865.3	5976	5877	5.03171	1.00173
XM_011451866.3	6600	6501	0	0
XM_011451867.3	5992	5893	0	0
XM_011451868.3	1046	947	1	1.23549
XM_011451870.3	904	805	0	0
XM_011451871.3	1673	1574	0.000224479	0.000166864
XM_011451872.3	1685	1586	3.03451e-08	2.2386e-08
XM_011451873.3	1659	1560	7.9904	5.99287
XM_011451874.3	1687	1588	0	0
XM_011451875.3	2021	1922	0	0
XM_011451876.3	1684	1585	6.35905e-08	4.69412e-08
XM_011451877.3	1668	1569	0.00937582	0.00699161
XM_011451879.3	1787	1688	0	0
XM_011451880.3	1512	1413	0	0
XM_011451881.3	6036	5937	2	0.394143
XM_011451882.3	5367	5268	0	0
XM_011451883.3	1350	1251	6	5.61158
XM_011451884.3	2225	2126	0	0
XM_011451885.3	2957	2858	0	0
XM_011451887.3	2748	2649	68	30.0343
XM_011451891.3	1616	1517	7	5.39888
XM_011451894.3	1447	1348	7	6.07574
XM_011451902.3	4096	3997	12	3.51267
XM_011451916.3	524	425	14	38.5416
XM_011451917.3	1957	1858	0	0
XM_011451918.3	1171	1072	6	6.54858
XM_011451920.3	2550	2451	15	7.16042
XM_011451921.3	3856	3757	37.9966	11.833
XM_011451922.3	951	852	0	0
XM_011451923.3	1084	985	0	0
XM_011451924.3	4336	4237	36	9.94111
XM_011451930.3	2589	2490	9.64973	4.53426
XM_011451931.3	2592	2493	2.35027	1.10303
XM_011451932.3	3337	3238	22.4971	8.12908
XM_011451933.3	3512	3413	19.5029	6.68579
XM_011451934.3	5602	5503	113.415	24.1136
XM_011451937.3	5601	5502	0	0
XM_011451938.3	5588	5489	1.36272e-08	2.90472e-09
XM_011451939.3	2828	2729	0	0
XM_011451948.3	5526	5427	0.0083425	0.00179857
XM_011451954.3	6391	6292	103.452	19.2371
XM_011451956.3	7050	6951	99	16.664
XM_011451957.3	4614	4515	9.77978	2.53433
XM_011451959.3	981	882	0	0
XM_011451960.3	2104	2005	23.2305	13.5561
XM_011451962.3	692	593	1.54809	3.05444
XM_011451966.3	8774	8675	1.46766e-06	1.97946e-07
XM_011451968.3	1271	1172	0	0
XM_011451972.3	9496	9397	77.8868	9.69763
XM_011451974.3	1491	1392	3	2.52158
XM_011451975.3	3295	3196	0	0
XM_011451976.3	3286	3187	50.5876	18.5718
XM_011451978.3	9458	9359	1.22724	0.153423
XM_011451989.3	9296	9197	67.3591	8.56921
XM_011451991.3	2199	2100	1.61301e-07	8.98686e-08
XM_011451992.3	2193	2094	4.62622e-06	2.58488e-06
XM_011451993.3	2573	2474	0	0
XM_011451995.3	2308	2209	0	0
XM_011451996.3	2256	2157	0	0
XM_011451997.3	2169	2070	3.44869	1.94928
XM_011451998.3	2279	2180	0	0
XM_011451999.3	4258	4159	5	1.4066
XM_011452000.3	1869	1770	0	0
XM_011452001.3	2158	2059	0	0
XM_011452003.3	550	451	19	49.291
XM_011452008.3	1154	1055	4.6405	5.14639
XM_011452010.3	2666	2567	0.00130056	0.000592782
XM_011452012.3	783	684	0	0
XM_011452013.3	2235	2136	24.5224	13.4323
XM_011452015.3	2131	2032	0	0
XM_011452017.3	2327	2228	9	4.72627
XM_011452018.3	1734	1635	11	7.87165
XM_011452019.3	922	823	9	12.7948
XM_011452020.3	2124	2025	30.2507	17.4784
XM_011452021.3	2184	2085	0	0
XM_011452024.3	5176	5077	0	0
XM_011452025.3	5326	5227	0	0
XM_011452027.3	1365	1266	23	21.2562
XM_011452029.3	3964	3865	1	0.30272
XM_011452030.3	1638	1539	6.3595	4.83477
XM_011452031.3	2217	2118	0	0
XM_011452032.3	3384	3285	0	0
XM_011452033.3	3356	3257	0	0
XM_011452034.3	2154	2055	0	0
XM_011452035.3	3044	2945	9.09286e-06	3.61249e-06
XM_011452036.3	2698	2599	0	0
XM_011452039.3	1263	1164	0	0
XM_011452040.3	1212	1113	2.0174	2.12074
XM_011452047.3	927	828	8.11837e-06	1.14717e-05
XM_011452055.3	1558	1459	31	24.8598
XM_011452058.2	2391	2292	1	0.510477
XM_011452062.3	2515	2416	9	4.35849
XM_011452063.3	2484	2385	62	30.4154
XM_011452068.3	1620	1521	25	19.231
XM_011452069.3	1399	1300	20	18.0002
XM_011452072.3	2369	2270	16.4493	8.47836
XM_011452073.3	3188	3089	26	9.84796
XM_011452082.3	1229	1130	15	15.5312
XM_011452083.3	2431	2332	1	0.501721
XM_011452084.3	3866	3767	0	0
XM_011452085.3	2110	2011	6.50111e-07	3.78239e-07
XM_011452086.3	2083	1984	5	2.94862
XM_011452087.3	2124	2025	0	0
XM_011452088.3	3449	3350	47	16.4151
XM_011452093.2	2936	2837	16.9998	7.01092
XM_011452094.3	3421	3322	0	0
XM_011452095.3	3406	3307	29	10.2602
XM_011452096.3	2265	2166	12	6.48207
XM_011452097.3	3700	3601	8	2.59931
XM_011452098.3	1220	1121	14	14.6121
XM_011452099.3	2652	2553	18	8.24921
XM_011452101.3	2801	2702	11	4.76319
XM_011452106.3	819	720	17	27.6253
XM_011452108.3	3063	2964	0	0
XM_011452113.3	3585	3486	32	10.7402
XM_011452114.3	1827	1728	1	0.677091
XM_011452115.3	810	711	37	60.8868
XM_011452116.3	2634	2535	3	1.38463
XM_011452117.3	2115	2016	0	0
XM_011452119.3	2126	2027	11.4362	6.60113
XM_011452120.3	2334	2235	0	0
XM_011452121.3	2121	2022	207.223	119.908
XM_011452124.3	2154	2055	0	0
XM_011452130.3	6551	6452	20	3.62682
XM_011452139.3	1885	1786	15	9.82654
XM_011452140.3	1075	976	9	10.7891
XM_011452141.3	2047	1948	19.3712	11.6348
XM_011452142.3	4568	4469	0	0
XM_011452143.3	3620	3521	58	19.2732
XM_011452144.3	1973	1874	16	9.98944
XM_011452145.3	1970	1871	0	0
XM_011452146.3	1390	1291	0	0
XM_011452150.3	2899	2800	0	0
XM_011452151.3	2505	2406	2	0.97258
XM_011452153.3	1775	1676	0	0
XM_011452154.3	2623	2524	0	0
XM_011452155.3	1861	1762	0.019132	0.0127041
XM_011452156.3	4397	4298	11	2.99445
XM_011452161.3	1232	1133	0	0
XM_011452173.2	2530	2431	54	25.9896
XM_011452181.3	2402	2303	0	0
XM_011452182.3	1114	1015	0	0
XM_011452183.3	760	661	31	54.872
XM_011452184.3	1422	1323	0	0
XM_011452187.3	5051	4952	12	2.83525
XM_011452189.3	2402	2303	0	0
XM_011452191.3	3391	3292	16	5.68658
XM_011452192.3	1283	1184	0.0540727	0.053434
XM_011452193.3	2647	2548	0	0
XM_011452194.3	2467	2368	0	0
XM_011452195.3	2464	2365	0	0
XM_011452196.3	2389	2290	13	6.642
XM_011452197.3	11091	10992	5.04757	0.537274
XM_011452198.3	649	550	0	0
XM_011452199.3	702	603	0	0
XM_011452200.3	2468	2369	27.0296	13.3495
XM_011452201.3	1482	1383	0	0
XM_011452202.3	4865	4766	16.3959	4.02507
XM_011452204.2	921	822	0	0
XM_011452207.3	1968	1869	2	1.25202
XM_011452208.3	1749	1650	1.03308e-05	7.32555e-06
XM_011452215.3	1649	1550	0	0
XM_011452216.3	3379	3280	0.804479	0.286967
XM_011452217.3	3230	3131	27	10.0895
XM_011452222.3	3370	3271	20.1955	7.22379
XM_011452224.2	522	423	0	0
XM_011452234.3	3623	3524	47.9298	15.9133
XM_011452237.3	4241	4142	32.796	9.26406
XM_011452239.3	4578	4479	29	7.57544
XM_011452240.3	3264	3165	0	0
XM_011452241.3	3203	3104	5	1.88469
XM_011452242.3	3036	2937	0	0
XM_011452243.3	720	621	0	0
XM_011452244.3	888	789	0	0
XM_011452245.3	3920	3821	5	1.53103
XM_011452246.3	3039	2940	0	0
XM_011452247.3	3319	3220	13	4.72366
XM_011452250.3	2356	2257	1.39692e-06	7.24155e-07
XM_011452251.3	2336	2237	0.047807	0.0250044
XM_011452252.3	546	447	3	7.85244
XM_011452253.3	1012	913	0	0
XM_011452254.3	3006	2907	0	0
XM_011452255.3	1725	1626	0	0
XM_011452259.3	2923	2824	0.076404	0.031655
XM_011452261.3	2293	2194	8.27139	4.41096
XM_011452262.3	2702	2603	12.7286	5.72134
XM_011452264.3	1395	1296	2	1.80558
XM_011452265.3	1813	1714	17	11.6046
XM_011452267.3	1376	1277	17	15.5757
XM_011452280.3	2287	2188	2.24265	1.19924
XM_011452283.3	2523	2424	27.2907	13.1727
XM_011452289.3	2364	2265	1	0.516562
XM_011452290.3	4697	4598	6	1.52677
XM_011452292.3	3909	3810	0	0
XM_011452300.3	1339	1240	1	0.943559
XM_011452302.3	1785	1686	38	26.3704
XM_011452306.3	815	716	0	0
XM_011452307.2	755	656	0.361851	0.645382
XM_011452308.3	754	655	2.16615	3.86935
XM_011452309.3	2476	2377	15.9161	7.83428
XM_011452310.3	814	715	0	0
XM_011452313.3	3091	2992	3.07015	1.20057
XM_011452314.3	752	653	27	48.3773
XM_011452315.3	2488	2389	2	0.979501
XM_011452316.3	1786	1687	0	0
XM_011452317.3	1650	1551	5.03079	3.79503
XM_011452321.3	1808	1709	106	72.5696
XM_011452322.3	3885	3786	8	2.47229
XM_011452326.3	1833	1734	0	0
XM_011452328.3	2242	2143	16	8.73552
XM_011452329.3	1602	1503	0	0
XM_011452336.3	2865	2766	12.9935	5.49623
XM_011452337.3	1683	1584	0	0
XM_011452343.3	3163	3064	15	5.72787
XM_011452352.3	1055	956	5	6.11932
XM_011452353.3	2445	2346	17	8.47836
XM_011452355.3	3934	3835	21	6.40685
XM_011452356.3	4105	4006	11	3.21272
XM_011452359.3	2259	2160	0	0
XM_011452362.3	1995	1896	1	0.617096
XM_011452363.3	2562	2463	0	0
XM_011452364.3	2299	2200	0	0
XM_011452366.3	1190	1091	0	0
XM_011452369.3	1745	1646	0	0
XM_011452371.3	1844	1745	1	0.670495
XM_011452372.3	2127	2028	0	0
XM_011452373.3	2352	2253	0	0
XM_011452376.3	5996	5897	0	0
XM_011452377.3	5987	5888	0	0
XM_011452378.3	5794	5695	73	14.9975
XM_011452381.3	1201	1102	2	2.12344
XM_011452383.3	4351	4252	3.9411	1.08446
XM_011452385.3	4350	4251	5.19326	1.42935
XM_011452389.3	3252	3153	0	0
XM_011452390.3	3216	3117	0	0
XM_011452391.3	2624	2525	0	0
XM_011452393.3	2946	2847	0	0
XM_011452394.3	2405	2306	0	0
XM_011452395.3	2530	2431	0	0
XM_011452400.3	1165	1066	1	1.09757
XM_011452401.3	3278	3179	7.39585	2.722
XM_011452408.3	1850	1751	1.22747e-08	8.20192e-09
XM_011452409.3	1295	1196	3	2.93482
XM_011452410.3	1356	1257	0	0
XM_011452412.3	1069	970	3	3.6186
XM_011452421.2	1078	979	3	3.58533
XM_011452423.3	1658	1559	0	0
XM_011452425.3	6713	6614	7.93361	1.40345
XM_011452426.3	6174	6075	0	0
XM_011452427.3	6204	6105	0	0
XM_011452428.3	6428	6329	33.0664	6.11283
XM_011452429.3	1938	1839	0	0
XM_011452430.3	2862	2763	7	2.9642
XM_011452431.3	2766	2667	0	0
XM_011452437.3	3456	3357	0	0
XM_011452438.3	3373	3274	13	4.64575
XM_011452440.3	621	522	767	1719.16
XM_011452442.3	3385	3286	16	5.69696
XM_011452444.3	3006	2907	0	0
XM_011452446.3	2818	2719	13	5.59403
XM_011452448.3	2723	2624	6.18369	2.75724
XM_011452449.3	3894	3795	0	0
XM_011452451.3	4697	4598	2.80578e-07	7.13962e-08
XM_011452452.3	4759	4660	0	0
XM_011452453.3	4713	4614	0	0
XM_011452456.3	4703	4604	6.07753e-08	1.54448e-08
XM_011452457.3	4667	4568	0.000606376	0.000155313
XM_011452458.3	4622	4523	66.9984	17.3312
XM_011452460.3	1069	970	3	3.6186
XM_011452461.3	1892	1793	1	0.652545
XM_011452462.3	4467	4368	0.0186954	0.00500775
XM_011452463.3	4443	4344	11.9813	3.22705
XM_011452464.2	573	474	0	0
XM_011452465.3	2382	2283	0	0
XM_011452466.3	2357	2258	0	0
XM_011452468.3	1954	1855	4	2.52294
XM_011452469.3	1833	1734	0	0
XM_011452470.3	1840	1741	0	0
XM_011452471.3	858	759	1173	1808.2
XM_011452472.3	2132	2033	40	23.0204
XM_011452473.3	3046	2947	9	3.57317
XM_011452474.3	2932	2833	0	0
XM_011452475.3	2878	2779	0	0
XM_011452476.3	2311	2212	0	0
XM_011452477.3	2223	2124	0	0
XM_011452478.3	1379	1280	19	17.3674
XM_011452479.3	1381	1282	5	4.56323
XM_011452481.3	1878	1779	1	0.65768
XM_011452482.3	1235	1136	0	0
XM_011452483.3	2340	2241	0	0
XM_011452484.3	2367	2268	0	0
XM_011452485.3	1935	1836	6	3.82357
XM_011452486.3	1493	1394	22	18.4651
XM_011452487.3	3037	2938	109	43.4076
XM_011452492.3	1025	926	0	0
XM_011452493.3	1679	1580	0	0
XM_011452494.3	701	602	0	0
XM_011452495.3	1127	1028	7	7.96702
XM_011452496.2	1353	1254	0	0
XM_011452499.3	610	511	2.32152	5.31547
XM_011452503.3	1162	1063	0	0
XM_011452505.3	2461	2362	34.1503	16.9163
XM_011452507.3	2446	2347	40.8497	20.3642
XM_011452508.3	2393	2294	0	0
XM_011452510.3	2103	2004	15.3394	8.95571
XM_011452519.3	3838	3739	0	0
XM_011452520.3	3699	3600	9	2.92503
XM_011452531.3	3191	3092	51	19.2984
XM_011452532.3	2337	2238	0	0
XM_011452541.3	1892	1793	0	0
XM_011452551.3	3623	3524	7	2.32409
XM_011452552.3	2516	2417	0	0
XM_011452556.3	1674	1575	0	0
XM_011452557.3	1685	1586	0	0
XM_011452560.3	2564	2465	18	8.54371
XM_011452561.3	2485	2386	0	0
XM_011452562.3	1366	1267	1	0.923452
XM_011452563.3	7742	7643	0.000299905	4.59103e-05
XM_011452564.3	7724	7625	0.00476595	0.000731308
XM_011452565.3	7679	7580	4.93756	0.762139
XM_011452566.3	7663	7564	58.8786	9.10745
XM_011452567.3	9153	9054	7.17874	0.927681
XM_011452568.3	6375	6276	0	0
XM_011452570.3	6359	6260	0	0
XM_011452571.2	6321	6222	0	0
XM_011452572.2	4111	4012	90	26.2466
XM_011452575.3	3267	3168	34.9262	12.899
XM_011452576.3	4686	4587	0	0
XM_011452577.3	4459	4360	0	0
XM_011452578.3	3832	3733	2	0.626849
XM_011452580.3	5055	4956	0	0
XM_011452584.3	1431	1332	1	0.878388
XM_011452585.3	2525	2426	0	0
XM_011452588.3	2420	2321	11	5.54509
XM_011452589.3	1959	1860	0	0
XM_011452590.3	1988	1889	0	0
XM_011452591.3	1976	1877	0	0
XM_011452592.3	1611	1512	0	0
XM_011452595.2	4323	4224	0.0922024	0.0255393
XM_011452596.3	3738	3639	4.12942	1.3277
XM_011452597.3	5179	5080	0.379176	0.0873309
XM_011452598.3	5161	5062	24.384	5.63602
XM_011452599.3	5056	4957	0	0
XM_011452600.3	4548	4449	85.2369	22.4159
XM_011452601.3	972	873	0	0
XM_011452607.3	2343	2244	3.30908e-06	1.72534e-06
XM_011452608.3	2314	2215	14	7.39512
XM_011452609.3	1401	1302	8	7.18902
XM_011452613.3	2223	2124	9	4.95768
XM_011452614.3	2253	2154	6.44586e-07	3.50127e-07
XM_011452616.2	1203	1104	3	3.17938
XM_011452618.3	2171	2072	1	0.564678
XM_011452620.3	2152	2053	4	2.27962
XM_011452621.3	2665	2566	0.5	0.227984
XM_011452628.3	707	608	0	0
XM_011452633.3	1774	1675	3.56841	2.49259
XM_011452634.3	1480	1381	1.84008e-08	1.55896e-08
XM_011452635.3	3242	3143	10.5117	3.91308
XM_011452637.2	4798	4699	0	0
XM_011452639.3	3831	3732	7	2.19456
XM_011452641.3	3787	3688	8	2.53799
XM_011452643.3	4596	4497	2	0.520353
XM_011452645.3	4361	4262	0	0
XM_011452656.3	1789	1690	16	11.0771
XM_011452657.3	3112	3013	30.046	11.6675
XM_011452659.2	887	788	0	0
XM_011452670.3	1986	1887	0	0
XM_011452672.3	3353	3254	0	0
XM_011452673.3	2083	1984	0	0
XM_011452679.3	2585	2486	0.0222954	0.0104931
XM_011452680.3	1764	1665	16	11.2434
XM_011452681.3	2477	2378	41.4997	20.4185
XM_011452682.3	2477	2378	41.4997	20.4185
XM_011452683.3	2501	2402	0.000317989	0.000154893
XM_011452684.3	2552	2453	0	0
XM_011452685.3	1274	1175	18	17.9236
XM_011452686.3	1799	1700	5	3.44122
XM_011452687.3	2142	2043	30.9234	17.7097
XM_011452689.3	2076	1977	4.07656	2.41256
XM_011452690.3	2149	2050	0	0
XM_011452691.3	937	838	0	0
XM_011452692.3	1740	1641	0	0
XM_011452693.3	3730	3631	2	0.644458
XM_011452694.3	2482	2383	1	0.490983
XM_011452695.3	6136	6037	0	0
XM_011452696.3	6115	6016	14.3238	2.78575
XM_011452697.3	3345	3246	0	0
XM_011452698.3	5989	5890	0	0
XM_011452699.3	5695	5596	6.31362	1.32005
XM_011452700.3	4189	4090	9.13479	2.61316
XM_011452702.3	5558	5459	8	1.71462
XM_011452703.3	3204	3105	0	0
XM_011452704.3	3192	3093	0	0
XM_011452705.3	2178	2079	8	4.50222
XM_011452706.3	943	844	16	22.1803
XM_011452707.3	2735	2636	2	0.887719
XM_011452708.3	963	864	679	919.49
XM_011452709.3	1958	1859	13.97	8.79241
XM_011452710.3	1927	1828	2.02999	1.2993
XM_011452712.3	5654	5555	0	0
XM_011452713.3	5633	5534	0	0
XM_011452714.3	5673	5574	0	0
XM_011452715.3	5537	5438	0	0
XM_011452716.3	2785	2686	0	0
XM_011452717.3	5516	5417	0	0
XM_011452719.3	5560	5461	0	0
XM_011452720.3	5443	5344	0.00068503	0.00014998
XM_011452721.3	3871	3772	3	0.930551
XM_011452722.3	1923	1824	16	10.2633
XM_011452725.3	682	583	13	26.0895
XM_011452727.3	2137	2038	30.4928	17.5059
XM_011452728.3	2793	2694	0	0
XM_011452731.3	3867	3768	7.27311e-05	2.2584e-05
XM_011452732.3	3856	3757	0.00224428	0.000698919
XM_011452733.3	814	715	2	3.27276
XM_011452734.3	2849	2750	0	0
XM_011452745.3	1621	1522	18	13.8372
XM_011452749.3	1467	1368	0	0
XM_011452750.3	2565	2466	0	0
XM_011452751.3	5568	5469	0	0
XM_011452752.3	5424	5325	31	6.81135
XM_011452753.3	5107	5008	0	0
XM_011452754.3	2621	2522	0	0
XM_011452768.3	1720	1621	5	3.60892
XM_011452771.3	1562	1463	0	0
XM_011452772.3	1426	1327	0	0
XM_011452788.3	3824	3725	0	0
XM_011452789.3	3812	3713	0.177883	0.0560532
XM_011452790.3	3504	3405	13.6595	4.69363
XM_011452795.3	2505	2406	7	3.40403
XM_011452798.3	1076	977	0	0
XM_011452804.3	1662	1563	2	1.49714
XM_011452823.3	573	474	5	12.3419
XM_011452824.3	511	412	0	0
XM_011452838.3	1216	1117	3	3.14238
XM_011452840.3	2450	2351	0.836299	0.416198
XM_011452841.3	2446	2347	6.1637	3.07269
XM_011452847.3	3294	3195	12	4.39442
XM_011452848.3	678	579	0	0
XM_011452851.3	2162	2063	0	0
XM_011452854.3	1757	1658	108	76.2132
XM_011452857.3	2237	2138	6.94965	3.80317
XM_011452858.3	1352	1253	10	9.3377
XM_011452872.3	1597	1498	0.001039	0.00081151
XM_011452873.3	1585	1486	12.999	10.2348
XM_011452874.3	1771	1672	316	221.127
XM_011452875.3	1548	1449	0	0
XM_011452876.3	1535	1436	0	0
XM_011452877.3	2165	2066	24	13.5916
XM_011452878.3	1530	1431	1.78624e-08	1.46046e-08
XM_011452879.3	1505	1406	17	14.1467
XM_011452880.2	1777	1678	0	0
XM_011452882.3	4824	4725	31.7137	7.853
XM_011452891.3	853	754	13	20.1726
XM_011452896.3	1430	1331	0	0
XM_011452897.3	5340	5241	0.0712195	0.0158992
XM_011452898.3	1382	1283	0	0
XM_011452899.3	1419	1320	13	11.5229
XM_011452900.3	1383	1284	0	0
XM_011452901.3	1510	1411	0	0
XM_011452902.3	1010	911	1.28967e-08	1.65635e-08
XM_011452903.3	5313	5214	30.4645	6.83618
XM_011452908.3	1707	1608	0.999981	0.727607
XM_011452909.3	1722	1623	1.86165e-05	1.34206e-05
XM_011452910.3	5227	5128	5.46431	1.24675
XM_011452914.3	775	676	7	12.1155
XM_011452919.3	5218	5119	0	0
XM_011452921.3	1720	1621	0	0
XM_011452926.3	1963	1864	0	0
XM_011452927.3	1944	1845	0	0
XM_011452928.3	1944	1845	0	0
XM_011452929.3	1925	1826	2.34679e-05	1.50371e-05
XM_011452930.3	1906	1807	4.99998	3.23743
XM_011452931.3	2017	1918	34.4372	21.0073
XM_011452933.3	4520	4421	0	0
XM_011452934.3	943	844	3	4.15882
XM_011452935.3	2674	2575	1	0.454374
XM_011452936.3	902	803	5	7.28526
XM_011452937.3	4400	4301	2.53837e-07	6.9052e-08
XM_011452939.3	4432	4333	0	0
XM_011452940.3	4395	4296	9.93388e-07	2.70549e-07
XM_011452941.3	4525	4426	0	0
XM_011452942.3	3492	3393	0	0
XM_011452943.3	3702	3603	12.3815	4.02067
XM_011452944.3	3442	3343	0.00026235	9.18196e-05
XM_011452946.3	953	854	0	0
XM_011452950.3	4448	4349	0	0
XM_011452951.3	2140	2041	14	8.02557
XM_011452957.3	793	694	0.271553	0.457811
XM_011452958.3	4459	4360	4.82077e-08	1.29366e-08
XM_011452959.3	790	691	43.7284	74.0418
XM_011452960.3	824	725	271.44	438.052
XM_011452962.3	2296	2197	4	2.1302
XM_011452963.3	1593	1494	1	0.783142
XM_011452964.3	2091	1992	0	0
XM_011452966.3	4446	4347	0	0
XM_011452967.3	1122	1023	36	41.1735
XM_011452968.3	781	682	0	0
XM_011452969.3	712	613	0	0
XM_011452972.3	785	686	0	0
XM_011452973.3	723	624	0	0
XM_011452974.3	1721	1622	0	0
XM_011452975.3	2163	2064	5	2.83433
XM_011452976.3	1752	1653	3	2.12344
XM_011452983.3	1735	1636	0	0
XM_011452991.2	8168	8069	0	0
XM_011452993.3	4501	4402	0	0
XM_011452995.3	1846	1747	8.28504	5.54872
XM_011452996.3	1819	1720	8.71496	5.92826
XM_011452997.3	4216	4117	4	1.13676
XM_011452998.3	2899	2800	39	16.2966
XM_011452999.3	2784	2685	0	0
XM_011453001.3	3924	3825	35	10.706
XM_011453002.3	1679	1580	19.6598	14.5584
XM_011453005.3	1724	1625	0	0
XM_011453006.3	1672	1573	0.999409	0.743371
XM_011453007.3	1719	1620	0	0
XM_011453009.3	2408	2309	1	0.506719
XM_011453010.3	3392	3293	24	8.52728
XM_011453011.3	2719	2620	2	0.89314
XM_011453013.3	1382	1283	19	17.3268
XM_011453014.3	5183	5084	10.6384	2.44828
XM_011453015.3	3556	3457	6.58075	2.22724
XM_011453028.3	30771	30672	68	2.59393
XM_011453030.3	1051	952	0	0
XM_011453037.2	1976	1877	18.223	11.3592
XM_011453038.2	3025	2926	0	0
XM_011453042.3	573	474	388	957.732
XM_011453044.3	2228	2129	5	2.7478
XM_011453048.3	3641	3542	3	0.990977
XM_011453049.3	2084	1985	0	0
XM_011453050.3	2175	2076	0	0
XM_011453062.3	1101	1002	1	1.16768
XM_011453063.3	1825	1726	5	3.38938
XM_011453064.3	2046	1947	20	12.0186
XM_011453065.3	3024	2925	2	0.800009
XM_011453066.3	7720	7621	0	0
XM_011453067.3	7630	7531	0	0
XM_011453069.3	7717	7618	0	0
XM_011453070.3	7717	7618	0	0
XM_011453073.3	6657	6558	3.94014	0.702961
XM_011453074.3	6653	6554	8.05986	1.43884
XM_011453076.3	3087	2988	0	0
XM_011453079.3	1947	1848	0	0
XM_011453080.3	1869	1770	0	0
XM_011453081.3	1849	1750	0	0
XM_011453082.3	2240	2141	0	0
XM_011453084.3	3072	2973	0	0
XM_011453085.3	2342	2243	15	7.82443
XM_011453090.3	3237	3138	0	0
XM_011453101.3	3213	3114	0	0
XM_011453112.3	3045	2946	0	0
XM_011453114.3	2202	2103	1	0.556354
XM_011453115.3	3830	3731	0.343573	0.107742
XM_011453117.3	3825	3726	1.65643	0.52014
XM_011453118.3	3874	3775	3.65971e-07	1.13428e-07
XM_011453122.3	3030	2931	0	0
XM_011453125.2	2111	2012	5.28455e-05	3.07306e-05
XM_011453126.3	2093	1994	1.99995	1.1735
XM_011453129.3	2465	2366	12	5.93413
XM_011453133.3	1750	1651	22	15.5907
XM_011453134.3	1784	1685	0	0
XM_011453135.3	1849	1750	0	0
XM_011453136.3	2120	2021	0	0
XM_011453139.3	1709	1610	2.13951	1.55481
XM_011453142.3	1545	1446	0	0
XM_011453143.3	1953	1854	1.86049	1.17411
XM_011453144.3	1526	1427	0	0
XM_011453145.3	2245	2146	11	5.99727
XM_011453146.3	510	411	50	142.337
XM_011453147.3	2795	2696	0	0
XM_011453148.3	1969	1870	0.999996	0.625673
XM_011453149.3	3111	3012	0	0
XM_011453152.3	1945	1846	4	2.53524
XM_011453153.3	1228	1129	2	2.07265
XM_011453154.3	1167	1068	5	5.47759
XM_011453157.3	3006	2907	3.47062e-07	1.39686e-07
XM_011453163.3	3003	2904	1.16521e-06	4.69459e-07
XM_011453165.3	3379	3280	2.63586e-07	9.40241e-08
XM_011453166.3	1205	1106	4.4929	4.75295
XM_011453168.3	2393	2294	2	1.02006
XM_011453169.3	2964	2865	9	3.67543
XM_011453170.3	3705	3606	57	18.4944
XM_011453171.3	2322	2223	0	0
XM_011453173.3	1258	1159	56	56.5321
XM_011453175.3	727	628	0	0
XM_011453180.3	1194	1095	0	0
XM_011453181.3	1116	1017	11	12.655
XM_011453183.3	2093	1994	12	7.0412
XM_011453184.3	4237	4138	0	0
XM_011453186.3	3585	3486	0	0
XM_011453188.3	658	559	2	4.18609
XM_011453191.3	5202	5103	0	0
XM_011453196.3	4737	4638	0.00426008	0.00107468
XM_011453197.3	2304	2205	8	4.24495
XM_011453198.3	3339	3240	0	0
XM_011453199.3	2962	2863	0	0
XM_011453225.2	1989	1890	1	0.619055
XM_011453226.3	1989	1890	8.50643	5.26595
XM_011453228.3	1098	999	0	0
XM_011453229.3	12766	12667	43	3.97178
XM_011453230.3	1418	1319	0	0
XM_011453232.3	703	604	1	1.93711
XM_011453233.3	470	371	0	0
XM_011453234.3	567	468	0	0
XM_011453235.3	2939	2840	46	18.9509
XM_011453236.3	1366	1267	0	0
XM_011453237.3	5069	4970	0	0
XM_011453238.3	5415	5316	0	0
XM_011453240.3	5113	5014	0	0
XM_011453241.3	5049	4950	0	0
XM_011453242.3	5185	5086	0	0
XM_011453243.3	5115	5016	0	0
XM_011453244.3	5039	4940	13.9994	3.31568
XM_011453250.3	2847	2748	0	0
XM_011453251.3	2373	2274	0	0
XM_011453252.3	2447	2348	0	0
XM_011453253.3	2440	2341	1.51553	0.757448
XM_011453254.3	2539	2440	1.48447	0.711826
XM_011453255.3	3185	3086	35	13.2698
XM_011453257.3	3262	3163	0.000311976	0.000115402
XM_011453259.3	3236	3137	4.99969	1.86474
XM_011453260.3	2669	2570	1	0.455258
XM_011453262.3	1210	1111	0	0
XM_011453263.3	3185	3086	11	4.17049
XM_011453264.3	2915	2816	12	4.98585
XM_011453267.3	4232	4133	17	4.81254
XM_011453268.3	808	709	19	31.3544
XM_011453269.3	5810	5711	0.00976427	0.00200041
XM_011453270.3	2131	2032	945.341	544.322
XM_011453271.3	937	838	0	0
XM_011453273.3	2355	2256	0	0
XM_011453276.3	759	660	0	0
XM_011453277.3	581	482	9	21.8467
XM_011453278.3	3667	3568	38.0995	12.4935
XM_011453280.3	3716	3617	5.55603	1.79724
XM_011453282.3	3712	3613	20.3445	6.58824
XM_011453285.3	2515	2416	16	7.74843
XM_011453286.3	2498	2399	0	0
XM_011453287.3	1816	1717	7	4.77
XM_011453288.3	4452	4353	0	0
XM_011453289.3	3951	3852	11	3.34116
XM_011453290.3	635	536	0	0
XM_011453292.3	1979	1880	82.1181	51.106
XM_011453293.3	574	475	0	0
XM_011453294.3	2981	2882	1	0.405973
XM_011453295.3	609	510	0	0
XM_011453296.2	626	527	0.00148945	0.00330679
XM_011453297.2	621	522	106.999	239.827
XM_011453298.3	1806	1707	64	43.8669
XM_011453299.3	2343	2244	12	6.25676
XM_011453302.3	1887	1788	30.4037	19.8953
XM_011453322.3	6046	5947	0	0
XM_011453323.3	6049	5950	2.17404e-05	4.27506e-06
XM_011453324.3	6042	5943	0	0
XM_011453325.3	6015	5916	0	0
XM_011453326.3	5975	5876	0	0
XM_011453327.3	936	837	0	0
XM_011453328.3	5913	5814	0	0
XM_011453329.3	5914	5815	0	0
XM_011453330.3	2961	2862	0	0
XM_011453331.3	5927	5828	0	0
XM_011453333.3	5978	5879	28.3603	5.64414
XM_011453334.3	1534	1435	0.0946876	0.0772026
XM_011453335.3	1646	1547	12	9.07573
XM_011453336.3	1733	1634	3	2.14813
XM_011453339.3	3954	3855	36	10.9262
XM_011453340.3	3689	3590	0.000790018	0.000257474
XM_011453341.3	3656	3557	39.9992	13.157
XM_011453342.3	2294	2195	0	0
XM_011453344.3	4631	4532	0	0
XM_011453346.3	3757	3658	0	0
XM_011453347.3	3637	3538	0	0
XM_011453348.3	3761	3662	0	0
XM_011453349.3	3538	3439	3.79309e-05	1.29048e-05
XM_011453350.3	3625	3526	0	0
XM_011453352.2	3590	3491	0	0
XM_011453353.3	697	598	1	1.95654
XM_011453356.3	4783	4684	34.1335	8.52617
XM_011453357.3	4125	4026	0	0
XM_011453358.3	3508	3409	36.2525	12.4423
XM_011453359.3	4094	3995	0	0
XM_011453360.3	3519	3420	0.828301	0.283369
XM_011453361.3	3999	3900	0	0
XM_011453362.3	3511	3412	12.919	4.43005
XM_011453372.3	3009	2910	64	25.7323
XM_011453374.3	1991	1892	2.06642	1.27788
XM_011453377.2	2231	2132	1	0.548787
XM_011453378.3	1106	1007	5	5.8094
XM_011453380.2	2736	2637	0	0
XM_011453383.3	1791	1692	33	22.8194
XM_011453384.3	1733	1634	6	4.29625
XM_011453385.3	4548	4449	21	5.52265
XM_011453387.3	4626	4527	2.93976e-08	7.59786e-09
XM_011453388.3	2035	1936	7.61841	4.60415
XM_011453389.3	698	599	6.38159	12.465
XM_011453391.3	4306	4207	0.00466461	0.00129728
XM_011453392.3	4281	4182	5.07116	1.41878
XM_011453393.3	4271	4172	0	0
XM_011453394.3	4273	4174	47.9242	13.4336
XM_011453395.3	2770	2671	23	10.075
XM_011453396.3	1343	1244	5	4.70263
XM_011453397.3	1011	912	2	2.56582
XM_011453400.3	2710	2611	0	0
XM_011453404.3	2633	2534	1	0.461726
XM_011453410.3	4026	3927	0	0
XM_011453413.3	4737	4638	20	5.04534
XM_011453414.3	2321	2222	26.9918	14.2128
XM_011453415.3	2071	1972	3.00823	1.78482
XM_011453416.3	3525	3426	0	0
XM_011453417.3	3436	3337	3	1.05186
XM_011453418.3	1771	1672	13	9.09699
XM_011453419.3	2352	2253	2	1.03863
XM_011453420.3	4916	4817	8.70227e-05	2.11372e-05
XM_011453421.3	4904	4805	0	0
XM_011453422.3	4868	4769	10.9999	2.69869
XM_011453426.3	8286	8187	29	4.14442
XM_011453427.3	850	751	35	54.5279
XM_011453429.3	1076	977	4	4.79023
XM_011453431.3	2025	1926	68	41.3089
XM_011453437.3	5023	4924	10	2.37614
XM_011453438.3	1788	1689	0	0
XM_011453440.3	1785	1686	0	0
XM_011453441.3	2900	2801	0	0
XM_011453442.3	3136	3037	0	0
XM_011453444.3	3579	3480	0	0
XM_011453446.3	1477	1378	0	0
XM_011453447.3	1428	1329	27.4428	24.1599
XM_011453448.3	1906	1807	20	12.9498
XM_011453449.3	3742	3643	113	36.2919
XM_011453451.3	4532	4433	25	6.59832
XM_011453453.3	2129	2030	4	2.30545
XM_011453454.3	3190	3091	0	0
XM_011453455.3	771	672	8	13.9287
XM_011453457.3	4257	4158	0	0
XM_011453458.3	4621	4522	9.69814	2.50928
XM_011453459.3	4154	4055	3.99301	1.15213
XM_011453461.3	2484	2385	11.9957	5.88474
XM_011453462.3	4174	4075	0.0124419	0.00357232
XM_011453467.2	1363	1264	1	0.925644
XM_011453473.3	1681	1582	4.00433	2.96152
XM_011453481.3	3750	3651	0	0
XM_011453483.3	3144	3045	57	21.9017
XM_011453488.3	1811	1712	0	0
XM_011453495.3	628	529	13	28.7527
XM_011453496.3	666	567	0	0
XM_011453497.3	2247	2148	0	0
XM_011453500.3	1310	1211	1	0.966155
XM_011453501.3	1701	1602	0	0
XM_011453503.3	3277	3178	7	2.57712
XM_011453504.3	3811	3712	0	0
XM_011453505.3	3221	3122	0	0
XM_011453506.3	5735	5636	0	0
XM_011453507.3	1009	910	1	1.28573
XM_011453508.3	593	494	483	1143.96
XM_011453509.3	2178	2079	0	0
XM_011453510.3	2157	2058	0	0
XM_011453511.3	2143	2044	0	0
XM_011453515.3	1027	928	7	8.82553
XM_011453519.3	1061	962	10.8791	13.2315
XM_011453520.3	3029	2930	0	0
XM_011453524.3	2946	2847	0.854173	0.351034
XM_011453529.3	6323	6224	63	11.843
XM_011453532.3	1623	1524	1	0.767725
XM_011453538.3	1684	1585	2	1.47636
XM_011453540.3	1566	1467	1	0.797555
XM_011453541.3	947	848	0	0
XM_011453542.3	2335	2236	11	5.75588
XM_011453545.3	2500	2401	1	0.487303
XM_011453560.3	1868	1769	49	32.4085
XM_011453561.3	2072	1973	0	0
XM_011453567.3	1283	1184	0	0
XM_011453575.3	1967	1868	12.1226	7.59294
XM_011453577.3	1951	1852	7.75398e-06	4.89863e-06
XM_011453578.3	437	338	50	173.079
XM_011453593.3	1785	1686	6	4.16375
XM_011453598.2	887	788	0	0
XM_011453599.3	5443	5344	0	0
XM_011453600.3	1370	1271	42	38.6629
XM_011453602.3	2242	2143	10	5.4597
XM_011453603.3	1318	1219	26	24.9552
XM_011453604.3	1207	1108	24	25.3433
XM_011453608.3	1302	1203	0	0
XM_011453609.3	902	803	0	0
XM_011453610.3	3240	3141	21	7.82244
XM_011453611.3	2233	2134	0.00221663	0.00121532
XM_011453612.3	2219	2120	4.99778	2.75824
XM_011453613.3	1642	1543	36	27.2978
XM_011453614.3	928	829	1.31935	1.86207
XM_011453616.3	559	460	0	0
XM_011453617.3	540	441	0	0
XM_011453618.3	2123	2024	0	0
XM_011453619.3	1693	1594	4.73605	3.47631
XM_011453620.3	909	810	2	2.88892
XM_011453621.3	1915	1816	2	1.28856
XM_011453622.3	2219	2120	0	0
XM_011453626.3	4147	4048	0.000173662	5.01943e-05
XM_011453627.3	4132	4033	0.013518	0.00392169
XM_011453628.3	4105	4006	35.7172	10.4317
XM_011453641.3	2566	2467	0.000142637	6.76479e-05
XM_011453647.3	2455	2356	11	5.46271
XM_011453659.3	607	508	4	9.2127
XM_011453661.3	1187	1088	30	32.2614
XM_011453699.3	2315	2216	0	0
XM_011453700.3	2135	2036	6	3.44798
XM_011453701.3	2207	2108	0	0
XM_011453706.3	2553	2454	3	1.43033
XM_011453707.3	2560	2461	1	0.475422
XM_011453708.3	3125	3026	3	1.15996
XM_011453711.3	1784	1685	4	2.77748
XM_011453715.3	1416	1317	19	16.8795
XM_011453716.3	3262	3163	0	0
XM_011453717.3	3283	3184	0	0
XM_011453723.3	2989	2890	46.4271	18.796
XM_011453730.3	3008	2909	0	0
XM_011453731.3	2825	2726	5	2.14603
XM_011453736.3	1447	1348	0	0
XM_011453737.3	2866	2767	0	0
XM_011453739.3	2681	2582	0	0
XM_011453741.3	3387	3288	2	0.711687
XM_011453748.3	2237	2138	0.0418032	0.0228767
XM_011453753.3	3885	3786	0	0
XM_011453754.3	3622	3523	2.95235	0.980496
XM_011453755.3	3586	3487	0	0
XM_011453758.3	2293	2194	1	0.533279
XM_011453764.3	998	899	4.0392	5.25686
XM_011453765.3	2412	2313	3	1.51753
XM_011453766.3	1958	1859	6	3.77627
XM_011453778.3	861	762	0	0
XM_011453780.3	788	689	0	0
XM_011453781.3	779	680	0	0
XM_011453784.3	3371	3272	1.48477	0.530931
XM_011453788.3	2350	2251	6	3.11865
XM_011453789.3	548	449	5	13.0291
XM_011453790.3	893	794	1.8856	2.77855
XM_011453793.3	2430	2331	19	9.53679
XM_011453800.3	2280	2181	1.02002	0.547195
XM_011453801.3	2277	2178	5.12642	2.7539
XM_011453803.3	3276	3177	7	2.57793
XM_011453804.3	3503	3404	65	22.3416
XM_011453805.3	4248	4149	1	0.281999
XM_011453810.3	2931	2832	0	0
XM_011453811.3	1853	1754	6.07303	4.05104
XM_011453814.3	2322	2223	0	0
XM_011453817.3	1497	1398	1	0.836919
XM_011453818.3	2361	2262	4	2.06899
XM_011453822.3	1518	1419	20	16.4907
XM_011453823.3	4802	4703	14	3.48292
XM_011453845.3	5720	5621	0	0
XM_011453857.3	6976	6877	93	15.8225
XM_011453866.3	613	514	0	0
XM_011453869.3	1025	926	0	0
XM_011453871.3	2908	2809	0	0
XM_011453872.3	2864	2765	0	0
XM_011453883.3	925	826	4	5.66592
XM_011453885.3	1167	1068	2.37376	2.6005
XM_011453894.3	3247	3148	0	0
XM_011453898.3	14538	14439	0	0
XM_011453899.3	2210	2111	0	0
XM_011453900.3	2865	2766	0	0
XM_011453901.3	2832	2733	0	0
XM_011453902.3	2959	2860	33.4443	13.6819
XM_011453903.3	3859	3760	34.5393	10.7477
XM_011453904.3	1884	1785	21.2613	13.9362
XM_011453915.3	613	514	0	0
XM_011453916.3	1942	1843	0	0
XM_011453917.3	14529	14430	3.14499	0.255003
XM_011453918.3	1717	1618	2	1.44625
XM_011453919.3	2196	2097	0	0
XM_011453921.3	1783	1684	0	0
XM_011453922.3	2358	2259	0	0
XM_011453923.3	2353	2254	0	0
XM_011453924.3	2346	2247	0	0
XM_011453925.3	2343	2244	0	0
XM_011453926.3	14529	14430	0	0
XM_011453927.3	2340	2241	0	0
XM_011453928.3	2337	2238	0	0
XM_011453929.3	2334	2235	0	0
XM_011453930.3	2319	2220	0	0
XM_011453932.3	2254	2155	0	0
XM_011453933.3	2248	2149	0.00294703	0.00160449
XM_011453934.3	2232	2133	0	0
XM_011453935.3	2232	2133	18.8984	10.3663
XM_011453936.3	2456	2357	0	0
XM_011453937.3	14526	14427	0	0
XM_011453938.3	2432	2333	0	0
XM_011453939.3	2416	2317	0	0
XM_011453940.3	2354	2255	0	0
XM_011453941.3	2330	2231	0	0
XM_011453942.3	2314	2215	0	0
XM_011453945.3	3832	3733	15	4.70137
XM_011453946.3	1160	1061	56	61.7538
XM_011453947.3	14514	14415	0	0
XM_011453948.3	3837	3738	6	1.87803
XM_011453951.3	1684	1585	0	0
XM_011453952.3	3389	3290	0.255385	0.090822
XM_011453953.3	3386	3287	0.744615	0.265047
XM_011453954.3	1619	1520	1	0.769746
XM_011453955.3	14505	14406	22.1618	1.79992
XM_011453956.3	2105	2006	0	0
XM_011453965.3	14456	14357	0	0
XM_011453972.3	7158	7059	0	0
XM_011453975.3	803	704	28	46.5346
XM_011453977.3	14447	14348	0	0
XM_011453979.3	1527	1428	20	16.3867
XM_011453980.3	1772	1673	21	14.6864
XM_011453981.3	1048	949	12	14.7947
XM_011453982.3	1472	1373	8	6.81727
XM_011453983.3	1397	1298	0	0
XM_011453984.3	1299	1200	24	23.4003
XM_011453988.2	870	771	5.87637	8.91754
XM_011453990.3	1328	1229	0	0
XM_011454000.2	1296	1197	1	0.977455
XM_011454001.2	381	282	0	0
XM_011454018.3	2910	2811	11	4.57849
XM_011454027.3	2216	2117	33	18.2383
XM_011454028.3	779	680	9	15.4855
XM_011454037.3	1413	1314	25	22.2605
XM_011454038.3	963	864	0	0
XM_011454039.3	599	500	0	0
XM_011454040.3	2113	2014	12	6.97128
XM_011454041.3	1062	963	0	0
XM_011454046.3	1143	1044	11	12.3277
XM_011454047.3	1862	1763	3	1.99095
XM_011454048.3	2700	2601	2	0.899664
XM_011454049.3	635	536	0	0
XM_011454050.3	3612	3513	82	27.3103
XM_011454051.3	2350	2251	13	6.75707
XM_011454052.3	1476	1377	0.153058	0.130051
XM_011454053.3	1473	1374	1.97666	1.6832
XM_011454058.3	4195	4096	6.77851	1.93627
XM_011454059.3	4195	4096	0	0
XM_011454060.3	3410	3311	3.22149	1.13838
XM_011454061.2	2094	1995	0	0
XM_011454062.3	879	780	0	0
XM_011454063.3	3006	2907	5	2.01241
XM_011454064.3	2162	2063	0	0
XM_011454065.3	3667	3568	0	0
XM_011454066.3	3695	3596	0	0
XM_011454069.3	3275	3176	3.4986	1.28886
XM_011454070.3	1457	1358	34	29.2934
XM_011454072.3	1229	1130	0	0
XM_011454073.3	1727	1628	2	1.43736
XM_011454074.3	1253	1154	0	0
XM_011454075.3	1912	1813	2	1.29069
XM_011454076.3	2959	2860	24	9.81829
XM_011454077.3	2830	2731	4	1.71368
XM_011454078.3	4599	4500	0	0
XM_011454079.3	4576	4477	0	0
XM_011454080.3	4504	4405	0.0625085	0.0166029
XM_011454081.3	4480	4381	37.9375	10.1318
XM_011454082.3	6307	6208	0	0
XM_011454084.3	1144	1045	9	10.0767
XM_011454086.3	1027	928	0	0
XM_011454087.3	2970	2871	9	3.66775
XM_011454088.3	1861	1762	0	0
XM_011454090.3	2116	2017	18	10.4414
XM_011454091.2	1491	1392	8.07793	6.78971
XM_011454092.3	1765	1666	3.73274	2.62146
XM_011454093.3	1933	1834	0	0
XM_011454094.3	1972	1873	0	0
XM_011454095.3	1526	1427	0	0
XM_011454096.3	1562	1463	90.1893	72.1276
XM_011454097.3	3943	3844	15	4.56561
XM_011454098.3	6915	6816	1.69278e-07	2.90578e-08
XM_011454099.3	6825	6726	1	0.173954
XM_011454100.3	1207	1108	1	1.05597
XM_011454101.3	3489	3390	27.3482	9.43887
XM_011454104.3	3297	3198	0.00650194	0.00237879
XM_011454105.3	3276	3177	14.7667	5.43821
XM_011454106.3	3899	3800	10.7649	3.31449
XM_011454107.3	3193	3094	6.46195	2.44362
XM_011454108.3	3606	3507	0	0
XM_011454109.3	3321	3222	0	0
XM_011454111.3	2637	2538	0	0
XM_011454113.3	961	862	9.50298	12.8986
XM_011454117.3	1075	976	0	0
XM_011454124.2	1883	1784	35	22.9543
XM_011454125.3	2769	2670	43	18.8429
XM_011454130.3	1707	1608	12	8.73144
XM_011454131.3	1253	1154	953	966.224
XM_011454132.2	722	623	48	90.1455
XM_011454133.3	1311	1212	9	8.68822
XM_011454134.2	811	712	34	55.8714
XM_011454139.3	2500	2401	21	10.2334
XM_011454141.3	2535	2436	0	0
XM_011454143.3	2283	2184	56	30.0003
XM_011454144.3	2207	2108	0	0
XM_011454145.3	3554	3455	46	15.5776
XM_011454146.3	1894	1795	3	1.95545
XM_011454150.3	2429	2330	20	10.043
XM_011454152.3	2931	2832	17	7.02339
XM_011454158.3	644	545	0	0
XM_011454159.3	3223	3124	0	0
XM_011454162.3	1590	1491	0.258223	0.202632
XM_011454163.2	1575	1476	0	0
XM_011454165.3	3181	3082	0.00114499	0.00043467
XM_011454166.3	3930	3831	8.84052	2.69996
XM_011454167.3	3927	3828	22.1595	6.77296
XM_011454171.3	3182	3083	0.000782596	0.000296999
XM_011454181.3	3157	3058	10.9981	4.20794
XM_011454189.3	3254	3155	0	0
XM_011454190.3	964	865	5	6.76308
XM_011454192.3	4278	4179	0	0
XM_011454195.3	2056	1957	6	3.58716
XM_011454197.3	4151	4052	0	0
XM_011454198.3	766	667	0	0
XM_011454201.3	1490	1391	0.365471	0.307409
XM_011454202.3	841	742	0	0
XM_011454203.3	668	569	0	0
XM_011454204.3	1540	1441	10	8.11945
XM_011454209.3	3521	3422	20.9555	7.16487
XM_011454210.3	6087	5988	0	0
XM_011454213.3	5921	5822	0.137968	0.0277267
XM_011454214.3	3454	3355	0	0
XM_011454215.3	2633	2534	0	0
XM_011454216.3	2737	2638	0	0
XM_011454217.3	2645	2546	0	0
XM_011454218.3	2732	2633	0	0
XM_011454220.3	2594	2495	0	0
XM_011454221.3	1810	1711	0	0
XM_011454222.3	1616	1517	0	0
XM_011454226.3	972	873	7	9.38155
XM_011454227.3	1711	1612	8.51295	6.17883
XM_011454228.3	1736	1637	1.23075e-07	8.79651e-08
XM_011454229.3	1729	1630	1.8759e-05	1.34652e-05
XM_011454230.3	1450	1351	0	0
XM_011454231.3	1419	1320	0	0
XM_011454232.3	1962	1863	0	0
XM_011454233.3	1661	1562	0	0
XM_011454234.3	1455	1356	0	0
XM_011454235.3	2067	1968	0	0
XM_011454236.3	1811	1712	0	0
XM_011454237.3	4856	4757	0	0
XM_011454238.3	3503	3404	26.9999	9.28032
XM_011454239.3	4771	4672	0	0
XM_011454240.3	4831	4732	0	0
XM_011454241.3	4837	4738	0	0
XM_011454242.3	4834	4735	0	0
XM_011454243.3	4676	4577	0	0
XM_011454245.3	4491	4392	18	4.79514
XM_011454247.3	2422	2323	0	0
XM_011454248.3	3549	3450	3.92019e-06	1.32947e-06
XM_011454252.3	1439	1340	0	0
XM_011454256.3	3539	3440	0.000118046	4.01499e-05
XM_011454260.3	1786	1687	36	24.9677
XM_011454264.3	2615	2516	165	76.7298
XM_011454268.3	1198	1099	3.71999	3.96036
XM_011454273.3	1199	1100	1.28001	1.36149
XM_011454274.3	1392	1293	4	3.61953
XM_011454275.3	3185	3086	0	0
XM_011454276.3	3230	3131	0	0
XM_011454277.3	3179	3080	0	0
XM_011454278.3	4268	4169	201.999	56.6904
XM_011454279.3	4363	4264	0	0
XM_011454280.3	4314	4215	0.000519043	0.000144078
XM_011454281.3	4669	4570	0	0
XM_011454282.3	4442	4343	0	0
XM_011454284.3	2004	1905	29	17.8112
XM_011454285.3	1837	1738	21	14.1371
XM_011454286.3	3233	3134	0	0
XM_011454287.3	3202	3103	0.000670932	0.000252981
XM_011454288.3	3175	3076	18.9992	7.22669
XM_011454289.3	2066	1967	10	5.94821
XM_011454290.3	921	822	0	0
XM_011454291.3	1003	904	9	11.6484
XM_011454297.3	822	723	4.79923e-07	7.76648e-07
XM_011454299.3	2085	1986	0	0
XM_011454301.3	2069	1970	0	0
XM_011454303.3	1579	1480	0	0
XM_011454304.3	3923	3824	0	0
XM_011454305.3	3704	3605	39	12.6576
XM_011454306.3	811	712	31	50.9416
XM_011454307.3	3887	3788	0	0
XM_011454308.3	2028	1929	12	7.27847
XM_011454309.3	1736	1637	3	2.14419
XM_011454312.3	2595	2496	5	2.34378
XM_011454313.3	2580	2481	1	0.471589
XM_011454316.3	3444	3345	9	3.14802
XM_011454317.3	1914	1815	0	0
XM_011454319.3	1411	1312	61.2	54.5768
XM_011454320.3	2416	2317	14	7.06957
XM_011454321.3	2425	2326	24	12.0724
XM_011454323.3	1989	1890	6	3.71433
XM_011454328.3	610	511	7	16.0276
XM_011454329.3	1208	1109	11	11.6052
XM_011454331.3	1630	1531	5	3.82108
XM_011454332.3	1276	1177	0	0
XM_011454334.3	1609	1510	2	1.54969
XM_011454337.3	1358	1259	4	3.71728
XM_011454344.3	3266	3167	11	4.06383
XM_011454360.3	4038	3939	2.07434e-05	6.16147e-06
XM_011454364.3	1647	1548	0	0
XM_011454365.3	1616	1517	2.47079	1.90564
XM_011454366.3	2611	2512	32	14.9046
XM_011454368.3	4057	3958	7.33725e-08	2.16895e-08
XM_011454372.3	2528	2429	0	0
XM_011454373.3	2522	2423	0	0
XM_011454374.3	2465	2366	25.1559	12.4399
XM_011454375.3	3992	3893	20	6.01085
XM_011454377.3	1858	1759	3	1.99547
XM_011454379.3	1564	1465	1	0.798644
XM_011454380.3	1461	1362	4	3.43616
XM_011454385.3	1261	1162	0	0
XM_011454388.3	1210	1111	7	7.37182
XM_011454389.2	1413	1314	0	0
XM_011454415.3	7920	7821	31	4.63757
XM_011454416.3	1084	985	0	0
XM_011454417.3	1094	995	1	1.17589
XM_011454420.3	2918	2819	0	0
XM_011454421.3	2954	2855	0	0
XM_011454422.3	3129	3030	0	0
XM_011454425.3	2824	2725	0	0
XM_011454429.3	3728	3629	0	0
XM_011454430.3	3259	3160	0	0
XM_011454431.3	4517	4418	7.93178	2.10056
XM_011454432.3	3231	3132	0	0
XM_011454433.3	3247	3148	21	7.80504
XM_011454434.3	2660	2561	0.261526	0.11948
XM_011454436.3	4888	4789	1.4481e-05	3.53789e-06
XM_011454437.3	7926	7827	1.4334	0.21427
XM_011454438.3	7902	7803	52.5809	7.8842
XM_011454439.3	1175	1076	3.06822	3.3363
XM_011454445.3	1338	1239	1	0.944321
XM_011454456.3	2009	1910	11	6.7383
XM_011454458.3	3601	3502	44	14.7003
XM_011454459.3	1831	1732	5.22654e-06	3.53067e-06
XM_011454460.3	1717	1618	0	0
XM_011454461.3	1809	1710	17	11.6317
XM_011454462.3	1703	1604	0	0
XM_011454463.3	1151	1052	20	22.2436
XM_011454465.3	992	893	3	3.93062
XM_011454466.3	1465	1366	1	0.856525
XM_011454467.3	1923	1824	119	76.3331
XM_011454468.3	1082	983	4	4.76099
XM_011454471.3	2618	2519	1.08319e-07	5.03116e-08
XM_011454472.3	2580	2481	6	2.82954
XM_011454473.3	1208	1109	0	0
XM_011454477.3	835	736	0	0
XM_011454479.3	1921	1822	12	7.70591
XM_011454482.3	750	651	0	0
XM_011454483.3	675	576	0	0
XM_011454485.3	1098	999	0	0
XM_011454490.3	798	699	5	8.36919
XM_011454504.3	2820	2721	0	0
XM_011454505.3	1420	1321	1	0.885703
XM_011454506.3	1714	1615	0	0
XM_011454507.3	3182	3083	5	1.89752
XM_011454508.3	1959	1860	78	49.0651
XM_011454513.3	1498	1399	0	0
XM_011454514.2	1315	1216	0	0
XM_011454520.3	1734	1635	0	0
XM_011454521.3	1010	911	2.24085	2.87796
XM_011454522.3	9502	9403	6.05185e-08	7.53031e-09
XM_011454526.3	9487	9388	3.93726e-07	4.90695e-08
XM_011454528.3	9469	9370	3.74005e-06	4.67013e-07
XM_011454538.3	4264	4165	2	0.561831
XM_011454541.3	918	819	69	98.5726
XM_011454542.3	5566	5467	28	5.99239
XM_011454544.3	2442	2343	59	29.4626
XM_011454548.3	771	672	0	0
XM_011454553.3	1417	1318	0.000438118	0.000388925
XM_011454554.3	1405	1306	19.9996	17.9171
XM_011454555.3	840	741	0	0
XM_011454556.3	837	738	0	0
XM_011454559.3	1696	1597	19.9997	14.6524
XM_011454560.3	1165	1066	10.9533	12.0221
XM_011454562.3	1846	1747	78	52.2387
XM_011454565.3	2075	1976	0	0
XM_011454566.3	1990	1891	33.5485	20.7574
XM_011454567.3	1812	1713	0	0
XM_011454568.3	1820	1721	0	0
XM_011454570.3	1901	1802	0	0
XM_011454571.3	1960	1861	2.4515	1.54126
XM_011454572.3	3865	3766	8.50391	2.64198
XM_011454576.3	2817	2718	8	3.44375
XM_011454578.3	1889	1790	5.02287	3.28314
XM_011454583.3	2550	2451	0	0
XM_011454584.3	2414	2315	23	11.6243
XM_011454586.3	820	721	53	86.0065
XM_011454587.3	1387	1288	17	15.4427
XM_011454588.3	586	487	0	0
XM_011454591.3	1647	1548	0	0
XM_011454592.3	1697	1598	26	19.0365
XM_011454599.3	3752	3653	5	1.60144
XM_011454600.3	1537	1438	4.09687	3.33337
XM_011454602.3	1209	1110	0	0
XM_011454604.3	1166	1067	4	4.38618
XM_011454609.3	5252	5153	5.97504e-06	1.35666e-06
XM_011454612.3	4645	4546	25	6.4343
XM_011454615.3	897	798	3	4.39855
XM_011454616.3	2483	2384	6	2.94466
XM_011454625.3	1333	1234	0	0
XM_011454626.3	1320	1221	0	0
XM_011454628.3	2552	2453	20	9.53945
XM_011454629.3	799	700	28	46.8005
XM_011454630.3	933	834	0	0
XM_011454631.3	1645	1546	0	0
XM_011454632.3	1501	1402	0	0
XM_011454634.3	1483	1384	0	0
XM_011454637.3	1610	1511	0	0
XM_011454638.3	1461	1362	0	0
XM_011454645.3	1208	1109	8.28751	8.74346
XM_011454647.3	7139	7040	0	0
XM_011454652.3	1340	1241	4	3.7712
XM_011454653.3	2135	2036	32.7526	18.8217
XM_011454654.3	3869	3770	18.5714	5.76361
XM_011454659.3	2168	2069	0	0
XM_011454662.3	840	741	0	0
XM_011454663.3	3099	3000	3.05183	1.19023
XM_011454664.3	3305	3206	0	0
XM_011454666.3	1760	1661	34	23.9497
XM_011454668.3	1494	1395	0	0
XM_011454671.3	1282	1183	0	0
XM_011454674.3	1046	947	3	3.70648
XM_011454677.3	1327	1228	0	0
XM_011454681.3	1898	1799	0	0
XM_011454687.3	1646	1547	0	0
XM_011454688.2	690	591	0	0
XM_011454691.3	4859	4760	0	0
XM_011454692.2	1233	1134	0	0
XM_011454693.3	1156	1057	0	0
XM_011454700.3	3071	2972	26	10.2356
XM_011454701.3	771	672	3	5.22327
XM_011454702.3	998	899	0	0
XM_011454703.3	1651	1552	2	1.50775
XM_011454705.3	1738	1639	1	0.713858
XM_011454706.3	2650	2551	0	0
XM_011454708.3	1945	1846	6	3.80286
XM_011454711.3	1475	1376	1	0.8503
XM_011454715.3	1369	1270	1	0.92127
XM_011454721.3	1088	989	0	0
XM_011454728.3	603	504	0	0
XM_011454729.3	907	808	21	30.4088
XM_011454730.3	645	546	0	0
XM_011454732.3	2668	2569	33	15.0294
XM_011454733.3	3670	3571	1.7323e-06	5.67576e-07
XM_011454734.3	3625	3526	5	1.65912
XM_011454735.3	2645	2546	23.9544	11.0082
XM_011454736.3	2658	2559	0	0
XM_011454738.3	2632	2533	0	0
XM_011454741.3	2583	2484	1.5351e-08	7.23063e-09
XM_011454742.3	2547	2448	0.419919	0.200699
XM_011454743.3	4348	4249	50.3999	13.8782
XM_011454744.3	4348	4249	50.3999	13.8782
XM_011454748.3	1009	910	0	0
XM_011454751.3	2609	2510	0	0
XM_011454754.3	3030	2931	19	7.58453
XM_011454755.3	3070	2971	7	2.75668
XM_011454756.3	1358	1259	19	17.6571
XM_011454767.3	1404	1305	5	4.48281
XM_011454769.3	2961	2862	0	0
XM_011454770.3	2947	2848	0	0
XM_011454771.3	2912	2813	0.197892	0.0823093
XM_011454772.3	2900	2801	29.8021	12.4487
XM_011454773.3	3631	3532	0	0
XM_011454774.3	4113	4014	0	0
XM_011454776.3	3579	3480	0	0
XM_011454777.3	1948	1849	24.3389	15.4012
XM_011454778.3	1305	1206	4.05949	3.93836
XM_011454779.3	2988	2889	0	0
XM_011454780.3	2045	1946	22	13.2273
XM_011454784.3	1014	915	1	1.2787
XM_011454785.3	1362	1263	17	15.7484
XM_011454786.3	1652	1553	0	0
XM_011454787.3	2475	2376	0	0
XM_011454788.3	2206	2107	6	3.33179
XM_011454789.3	1226	1127	0	0
XM_011454790.3	1294	1195	4	3.91636
XM_011454791.3	3815	3716	0.00252435	0.000794812
XM_011454793.3	3787	3688	17.9975	5.70968
XM_011454794.3	2594	2495	1	0.468943
XM_011454800.3	3477	3378	0	0
XM_011454801.3	2278	2179	36	19.3302
XM_011454804.3	1139	1040	31	34.8754
XM_011454805.3	1482	1383	37	31.3019
XM_011454806.3	844	745	0	0
XM_011454808.3	2128	2029	0	0
XM_011454813.3	1447	1348	6	5.20777
XM_011454814.3	4511	4412	2.79811e-06	7.42029e-07
XM_011454815.3	4502	4403	3.06975e-05	8.15728e-06
XM_011454816.3	3532	3433	20.8905	7.11976
XM_011454817.3	4455	4356	8.99992	2.41736
XM_011454818.3	4508	4409	6.21406e-06	1.64902e-06
XM_011454819.3	4501	4402	4.00697e-05	1.06502e-05
XM_011454822.3	2612	2513	2	0.931169
XM_011454827.3	1787	1688	1.96932	1.36501
XM_011454835.3	3774	3675	0	0
XM_011454840.3	1355	1256	14.583	13.5846
XM_011454842.3	1213	1114	2.41704	2.53857
XM_011454843.3	2557	2458	22	10.472
XM_011454844.3	2833	2734	10	4.27949
XM_011454845.3	2010	1911	0	0
XM_011454846.3	1064	965	2	2.4249
XM_011454849.3	1992	1893	0	0
XM_011454852.3	1989	1890	0	0
XM_011454853.3	1430	1331	7	6.15334
XM_011454854.3	2271	2172	0	0
XM_011454858.3	1983	1884	0	0
XM_011454860.3	2651	2552	5	2.29235
XM_011454861.3	2543	2444	0	0
XM_011454862.3	2340	2241	0	0
XM_011454863.3	2473	2374	0	0
XM_011454864.3	2264	2165	0	0
XM_011454865.3	2351	2252	0	0
XM_011454866.3	2273	2174	0	0
XM_011454868.3	1960	1861	4	2.51481
XM_011454869.3	2390	2291	0	0
XM_011454874.3	1538	1439	0	0
XM_011454875.3	10448	10349	59.6402	6.74267
XM_011454878.3	8067	7968	0.000370528	5.4408e-05
XM_011454879.3	8175	8076	0	0
XM_011454880.3	7989	7890	38.0413	5.64116
XM_011454881.3	8165	8066	0	0
XM_011454882.3	8147	8048	0	0
XM_011454883.3	8147	8048	0	0
XM_011454884.3	8141	8042	0	0
XM_011454885.3	8138	8039	1.12099e-08	1.63151e-09
XM_011454886.3	8120	8021	1.55428e-07	2.26721e-08
XM_011454887.3	1042	943	0	0
XM_011454888.3	1026	927	10	12.6215
XM_011454889.3	2113	2014	79	45.8943
XM_011454891.3	1112	1013	4	4.61999
XM_011454899.3	7131	7032	0	0
XM_011454900.2	636	537	0	0
XM_011454902.3	1367	1268	82	75.6633
XM_011454911.3	621	522	49	109.829
XM_011454914.3	1966	1867	2	1.25336
XM_011454920.3	704	605	0	0
XM_011454922.3	2471	2372	1	0.49326
XM_011454925.3	4167	4068	2.01021e-08	5.78164e-09
XM_011454926.3	4106	4007	1	0.291992
XM_011454928.3	3299	3200	2	0.731258
XM_011454937.3	4887	4788	6	1.46618
XM_011454941.3	1194	1095	3	3.20552
XM_011454944.3	799	700	0	0
XM_011454945.3	767	668	0	0
XM_011454949.3	1974	1875	0	0
XM_011454950.3	1667	1568	0	0
XM_011454952.3	2273	2174	0	0
XM_011454956.3	1450	1351	0	0
XM_011454960.3	1914	1815	0.947056	0.610506
XM_011454961.3	1923	1824	0.00286109	0.00183526
XM_011454962.3	1925	1826	0.000791143	0.000506926
XM_011454963.3	3512	3413	71	24.3396
XM_011454964.3	1908	1809	46.0493	29.7835
XM_011454965.3	1018	919	6	7.63883
XM_011454970.3	2109	2010	0	0
XM_011454972.3	3696	3597	0	0
XM_011454974.3	2686	2587	4.52133e-06	2.04485e-06
XM_011454976.3	2659	2560	0.999995	0.457034
XM_011454980.3	1228	1129	8	8.29062
XM_011454981.3	1108	1009	0	0
XM_011454984.3	1320	1221	4	3.83297
XM_011454985.3	1491	1392	23	19.3321
XM_011454986.3	1464	1365	8.13708	6.97472
XM_011454994.3	1345	1246	0	0
XM_011455004.3	2899	2800	0	0
XM_011455005.3	2769	2670	16	7.01132
XM_011455020.3	4640	4541	0.00511719	0.00131847
XM_011455031.3	2603	2504	0	0
XM_011455032.3	2560	2461	6	2.85253
XM_011455036.3	843	744	3	4.7178
XM_011455042.3	3072	2973	0	0
XM_011455043.3	3161	3062	0	0
XM_011455044.3	2821	2722	4	1.71934
XM_011455045.3	3007	2908	17	6.83983
XM_011455053.3	4981	4882	14	3.35522
XM_011455054.3	2865	2766	0	0
XM_011455055.3	2192	2093	0	0
XM_011455056.3	1539	1440	1	0.812509
XM_011455058.3	2298	2199	15.859	8.43804
XM_011455062.3	2169	2070	12	6.78269
XM_011455063.3	3529	3430	24	8.18668
XM_011455066.3	1320	1221	0	0
XM_011455067.3	677	578	0	0
XM_011455076.3	2847	2748	9	3.83192
XM_011455121.3	2971	2872	0	0
XM_011455123.3	1681	1582	8	5.91663
XM_011455124.3	1514	1415	0	0
XM_011455125.3	2467	2368	0	0
XM_011455126.3	2425	2326	3	1.50905
XM_011455139.3	3649	3550	0	0
XM_011455140.3	3753	3654	0	0
XM_011455141.3	4342	4243	0	0
XM_011455142.3	2486	2387	7	3.43112
XM_011455148.3	6634	6535	0.0279763	0.00500883
XM_011455163.3	1814	1715	1	0.682224
XM_011455170.3	1313	1214	6	5.7826
XM_011455173.3	7389	7290	75.2516	12.0776
XM_011455176.3	1378	1279	1.06105e-07	9.70635e-08
XM_011455177.3	1247	1148	24.6577	25.1305
XM_011455188.3	2360	2261	3	1.55243
XM_011455191.3	4228	4129	45	12.7514
XM_011455192.3	2958	2859	20	8.18477
XM_011455196.3	1703	1604	1	0.729435
XM_011455197.3	1539	1440	80	65.0007
XM_011455198.3	3214	3115	0	0
XM_011455200.3	3057	2958	6	2.37325
XM_011455201.3	2065	1966	0	0
XM_011455204.3	2008	1909	0.952098	0.583535
XM_011455205.3	2384	2285	1	0.512041
XM_011455208.3	5104	5005	0.00702535	0.00164231
XM_011455215.3	1893	1794	7.60169	4.95768
XM_011455216.3	1657	1558	18.3983	13.8166
XM_011455219.3	1211	1112	2008.98	2113.79
XM_011455220.3	1450	1351	2	1.73207
XM_011455221.3	1390	1291	0	0
XM_011455222.3	2378	2279	9	4.6205
XM_011455224.3	2214	2115	0	0
XM_011455234.3	2287	2188	0	0
XM_011455235.3	3925	3826	0	0
XM_011455266.3	2436	2337	10	5.00648
XM_011455267.3	1989	1890	0	0
XM_011455268.3	1936	1837	0	0
XM_011455269.3	1931	1832	0	0
XM_011455270.3	2008	1909	0	0
XM_011455271.3	2603	2504	175	81.7701
XM_011455274.3	5784	5685	0.0144458	0.00297305
XM_011455275.3	5757	5658	3.84547	0.795201
XM_011455276.3	2914	2815	19	7.89707
XM_011455279.3	1454	1355	38	32.8122
XM_011455280.3	1512	1413	0	0
XM_011455282.3	3207	3108	2	0.752904
XM_011455283.3	917	818	0	0
XM_011455284.3	1049	950	0	0
XM_011455287.3	2412	2313	0	0
XM_011455294.3	1883	1784	0	0
XM_011455295.3	2047	1948	13.7359	8.25008
XM_011455296.3	1610	1511	0	0
XM_011455304.3	1927	1828	3	1.92015
XM_011455305.3	795	696	11	18.4916
XM_011455306.3	4435	4336	8	2.1587
XM_011455307.3	674	575	0	0
XM_011455309.3	948	849	0	0
XM_011455310.3	919	820	1.5048	2.14712
XM_011455312.3	2740	2641	0	0
XM_011455313.3	2660	2561	71	32.4369
XM_011455316.3	2546	2447	17.4158	8.32724
XM_011455318.3	2417	2318	4.07381	2.05626
XM_011455319.3	5137	5038	51	11.8441
XM_011455321.3	700	601	0	0
XM_011455322.3	3335	3236	0	0
XM_011455323.3	3146	3047	5	1.91994
XM_011455331.3	711	612	0	0
XM_011455335.3	1566	1467	0	0
XM_011455336.3	4164	4065	0	0
XM_011455337.3	4137	4038	0	0
XM_011455338.3	1339	1240	1	0.943559
XM_011455339.3	7137	7038	0.152686	0.0253828
XM_011455344.3	7104	7005	37.8473	6.32147
XM_011455345.3	2719	2620	0	0
XM_011455358.3	1162	1063	0	0
XM_011455360.3	1793	1694	0	0
XM_011455361.3	999	900	8	10.4001
XM_011455364.3	833	734	0	0
XM_011455367.3	1794	1695	0	0
XM_011455368.3	1878	1779	1.78261	1.17239
XM_011455374.3	1770	1671	0	0
XM_011455376.3	2935	2836	51	21.0404
XM_011455378.3	2265	2166	0	0
XM_011455379.3	1417	1318	6	5.32631
XM_011455381.3	1119	1020	0	0
XM_011455382.3	1101	1002	0	0
XM_011455383.3	4429	4330	0	0
XM_011455384.3	485	386	0	0
XM_011455388.3	1755	1656	1.26072e-05	8.90737e-06
XM_011455394.3	1631	1532	5	3.81858
XM_011455396.3	1723	1624	0	0
XM_011455397.3	4829	4730	6.51291	1.61103
XM_011455398.3	1924	1825	0.487091	0.312276
XM_011455400.3	949	850	0	0
XM_011455402.3	1601	1502	13	10.1266
XM_011455403.3	3553	3454	2	0.677483
XM_011455404.3	1723	1624	0	0
XM_011455405.3	2481	2382	0	0
XM_011455406.3	2486	2387	0	0
XM_011455407.3	3460	3361	6	2.08869
XM_011455408.3	1632	1533	3.08127	2.35168
XM_011455409.3	1892	1793	3	1.95764
XM_011455412.3	1733	1634	0	0
XM_011455413.3	1611	1512	8	6.19055
XM_011455415.3	5010	4911	0	0
XM_011455420.3	1772	1673	0	0
XM_011455424.2	357	258	0	0
XM_011455426.3	1290	1191	23	22.5947
XM_011455427.3	1987	1888	0	0
XM_011455428.3	1948	1849	24	15.1868
XM_011455429.3	1585	1486	1	0.787358
XM_011455430.3	847	748	27	42.2331
XM_011455431.3	3452	3353	13	4.53629
XM_011455432.3	3330	3231	2	0.724242
XM_011455433.3	1770	1671	4	2.80075
XM_011455436.3	2877	2778	16	6.73874
XM_011455437.3	2090	1991	1	0.587651
XM_011455440.3	1228	1129	96	99.4874
XM_011455443.3	701	602	9.26154	18.0002
XM_011455452.3	1805	1706	5	3.42911
XM_011455457.3	2388	2289	12	6.13375
XM_011455458.3	5042	4943	9	2.13031
XM_011455459.3	1378	1279	1.75437	1.60488
XM_011455469.3	1042	943	0	0
XM_011455470.3	1044	945	0	0
XM_011455471.3	681	582	0	0
XM_011455472.3	588	489	0	0
XM_011455473.3	605	506	0	0
XM_011455474.3	655	556	3	6.31302
XM_011455475.3	3937	3838	22	6.70669
XM_011455476.3	1778	1679	19.159	13.351
XM_011455479.3	1557	1458	16	12.8397
XM_011455481.3	1795	1696	11	7.58853
XM_011455482.3	1575	1476	7	5.54884
XM_011455483.3	2637	2538	114	52.5538
XM_011455484.3	5791	5692	92	18.911
XM_011455491.3	1338	1239	0	0
XM_011455497.3	2692	2593	0	0
XM_011455498.3	2483	2384	3	1.47233
XM_011455507.3	572	473	0	0
XM_011455510.2	486	387	2	6.04658
XM_011455522.3	2947	2848	1822.17	748.583
XM_011455526.3	2449	2350	0	0
XM_011455527.3	2437	2338	3.73297e-08	1.8681e-08
XM_011455535.3	2569	2470	0	0
XM_011455540.3	758	659	0	0
XM_011455542.3	951	852	0	0
XM_011455549.3	1025	926	1	1.26351
XM_011455552.3	2781	2682	0	0
XM_011455553.3	2903	2804	0	0
XM_011455554.3	2606	2507	0.163692	0.0763948
XM_011455557.3	1805	1706	0	0
XM_011455558.3	1733	1634	0	0
XM_011455560.3	559	460	55	139.893
XM_011455561.3	1461	1362	0	0
XM_011455562.3	1407	1308	15	13.4176
XM_011455563.3	1460	1361	0	0
XM_011455564.3	1448	1349	0	0
XM_011455565.3	3458	3359	5.24486	1.8269
XM_011455571.3	3417	3318	0	0
XM_011455572.3	3551	3452	0	0
XM_011455573.3	4069	3970	5	1.47357
XM_011455574.3	3527	3428	0	0
XM_011455575.3	4051	3952	0	0
XM_011455577.3	3523	3424	0	0
XM_011455580.3	2612	2513	11.9966	5.58542
XM_011455581.3	2954	2855	0	0
XM_011455582.3	2037	1938	0	0
XM_011455583.3	1989	1890	0.00342366	0.00211943
XM_011455584.3	3620	3521	5	1.66148
XM_011455588.3	885	786	0	0
XM_011455589.3	924	825	0	0
XM_011455590.3	952	853	0	0
XM_011455592.3	816	717	0	0
XM_011455594.3	872	773	0	0
XM_011455596.3	771	672	0	0
XM_011455597.3	709	610	0.000962103	0.00184537
XM_011455599.3	2044	1945	5	3.00775
XM_011455601.3	1910	1811	0	0
XM_011455602.3	1501	1402	0.00213437	0.0017812
XM_011455605.3	696	597	0	0
XM_011455613.3	2546	2447	0	0
XM_011455617.3	3519	3420	1.00519e-08	3.43885e-09
XM_011455618.3	3457	3358	21	7.31694
XM_011455621.3	2134	2035	0	0
XM_011455635.3	3290	3191	0	0
XM_011455637.3	3644	3545	0	0
XM_011455639.3	2831	2732	3.90991	1.67447
XM_011455650.3	2951	2852	0	0
XM_011455651.3	1994	1895	0	0
XM_011455652.3	1994	1895	0	0
XM_011455653.3	2096	1997	0	0
XM_011455654.3	1959	1860	0	0
XM_011455655.3	1922	1823	0	0
XM_011455656.3	1829	1730	10	6.76308
XM_011455657.3	1907	1808	0	0
XM_011455658.3	1326	1227	1	0.953556
XM_011455659.3	2354	2255	1	0.518853
XM_011455660.3	2568	2469	0	0
XM_011455664.3	2541	2442	0	0
XM_011455668.3	2475	2376	1.3854e-07	6.82211e-08
XM_011455670.3	1200	1101	5.69531	6.0523
XM_011455673.3	874	775	0	0
XM_011455674.3	1747	1648	1	0.70996
XM_011455677.3	7747	7648	0	0
XM_011455678.3	7570	7471	22.0666	3.45579
XM_011455679.3	7500	7401	0	0
XM_011455681.3	7437	7338	61.5902	9.82029
XM_011455682.3	7368	7269	2.74178	0.441315
XM_011455684.3	4958	4859	0	0
XM_011455685.3	5260	5161	59.1109	13.4006
XM_011455686.3	4955	4856	0	0
XM_011455687.3	4943	4844	1.88906	0.45628
XM_011455688.3	3884	3785	0	0
XM_011455689.3	4825	4726	0.592888	0.146781
XM_011455692.3	4018	3919	0	0
XM_011455693.3	1019	920	17	21.6198
XM_011455694.3	8376	8277	21.2525	3.00419
XM_011455695.3	8411	8312	58.7475	8.26942
XM_011455696.3	4243	4144	12	3.38807
XM_011455699.3	2550	2451	0	0
XM_011455703.3	5039	4940	132.154	31.2999
XM_011455704.3	2017	1918	1	0.610017
XM_011455705.3	2107	2008	3	1.74803
XM_011455709.3	2730	2631	0	0
XM_011455711.3	6765	6666	0	0
XM_011455712.3	6200	6101	58	11.1229
XM_011455713.3	6735	6636	0	0
XM_011455718.3	2290	2191	1	0.534009
XM_011455720.3	3399	3300	9.06395	3.21362
XM_011455721.3	1168	1069	0	0
XM_011455732.3	2435	2336	253.821	127.129
XM_011455744.3	1795	1696	0	0
XM_011455749.3	436	337	0	0
XM_011455753.3	1710	1611	0	0
XM_011455760.3	7361	7262	0	0
XM_011455761.3	7343	7244	0	0
XM_011455762.3	7336	7237	0	0
XM_011455763.3	1504	1405	0	0
XM_011455764.3	7326	7227	0	0
XM_011455765.3	7318	7219	21.8096	3.53478
XM_011455767.3	5638	5539	0.0346271	0.00731434
XM_011455768.3	5635	5536	0.0653738	0.0138165
XM_011455769.3	5601	5502	89.9	19.1174
XM_011455771.3	1206	1107	24	25.3661
XM_011455772.3	1021	922	0	0
XM_011455773.3	5306	5207	29	6.5163
XM_011455778.3	1204	1105	7	7.41185
XM_011455781.3	2544	2445	10	4.78533
XM_011455782.3	2568	2469	0	0
XM_011455783.3	2373	2274	0	0
XM_011455784.3	2154	2055	1.01134e-08	5.75808e-09
XM_011455785.3	2122	2023	1	0.578356
XM_011455786.3	2244	2145	0.000112154	6.11756e-05
XM_011455787.3	2228	2129	0.73111	0.401789
XM_011455788.3	2243	2144	0.000193805	0.000105762
XM_011455789.3	4955	4856	13.2889	3.20185
XM_011455790.3	3783	3684	59.7111	18.9638
XM_011455791.3	2381	2282	0	0
XM_011455792.3	1242	1143	23	23.5436
XM_011455794.3	2667	2568	11	5.01174
XM_011455796.3	6216	6117	0	0
XM_011455797.3	6066	5967	0	0
XM_011455798.3	6605	6506	0	0
XM_011455801.3	5410	5311	41	9.0323
XM_011455802.3	6141	6042	0	0
XM_011455805.3	1639	1540	0	0
XM_011455807.3	2172	2073	16	9.03049
XM_011455808.3	2104	2005	0	0
XM_011455810.3	3832	3733	0	0
XM_011455811.3	1570	1471	2	1.59077
XM_011455812.3	3821	3722	0	0
XM_011455813.3	3794	3695	0	0
XM_011455814.3	3908	3809	0	0
XM_011455815.3	3678	3579	40	13.0764
XM_011455816.3	4661	4562	0	0
XM_011455819.3	4501	4402	64.9988	17.2761
XM_011455823.2	1899	1800	0	0
XM_011455824.3	2607	2508	5	2.33256
XM_011455827.3	1019	920	0	0
XM_011455828.3	819	720	92	149.502
XM_011455830.3	2651	2552	0	0
XM_011455832.3	1211	1112	0	0
XM_011455833.3	1133	1034	0	0
XM_011455835.3	1201	1102	10	10.6172
XM_011455836.3	1257	1158	8	8.08299
XM_011455839.3	1136	1037	0	0
XM_011455843.3	2790	2691	0	0
XM_011455844.3	2444	2345	12.3421	6.15796
XM_011455845.3	3484	3385	14	4.83905
XM_011455847.3	1589	1490	0	0
XM_011455848.3	2675	2576	7	3.17938
XM_011455851.3	2787	2688	0	0
XM_011455852.3	1554	1455	45	36.186
XM_011455853.3	4450	4351	128	34.4201
XM_011455855.3	1761	1662	0	0
XM_011455856.3	1343	1244	0	0
XM_011455857.3	1202	1103	3	3.18227
XM_011455859.3	2780	2681	0	0
XM_011455860.3	2621	2522	237	109.95
XM_011455861.3	2641	2542	0.000143633	6.61104e-05
XM_011455862.3	2635	2536	0.00229668	0.0010596
XM_011455863.3	2626	2527	0.148669	0.0688346
XM_011455864.3	2619	2520	3.84889	1.78701
XM_011455865.3	2972	2873	0	0
XM_011455867.3	2256	2157	4	2.1697
XM_011455868.3	2388	2289	0.000405492	0.000207265
XM_011455870.3	2728	2629	0	0
XM_011455871.3	2368	2269	11.9849	6.18001
XM_011455872.3	1121	1022	0	0
XM_011455873.3	732	633	43	79.4796
XM_011455875.3	621	522	1	2.24141
XM_011455878.3	2725	2626	0	0
XM_011455884.3	2836	2737	6	2.56488
XM_011455887.3	2351	2252	49	25.4577
XM_011455893.3	951	852	0	0
XM_011455894.3	1575	1476	6	4.75615
XM_011455895.3	1296	1197	0	0
XM_011455896.3	2673	2574	22	10.0001
XM_011455897.3	2803	2704	6.18789e-06	2.67748e-06
XM_011455898.3	834	735	14	22.286
XM_011455899.3	2790	2691	0.00176449	0.000767178
XM_011455900.3	2769	2670	17.2853	7.57454
XM_011455901.3	2736	2637	21.7129	9.63383
XM_011455902.3	5681	5582	0.000390553	8.18618e-05
XM_011455903.3	5663	5564	0.0172608	0.00362964
XM_011455904.3	5645	5546	0	0
XM_011455905.3	1597	1498	13	10.1537
XM_011455906.3	2195	2096	25.9237	14.4709
XM_011455910.3	4028	3929	0	0
XM_011455915.3	4723	4624	92.9992	23.5316
XM_011455920.3	4838	4739	0	0
XM_011455924.3	3927	3828	7	2.13952
XM_011455925.3	1478	1379	21	17.8175
XM_011455935.3	2015	1916	9	5.49589
XM_011455937.3	2885	2786	0	0
XM_011455938.3	1659	1560	0	0
XM_011455939.3	2907	2808	37.0002	15.4169
XM_011455940.3	1571	1472	116	92.2021
XM_011455941.3	1080	981	2	2.38535
XM_011455942.3	1227	1128	6	6.22348
XM_011455951.3	785	686	0	0
XM_011455952.3	874	775	83	125.305
XM_011455955.3	733	634	0	0
XM_011455956.3	983	884	0	0
XM_011455957.3	618	519	0	0
XM_011455958.3	548	449	0	0
XM_011455959.3	673	574	1	2.03835
XM_011455971.3	847	748	0	0
XM_011455972.3	1427	1328	11.3844	10.03
XM_011455973.3	2974	2875	31	12.6158
XM_011455974.3	2564	2465	34.9682	16.5977
XM_011455981.3	769	670	7	12.224
XM_011455982.3	881	782	31	46.3816
XM_011455983.3	1999	1900	11	6.77376
XM_011455985.3	1110	1011	8.07968	9.35048
XM_011455986.3	2120	2021	8.14788	4.71704
XM_011455987.3	1293	1194	4	3.91964
XM_011455993.3	1729	1630	0	0
XM_011455995.3	3341	3242	19	6.85696
XM_011455998.3	1200	1101	0	0
XM_011456001.3	718	619	108	204.138
XM_011456005.3	1087	988	16	18.9476
XM_011456006.3	656	557	0	0
XM_011456007.3	4688	4589	0	0
XM_011456008.3	4682	4583	0	0
XM_011456009.3	4888	4789	0	0
XM_011456010.3	4476	4377	0.00241525	0.000645618
XM_011456012.3	4445	4346	10.088	2.71586
XM_011456014.3	4010	3911	3	0.897479
XM_011456015.3	4069	3970	7.07074e-08	2.08384e-08
XM_011456016.3	2109	2010	0	0
XM_011456019.3	939	840	8	11.143
XM_011456024.3	1540	1441	4	3.24778
XM_011456025.3	688	589	5	9.9322
XM_011456027.3	979	880	0	0
XM_011456028.3	916	817	0	0
XM_011456029.3	1341	1242	0	0
XM_011456031.3	2920	2821	1.0514e-06	4.3607e-07
XM_011456036.3	4470	4371	0	0
XM_011456037.3	546	447	1399.05	3661.98
XM_011456050.3	6978	6879	29.5624	5.02811
XM_011456052.3	1227	1128	2	2.07449
XM_011456055.3	1039	940	0	0
XM_011456056.3	1009	910	3	3.85719
XM_011456057.3	3035	2936	7.19448	2.86704
XM_011456058.3	2200	2101	2	1.11377
XM_011456060.3	879	780	0	0
XM_011456062.3	1983	1884	9.97494e-08	6.1947e-08
XM_011456063.3	1259	1160	0	0
XM_011456064.3	1260	1161	0	0
XM_011456065.3	1266	1167	0	0
XM_011456066.3	1168	1069	12	13.1339
XM_011456067.3	1687	1588	23	16.946
XM_011456068.3	1838	1739	4.50476	3.03084
XM_011456069.3	2398	2299	7	3.56246
XM_011456070.3	2205	2106	0	0
XM_011456071.3	1953	1854	15	9.46613
XM_011456072.3	1828	1729	26	17.5942
XM_011456073.3	4048	3949	10.9778	3.25251
XM_011456074.3	4329	4230	27.5686	7.62545
XM_011456075.3	4230	4131	5.86135	1.6601
XM_011456076.3	4203	4104	14.6619	4.17997
XM_011456077.3	4104	4005	2.90815	0.849581
XM_011456078.3	1287	1188	11	10.8335
XM_011456079.3	2185	2086	0	0
XM_011456080.3	1336	1237	2	1.8917
XM_011456083.2	1510	1411	5	4.14604
XM_011456085.3	3979	3880	0	0
XM_011456087.3	3954	3855	0	0
XM_011456090.3	5237	5138	0.00313239	0.0007133
XM_011456091.3	5220	5121	0.152828	0.0349172
XM_011456092.3	5200	5101	15.0543	3.453
XM_011456094.3	2290	2191	0	0
XM_011456095.3	2286	2187	0	0
XM_011456097.3	2040	1941	0	0
XM_011456098.3	2936	2837	2.80329	1.15611
XM_011456099.3	2931	2832	22.1967	9.17035
XM_011456101.3	657	558	16	33.5488
XM_011456102.3	967	868	0	0
XM_011456103.3	1294	1195	2.29708e-07	2.24905e-07
XM_011456104.3	1273	1174	247.202	246.363
XM_011456105.3	1267	1168	5.08169e-08	5.09045e-08
XM_011456106.3	2445	2346	0	0
XM_011456107.3	1246	1147	88.8328	90.6152
XM_011456108.3	1220	1121	0	0
XM_011456109.3	1187	1088	90.0673	96.8565
XM_011456110.3	1181	1082	0	0
XM_011456111.3	1160	1061	72.947	80.442
XM_011456112.3	3304	3205	90	32.8553
XM_011456113.3	2147	2048	0	0
XM_011456115.3	2523	2424	0	0
XM_011456118.3	2185	2086	0	0
XM_011456119.3	1748	1649	0	0
XM_011456120.3	1702	1603	6	4.37934
XM_011456122.3	658	559	0	0
XM_011456139.3	1887	1788	1	0.65437
XM_011456140.3	1935	1836	1	0.637262
XM_011456146.3	1686	1587	2	1.4745
XM_011456147.3	2620	2521	6	2.78464
XM_011456148.3	1881	1782	6.02805	3.95785
XM_011456157.3	3468	3369	0.0433395	0.0150513
XM_011456159.3	3450	3351	23.2256	8.10928
XM_011456161.3	2253	2154	10	5.43182
XM_011456162.3	2772	2673	0	0
XM_011456163.3	1148	1049	0	0
XM_011456164.3	2529	2430	0	0
XM_011456165.3	778	679	0	0
XM_011456166.3	1641	1542	0	0
XM_011456167.3	2360	2261	97	50.1952
XM_011456168.3	1474	1375	0	0
XM_011456169.3	3548	3449	0	0
XM_011456170.3	3465	3366	137	47.6209
XM_011456171.3	5471	5372	0.00675668	0.00147159
XM_011456172.2	5440	5341	5.99766	1.31386
XM_011456173.3	1629	1530	185	141.472
XM_011456176.3	2890	2791	3	1.25763
XM_011456177.3	3987	3888	8.26758	2.48796
XM_011456178.3	1322	1223	5	4.78337
XM_011456181.3	2827	2728	2	0.857781
XM_011456183.3	2927	2828	5	2.06862
XM_011456186.3	1062	963	5	6.07484
XM_011456187.3	949	850	54	74.3303
XM_011456190.3	5509	5410	15	3.24403
XM_011456191.3	1587	1488	92	72.3395
XM_011456194.3	5112	5013	74	17.2713
XM_011456199.3	2245	2146	0	0
XM_011456200.3	5260	5161	0	0
XM_011456202.3	4510	4411	15	3.97874
XM_011456209.3	1484	1385	0	0
XM_011456219.3	3696	3597	0	0
XM_011456220.3	3594	3495	2.10931e-08	7.06129e-09
XM_011456221.3	3693	3594	0	0
XM_011456229.3	4846	4747	12	2.95769
XM_011456231.3	4472	4373	12.2088	3.26652
XM_011456233.3	2620	2521	32.6263	15.1421
XM_011456234.3	2729	2630	0	0
XM_011456235.3	3006	2907	3.09474	1.24558
XM_011456248.3	2242	2143	0.0023842	0.0013017
XM_011456258.3	3231	3132	41	15.3163
XM_011456262.3	3357	3258	0	0
XM_011456269.3	2331	2232	0	0
XM_011456270.3	2206	2107	0	0
XM_011456273.3	2417	2318	0	0
XM_011456274.3	2871	2772	19.9847	8.43518
XM_011456276.3	5720	5621	0	0
XM_011456277.3	5593	5494	30	6.38886
XM_011456279.2	915	816	0	0
XM_011456280.3	1141	1042	0	0
XM_011456281.3	928	829	0	0
XM_011456283.3	898	799	6.90597e-06	1.01127e-05
XM_011456284.3	1161	1062	1.99731	2.20045
XM_011456286.3	2151	2052	20	11.4036
XM_011456288.3	5108	5009	0	0
XM_011456293.3	1659	1560	1	0.750009
XM_011456301.3	4971	4872	6.31158	1.51573
XM_011456302.3	2635	2536	19	8.76587
XM_011456306.3	510	411	0	0
XM_011456307.3	456	357	2	6.5547
XM_011456308.3	1403	1304	2	1.7945
XM_011456314.3	955	856	0	0
XM_011456315.3	1063	964	1	1.21371
XM_011456317.3	1016	917	0	0
XM_011456318.3	1007	908	0	0
XM_011456322.3	1247	1148	7	7.13423
XM_011456324.3	1976	1877	0	0
XM_011456326.3	2060	1961	0	0
XM_011456327.3	1472	1373	2	1.70432
XM_011456338.2	510	411	0	0
XM_011456342.3	3329	3230	2.86602	1.03817
XM_011456343.3	2202	2103	2.13398	1.18725
XM_011456344.3	2894	2795	23	9.62802
XM_011456346.3	2515	2416	0	0
XM_011456347.3	4038	3939	33.4918	9.94819
XM_011456364.3	4626	4527	6	1.55071
XM_011456365.3	1485	1386	2.14747e-08	1.81282e-08
XM_011456366.3	1461	1362	17	14.6037
XM_011456370.3	4487	4388	0	0
XM_011456371.3	3048	2949	4.52838	1.79663
XM_011456372.3	3048	2949	4.52838	1.79663
XM_011456374.3	3045	2946	14.9432	5.93475
XM_011456376.3	5557	5458	10	2.14367
XM_011456377.3	3663	3564	24	7.87888
XM_011456378.3	4026	3927	0	0
XM_011456379.3	4235	4136	0	0
XM_011456380.3	3863	3764	0	0
XM_011456381.3	3726	3627	37	11.9356
XM_011456382.3	1612	1513	331.346	256.232
XM_011456384.3	1706	1607	701.106	510.457
XM_011456385.3	7272	7173	0.000106757	1.74135e-05
XM_011456387.3	6830	6731	5.16387	0.897608
XM_011456388.3	6820	6721	0	0
XM_011456389.3	6806	6707	0	0
XM_011456390.3	6609	6510	0	0
XM_011456391.3	6890	6791	0	0
XM_011456392.3	6872	6773	0	0
XM_011456393.3	7189	7090	90.6645	14.9617
XM_011456394.3	7227	7128	0.171542	0.0281574
XM_011456395.3	2300	2201	5	2.65791
XM_011456396.3	1370	1271	5	4.60273
XM_011456397.3	1493	1394	0	0
XM_011456401.3	924	825	0	0
XM_011456403.3	3678	3579	17.9676	5.87381
XM_011456406.3	4216	4117	44	12.5044
XM_011456407.3	1672	1573	2	1.48762
XM_011456409.3	2389	2290	1	0.510923
XM_011456410.3	2482	2383	0	0
XM_011456411.3	4286	4187	47	13.1337
XM_011456416.3	4059	3960	0	0
XM_011456417.3	7692	7593	0	0
XM_011456419.3	7596	7497	12.7875	1.99566
XM_011456420.3	6786	6687	1.49715	0.261953
XM_011456421.3	7245	7146	0	0
XM_011456422.2	1576	1477	8	6.33724
XM_011456442.3	1832	1733	0	0
XM_011456443.3	1833	1734	0	0
XM_011456444.3	2384	2285	0	0
XM_011456446.3	4292	4193	30	8.37119
XM_011456447.3	3156	3057	4	1.53093
XM_011456448.3	453	354	0	0
XM_011456450.3	595	496	0	0
XM_011456451.3	623	524	0	0
XM_011456453.3	529	430	0	0
XM_011456454.3	399	300	1	3.90004
XM_011456455.3	387	288	0	0
XM_011456456.3	2084	1985	1.0152	0.598387
XM_011456458.3	2081	1982	5.9848	3.53294
XM_011456459.3	717	618	2	3.78645
XM_011456460.3	968	869	0	0
XM_011456463.3	13294	13195	4.79464	0.425145
XM_011456464.3	2022	1923	0	0
XM_011456476.3	1815	1716	5	3.40913
XM_011456478.3	4329	4230	55	15.2129
XM_011456479.3	4709	4610	0.0037749	0.000958065
XM_011456480.3	1751	1652	0.825167	0.584417
XM_011456481.3	2866	2767	15	6.34268
XM_011456482.3	2892	2793	11	4.608
XM_011456483.3	895	796	0	0
XM_011456487.3	2137	2038	0	0
XM_011456488.3	4679	4580	7.99623	2.04273
XM_011456489.3	2301	2202	0	0
XM_011456490.3	1535	1436	0	0
XM_011456491.3	1399	1300	4	3.60004
XM_011456492.3	2779	2680	0	0
XM_011456493.3	2898	2799	0	0
XM_011456495.3	3329	3230	0	0
XM_011456496.3	3149	3050	0	0
XM_011456498.3	3216	3117	0	0
XM_011456500.3	2807	2708	0	0
XM_011456501.3	4938	4839	3.77235e-08	9.1211e-09
XM_011456503.3	3551	3452	0	0
XM_011456504.3	3555	3456	28.5356	9.66061
XM_011456507.3	3544	3445	0	0
XM_011456508.3	3476	3377	42.6713	14.7841
XM_011456509.3	3547	3448	0	0
XM_011456510.3	3581	3482	0	0
XM_011456512.3	1449	1350	5.94187	5.14968
XM_011456513.3	1370	1271	15.8512	14.5918
XM_011456514.3	3543	3444	0	0
XM_011456515.3	6510	6411	0	0
XM_011456516.3	5316	5217	0	0
XM_011456517.3	6288	6189	55	10.3976
XM_011456519.3	3003	2904	3	1.20869
XM_011456521.3	3421	3322	2.44844e-08	8.62346e-09
XM_011456522.3	3363	3264	23	8.24458
XM_011456523.3	1619	1520	17	13.0857
XM_011456524.3	1458	1359	4	3.44375
XM_011456528.3	1431	1332	3	2.63517
XM_011456529.3	2240	2141	6	3.27888
XM_011456530.3	1922	1823	0	0
XM_011456531.3	3576	3477	103.644	34.8762
XM_011456532.2	4174	4075	14	4.01968
XM_011456533.3	4928	4829	133	32.2244
XM_011456534.3	3773	3674	17	5.41378
XM_011456539.3	1559	1460	0.0475168	0.038079
XM_011456540.3	3396	3297	16	5.67795
XM_011456541.3	1422	1323	0	0
XM_011456542.3	661	562	0	0
XM_011456543.3	1086	987	40	47.417
XM_011456544.3	747	648	0	0
XM_011456545.3	642	543	0	0
XM_011456546.3	603	504	0	0
XM_011456547.3	669	570	0	0
XM_011456552.3	5234	5135	8.04085	1.83211
XM_011456555.3	2790	2691	2	0.869575
XM_011456556.2	3673	3574	0	0
XM_011456557.3	476	377	0	0
XM_011456558.3	4488	4389	32.7531	8.73128
XM_011456559.3	914	815	0	0
XM_011456560.3	865	766	13	19.8566
XM_011456561.3	1871	1772	1	0.660278
XM_011456562.3	1500	1401	13	10.8567
XM_011456563.3	1416	1317	8	7.10714
XM_011456564.3	1225	1126	1	1.03909
XM_011456565.3	3662	3563	29	9.52298
XM_011456567.3	3266	3167	62	22.9052
XM_011456569.3	2417	2318	7	3.53326
XM_011456570.3	2148	2049	6	3.4261
XM_011456571.3	1561	1462	63	50.4178
XM_011456573.3	1596	1497	12	9.37887
XM_011456575.3	2104	2005	0.000331482	0.000193436
XM_011456576.3	2088	1989	3.99967	2.35277
XM_011456577.3	1242	1143	61	62.4417
XM_011456578.3	2330	2231	0	0
XM_011456579.3	2285	2186	0	0
XM_011456580.3	2153	2054	0	0
XM_011456589.3	1638	1539	0	0
XM_011456590.3	450	351	0	0
XM_011456592.3	1772	1673	21	14.6864
XM_011456593.3	1821	1722	7	4.75615
XM_011456595.3	3617	3518	17.1055	5.68894
XM_011456596.3	3091	2992	0	0
XM_011456597.3	3224	3125	19	7.11368
XM_011456598.3	3096	2997	1.99458e-06	7.78674e-07
XM_011456599.3	5290	5191	0	0
XM_011456600.3	5358	5259	0	0
XM_011456612.3	3793	3694	7.20061	2.28067
XM_011456613.3	4669	4570	26.6628	6.82621
XM_011456614.3	4664	4565	0.143597	0.0368041
XM_011456615.3	4666	4567	96.6255	24.7543
XM_011456616.3	4995	4896	0.237499	0.0567559
XM_011456617.3	4974	4875	36.7625	8.8231
XM_011456619.3	4675	4576	0	0
XM_011456620.3	2328	2229	16.4485	8.63388
XM_011456621.3	2507	2408	0	0
XM_011456622.3	2325	2226	0	0
XM_011456623.3	2319	2220	11.6059	6.11669
XM_011456624.3	2231	2132	0	0
XM_011456631.3	3674	3575	6	1.96366
XM_011456632.3	2195	2096	0	0
XM_011456646.3	2034	1935	2	1.20932
XM_011456655.3	4211	4112	0	0
XM_011456656.3	4532	4433	0	0
XM_011456658.3	4296	4197	13	3.62406
XM_011456659.3	4222	4123	0	0
XM_011456660.3	2139	2040	1	0.573536
XM_011456673.3	2041	1942	23.9999	14.4595
XM_011456674.3	1731	1632	5.05632e-05	3.62497e-05
XM_011456675.3	1466	1367	30	25.677
XM_011456677.3	2975	2876	0	0
XM_011456678.3	1788	1689	0	0
XM_011456683.3	2174	2075	4	2.25545
XM_011456684.3	1007	908	6	7.73137
XM_011456689.3	3920	3821	13.0756	4.00383
XM_011456691.3	1673	1574	101	75.0771
XM_011456692.3	3312	3213	0	0
XM_011456707.2	618	519	0	0
XM_011456712.3	2144	2045	0	0
XM_011456715.3	1033	934	0	0
XM_011456716.3	870	771	0	0
XM_011456725.3	3027	2928	23	9.19068
XM_011456727.3	2970	2871	0	0
XM_011456730.3	1914	1815	2	1.28927
XM_011456731.3	1162	1063	0	0
XM_011456732.3	908	809	6	8.67748
XM_011456733.3	2554	2455	8	3.81267
XM_011456734.3	1396	1297	2	1.80418
XM_011456737.3	2112	2013	14	8.1372
XM_011456739.3	6949	6850	0	0
XM_011456747.3	6799	6700	33.3333	5.82096
XM_011456754.3	3125	3026	7.42055	2.86918
XM_011456756.3	3119	3020	0	0
XM_011456757.3	2541	2442	0	0
XM_011456758.3	1081	982	1	1.19146
XM_011456767.3	2219	2120	98	54.0855
XM_011456768.2	850	751	5	7.7897
XM_011456770.3	4272	4173	4.59877	1.28939
XM_011456771.3	3806	3707	0	0
XM_011456772.3	3803	3704	0	0
XM_011456773.3	3110	3011	0.000167569	6.51139e-05
XM_011456782.3	3086	2987	1.99983	0.783338
XM_011456793.3	5784	5685	16	3.29291
XM_011456794.3	1305	1206	22	21.3435
XM_011456796.3	3679	3580	8.01555	2.61964
XM_011456797.3	941	842	0	0
XM_011456803.3	1015	916	2	2.55461
XM_011456804.3	839	740	6.05911	9.58005
XM_011456806.3	6713	6614	9.08222	1.60664
XM_011456807.3	6136	6037	39.9178	7.73635
XM_011456808.3	6058	5959	6.40728e-06	1.25803e-06
XM_011456813.3	827	728	21.9409	35.2626
XM_011456820.3	1162	1063	0	0
XM_011456822.3	2722	2623	63.6549	28.3938
XM_011456823.3	2289	2190	0	0
XM_011456825.3	4639	4540	3	0.773137
XM_011456826.3	2838	2739	4	1.70867
XM_011456827.3	791	692	48	81.157
XM_011456828.3	1350	1251	13	12.1584
XM_011456832.3	7836	7737	0	0
XM_011456840.3	1311	1212	0	0
XM_011456841.3	1449	1350	3	2.60003
XM_011456842.3	638	539	0	0
XM_011456843.3	647	548	0	0
XM_011456845.3	5980	5881	81	16.1148
XM_011456856.3	1241	1142	38	38.9321
XM_011456859.3	1730	1631	0	0
XM_011456860.3	1639	1540	1.90894	1.45032
XM_011456864.3	4587	4488	27	7.03885
XM_011456865.3	2846	2747	0	0
XM_011456866.3	2651	2552	1	0.458469
XM_011456867.3	2125	2026	3	1.7325
XM_011456874.3	2422	2323	0	0
XM_011456876.3	967	868	27.4805	37.0421
XM_011456878.3	678	579	0	0
XM_011456882.3	3447	3348	18	6.29039
XM_011456883.3	1634	1535	2	1.52445
XM_011456884.3	2420	2321	6	3.02459
XM_011456886.3	4263	4164	8.92441e-07	2.50761e-07
XM_011456887.3	4351	4252	0.000603459	0.000166052
XM_011456888.3	4309	4210	0	0
XM_011456889.3	4288	4189	0	0
XM_011456892.3	1718	1619	3	2.16803
XM_011456902.3	1730	1631	18	12.9125
XM_011456903.3	1502	1403	0	0
XM_011456904.3	1888	1789	2	1.30801
XM_011456908.3	1457	1358	0	0
XM_011456913.3	561	462	0	0
XM_011456914.3	2315	2216	1.73057e-06	9.13715e-07
XM_011456915.3	2284	2185	26	13.9223
XM_011456916.3	2409	2310	0	0
XM_011456917.3	496	397	13.2333	39.0004
XM_011456918.3	2169	2070	6	3.39134
XM_011456921.3	2310	2211	8.04785e-06	4.25875e-06
XM_011456923.3	1316	1217	6	5.76835
XM_011456925.3	1073	974	12	14.4149
XM_011456927.3	2742	2643	0	0
XM_011456928.3	2435	2336	0	0
XM_011456929.3	2422	2323	0	0
XM_011456930.3	2306	2207	20	10.6027
XM_011456931.3	2417	2318	0	0
XM_011456937.3	1385	1286	0	0
XM_011456939.3	1325	1226	0	0
XM_011456942.3	1021	922	0	0
XM_011456943.3	1638	1539	8	6.08194
XM_011456944.3	2076	1977	0	0
XM_011456945.3	1907	1808	14	9.05984
XM_011456946.3	2107	2008	0	0
XM_011456964.3	3258	3159	11	4.07412
XM_011456965.3	2217	2118	0	0
XM_011456966.3	2677	2578	9.17832	4.16554
XM_011456970.3	2633	2534	0	0
XM_011456974.3	1063	964	1	1.21371
XM_011456977.3	2649	2550	0	0
XM_011456978.3	1477	1378	6	5.0944
XM_011456979.3	1165	1066	12	13.1709
XM_011456980.3	2180	2081	0	0
XM_011456981.3	2316	2217	0	0
XM_011456982.3	2157	2058	6.35667e-05	3.61389e-05
XM_011456983.3	2171	2072	2.236e-08	1.26262e-08
XM_011456984.3	2137	2038	5.99993	3.44456
XM_011456985.3	2266	2167	0	0
XM_011456986.2	12478	12379	28.4821	2.69201
XM_011456988.3	2287	2188	12	6.41689
XM_011456996.3	2606	2507	0	0
XM_011456997.3	1900	1801	0	0
XM_011457005.3	1418	1319	0	0
XM_011457007.3	3792	3693	2	0.633638
XM_011457008.3	1675	1576	0	0
XM_011457012.3	4933	4834	0	0
XM_011457014.3	4437	4338	0	0
XM_011457015.3	4362	4263	9.12112e-08	2.50336e-08
XM_011457016.3	4284	4185	233	65.1405
XM_011457017.3	7310	7211	0.356705	0.0578768
XM_011457018.3	7307	7208	0.581153	0.0943337
XM_011457019.3	7283	7184	29.0621	4.73317
XM_011457020.3	1835	1736	0	0
XM_011457021.3	2067	1968	4	2.37808
XM_011457024.3	2039	1940	7.62751	4.60015
XM_011457025.3	2044	1945	0.37249	0.224071
XM_011457027.3	2729	2630	18	8.0077
XM_011457028.3	3569	3470	0	0
XM_011457030.3	1712	1613	10	7.25365
XM_011457031.3	4775	4676	0	0
XM_011457032.3	4754	4655	7.39785e-08	1.85942e-08
XM_011457033.3	4683	4584	5	1.27619
XM_011457034.3	5204	5105	0	0
XM_011457035.3	6167	6068	0	0
XM_011457036.3	6345	6246	15	2.80983
XM_011457039.3	5271	5172	0	0
XM_011457042.3	5386	5287	0	0
XM_011457043.3	5371	5272	0	0
XM_011457044.3	6203	6104	0	0
XM_011457048.2	3533	3434	0.658631	0.224405
XM_011457049.3	2937	2838	11	4.53494
XM_011457050.3	1522	1423	1	0.822216
XM_011457051.3	2424	2325	20	10.0646
XM_011457053.3	2564	2465	24	11.3916
XM_011457055.3	3214	3115	2	0.751212
XM_011457056.3	3214	3115	0	0
XM_011457057.3	3022	2923	0	0
XM_011457058.3	1196	1097	0	0
XM_011457059.3	853	754	1	1.55174
XM_011457060.3	2062	1963	7	4.17223
XM_011457063.3	825	726	0	0
XM_011457066.3	1151	1052	0	0
XM_011457074.3	2421	2322	141	71.0473
XM_011457076.3	1614	1515	0	0
XM_011457077.3	1491	1392	2.87714	2.41832
XM_011457081.3	1186	1087	32	34.4438
XM_011457083.3	3214	3115	0	0
XM_011457091.2	2192	2093	0	0
XM_011457093.2	3741	3642	0	0
XM_011457097.3	3562	3463	0	0
XM_011457099.3	3564	3465	0	0
XM_011457100.3	3431	3332	3	1.05343
XM_011457101.3	3660	3561	0	0
XM_011457105.3	4281	4182	0	0
XM_011457106.2	3992	3893	0	0
XM_011457108.3	1700	1601	1	0.730802
XM_011457124.3	4290	4191	0	0
XM_011457126.3	3097	2998	0	0
XM_011457127.3	2976	2877	0	0
XM_011457128.3	2901	2802	9	3.75807
XM_011457129.3	2699	2600	0	0
XM_011457133.3	2783	2684	0	0
XM_011457135.3	2794	2695	0	0
XM_011457136.3	2478	2379	1	0.491809
XM_011457138.3	988	889	0	0
XM_011457139.3	2689	2590	1.62895e-06	7.35865e-07
XM_011457140.3	2653	2554	22	10.0784
XM_011457141.3	3514	3415	12	4.11132
XM_011457142.3	3303	3204	0	0
XM_011457143.3	2778	2679	8	3.49388
XM_011457145.3	1458	1359	2	1.72187
XM_011457146.3	2476	2377	3.88505	1.91231
XM_011457153.2	1311	1212	0.116616	0.112576
XM_011457154.3	2508	2409	1	0.485684
XM_011457156.3	3313	3214	8.14982e-05	2.96683e-05
XM_011457157.3	3284	3185	3.37744	1.24071
XM_011457158.3	1398	1299	4.62248	4.16348
XM_011457159.3	1960	1861	2	1.2574
XM_011457160.3	1919	1820	7.24871	4.65994
XM_011457162.3	1750	1651	0	0
XM_011457163.3	1744	1645	10	7.11254
XM_011457164.3	1334	1235	0	0
XM_011457167.3	2087	1988	5	2.94269
XM_011457168.3	2709	2610	11.1781	5.01091
XM_011457171.3	3315	3216	0	0
XM_011457174.3	2595	2496	7	3.28129
XM_011457175.3	3204	3105	0	0
XM_011457177.3	5967	5868	51.6625	10.3009
XM_011457180.3	1739	1640	27	19.2624
XM_011457181.3	1479	1380	1	0.847836
XM_011457183.3	2058	1959	9	5.37525
XM_011457184.3	680	581	1	2.01379
XM_011457185.3	622	523	0	0
XM_011457187.3	707	608	0	0
XM_011457188.3	2289	2190	0.999932	0.534217
XM_011457189.3	2247	2148	5	2.72349
XM_011457190.3	2640	2541	0	0
XM_011457191.3	2620	2521	0	0
XM_011457192.3	1840	1741	63	42.3382
XM_011457193.3	2445	2346	39	19.4504
XM_011457194.3	2871	2772	3.73139e-06	1.57496e-06
XM_011457195.3	971	872	0	0
XM_011457198.3	2319	2220	0	0
XM_011457199.3	1722	1623	0	0
XM_011457200.3	2226	2127	0	0
XM_011457201.3	2322	2223	8	4.21057
XM_011457202.3	2895	2796	0	0
XM_011457205.3	2872	2773	6.23147	2.62925
XM_011457206.3	437	338	3.01343	10.4312
XM_011457207.3	2201	2102	0	0
XM_011457210.3	6603	6504	1	0.179891
XM_011457213.3	2670	2571	1.0489e-06	4.77336e-07
XM_011457214.3	2640	2541	0.999999	0.460453
XM_011457221.3	1370	1271	0	0
XM_011457222.3	1755	1656	2	1.41306
XM_011457224.3	2868	2769	1.32892e-05	5.61521e-06
XM_011457241.3	2250	2151	4	2.17576
XM_011457243.3	1095	996	2	2.34942
XM_011457244.3	1792	1693	20	13.8218
XM_011457245.3	2360	2261	9	4.65728
XM_011457250.3	1665	1566	0.389329	0.290881
XM_011457253.3	4043	3944	0	0
XM_011457260.2	762	663	0	0
XM_011457261.3	3807	3708	8	2.5243
XM_011457262.3	3088	2989	0	0
XM_011457265.3	1241	1142	0	0
XM_011457266.3	2008	1909	0	0
XM_011457270.3	1595	1496	14	10.9493
XM_011457272.3	1327	1228	1	0.95278
XM_011457274.3	6990	6891	36.2856	6.16087
XM_011457280.3	6722	6623	1.34267e-08	2.37194e-09
XM_011457286.3	708	609	0	0
XM_011457288.3	705	606	0	0
XM_011457289.3	1458	1359	0	0
XM_011457290.3	1897	1798	18	11.7131
XM_011457296.3	1588	1489	2	1.57154
XM_011457298.3	7045	6946	1	0.168444
XM_011457299.3	1698	1599	0	0
XM_011457308.3	1568	1469	0	0
XM_011457309.3	1496	1397	31	25.9631
XM_011457322.3	2000	1901	6.93796	4.27012
XM_011457323.3	1853	1754	13.811	9.2127
XM_011457324.3	3789	3690	0	0
XM_011457325.3	2083	1984	0	0
XM_011457326.3	2010	1911	0	0
XM_011457328.3	1219	1120	1	1.04465
XM_011457329.3	4018	3919	0	0
XM_011457330.3	3229	3130	0	0
XM_011457331.3	3572	3473	5	1.68444
XM_011457332.3	4062	3963	0	0
XM_011457333.3	4053	3954	0	0
XM_011457334.3	4038	3939	0	0
XM_011457335.3	3987	3888	0	0
XM_011457336.3	3987	3888	0	0
XM_011457337.3	2934	2835	0	0
XM_011457338.3	3912	3813	16	4.90958
XM_011457340.3	3602	3503	0.00668368	0.00223237
XM_011457347.3	3638	3539	4.13425e-08	1.36681e-08
XM_011457348.3	808	709	0	0
XM_011457360.3	2055	1956	40	23.9267
XM_011457373.3	1920	1821	0	0
XM_011457374.3	1441	1342	7	6.1029
XM_011457375.3	2685	2586	1	0.452441
XM_011457376.3	1561	1462	0	0
XM_011457377.3	5517	5418	22	4.75089
XM_011457378.3	3194	3095	7	2.64623
XM_011457379.3	3952	3853	0.13847	0.0420484
XM_011457382.3	2739	2640	7	3.10231
XM_011457384.3	1974	1875	0	0
XM_011457389.3	3634	3535	887.988	293.906
XM_011457391.3	3109	3010	9.28819	3.6104
XM_011457392.3	2781	2682	33.7239	14.712
XM_011457393.3	740	641	5	9.12647
XM_011457394.3	2057	1958	24	14.3413
XM_011457395.3	3070	2971	0	0
XM_011457405.3	2241	2142	4	2.1849
XM_011457415.3	2938	2839	4	1.64849
XM_011457418.3	6393	6294	2.17863e-06	4.04994e-07
XM_011457423.2	316	217	0	0
XM_011457424.2	1764	1665	0	0
XM_011457425.3	6337	6238	0.0778089	0.014594
XM_011457431.3	6300	6201	83.4907	15.7531
XM_011457435.3	2734	2635	0	0
XM_011457436.3	1618	1519	0	0
XM_011457445.3	666	567	0	0
XM_011457448.3	727	628	0	0
XM_011457450.3	1647	1548	2	1.51165
XM_011457451.3	6414	6315	0	0
XM_011457453.3	1923	1824	25.7196	16.4979
XM_011457457.3	6183	6084	0.37178	0.071497
XM_011457462.3	4602	4503	11.0871	2.88076
XM_011457463.3	6191	6092	0.0795917	0.0152862
XM_011457472.3	6158	6059	46.5486	8.9887
XM_011457474.2	8707	8608	12.166	1.65362
XM_011457475.3	1209	1110	22	23.1895
XM_011457478.3	2718	2619	0	0
XM_011457479.3	2267	2168	5	2.69837
XM_011457481.3	2441	2342	78	38.9671
XM_011457482.3	2531	2432	0	0
XM_011457483.3	2488	2389	0	0
XM_011457485.2	2905	2806	0	0
XM_011457488.3	1410	1311	3	2.67738
XM_011457489.3	917	818	3	4.291
XM_011457490.3	625	526	0	0
XM_011457491.3	3525	3426	14	4.78114
XM_011457493.3	2339	2240	24	12.5359
XM_011457494.3	1061	962	47	57.1628
XM_011457501.3	3543	3444	12	4.0767
XM_011457503.3	1968	1869	25	15.6503
XM_011457504.3	2867	2768	32	13.5262
XM_011457505.3	6700	6601	35.9921	6.37953
XM_011457506.3	6726	6627	0.357781	0.0631672
XM_011457510.3	2171	2072	28.1872	15.9167
XM_011457517.3	1864	1765	0	0
XM_011457523.3	6435	6336	36	6.6478
XM_011457528.3	1725	1626	0	0
XM_011457530.3	2769	2670	0	0
XM_011457532.3	2369	2270	0	0
XM_011457533.3	2184	2085	0	0
XM_011457534.3	2764	2665	0	0
XM_011457542.3	2283	2184	0	0
XM_011457543.3	2267	2168	0	0
XM_011457548.3	1896	1797	0	0
XM_011457549.3	1190	1091	0	0
XM_011457551.3	606	507	154	355.389
XM_011457553.3	3144	3045	6	2.30545
XM_011457556.3	2515	2416	0	0
XM_011457558.3	1359	1260	17	15.7859
XM_011457559.3	1424	1325	0	0
XM_011457561.3	1485	1386	21	17.7275
XM_011457562.3	2215	2116	0	0
XM_011457563.3	1040	941	1	1.24337
XM_011457564.3	2584	2485	4.28136	2.0158
XM_011457565.3	3979	3880	5.85306e-08	1.76499e-08
XM_011457566.3	3958	3859	3.40473e-05	1.03228e-05
XM_011457567.3	3955	3856	8.47748e-05	2.57229e-05
XM_011457568.3	3939	3840	0.0111294	0.00339102
XM_011457569.3	3933	3834	0.0696745	0.0212624
XM_011457570.3	3918	3819	6.91908	2.11977
XM_011457577.3	3726	3627	0	0
XM_011457578.3	3649	3550	0	0
XM_011457579.3	3531	3432	4.22113	1.43904
XM_011457580.3	3542	3443	0	0
XM_011457581.3	3525	3426	0	0
XM_011457582.3	3469	3370	0	0
XM_011457583.3	4040	3941	0.0151516	0.00449824
XM_011457584.3	4026	3927	0.984848	0.293426
XM_011457589.3	1074	975	15	18.0002
XM_011457591.3	10152	10053	189	21.9967
XM_011457606.3	2625	2526	4	1.85275
XM_011457607.3	2503	2404	0	0
XM_011457608.3	2191	2092	0	0
XM_011457622.3	1301	1202	0	0
XM_011457628.3	4708	4609	4.24527	1.07768
XM_011457634.3	3155	3056	5	1.91429
XM_011457635.3	3196	3097	8.12485e-07	3.06948e-07
XM_011457637.3	4704	4605	11.7547	2.98658
XM_011457640.3	1882	1783	3	1.96861
XM_011457641.3	2369	2270	1	0.515424
XM_011457646.3	5321	5222	0	0
XM_011457647.3	1396	1297	3	2.70628
XM_011457648.3	1055	956	0	0
XM_011457652.3	5135	5036	1.86115e-05	4.32402e-06
XM_011457656.3	2350	2251	18839.6	9792.33
XM_011457658.3	1566	1467	3	2.39267
XM_011457667.3	4975	4876	8	1.91963
XM_011457669.3	735	636	0	0
XM_011457670.3	4285	4186	25	6.98766
XM_011457674.3	7600	7501	0	0
XM_011457675.3	7635	7536	0	0
XM_011457676.3	7570	7471	11.5773	1.81308
XM_011457678.3	7513	7414	0	0
XM_011457679.3	8332	8233	0	0
XM_011457680.3	7868	7769	0	0
XM_011457681.3	7027	6928	135.423	22.8704
XM_011457685.3	7428	7329	0	0
XM_011457690.3	2718	2619	697.692	311.687
XM_011457692.3	1993	1894	2	1.23549
XM_011457693.3	2442	2343	12.036	6.01034
XM_011457694.3	1975	1876	0	0
XM_011457695.3	1858	1759	21.661	14.408
XM_011457704.3	3191	3092	29	10.9736
XM_011457708.3	2895	2796	6.00085	2.51111
XM_011457709.3	1136	1037	0	0
XM_011457710.3	3904	3805	6.14752	1.89032
XM_011457711.3	4375	4276	0	0
XM_011457712.3	3750	3651	7.85248	2.51644
XM_011457714.3	4069	3970	0	0
XM_011457715.3	3671	3572	0	0
XM_011457716.3	3815	3716	0	0
XM_011457719.3	1589	1490	0	0
XM_011457720.3	3646	3547	0	0
XM_011457729.3	6087	5988	1.91088e-07	3.73372e-08
XM_011457730.3	5994	5895	17.9997	3.5725
XM_011457731.3	4441	4342	131.167	35.3447
XM_011457732.3	2736	2637	0	0
XM_011457733.3	4426	4327	0.691261	0.186916
XM_011457735.3	1693	1594	1	0.734011
XM_011457739.3	1287	1188	60	59.0916
XM_011457748.3	1827	1728	12.6166	8.54255
XM_011457750.3	865	766	0	0
XM_011457752.3	947	848	0	0
XM_011457755.3	798	699	4	6.69536
XM_011457766.3	5727	5628	25.1016	5.2184
XM_011457784.3	5743	5644	0.898442	0.186249
XM_011457788.3	6533	6434	6	1.09109
XM_011457792.3	1313	1214	2	1.92753
XM_011457794.3	716	617	1	1.89629
XM_011457795.3	1985	1886	0	0
XM_011457797.3	2956	2857	17	6.96193
XM_011457800.3	2357	2258	0	0
XM_011457807.3	2336	2237	0.000391794	0.000204919
XM_011457812.3	3309	3210	0	0
XM_011457818.3	2652	2553	0	0
XM_011457825.3	2316	2217	0	0
XM_011457827.3	1255	1156	0	0
XM_011457828.3	1870	1771	87	57.4767
XM_011457831.2	1457	1358	0	0
XM_011457832.3	3149	3050	3	1.15083
XM_011457833.3	2075	1976	1	0.592112
XM_011457835.3	2927	2828	0	0
XM_011457841.3	3902	3803	0	0
XM_011457842.3	3143	3044	9.79104	3.76335
XM_011457844.3	2920	2821	0	0
XM_011457845.3	3153	3054	0.208942	0.0800474
XM_011457847.3	3177	3078	2.14939e-05	8.17028e-06
XM_011457848.3	3276	3177	0	0
XM_011457854.3	3169	3070	0.260288	0.0991989
XM_011457855.3	3166	3067	0	0
XM_011457856.3	3157	3058	25.7397	9.8482
XM_011457857.3	3154	3055	0	0
XM_011457860.3	1906	1807	1	0.647489
XM_011457867.3	3322	3223	12.0392	4.37046
XM_011457868.3	1012	913	0	0
XM_011457873.3	1475	1376	3	2.5509
XM_011457874.3	1885	1786	0	0
XM_011457875.3	1534	1435	0	0
XM_011457876.3	1733	1634	0	0
XM_011457879.3	2421	2322	0	0
XM_011457880.3	2180	2081	50	28.1118
XM_011457881.3	2655	2556	0	0
XM_011457883.3	2559	2460	0	0
XM_011457885.3	2259	2160	24	13.0001
XM_011457889.3	2258	2159	17	9.2127
XM_011457891.3	6545	6446	0.00262787	0.000476985
XM_011457892.3	6530	6431	0.040405	0.00735102
XM_011457893.3	6512	6413	1.08216	0.197434
XM_011457894.3	6497	6398	16.8748	3.08592
XM_011457901.3	7733	7634	0	0
XM_011457902.3	7559	7460	0.0236605	0.00371088
XM_011457918.3	1621	1522	0	0
XM_011457921.3	732	633	36	66.541
XM_011457923.3	6629	6530	8	1.4334
XM_011457924.3	1502	1403	2	1.66787
XM_011457927.3	1919	1820	9	5.78578
XM_011457928.2	736	637	42	77.1437
XM_011457932.3	1735	1636	0.258613	0.184951
XM_011457933.3	1730	1631	9.37484	6.72513
XM_011457934.3	1729	1630	19.2487	13.8167
XM_011457935.3	1762	1663	0	0
XM_011457937.3	4441	4342	4.60528	1.24096
XM_011457940.3	2039	1940	5.30229	3.19781
XM_011457941.3	1892	1793	0	0
XM_011457942.3	2210	2111	0	0
XM_011457943.3	2102	2003	0	0
XM_011457944.3	1860	1761	0	0
XM_011457945.3	1928	1829	0	0
XM_011457946.3	1983	1884	0	0
XM_011457947.3	2640	2541	0	0
XM_011457949.3	5303	5204	0.00183955	0.000413586
XM_011457950.3	5258	5159	48.8638	11.0819
XM_011457953.3	3127	3028	12	4.63678
XM_011457955.3	622	523	667	1492.16
XM_011457956.3	3642	3543	0	0
XM_011457957.3	3152	3053	0	0
XM_011457958.3	3148	3049	0	0
XM_011457959.3	3238	3139	0	0
XM_011457960.3	3128	3029	1.42922e-07	5.52067e-08
XM_011457961.3	4196	4097	31	8.85292
XM_011457964.3	3138	3039	0.00977098	0.00376182
XM_011457970.3	624	525	0	0
XM_011457973.3	828	729	4	6.41983
XM_011457974.3	1478	1379	6	5.0907
XM_011457978.3	985	886	0	0
XM_011457979.3	3149	3050	50.5404	19.3878
XM_011457980.3	1321	1222	0	0
XM_011457981.3	2606	2507	4.96837	2.31873
XM_011457982.3	2561	2462	0	0
XM_011457983.3	2555	2456	23.0686	10.9897
XM_011457986.3	2510	2411	36.963	17.9374
XM_011457987.3	3216	3117	0.0043179	0.00162079
XM_011457988.3	3195	3096	11.9957	4.5333
XM_011457989.3	3248	3149	2.70403e-08	1.00468e-08
XM_011457990.3	1921	1822	26	16.6961
XM_011457991.3	1469	1370	0	0
XM_011457992.3	1433	1334	5	4.38536
XM_011458004.2	435	336	0	0
XM_011458010.3	2022	1923	1	0.608431
XM_011458013.3	1350	1251	2	1.87053
XM_011458016.3	2187	2088	6	3.36211
XM_011458017.3	2341	2242	22.3082	11.6418
XM_011458018.3	1755	1656	71.6918	50.6524
XM_011458019.3	9092	8993	158	20.5562
XM_011458025.3	2509	2410	0	0
XM_011458030.3	2014	1915	7	4.27681
XM_011458031.3	3346	3247	7	2.52236
XM_011458032.3	1292	1193	12	11.7688
XM_011458033.3	1510	1411	21	17.4134
XM_011458036.3	1257	1158	2	2.02075
XM_011458039.3	5428	5329	0	0
XM_011458041.3	5144	5045	8	1.85532
XM_011458043.3	3444	3345	0	0
XM_011458044.3	5323	5224	0	0
XM_011458045.3	5320	5221	0	0
XM_011458049.3	1926	1827	3	1.9212
XM_011458050.3	5644	5545	11	2.32104
XM_011458051.3	3348	3249	1	0.360115
XM_011458052.3	1273	1174	1	0.996604
XM_011458054.3	2070	1971	63	37.3977
XM_011458055.3	1856	1757	0	0
XM_011458056.3	1933	1834	0	0
XM_011458057.3	1830	1731	0	0
XM_011458058.3	1837	1738	0	0
XM_011458059.3	1828	1729	0	0
XM_011458060.3	1915	1816	0	0
XM_011458061.3	1804	1705	0	0
XM_011458062.3	1816	1717	0	0
XM_011458063.3	1801	1702	0	0
XM_011458064.3	1777	1678	0	0
XM_011458066.3	1798	1699	0	0
XM_011458067.3	1771	1672	0	0
XM_011458068.3	1858	1759	0	0
XM_011458069.3	1747	1648	6.53565e-05	4.64004e-05
XM_011458070.3	1753	1654	0	0
XM_011458071.3	1840	1741	0	0
XM_011458072.3	1729	1630	4.62677e-05	3.32109e-05
XM_011458080.3	4206	4107	9.1085e-07	2.59486e-07
XM_011458081.3	4149	4050	12	3.46671
XM_011458082.3	1271	1172	5	4.99152
XM_011458083.3	1250	1151	0	0
XM_011458085.3	3267	3168	8	2.95458
XM_011458088.3	2719	2620	2	0.89314
XM_011458089.3	4855	4756	27	6.64221
XM_011458090.3	4875	4776	0	0
XM_011458091.3	4856	4757	0	0
XM_011458092.3	4727	4628	9.4324e-06	2.38462e-06
XM_011458093.3	4734	4635	1.60206e-06	4.04408e-07
XM_011458095.3	4772	4673	0	0
XM_011458096.3	2646	2547	0.00391288	0.00179746
XM_011458097.3	2634	2535	0.996087	0.459738
XM_011458105.3	1652	1553	1	0.753389
XM_011458112.3	1205	1106	0	0
XM_011458113.3	690	591	2.07586	4.10962
XM_011458122.3	2351	2252	0	0
XM_011458123.3	4601	4502	38.0708	9.89412
XM_011458124.3	1555	1456	4.06936e-07	3.27006e-07
XM_011458125.3	1536	1437	2	1.62841
XM_011458126.3	2040	1941	0	0
XM_011458127.3	1866	1767	53.9993	35.7555
XM_011458129.3	1883	1784	0.000715651	0.000469351
XM_011458130.3	2111	2012	0.00627014	0.0036462
XM_011458131.3	2099	2000	6.99373	4.09138
XM_011458137.3	749	650	9	16.2002
XM_011458138.3	482	383	0	0
XM_011458140.3	1380	1281	0	0
XM_011458143.3	2571	2472	0	0
XM_011458145.3	2495	2396	24	11.7197
XM_011458146.3	826	727	17	27.3593
XM_011458148.3	2038	1939	0	0
XM_011458155.3	1092	993	0	0
XM_011458156.3	872	773	5.36981	8.12776
XM_011458167.3	2294	2195	12	6.39643
XM_011458177.3	2918	2819	0	0
XM_011458179.3	2805	2706	3	1.29713
XM_011458182.3	1896	1797	0	0
XM_011458183.3	1921	1822	103.805	66.6595
XM_011458185.3	3316	3217	0	0
XM_011458186.3	2085	1986	3	1.76739
XM_011458187.3	2188	2089	0	0
XM_011458189.3	4172	4073	35	10.0541
XM_011458190.3	1397	1298	0	0
XM_011458192.3	1315	1216	0	0
XM_011458195.3	3024	2925	6	2.40003
XM_011458196.3	2006	1907	0	0
XM_011458197.3	2849	2750	0	0
XM_011458199.3	406	307	0	0
XM_011458200.3	1804	1705	0	0
XM_011458202.3	3643	3544	0	0
XM_011458203.3	1542	1443	0	0
XM_011458204.3	1468	1369	0	0
XM_011458227.3	1566	1467	20	15.9511
XM_011458228.3	2406	2307	0	0
XM_011458229.3	1834	1735	1.01128	0.681966
XM_011458234.3	1128	1029	0.00838529	0.00953441
XM_011458236.3	3287	3188	76.9996	28.2593
XM_011458254.3	1267	1168	0	0
XM_011458257.3	1126	1027	0	0
XM_011458263.3	955	856	17	23.2362
XM_011458264.2	2038	1939	0	0
XM_011458265.3	5154	5055	0.165046	0.038201
XM_011458266.3	3224	3125	0	0
XM_011458267.3	4577	4478	31.9059	8.33637
XM_011458269.3	4081	3982	0	0
XM_011458270.3	1304	1205	0	0
XM_011458294.3	3473	3374	1.66022	0.575721
XM_011458295.3	2892	2793	42.3398	17.7365
XM_011458299.3	6271	6172	106.705	20.2279
XM_011458300.3	1732	1633	6	4.29889
XM_011458301.3	2490	2391	14	6.85077
XM_011458307.3	2708	2609	0.0682685	0.0306152
XM_011458308.3	2699	2600	3.93168	1.76928
XM_011458309.3	2772	2673	0	0
XM_011458311.3	893	794	22	32.4185
XM_011458313.3	1631	1532	10	7.63716
XM_011458314.3	2326	2227	0	0
XM_011458315.3	2933	2834	0	0
XM_011458316.3	2875	2776	2	0.842949
XM_011458317.3	3080	2981	0	0
XM_011458322.3	742	643	33	60.0473
XM_011458329.3	1007	908	53	68.2937
XM_011458333.3	2165	2066	0	0
XM_011458343.3	2340	2241	9	4.69885
XM_011458344.3	2992	2893	26.3708	10.6651
XM_011458345.3	2066	1967	19	11.3016
XM_011458346.3	812	713	19	31.1785
XM_011458351.3	2149	2050	7	3.99517
XM_011458352.3	2174	2075	4.67891e-06	2.63826e-06
XM_011458353.3	2213	2114	2	1.10692
XM_011458354.3	2223	2124	2	1.10171
XM_011458355.3	1557	1458	0	0
XM_011458363.3	1590	1491	0	0
XM_011458364.3	3362	3263	2	0.71714
XM_011458371.3	757	658	6	10.6688
XM_011458374.3	1275	1176	8.14472e-08	8.10326e-08
XM_011458377.2	1173	1074	2	2.1788
XM_011458382.3	2373	2274	0	0
XM_011458387.3	1193	1094	36	38.5014
XM_011458389.3	1965	1866	0	0
XM_011458390.3	3628	3529	0.0126097	0.00418064
XM_011458391.3	474	375	147	458.645
XM_011458392.3	1230	1131	6	6.20697
XM_011458397.3	3610	3511	5.0785	1.69237
XM_011458404.3	1570	1471	2	1.59077
XM_011458408.3	3273	3174	51	18.7998
XM_011458411.3	1946	1847	0	0
XM_011458415.3	3075	2976	15.4827	6.08702
XM_011458420.3	4306	4207	10	2.78111
XM_011458423.3	1248	1149	0	0
XM_011458424.3	2005	1906	0	0
XM_011458425.3	2307	2208	6	3.17938
XM_011458426.3	2691	2592	0	0
XM_011458439.3	3020	2921	3.82894	1.53369
XM_011458440.3	2737	2638	7	3.10466
XM_011458446.3	2151	2052	0	0
XM_011458447.3	1899	1800	3	1.95002
XM_011458450.3	2188	2089	0	0
XM_011458454.3	4260	4161	60	16.8711
XM_011458458.3	3421	3322	23	8.10063
XM_011458459.3	2551	2452	2.98393	1.42383
XM_011458460.3	2773	2674	0	0
XM_011458461.3	2940	2841	0	0
XM_011458462.3	2609	2510	0	0
XM_011458463.3	2762	2663	0	0
XM_011458464.3	2444	2345	0	0
XM_011458465.3	2432	2333	0	0
XM_011458466.2	2527	2428	0	0
XM_011458468.3	2499	2400	3.01607	1.47035
XM_011458470.3	1827	1728	0	0
XM_011458471.3	2447	2348	41	20.4304
XM_011458472.3	1453	1354	17	14.69
XM_011458473.3	1137	1038	34	38.3241
XM_011458480.3	3891	3792	141	43.5052
XM_011458482.3	1412	1313	0	0
XM_011458483.3	1352	1253	7	6.53639
XM_011458484.3	1849	1750	0.191734	0.12819
XM_011458488.3	1686	1587	0	0
XM_011458491.3	1240	1141	7	7.178
XM_011458492.3	1344	1245	18	16.9159
XM_011458493.3	1199	1100	0	0
XM_011458500.3	3722	3623	4.1626	1.34427
XM_011458505.3	2144	2045	0	0
XM_011458506.3	2059	1960	0	0
XM_011458507.3	2111	2012	0	0
XM_011458509.3	1936	1837	0	0
XM_011458515.3	2443	2344	36	17.9695
XM_011458517.3	915	816	0	0
XM_011458518.3	5046	4947	0	0
XM_011458519.3	5063	4964	0	0
XM_011458520.3	4806	4707	1.53508e-08	3.81572e-09
XM_011458521.3	2590	2491	6	2.81818
XM_011458522.3	1386	1287	0	0
XM_011458523.3	1171	1072	0	0
XM_011458524.3	1015	916	5	6.38654
XM_011458526.3	1717	1618	20.7185	14.982
XM_011458530.3	2929	2830	1.71759	0.710108
XM_011458531.3	3319	3220	1	0.363358
XM_011458536.3	3050	2951	24	9.51553
XM_011458537.3	3748	3649	0	0
XM_011458538.3	3836	3737	27	8.4534
XM_011458540.3	2918	2819	23	9.54605
XM_011458541.3	1142	1043	17	19.0702
XM_011458542.3	1785	1686	0	0
XM_011458543.3	1362	1263	0	0
XM_011458545.3	2252	2153	0	0
XM_011458551.3	2497	2398	0	0
XM_011458558.3	3119	3020	8	3.09937
XM_011458559.3	2120	2021	27	15.6311
XM_011458560.3	978	879	20	26.6215
XM_011458561.3	3186	3087	0	0
XM_011458562.3	3125	3026	0	0
XM_011458563.3	3188	3089	0	0
XM_011458564.3	2002	1903	4	2.4593
XM_011458571.3	871	772	0	0
XM_011458572.3	2742	2643	90	39.8415
XM_011458574.3	6022	5923	176	34.7666
XM_011458575.3	1038	939	0	0
XM_011458576.3	1023	924	0	0
XM_011458578.3	5991	5892	50	9.92883
XM_011458581.3	2043	1944	9	5.41673
XM_011458582.3	2839	2740	39	16.6535
XM_011458583.3	2809	2710	13	5.61261
XM_011458584.3	3531	3432	8	2.7273
XM_011458585.3	2096	1997	0	0
XM_011458599.3	3534	3435	32.8684	11.1955
XM_011458602.3	3558	3459	0	0
XM_011458603.3	3470	3371	43	14.9245
XM_011458604.3	2714	2615	5	2.23712
XM_011458605.3	2308	2209	0	0
XM_011458606.3	2391	2292	0	0
XM_011458607.3	2424	2325	0	0
XM_011458609.2	3001	2902	25	10.0794
XM_011458610.3	4429	4330	0.191561	0.0517618
XM_011458611.3	4426	4327	0.431897	0.116784
XM_011458612.3	4411	4312	25.3765	6.88564
XM_011458614.3	4252	4153	0	0
XM_011458615.3	2402	2303	0	0
XM_011458616.3	2403	2304	12	6.09382
XM_011458617.3	2403	2304	0	0
XM_011458619.3	3368	3269	7	2.50538
XM_011458624.3	2144	2045	15	8.58201
XM_011458628.3	1871	1772	6	3.96167
XM_011458629.3	1079	980	0	0
XM_011458630.3	1953	1854	7	4.41753
XM_011458631.3	2445	2346	20	9.97454
XM_011458637.3	1049	950	9	11.0843
XM_011458638.3	706	607	0	0
XM_011458639.3	2088	1989	3	1.76473
XM_011458641.3	1584	1485	0	0
XM_011458652.3	1721	1622	11	7.93474
XM_011458655.3	2659	2560	0	0
XM_011458657.3	2476	2377	293	144.221
XM_011458658.2	1359	1260	0	0
XM_011458663.3	2040	1941	5	3.01394
XM_011458666.3	2107	2008	13.737	8.00425
XM_011458668.3	585	486	16	38.519
XM_011458670.3	3240	3141	44.5786	16.6054
XM_011458671.3	3231	3132	9.42141	3.51953
XM_011458672.3	4554	4455	0	0
XM_011458673.3	3122	3023	0	0
XM_011458676.3	3124	3025	2	0.773563
XM_011458677.3	2504	2405	0	0
XM_011458678.3	3266	3167	0.032656	0.0120644
XM_011458679.3	3247	3148	37.9673	14.1113
XM_011458680.3	1086	987	2	2.37085
XM_011458681.3	1110	1011	0	0
XM_011458700.3	3452	3353	0	0
XM_011458701.3	3432	3333	16	5.61663
XM_011458703.3	1656	1557	0	0
XM_011458706.3	1609	1510	0	0
XM_011458707.3	1601	1502	0	0
XM_011458708.3	5649	5550	0.75	0.15811
XM_011458711.3	5946	5847	2	0.40021
XM_011458713.3	3563	3464	7	2.36435
XM_011458714.3	1086	987	0	0
XM_011458718.2	3185	3086	0	0
XM_011458719.2	645	546	0	0
XM_011458722.3	3543	3444	27	9.17258
XM_011458723.3	443	344	0	0
XM_011458727.3	1211	1112	9	9.46953
XM_011458728.3	799	700	0	0
XM_011458729.3	1676	1577	7	5.19346
XM_011458730.3	1315	1216	0	0
XM_011458732.3	483	384	4	12.1876
XM_011458733.3	3218	3119	20.2502	7.59636
XM_011458734.3	2813	2714	131	56.4745
XM_011458742.3	7126	7027	0	0
XM_011458743.3	1745	1646	1	0.710822
XM_011458746.3	11717	11618	0.012733	0.0012823
XM_011458747.3	11702	11603	0.0579532	0.00584383
XM_011458748.3	460	361	1	3.24103
XM_011458749.3	7380	7281	0	0
XM_011458750.3	440	341	4	13.7245
XM_011458751.3	625	526	1	2.22436
XM_011458752.3	461	362	88	284.423
XM_011458754.3	1935	1836	0	0
XM_011458755.3	2457	2358	0	0
XM_011458756.3	2186	2087	0	0
XM_011458757.3	7123	7024	0	0
XM_011458759.3	3522	3423	6.1681e-05	2.10831e-05
XM_011458763.3	6586	6487	30	5.41088
XM_011458771.3	5075	4976	0.182672	0.0429519
XM_011458772.3	5057	4958	12.8173	3.0247
XM_011458776.3	726	627	0	0
XM_011458777.3	3478	3379	0	0
XM_011458788.3	608	509	0	0
XM_011458790.3	632	533	0	0
XM_011458791.3	596	497	0	0
XM_011458792.3	656	557	0	0
XM_011458802.3	1806	1707	0	0
XM_011458813.3	2716	2617	0	0
XM_011458814.3	2692	2593	0	0
XM_011458815.3	2644	2545	2	0.91946
XM_011458816.3	3016	2917	20.891	8.3794
XM_011458821.3	2473	2374	5	2.46422
XM_011458825.3	2493	2394	0	0
XM_011458826.3	1057	958	1	1.22131
XM_011458827.3	2704	2605	0	0
XM_011458828.3	850	751	18	28.0429
XM_011458829.3	1110	1011	0	0
XM_011458830.3	1502	1403	0	0
XM_011458831.3	1751	1652	3	2.12472
XM_011458832.3	2033	1934	0	0
XM_011458833.3	1084	985	0	0
XM_011458834.3	888	789	0	0
XM_011458835.3	2501	2402	44	21.4324
XM_011458836.3	820	721	1	1.62276
XM_011458837.3	695	596	1	1.96311
XM_011458839.3	5457	5358	27	5.89592
XM_011458840.3	1833	1734	0	0
XM_011458841.3	1882	1783	0	0
XM_011458845.3	1799	1700	22	15.1414
XM_011458854.3	4772	4673	55	13.7708
XM_011458856.3	1664	1565	0	0
XM_011458857.3	2313	2214	20.7356	10.958
XM_011458858.3	1496	1397	1.26436	1.05892
XM_011458864.2	5091	4992	10.9122	2.55758
XM_011458872.2	5088	4989	22.0878	5.17999
XM_011458874.3	1347	1248	1	0.937511
XM_011458875.3	4615	4516	0.261259	0.0676876
XM_011458876.3	1452	1353	1	0.864755
XM_011458878.3	3355	3256	0	0
XM_011458897.3	3999	3900	28	8.4001
XM_011458898.3	1809	1710	0	0
XM_011458899.3	1543	1444	0	0
XM_011458900.3	1579	1480	0	0
XM_011458901.3	2147	2048	0	0
XM_011458902.3	1549	1450	0	0
XM_011458903.3	1528	1429	0	0
XM_011458904.3	1492	1393	5	4.19962
XM_011458907.3	2407	2308	6.3983	3.24354
XM_011458908.3	2428	2329	0.000155544	7.81402e-05
XM_011458910.3	2237	2138	12	6.56696
XM_011458911.3	854	755	0	0
XM_011458925.3	4687	4588	8.01044e-07	2.04279e-07
XM_011458926.3	4694	4595	0	0
XM_011458928.3	2614	2515	147	68.3865
XM_011458944.3	3986	3887	8.26294	2.4872
XM_011458946.3	4660	4561	0	0
XM_011458947.3	5111	5012	0	0
XM_011458949.3	4010	3911	0.00604481	0.00180836
XM_020062342.2	7929	7830	66.5978	9.95151
XM_020062350.2	2628	2529	4.33791	2.00688
XM_020062353.2	2945	2846	0	0
XM_020062357.2	2047	1948	0	0
XM_020062358.2	4375	4276	214.142	58.5943
XM_020062360.2	4050	3951	0	0
XM_020062361.2	4552	4453	0	0
XM_020062362.2	3896	3797	0	0
XM_020062363.2	4273	4174	0	0
XM_020062364.2	4215	4116	0	0
XM_020062365.2	3961	3862	0	0
XM_020062366.2	4282	4183	0	0
XM_020062367.2	3962	3863	1.20791e-07	3.65848e-08
XM_020062368.2	4433	4334	0	0
XM_020062369.2	3873	3774	0	0
XM_020062370.2	6074	5975	2.44572e-06	4.78916e-07
XM_020062371.2	6050	5951	0.000274639	5.39962e-05
XM_020062372.2	3463	3364	0	0
XM_020062373.2	7636	7537	0	0
XM_020062374.2	6210	6111	0	0
XM_020062375.2	2330	2231	0	0
XM_020062377.2	1248	1149	0	0
XM_020062378.2	2033	1934	0	0
XM_020062382.2	826	727	91.914	147.924
XM_020062397.2	2068	1969	0	0
XM_020062398.2	1952	1853	0	0
XM_020062400.2	1524	1425	0	0
XM_020062401.2	1426	1327	4	3.52679
XM_020062403.2	3574	3475	6.01328	2.02464
XM_020062406.2	984	885	0	0
XM_020062407.2	2284	2185	0	0
XM_020062408.2	2275	2176	0	0
XM_020062409.2	2257	2158	0	0
XM_020062410.2	2239	2140	0	0
XM_020062411.2	2170	2071	0	0
XM_020062412.2	2071	1972	0	0
XM_020062413.2	2068	1969	0	0
XM_020062414.2	2056	1957	0	0
XM_020062415.2	2026	1927	0	0
XM_020062416.2	1942	1843	0	0
XM_020062417.2	1897	1798	0	0
XM_020062418.2	1888	1789	0	0
XM_020062420.2	1864	1765	0	0
XM_020062421.2	3804	3705	0	0
XM_020062422.2	3552	3453	0	0
XM_020062423.2	3448	3349	15.7452	5.50077
XM_020062424.2	3958	3859	0	0
XM_020062426.2	3833	3734	0	0
XM_020062434.2	2319	2220	6	3.1622
XM_020062438.2	3195	3096	0	0
XM_020062439.2	3180	3081	0	0
XM_020062444.2	1841	1742	0.481503	0.323401
XM_020062446.2	1931	1832	5.99465	3.82851
XM_020062447.2	2426	2327	0	0
XM_020062448.2	2123	2024	0	0
XM_020062452.2	2437	2338	0	0
XM_020062454.2	2272	2173	0	0
XM_020062456.2	2370	2271	0	0
XM_020062458.2	5240	5141	0	0
XM_020062459.2	4876	4777	0	0
XM_020062460.2	4868	4769	0	0
XM_020062461.2	1692	1593	0	0
XM_020062462.2	1888	1789	0	0
XM_020062464.2	2521	2422	0	0
XM_020062465.2	3480	3381	0	0
XM_020062474.2	595	496	0	0
XM_020062476.2	598	499	23.3055	54.6448
XM_020062477.2	503	404	0	0
XM_020062479.2	2965	2866	15	6.12359
XM_020062481.2	2201	2102	2	1.11324
XM_020062484.2	2541	2442	0	0
XM_020062486.2	2996	2897	0	0
XM_020062487.2	1927	1828	2.19476	1.40476
XM_020062488.2	4146	4047	11	3.18017
XM_020062495.2	3320	3221	0.000436867	0.00015869
XM_020062497.2	1833	1734	1.98872	1.34189
XM_020062501.2	2479	2380	1.61817	0.795494
XM_020062502.2	1768	1669	0	0
XM_020062507.2	6041	5942	2.65494e-05	5.22774e-06
XM_020062508.2	6038	5939	4.80088e-05	9.45797e-06
XM_020062510.2	6017	5918	0.00306071	0.000605115
XM_020062511.2	6014	5915	0.00554792	0.0010974
XM_020062512.2	6011	5912	0.0100594	0.00199079
XM_020062513.2	5990	5891	0.653623	0.129816
XM_020062515.2	1489	1390	8	6.73389
XM_020062517.2	5020	4921	0	0
XM_020062518.2	2735	2636	3.88467e-07	1.72425e-07
XM_020062519.2	2353	2254	0	0
XM_020062520.2	2291	2192	0	0
XM_020062521.2	3238	3139	0	0
XM_020062529.2	3013	2914	0	0
XM_020062535.1	366	267	0	0
XM_020062540.2	1537	1438	0	0
XM_020062541.2	1510	1411	4	3.31683
XM_020062542.2	1638	1539	0	0
XM_020062553.2	1501	1402	31	25.8705
XM_020062558.2	1845	1746	2	1.34022
XM_020062559.2	2696	2597	0	0
XM_020062560.2	2309	2210	0	0
XM_020062561.2	3443	3344	0	0
XM_020062562.2	2306	2207	0	0
XM_020062563.2	3439	3340	0	0
XM_020062564.2	2321	2222	0	0
XM_020062565.2	2472	2373	0	0
XM_020062566.2	2329	2230	0	0
XM_020062567.2	2851	2752	0.54192	0.230397
XM_020062568.2	2848	2749	1.94793	0.829066
XM_020062569.2	2129	2030	1.36428	0.78632
XM_020062570.2	2126	2027	7.73232	4.4632
XM_020062571.2	3023	2924	1.14853	0.459574
XM_020062575.2	2537	2438	0	0
XM_020062577.2	2027	1928	1	0.606853
XM_020062578.2	4252	4153	4	1.12691
XM_020062584.2	4000	3901	15.1785	4.55242
XM_020062590.2	2271	2172	5.95188	3.20616
XM_020062595.2	2256	2157	1	0.542426
XM_020062600.2	719	620	0	0
XM_020062601.2	2024	1925	0	0
XM_020062602.2	1626	1527	2.03172e-05	1.55674e-05
XM_020062603.2	1612	1513	0.99998	0.773291
XM_020062606.2	847	748	0	0
XM_020062609.2	2227	2128	0	0
XM_020062610.2	610	511	0	0
XM_020062623.2	2972	2873	51	20.7695
XM_020062624.2	599	500	0	0
XM_020062626.2	4217	4118	1	0.284122
XM_020062627.2	2473	2374	127.691	62.9317
XM_020062628.2	3045	2946	14.7568	5.86069
XM_020062629.2	1688	1589	0	0
XM_020062630.2	1464	1365	8	6.85722
XM_020062634.2	1624	1525	64	49.1022
XM_020062641.2	1818	1719	0	0
XM_020062643.2	11787	11688	1.10859e-05	1.10974e-06
XM_020062647.2	921	822	0	0
XM_020062657.2	1930	1831	4	2.55601
XM_020062662.2	2082	1983	6.56118	3.87124
XM_020062665.2	4832	4733	1.74218e-05	4.30674e-06
XM_020062668.2	1372	1273	0	0
XM_020062669.2	3524	3425	0	0
XM_020062673.2	7155	7056	4	0.663273
XM_020062678.2	2925	2826	0	0
XM_020062679.2	2440	2341	0	0
XM_020062680.2	3023	2924	0	0
XM_020062684.2	1510	1411	0	0
XM_020062686.2	1463	1364	0	0
XM_020062689.2	1555	1456	1	0.803581
XM_020062700.2	807	708	0	0
XM_020062701.2	878	779	11	16.5214
XM_020062708.2	3536	3437	15.986	5.44192
XM_020062718.2	1213	1114	0	0
XM_020062721.2	6958	6859	0	0
XM_020062724.2	3076	2977	1.7525	0.688762
XM_020062730.2	3481	3382	2	0.691906
XM_020062732.2	2049	1950	0	0
XM_020062735.2	4600	4501	4.61801e-06	1.20043e-06
XM_020062742.2	1524	1425	0	0
XM_020062747.2	2331	2232	4	2.0968
XM_020062748.2	1933	1834	0	0
XM_020062750.2	2033	1934	0	0
XM_020062751.2	1926	1827	0	0
XM_020062752.2	1900	1801	7.62621	4.95434
XM_020062753.2	892	793	0	0
XM_020062754.2	1749	1650	0	0
XM_020062757.2	1578	1479	4	3.16434
XM_020062758.2	1962	1863	0	0
XM_020062760.2	2388	2289	0	0
XM_020062761.2	3583	3484	0.235639	0.0791333
XM_020062762.2	3575	3476	3.49418	1.17613
XM_020062763.2	3578	3479	1.27019	0.427173
XM_020062777.2	1541	1442	0	0
XM_020062778.2	5403	5304	6.37117	1.40542
XM_020062798.2	2265	2166	0	0
XM_020062799.2	1853	1754	0	0
XM_020062808.2	784	685	2	3.4161
XM_020062811.2	3116	3017	0	0
XM_020062819.2	1577	1478	1	0.791619
XM_020062821.2	960	861	0	0
XM_020062823.2	5088	4989	110	25.797
XM_020062824.2	2254	2155	5.85695e-08	3.17991e-08
XM_020062831.2	3282	3183	0	0
XM_020062833.2	4579	4480	4	1.04465
XM_020062835.2	939	840	0	0
XM_020062836.2	4912	4813	0	0
XM_020062839.2	2132	2033	4.59955	2.64709
XM_020062840.2	1690	1591	0.400452	0.294491
XM_020062842.2	1656	1557	5.23967	3.93737
XM_020062844.2	1699	1600	0	0
XM_020062847.2	1250	1151	0.000191605	0.00019477
XM_020062848.2	2272	2173	0	0
XM_020062849.2	1307	1208	0	0
XM_020062856.2	2003	1904	0.407734	0.250554
XM_020062867.2	591	492	0	0
XM_020062869.2	2023	1924	2	1.21623
XM_020062871.2	1933	1834	0	0
XM_020062873.2	1176	1077	4	4.34545
XM_020062874.2	1078	979	0	0
XM_020062875.2	1619	1520	5	3.84873
XM_020062877.2	1251	1152	3	3.04691
XM_020062880.2	1341	1242	1	0.94204
XM_020062885.2	3273	3174	7.34533	2.70767
XM_020062892.2	765	666	0	0
XM_020062893.2	705	606	0	0
XM_020062894.2	693	594	0	0
XM_020062895.2	2968	2869	4.99957	2.03889
XM_020062900.2	1877	1778	10	6.5805
XM_020062903.2	3556	3457	0	0
XM_020062914.2	1212	1113	0	0
XM_020062924.2	2556	2457	2	0.952392
XM_020062925.2	3888	3789	3.10063	0.957451
XM_020062926.2	2110	2011	1.95432e-05	1.13704e-05
XM_020062927.2	2831	2732	0	0
XM_020062941.2	1632	1533	1	0.763218
XM_020062944.2	1969	1870	4.46259	2.79213
XM_020062951.2	769	670	0	0
XM_020062953.2	2641	2542	8.17304	3.76183
XM_020062954.2	1713	1614	3.50982	2.54432
XM_020062955.2	1052	953	0	0
XM_020062956.2	1021	922	0	0
XM_020062957.2	994	895	5	6.53639
XM_020062965.2	2105	2006	0	0
XM_020062967.2	1139	1040	1.58333	1.78127
XM_020062977.2	4446	4347	0	0
XM_020062978.2	4367	4268	0	0
XM_020062979.2	4517	4418	1.12211	0.297166
XM_020062982.2	2387	2288	0	0
XM_020062983.2	961	862	2	2.71465
XM_020063002.2	903	804	0	0
XM_020063005.2	2675	2576	19	8.62976
XM_020063007.2	1193	1094	0	0
XM_020063009.2	3301	3202	0	0
XM_020063010.2	3241	3142	0	0
XM_020063011.2	1925	1826	0	0
XM_020063012.2	1944	1845	0	0
XM_020063016.2	5820	5721	26.372	5.3934
XM_020063027.2	2333	2234	0	0
XM_020063029.2	1893	1794	2	1.30436
XM_020063032.2	3037	2938	0	0
XM_020063033.2	3152	3053	0	0
XM_020063034.2	2944	2845	0.000138762	5.70662e-05
XM_020063035.2	2917	2818	9.99986	4.15187
XM_020063037.2	1521	1422	0	0
XM_020063042.2	3920	3821	0	0
XM_020063043.2	730	631	0	0
XM_020063049.2	3005	2906	0	0
XM_020063052.2	1241	1142	3.93491	4.03143
XM_020063062.2	1336	1237	1	0.945848
XM_020063069.2	3195	3096	0	0
XM_020063070.2	3183	3084	0	0
XM_020063078.2	817	718	0	0
XM_020063079.2	2237	2138	0	0
XM_020063081.2	2460	2361	0	0
XM_020063082.2	2349	2250	1	0.520006
XM_020063083.2	1674	1575	0	0
XM_020063090.2	4047	3948	0	0
XM_020063091.2	4020	3921	2.24004e-06	6.6842e-07
XM_020063095.2	6372	6273	3.89384e-05	7.26263e-06
XM_020063096.2	6369	6270	6.82442e-05	1.27347e-05
XM_020063097.2	6369	6270	6.82442e-05	1.27347e-05
XM_020063099.2	6309	6210	5.40062	1.01752
XM_020063102.2	2219	2120	0	0
XM_020063103.2	1626	1527	0	0
XM_020063105.2	4046	3947	0	0
XM_020063106.2	3007	2908	0	0
XM_020063107.2	1431	1332	7.15067	6.28107
XM_020063108.2	1353	1254	0	0
XM_020063109.2	853	754	6	9.31045
XM_020063111.2	3437	3338	0	0
XM_020063112.2	2658	2559	0	0
XM_020063113.2	3765	3666	0	0
XM_020063114.2	3142	3043	1	0.384493
XM_020063115.2	3191	3092	0	0
XM_020063117.2	3192	3093	4	1.51311
XM_020063119.2	3173	3074	0	0
XM_020063127.2	1635	1536	0	0
XM_020063129.2	2776	2677	2	0.874123
XM_020063141.2	675	576	0	0
XM_020063142.2	4439	4340	1	0.269588
XM_020063143.2	1611	1512	1	0.773818
XM_020063158.2	5280	5181	0	0
XM_020063159.2	4562	4463	0	0
XM_020063160.2	4416	4317	0	0
XM_020063161.2	6061	5962	1.77783e-05	3.48891e-06
XM_020063167.2	1039	940	0	0
XM_020063169.2	1402	1303	0	0
XM_020063181.2	2032	1933	0	0
XM_020063182.2	2742	2643	0	0
XM_020063183.2	3016	2917	0	0
XM_020063223.2	4952	4853	0	0
XM_020063225.2	8069	7970	0	0
XM_020063227.2	9715	9616	14	1.70343
XM_020063229.2	919	820	1.10594	1.57801
XM_020063231.2	1845	1746	0	0
XM_020063241.2	5657	5558	0	0
XM_020063242.2	5624	5525	0	0
XM_020063243.2	1703	1604	0	0
XM_020063246.2	5627	5528	0	0
XM_020063248.2	3300	3201	0	0
XM_020063250.2	5594	5495	0	0
XM_020063251.2	4830	4731	469	115.987
XM_020063293.2	4237	4138	17.9997	5.08939
XM_020063303.2	2978	2879	104	42.2652
XM_020063304.2	2372	2273	0	0
XM_020063305.2	2258	2159	0	0
XM_020063306.2	2344	2245	0	0
XM_020063310.2	819	720	0	0
XM_020063313.2	2378	2279	0	0
XM_020063316.2	4849	4750	0	0
XM_020063318.2	1561	1462	0.917171	0.733996
XM_020063319.2	1244	1145	0	0
XM_020063320.2	2631	2532	8	3.69672
XM_020063328.2	4307	4208	3.72476e-07	1.03565e-07
XM_020063329.2	1561	1462	0	0
XM_020063330.2	5111	5012	0	0
XM_020063356.2	712	613	0	0
XM_020063357.2	983	884	36	47.6476
XM_020063358.2	1947	1848	0	0
XM_020063362.2	759	660	0	0
XM_020063369.2	1918	1819	38.949	25.0527
XM_020063371.2	2522	2423	8	3.86302
XM_020063376.2	1933	1834	0	0
XM_020063377.2	3618	3519	8.17136	2.71685
XM_020063382.2	5485	5386	6.60912	1.43572
XM_020063391.2	2799	2700	1.9784	0.857318
XM_020063410.2	3986	3887	0	0
XM_020063428.2	2269	2170	6	3.23506
XM_020063435.2	2704	2605	0	0
XM_020063438.2	1863	1764	2.55869	1.69711
XM_020063443.2	4284	4185	0.00079986	0.000223619
XM_020063444.2	4241	4142	145.999	41.2412
XM_020063450.2	1442	1343	14	12.1967
XM_020063462.2	2072	1973	2.35093	1.39413
XM_020063468.2	3988	3889	0	0
XM_020063470.2	1409	1310	0	0
XM_020063476.2	1462	1363	2	1.71682
XM_020063480.2	1018	919	0	0
XM_020063485.2	865	766	0	0
XM_020063490.2	1198	1099	1	1.06462
XM_020063491.2	2412	2313	7.02773	3.55493
XM_020063492.2	2542	2443	0	0
XM_020063493.2	3091	2992	0	0
XM_020063494.2	3097	2998	7.47774	2.9183
XM_020063495.2	2475	2376	0	0
XM_020063496.2	3911	3812	0	0
XM_020063497.2	2437	2338	0	0
XM_020063499.2	2242	2143	4	2.18388
XM_020063507.2	2425	2326	0	0
XM_020063508.2	1661	1562	11	8.23953
XM_020063509.2	1675	1576	0	0
XM_020063511.2	1249	1150	0	0
XM_020063514.2	5652	5553	0	0
XM_020063515.2	5642	5543	0	0
XM_020063517.2	5558	5459	0	0
XM_020063518.2	4954	4855	0	0
XM_020063519.2	4666	4567	0	0
XM_020063520.2	4481	4382	24	6.40811
XM_020063537.2	966	867	0	0
XM_020063540.2	2864	2765	0	0
XM_020063557.2	2562	2463	0	0
XM_020063558.2	2541	2442	0	0
XM_020063561.2	1811	1712	0	0
XM_020063563.2	5672	5573	4.99999	1.04971
XM_020063570.2	475	376	1.17181	3.64635
XM_020063577.2	6662	6563	0	0
XM_020063580.2	2257	2158	0	0
XM_020063599.2	2651	2552	0	0
XM_020063600.2	1598	1499	0	0
XM_020063602.2	1470	1371	0	0
XM_020063604.2	3016	2917	11.9289	4.7847
XM_020063606.2	667	568	0	0
XM_020063607.2	6592	6493	0	0
XM_020063610.2	3816	3717	0	0
XM_020063612.2	1911	1812	1.7488	1.12921
XM_020063630.2	2629	2530	0	0
XM_020063635.2	3881	3782	0	0
XM_020063636.2	3855	3756	0	0
XM_020063640.2	3373	3274	0	0
XM_020063642.2	854	755	6	9.29812
XM_020063647.2	4200	4101	81	23.1093
XM_020063651.2	1151	1052	2	2.22436
XM_020063662.2	1246	1147	0	0
XM_020063671.2	4065	3966	0	0
XM_020063672.2	4061	3962	0	0
XM_020063675.2	3988	3889	0.000507013	0.000152536
XM_020063677.2	1072	973	0	0
XM_020063687.2	2066	1967	0	0
XM_020063688.2	2100	2001	8.82277	5.1588
XM_020063689.2	1977	1878	0	0
XM_020063695.2	1672	1573	41	30.4962
XM_020063701.2	6716	6617	97.5648	17.2513
XM_020063708.2	6762	6663	0	0
XM_020063709.2	6355	6256	0	0
XM_020063710.2	6737	6638	0	0
XM_020063711.2	6737	6638	14.9064	2.6274
XM_020063712.2	6734	6635	0	0
XM_020063714.2	6598	6499	21.2169	3.81968
XM_020063715.2	6583	6484	0	0
XM_020063728.2	1902	1803	14	9.08496
XM_020063736.2	4252	4153	36.1675	10.1894
XM_020063739.2	2774	2675	2	0.874776
XM_020063740.2	994	895	14.5338	18.9997
XM_020063742.2	1410	1311	0	0
XM_020063743.2	3250	3151	12	4.45577
XM_020063748.2	1419	1320	28	24.8185
XM_020063749.2	5069	4970	0	0
XM_020063750.2	4948	4849	8.0645e-08	1.94588e-08
XM_020063751.2	5057	4958	0	0
XM_020063752.2	5030	4931	0	0
XM_020063753.2	5038	4939	0	0
XM_020063754.2	5015	4916	0	0
XM_020063755.2	4982	4883	0	0
XM_020063756.2	4970	4871	0	0
XM_020063765.2	1520	1421	0	0
XM_020063767.2	3604	3505	0	0
XM_020063769.2	776	677	0	0
XM_020063771.2	954	855	1	1.36844
XM_020063781.2	6287	6188	0	0
XM_020063783.2	5453	5354	0	0
XM_020063784.2	5187	5088	0	0
XM_020063787.2	1284	1185	30.9795	30.5877
XM_020063789.2	3011	2912	0	0
XM_020063794.2	3176	3077	8.78362	3.33993
XM_020063797.2	1648	1549	1	0.755335
XM_020063798.2	2551	2452	0	0
XM_020063803.2	1755	1656	0	0
XM_020063804.2	1485	1386	0	0
XM_020063807.2	1353	1254	0	0
XM_020063808.2	2396	2297	0	0
XM_020063813.2	2013	1914	4	2.44517
XM_020063814.2	2627	2528	0	0
XM_020063815.2	3116	3017	0	0
XM_020063817.2	759	660	10	17.7275
XM_020063819.2	2116	2017	0	0
XM_020063821.2	887	788	5	7.42394
XM_020063823.2	5065	4966	4.26379	1.00457
XM_020063832.2	10059	9960	6.91076	0.811815
XM_020063835.2	3820	3721	53	16.6651
XM_020063837.2	3442	3343	2.81736	0.986045
XM_020063843.2	778	679	0	0
XM_020063844.2	751	652	0.0774431	0.138972
XM_020063847.2	1504	1405	11	9.16025
XM_020063852.2	1715	1616	16	11.5843
XM_020063855.2	2974	2875	0	0
XM_020063856.2	2011	1912	0	0
XM_020063857.2	722	623	0	0
XM_020063859.2	1261	1162	0	0
XM_020063860.2	1831	1732	0	0
XM_020063866.2	2579	2480	0	0
XM_020063867.2	2614	2515	0	0
XM_020063879.2	2973	2874	0	0
XM_020063880.2	2999	2900	0	0
XM_020063881.2	2964	2865	0	0
XM_020063882.2	2898	2799	0	0
XM_020063883.2	1654	1555	3	2.25726
XM_020063885.2	585	486	0	0
XM_020063889.2	1330	1231	0	0
XM_020063891.2	1446	1347	0	0
XM_020063892.2	2283	2184	2.94916	1.57992
XM_020063893.2	2119	2020	0	0
XM_020063898.2	3364	3265	86	30.8181
XM_020063899.2	1701	1602	1	0.730345
XM_020063900.2	826	727	0	0
XM_020063902.2	7324	7225	45	7.28728
XM_020063917.2	1955	1856	2	1.26079
XM_020063918.2	2085	1986	0	0
XM_020063922.2	6211	6112	0	0
XM_020063924.2	4757	4658	0	0
XM_020063925.2	4616	4517	0	0
XM_020063926.2	3419	3320	0	0
XM_020063927.2	1681	1582	0.325816	0.240966
XM_020063934.2	1422	1323	2	1.76873
XM_020063938.2	3068	2969	1.13188	0.446048
XM_020063942.2	1724	1625	0	0
XM_020063948.2	2262	2163	10.0128	5.41613
XM_020063953.2	1218	1119	1	1.04559
XM_020063955.2	1677	1578	3	2.22436
XM_020063956.2	951	852	0	0
XM_020063957.2	927	828	0	0
XM_020063958.2	943	844	0	0
XM_020063966.2	4217	4118	4.95548	1.40796
XM_020063967.2	4177	4078	0	0
XM_020063974.2	2824	2725	4	1.71745
XM_020063987.2	1219	1120	0	0
XM_020063992.2	3648	3549	0	0
XM_020063993.2	4046	3947	0	0
XM_020063994.2	4043	3944	0	0
XM_020063999.2	976	877	0.000318152	0.000424449
XM_020064006.2	872	773	8	12.1088
XM_020064007.2	3976	3877	0	0
XM_020064008.2	7341	7242	0.614596	0.0992938
XM_020064009.2	1304	1205	3.56646e-06	3.46291e-06
XM_020064010.2	1288	1189	23	22.6327
XM_020064017.2	4601	4502	1	0.259887
XM_020064018.2	1262	1163	0	0
XM_020064019.2	1187	1088	0	0
XM_020064021.2	1061	962	0	0
XM_020064022.2	3639	3540	3	0.991537
XM_020064025.2	3030	2931	0	0
XM_020064043.2	764	665	0	0
XM_020064045.2	2834	2735	0.0110354	0.00472087
XM_020064046.2	2819	2720	6.98896	3.00632
XM_020064052.2	1560	1461	2.66007	2.13026
XM_020064059.2	1364	1265	0	0
XM_020064061.2	1403	1304	0	0
XM_020064064.2	3753	3654	0.254616	0.0815282
XM_020064068.2	1778	1679	0	0
XM_020064072.2	2444	2345	0	0
XM_020064080.2	1327	1228	5	4.7639
XM_020064085.2	7114	7015	12.718	2.1212
XM_020064086.2	4156	4057	0	0
XM_020064087.2	4125	4026	0	0
XM_020064092.2	2169	2070	1.6187	0.914928
XM_020064107.2	2897	2798	1.502	0.628076
XM_020064112.2	1479	1380	4.73579	4.01517
XM_020064113.2	3264	3165	1.08531	0.401209
XM_020064114.2	3347	3248	0	0
XM_020064116.2	8801	8702	0.0677355	0.00910727
XM_020064117.2	1799	1700	0	0
XM_020064118.2	1569	1470	0	0
XM_020064119.2	8748	8649	87.6998	11.8638
XM_020064121.2	10401	10302	6.23246	0.70783
XM_020064122.2	633	534	4.99301	10.9399
XM_020064128.2	4850	4751	19	4.67907
XM_020064136.2	1334	1235	0	0
XM_020064138.2	3347	3248	9.58701	3.45349
XM_020064144.2	2321	2222	11.7646	6.19476
XM_020064150.2	2109	2010	1	0.582096
XM_020064177.2	805	706	6	9.94346
XM_020064196.2	1889	1790	0	0
XM_020064197.2	1552	1453	4.99985	4.02608
XM_020064198.2	2130	2031	0	0
XM_020064208.2	4000	3901	67	20.0951
XM_020064209.2	6017	5918	6.21928e-05	1.22958e-05
XM_020064211.2	5956	5857	11.8013	2.35747
XM_020064218.2	1513	1414	0	0
XM_020064227.2	5747	5648	0.999832	0.207121
XM_020064233.2	5195	5096	108	24.7962
XM_020064236.2	3202	3103	81	30.5418
XM_020064237.2	3214	3115	2.33327e-07	8.76392e-08
XM_020064241.2	2621	2522	0	0
XM_020064243.2	2411	2312	0	0
XM_020064246.2	5263	5164	0	0
XM_020064247.2	5078	4979	2.72721e-06	6.40865e-07
XM_020064248.2	5170	5071	0	0
XM_020064249.2	5075	4976	0.731016	0.171885
XM_020064250.2	5109	5010	104.269	24.3505
XM_020064251.2	4413	4314	0	0
XM_020064257.2	1119	1020	0	0
XM_020064259.2	1029	930	3	3.77424
XM_020064265.2	1885	1786	21.7501	14.2486
XM_020064267.2	1951	1852	0	0
XM_020064270.2	1973	1874	0	0
XM_020064275.2	679	580	1	2.01726
XM_020064285.2	2657	2558	40.2722	18.4202
XM_020064289.2	3268	3169	0	0
XM_020064290.2	3183	3084	0.000132961	5.04432e-05
XM_020064291.2	1386	1287	16	14.5456
XM_020064296.2	1488	1389	0	0
XM_020064308.2	8148	8049	4.96091e-08	7.21124e-09
XM_020064309.2	8008	7909	43.0759	6.3724
XM_020064328.2	2174	2075	0	0
XM_020064329.2	2111	2012	0	0
XM_020064330.2	2112	2013	0	0
XM_020064331.2	2114	2015	0	0
XM_020064332.2	2052	1953	0	0
XM_020064333.2	1260	1161	0	0
XM_020064334.2	1213	1114	0	0
XM_020064335.2	1200	1101	0	0
XM_020064349.2	3597	3498	0	0
XM_020064357.2	2076	1977	23	13.6117
XM_020064360.2	1784	1685	30.2214	20.9848
XM_020064364.2	2495	2396	5	2.4416
XM_020064366.2	1534	1435	0	0
XM_020064368.2	1080	981	0	0
XM_020064371.2	2920	2821	2.01952	0.837599
XM_020064373.2	3303	3204	42	15.3373
XM_020064382.2	3160	3061	0	0
XM_020064383.2	3043	2944	0	0
XM_020064384.2	3832	3733	0.778376	0.243962
XM_020064385.2	3468	3369	1.34134	0.465832
XM_020064387.2	670	571	8	16.3925
XM_020064392.2	2352	2253	0	0
XM_020064400.2	1211	1112	2	2.10434
XM_020064401.2	2508	2409	6	2.91411
XM_020064405.2	979	880	15	19.9434
XM_020064409.2	3699	3600	21	6.82508
XM_020064410.2	1503	1404	3	2.50003
XM_020064412.2	1373	1274	0	0
XM_020064413.2	1353	1254	0	0
XM_020064419.2	2249	2150	0	0
XM_020064421.2	877	778	21	31.5813
XM_020064426.2	3320	3221	21.509	7.81303
XM_020064427.2	1395	1296	0	0
XM_020064428.2	2173	2074	0	0
XM_020064431.2	3329	3230	0	0
XM_020064433.2	1751	1652	0	0
XM_020064434.2	1504	1405	0	0
XM_020064436.2	2195	2096	8.93628	4.98834
XM_020064438.2	1819	1720	18.9512	12.8914
XM_020064439.2	3715	3616	21.9974	7.11761
XM_020064440.2	1819	1720	0	0
XM_020064441.2	1645	1546	0	0
XM_020064444.2	880	781	0	0
XM_020064447.2	6240	6141	0	0
XM_020064448.2	6237	6138	0	0
XM_020064449.2	6234	6135	0	0
XM_020064450.2	3676	3577	0	0
XM_020064460.2	8797	8698	0	0
XM_020064461.2	8751	8652	0	0
XM_020064462.2	4899	4800	0	0
XM_020064467.2	3733	3634	0	0
XM_020064468.2	3268	3169	0.269418	0.0994706
XM_020064470.2	3265	3166	0.818304	0.302409
XM_020064471.2	1783	1684	0	0
XM_020064472.2	500	401	0	0
XM_020064475.2	1640	1541	6.23419e-08	4.73334e-08
XM_020064477.2	738	639	57.737	105.717
XM_020064478.2	1504	1405	0.0260024	0.0216535
XM_020064479.2	4461	4362	39	10.4609
XM_020064505.2	2433	2334	1	0.501291
XM_020064509.2	12352	12253	0.000295664	2.82324e-05
XM_020064511.2	12224	12125	66.143	6.38253
XM_020064520.2	904	805	0	0
XM_020064526.2	2209	2110	30.7793	17.0674
XM_020064536.2	2422	2323	9	4.53298
XM_020064537.2	2534	2435	0	0
XM_020064538.2	2443	2344	0	0
XM_020064539.2	2401	2302	0	0
XM_020064541.2	1788	1689	0	0
XM_020064545.2	1183	1084	1	1.07935
XM_020064548.2	804	705	0	0
XM_020064560.2	3108	3009	0	0
XM_020064561.2	2385	2286	0.000877734	0.000449239
XM_020064562.2	2369	2270	3.32235	1.71242
XM_020064570.2	3940	3841	0	0
XM_020064574.2	758	659	0	0
XM_020064576.2	2544	2445	0	0
XM_020064577.2	2267	2168	0	0
XM_020064578.2	3925	3826	0	0
XM_020064580.2	3365	3266	1.12849	0.404269
XM_020064583.2	961	862	13.3052	18.0595
XM_020064587.2	2266	2167	11	5.93915
XM_020064588.2	1200	1101	1	1.06268
XM_020064589.2	1420	1321	27.1149	24.0158
XM_020064592.2	1864	1765	0	0
XM_020064595.2	2058	1959	0	0
XM_020064607.2	5769	5670	12	2.47622
XM_020064611.2	2764	2665	0	0
XM_020064612.2	2677	2578	16.9543	7.69461
XM_020064615.2	1170	1071	92	100.505
XM_020064616.2	5723	5624	3	0.624118
XM_020064619.2	2247	2148	5.02286	2.73595
XM_020064620.2	2747	2648	0	0
XM_020064640.2	4553	4454	0	0
XM_020064641.2	4435	4336	24.6127	6.64141
XM_020064648.2	1645	1546	0	0
XM_020064657.2	677	578	1	2.02424
XM_020064661.2	5556	5457	20.6511	4.42771
XM_020064662.2	5307	5208	0.124188	0.0278996
XM_020064676.2	2041	1942	0	0
XM_020064680.2	2216	2117	2	1.10535
XM_020064681.2	3336	3237	40	14.458
XM_020064682.2	2696	2597	0	0
XM_020064684.2	1216	1117	0	0
XM_020064687.2	7479	7380	0.000457738	7.25691e-05
XM_020064688.2	1015	916	0	0
XM_020064690.2	9533	9434	7.38978e-05	9.16488e-06
XM_020064691.2	9509	9410	0.00146643	0.000182332
XM_020064692.2	3414	3315	0	0
XM_020064696.2	3765	3666	0.00107924	0.000344443
XM_020064697.2	3759	3660	0.0073716	0.00235652
XM_020064698.2	3732	3633	43.6077	14.0439
XM_020064700.2	3235	3136	1.39451	0.52028
XM_020064706.2	1877	1778	5.52884	3.63825
XM_020064710.2	1751	1652	0	0
XM_020064712.2	2294	2195	0	0
XM_020064716.2	3019	2920	0	0
XM_020064717.2	2931	2832	82	33.8775
XM_020064718.2	1048	949	3	3.69867
XM_020064721.2	4728	4629	0	0
XM_020064727.2	2061	1962	0	0
XM_020064736.2	2020	1921	0	0
XM_020064739.2	5032	4933	1.61284e-06	3.82535e-07
XM_020064741.2	3354	3255	0	0
XM_020064742.2	3832	3733	0	0
XM_020064744.2	3302	3203	0	0
XM_020064751.2	7802	7703	0.695695	0.10567
XM_020064754.2	1503	1404	1	0.833343
XM_020064756.2	1854	1755	0	0
XM_020064762.2	2309	2210	0	0
XM_020064764.2	792	693	0	0
XM_020064765.2	1924	1825	9	5.76993
XM_020064767.2	2376	2277	1.29137	0.663558
XM_020064768.2	2381	2282	0.0985462	0.050526
XM_020064772.2	2339	2240	0	0
XM_020064778.2	1022	923	0	0
XM_020064779.2	1198	1099	0	0
XM_020064781.2	3925	3826	0	0
XM_020064789.2	855	756	0	0
XM_020064795.2	1418	1319	0	0
XM_020064810.2	1785	1686	25.2537	17.525
XM_020064812.2	2967	2868	0	0
XM_020064818.2	1909	1810	0	0
XM_020064823.2	1690	1591	0	0
XM_020064824.2	1528	1429	0	0
XM_020064825.2	1564	1465	10	7.98644
XM_020064831.2	3081	2982	0	0
XM_020064832.2	3071	2972	0	0
XM_020064833.2	1463	1364	0	0
XM_020064835.2	3733	3634	0	0
XM_020064836.2	2586	2487	0	0
XM_020064837.2	2520	2421	0	0
XM_020064838.2	4492	4393	15.2272	4.05556
XM_020064839.2	3573	3474	11.192	3.76936
XM_020064841.2	3518	3419	0	0
XM_020064842.2	5501	5402	23	4.98155
XM_020064843.2	742	643	1	1.81962
XM_020064845.2	2629	2530	0	0
XM_020064849.2	2142	2043	5	2.86347
XM_020064854.2	7334	7235	10	1.61716
XM_020064860.2	5879	5780	8.11925	1.64354
XM_020064868.2	3873	3774	0	0
XM_020064869.2	1310	1211	0	0
XM_020064870.2	1084	985	0	0
XM_020064872.2	2626	2527	281.773	130.462
XM_020064874.2	6194	6095	23	4.41514
XM_020064876.2	569	470	0	0
XM_020064877.2	2757	2658	12	5.28223
XM_020064879.2	2132	2033	0	0
XM_020064885.2	3612	3513	0	0
XM_020064886.2	2832	2733	0	0
XM_020064887.2	2845	2746	0	0
XM_020064888.2	2886	2787	0	0
XM_020064889.2	940	841	0	0
XM_020064891.2	2989	2890	0	0
XM_020064892.2	1030	931	0	0
XM_020064895.2	3552	3453	0	0
XM_020064906.2	2148	2049	3.2322	1.84564
XM_020064909.2	1831	1732	0	0
XM_020064912.2	5637	5538	0	0
XM_020064913.2	5498	5399	0	0
XM_020064914.2	5634	5535	0	0
XM_020064915.2	5622	5523	0	0
XM_020064916.2	5586	5487	0	0
XM_020064917.2	5580	5481	4.20881e-06	8.98443e-07
XM_020064918.2	5350	5251	18.032	4.01784
XM_020064919.2	2021	1922	0	0
XM_020064920.2	2070	1971	1.53654e-08	9.12109e-09
XM_020064923.2	4115	4016	9.32369	2.71634
XM_020064926.2	2165	2066	1	0.566318
XM_020064927.2	2105	2006	0	0
XM_020064939.2	1716	1617	2	1.44714
XM_020064943.2	828	729	0	0
XM_020064950.2	2474	2375	2	0.985274
XM_020064960.2	4930	4831	0	0
XM_020064962.2	4915	4816	4.66215	1.13264
XM_020064965.2	4888	4789	4.76044	1.16303
XM_020064966.2	4879	4780	0	0
XM_020064971.2	4582	4483	0	0
XM_020064972.2	1830	1731	2.39589e-06	1.61942e-06
XM_020064973.2	4840	4741	0.00263602	0.000650532
XM_020064974.2	4371	4272	0	0
XM_020064976.2	1981	1882	0	0
XM_020064977.2	4173	4074	0	0
XM_020064979.2	4393	4294	9	2.45229
XM_020064980.2	3518	3419	0	0
XM_020064981.2	3987	3888	0	0
XM_020064983.2	3892	3793	0.898148	0.277049
XM_020064984.2	3878	3779	68.7271	21.2786
XM_020064985.2	2879	2780	0	0
XM_020064986.2	2830	2731	0	0
XM_020064987.2	1668	1569	2	1.49141
XM_020064988.2	4631	4532	0	0
XM_020064991.2	1961	1862	5.28737	3.32239
XM_020064993.2	2916	2817	15.8339	6.57647
XM_020064994.2	2410	2311	109.95	55.6656
XM_020065000.2	2856	2757	0	0
XM_020065004.2	2558	2459	0	0
XM_020065009.2	2860	2761	0	0
XM_020065011.2	1240	1141	1	1.02543
XM_020065014.2	372	273	1.66672	7.14318
XM_020065015.2	2530	2431	1.80674	0.869565
XM_020065018.2	2486	2387	7	3.43112
XM_020065020.2	1732	1633	0.000259312	0.000185792
XM_020065025.2	1888	1789	4.99947	3.26967
XM_020065029.2	1584	1485	1	0.787888
XM_020065042.2	5208	5109	0	0
XM_020065043.2	5115	5016	0	0
XM_020065048.2	1872	1773	9.52665	6.28669
XM_020065049.2	1734	1635	4	2.86242
XM_020065051.2	1836	1737	9	6.06225
XM_020065053.2	2764	2665	0	0
XM_020065061.2	1382	1283	0	0
XM_020065063.2	3656	3557	0	0
XM_020065064.2	3188	3089	0.0105284	0.0039878
XM_020065069.2	1762	1663	0	0
XM_020065074.2	1328	1229	0	0
XM_020065099.2	1348	1249	7	6.55732
XM_020065109.2	4242	4143	16	4.51852
XM_020065110.2	1793	1694	0	0
XM_020065111.2	1630	1531	3.4789e-06	2.65863e-06
XM_020065121.2	4774	4675	1.7444	0.436572
XM_020065123.2	1586	1487	0	0
XM_020065137.2	1256	1157	0	0
XM_020065138.2	1189	1090	1	1.07341
XM_020065139.2	1236	1137	0	0
XM_020065144.2	2907	2808	2	0.833343
XM_020065152.2	675	576	0	0
XM_020065174.2	3721	3622	0	0
XM_020065176.2	2760	2661	1.2724	0.559461
XM_020065178.2	2626	2527	6.41589	2.97059
XM_020065180.2	2760	2661	1.2724	0.559461
XM_020065182.2	2765	2666	2.01017	0.882193
XM_020065186.2	9014	8915	8.43096	1.10649
XM_020065188.2	1651	1552	0	0
XM_020065190.2	2125	2026	0	0
XM_020065191.2	2506	2407	0	0
XM_020065192.2	3042	2943	0	0
XM_020065194.2	2089	1990	0	0
XM_020065196.2	2567	2468	0	0
XM_020065200.2	1683	1584	0	0
XM_020065208.2	3792	3693	0	0
XM_020065210.2	3650	3551	0	0
XM_020065224.2	2188	2089	12.1785	6.82097
XM_020065225.2	2000	1901	0	0
XM_020065230.2	1318	1219	4.22397e-07	4.05423e-07
XM_020065232.2	3868	3769	0	0
XM_020065234.2	3853	3754	0	0
XM_020065235.2	3796	3697	37.8201	11.9692
XM_020065239.2	4272	4173	0	0
XM_020065246.2	4860	4761	0	0
XM_020065247.2	4548	4449	0.130753	0.0343858
XM_020065248.2	1007	908	4	5.15424
XM_020065252.2	3366	3267	98	35.0968
XM_020065253.2	1498	1399	2	1.67264
XM_020065254.2	2001	1902	0.000344634	0.000212001
XM_020065255.2	3086	2987	0.000101765	3.98614e-05
XM_020065256.2	1511	1412	2	1.65724
XM_020065257.2	2285	2186	0	0
XM_020065258.2	2609	2510	7.13482	3.32583
XM_020065262.2	896	797	0	0
XM_020065265.2	1054	955	0	0
XM_020065273.2	733	634	1.02269	1.88731
XM_020065274.2	2618	2519	17.3066	8.03849
XM_020065298.2	897	798	0	0
XM_020065307.2	928	829	0	0
XM_020065310.2	1891	1792	0	0
XM_020065317.2	318	219	0	0
XM_020065320.2	2269	2170	0	0
XM_020065321.2	2310	2211	0	0
XM_020065323.2	1653	1554	6.07031	4.57037
XM_020065324.2	7409	7310	1	0.160057
XM_020065333.2	610	511	0	0
XM_020065338.2	3631	3532	0	0
XM_020065344.2	2030	1931	2.53846	1.53808
XM_020065357.2	1220	1121	19	19.8307
XM_020065359.2	3376	3277	17	6.06965
XM_020065366.2	474	375	0	0
XM_020065369.2	3383	3284	87.0368	31.0092
XM_020065377.2	2401	2302	3	1.52478
XM_020065384.2	1661	1562	7	5.24334
XM_020065386.2	1367	1268	0	0
XM_020065389.2	1643	1544	0	0
XM_020065392.2	1583	1484	1	0.788419
XM_020065393.2	3605	3506	0	0
XM_020065396.2	2702	2603	0	0
XM_020065404.2	970	871	30	40.299
XM_020065405.2	5846	5747	43.6793	8.89252
XM_020065413.2	4689	4590	22.9563	5.85167
XM_020065418.2	1996	1897	0	0
XM_020065434.2	639	540	1561	3382.21
XM_020065439.2	1739	1640	38.884	27.7408
XM_020065449.2	5152	5053	19	4.39942
XM_020065469.2	1693	1594	60	44.0407
XM_020065470.2	1906	1807	0	0
XM_020065471.2	1967	1868	1	0.626346
XM_020065477.2	10461	10362	0	0
XM_020065488.2	10072	9973	0	0
XM_020065489.2	1828	1729	0	0
XM_020065492.2	702	603	1	1.94032
XM_020065494.2	1624	1525	0	0
XM_020065501.2	884	785	0	0
XM_020065514.2	3621	3522	74	24.5829
XM_020065516.2	2836	2737	0	0
XM_020065520.2	3427	3328	53.8316	18.9254
XM_020065521.2	3930	3831	0	0
XM_020065522.2	5529	5430	26.739	5.76151
XM_020065526.2	1628	1529	15	11.4782
XM_020065527.2	2737	2638	29.4645	13.0682
XM_020065530.2	4620	4521	1	0.258795
XM_020065570.2	2609	2510	1	0.466141
XM_020065580.2	1629	1530	0	0
XM_020065595.2	1563	1464	0	0
XM_020065602.2	6510	6411	61	11.1326
XM_020065616.2	994	895	4	5.22911
XM_020065618.2	5000	4901	0	0
XM_020065619.2	4976	4877	85	20.3919
XM_020065620.2	3871	3772	0	0
XM_020065627.2	3168	3069	35	13.3433
XM_020065628.2	1768	1669	8.16199	5.72177
XM_020065629.2	1520	1421	3	2.47012
XM_020065630.2	2115	2016	0	0
XM_020065632.2	3243	3144	5	1.86071
XM_020065635.2	2187	2088	5	2.80176
XM_020065642.2	3309	3210	0	0
XM_020065643.2	4397	4298	4	1.08889
XM_020065646.2	1552	1453	0	0
XM_020065647.2	1692	1593	3	2.20342
XM_020065652.2	2674	2575	0	0
XM_020065656.2	3088	2989	0	0
XM_020065672.2	1746	1647	4.34671	3.08787
XM_020065673.2	3525	3426	0	0
XM_020065674.2	3468	3369	0.106048	0.0368292
XM_020065675.2	3453	3354	19.894	6.93983
XM_020065677.2	3893	3794	0	0
XM_020065678.2	2131	2032	0	0
XM_020065687.2	997	898	2	2.60582
XM_020065691.2	5728	5629	0	0
XM_020065692.2	5639	5540	0	0
XM_020065696.2	881	782	0	0
XM_020065699.2	2950	2851	0	0
XM_020065703.2	3563	3464	1.60305	0.541451
XM_020065704.2	4162	4063	9.73098	2.80221
XM_020065714.2	1068	969	85	102.633
XM_020065717.2	1617	1518	0	0
XM_020065725.2	896	797	0	0
XM_020065726.2	956	857	0	0
XM_020065738.2	1067	968	71	85.8171
XM_020065739.2	2096	1997	0	0
XM_020065742.2	1798	1699	0	0
XM_020065744.2	1450	1351	0	0
XM_020065745.2	1360	1261	10	9.27846
XM_020065752.2	1989	1890	0	0
XM_020065753.2	2002	1903	0	0
XM_020065754.2	840	741	0	0
XM_020065762.2	7188	7089	0	0
XM_020065774.2	1376	1277	0	0
XM_020065780.2	746	647	0	0
XM_020065784.2	2430	2331	6.30841	3.16642
XM_020065785.2	3784	3685	16	5.08011
XM_020065786.2	751	652	0	0
XM_020065789.2	5383	5284	0	0
XM_020065792.2	2431	2332	2	1.00344
XM_020065793.2	3485	3386	0	0
XM_020065794.2	1129	1030	0	0
XM_020065799.2	1808	1709	0	0
XM_020065807.2	1422	1323	0	0
XM_020065808.2	1392	1293	0	0
XM_020065811.2	405	306	0	0
XM_020065815.2	4827	4728	8.80447	2.1788
XM_020065821.2	2134	2035	0	0
XM_020065822.2	2216	2117	0	0
XM_020065823.2	2091	1992	0	0
XM_020065824.2	1765	1666	0	0
XM_020065836.2	2927	2828	0	0
XM_020065837.2	2870	2771	1.71061e-08	7.22277e-09
XM_020065838.2	2821	2722	20.9908	9.02259
XM_020065839.2	3097	2998	34	13.269
XM_020065840.2	1433	1334	17	14.9102
XM_020065845.2	2438	2339	0	0
XM_020065847.2	2763	2664	3	1.31758
XM_020065851.2	1153	1054	21.6903	24.0778
XM_020065857.2	3251	3152	1	0.371197
XM_020065859.2	3150	3051	4.49651	1.72434
XM_020065864.2	2102	2003	20	11.6826
XM_020065873.2	1345	1246	0	0
XM_020065874.2	1761	1662	0	0
XM_020065875.2	1089	990	0	0
XM_020065885.2	4578	4479	764.624	199.737
XM_020065894.2	1635	1536	20.733	15.7929
XM_020065895.2	1083	984	0	0
XM_020065896.2	5043	4944	38.9999	9.22945
XM_020065898.2	5913	5814	32.947	6.63027
XM_020065902.2	1549	1450	1	0.806906
XM_020065908.2	1098	999	0	0
XM_020065910.2	615	516	26	58.9542
XM_020065919.2	2725	2626	6	2.6733
XM_020065920.2	2205	2106	0	0
XM_020065921.2	1996	1897	0	0
XM_020065933.2	1182	1083	8	8.64276
XM_020065934.2	2714	2615	0	0
XM_020065935.2	7190	7091	0	0
XM_020065943.2	866	767	0	0
XM_020065944.2	943	844	2	2.77254
XM_020065953.2	2478	2379	0	0
XM_020065957.2	1924	1825	0	0
XM_020065959.2	967	868	0	0
XM_020065960.2	1929	1830	90	57.5416
XM_020065963.2	4075	3976	0	0
XM_020065964.2	3821	3722	0	0
XM_020065965.2	3019	2920	6	2.40414
XM_020065969.2	1375	1276	0	0
XM_020065970.2	3276	3177	0	0
XM_020065971.2	2859	2760	17	7.2066
XM_020065972.2	2544	2445	0	0
XM_020065980.2	1427	1328	1.22348	1.07793
XM_020065984.2	1902	1803	63	40.8823
XM_020065987.2	897	798	0	0
XM_020065988.2	7927	7828	1.93509	0.289229
XM_020065989.2	7903	7804	70.9517	10.6374
XM_020065999.2	2737	2638	10	4.43523
XM_020066000.2	2568	2469	0	0
XM_020066003.2	1971	1872	51	31.8754
XM_020066007.2	4200	4101	1	0.2853
XM_020066013.2	2164	2065	0	0
XM_020066020.2	871	772	0	0
XM_020066021.2	1325	1226	1	0.954334
XM_020066025.2	3840	3741	15	4.69131
XM_020066028.2	1521	1422	0	0
XM_020066031.2	888	789	68.7625	101.968
XM_020066033.2	3362	3263	28.1431	10.0913
XM_020066034.2	2441	2342	5.98778	2.99137
XM_020066035.2	2444	2345	1.33392	0.665545
XM_020066040.2	5440	5341	0.203185	0.0445102
XM_020066042.2	6312	6213	0	0
XM_020066043.2	5437	5338	0.392748	0.0860847
XM_020066045.2	5416	5317	40.0113	8.80455
XM_020066056.2	1889	1790	0	0
XM_020066057.2	5092	4993	0	0
XM_020066060.2	3631	3532	0	0
XM_020066063.2	1036	937	0	0
XM_020066082.2	868	769	0	0
XM_020066087.2	1613	1514	0	0
XM_020066094.2	1200	1101	0	0
XM_020066096.2	2007	1908	0	0
XM_020066097.2	1657	1558	2	1.50194
XM_020066098.2	512	413	40.3589	114.335
XM_020066100.2	2290	2191	14	7.47612
XM_020066101.2	1049	950	0	0
XM_020066102.2	1049	950	0	0
XM_020066104.2	1185	1086	0	0
XM_020066111.2	4996	4897	0	0
XM_020066112.2	3611	3512	2	0.666295
XM_020066115.2	1357	1258	7	6.51041
XM_020066119.2	3229	3130	0	0
XM_020066121.2	3161	3062	0	0
XM_020066125.2	713	614	3	5.71668
XM_020066128.2	3013	2914	0	0
XM_020066129.2	711	612	16	30.5886
XM_020066142.2	2332	2233	0	0
XM_020066144.2	2752	2653	0	0
XM_020066145.2	3085	2986	8.78901	3.44382
XM_020066152.2	841	742	2	3.15367
XM_020066153.2	2143	2044	0	0
XM_020066154.2	1785	1686	0	0
XM_020066158.2	865	766	0	0
XM_020066162.2	5313	5214	17	3.81477
XM_020066164.2	2063	1964	0	0
XM_020066168.2	3022	2923	0	0
XM_020066169.2	3016	2917	0	0
XM_020066170.2	4651	4552	20.4431	5.25455
XM_020066171.2	4436	4337	0	0
XM_020066172.2	4424	4325	0	0
XM_020066173.2	5376	5277	4.37361	0.969714
XM_020066174.2	4367	4268	0	0
XM_020066175.2	4346	4247	0	0
XM_020066176.2	4346	4247	0	0
XM_020066177.2	4337	4238	0	0
XM_020066178.2	4318	4219	0	0
XM_020066179.2	4307	4208	0	0
XM_020066180.2	4253	4154	0	0
XM_020066181.2	4196	4097	1.67933	0.479579
XM_020066182.2	4145	4046	0	0
XM_020066183.2	5045	4946	1.50395	0.355771
XM_020066193.2	11119	11020	55	5.83945
XM_020066199.2	1983	1884	6	3.72616
XM_020066201.2	1328	1229	5	4.76002
XM_020066202.2	5207	5108	11	2.51961
XM_020066206.2	5764	5665	0	0
XM_020066208.2	2690	2591	8	3.61255
XM_020066212.2	1687	1588	0	0
XM_020066213.2	1777	1678	0	0
XM_020066215.2	2328	2229	16.2096	8.50848
XM_020066217.2	2081	1982	5	2.9516
XM_020066220.2	2362	2263	3.14702e-07	1.62707e-07
XM_020066221.2	2949	2850	0	0
XM_020066223.2	3946	3847	133.365	40.5613
XM_020066231.2	1305	1206	0	0
XM_020066234.2	2341	2242	0	0
XM_020066246.2	2702	2603	0	0
XM_020066255.2	2562	2463	0	0
XM_020066256.2	2468	2369	0	0
XM_020066257.2	1612	1513	0	0
XM_020066262.2	4632	4533	45	11.615
XM_020066266.2	2806	2707	0	0
XM_020066269.2	4106	4007	4.58126	1.33769
XM_020066271.2	2300	2201	0	0
XM_020066278.2	2629	2530	2	0.924912
XM_020066279.2	2525	2426	1	0.482281
XM_020066286.2	2782	2683	0	0
XM_020066292.2	2100	2001	0.00115231	0.000673775
XM_020066300.2	2176	2077	0	0
XM_020066301.2	2248	2149	0	0
XM_020066304.2	2508	2409	8.02269	3.89649
XM_020066305.2	2720	2621	0	0
XM_020066308.2	1811	1712	0	0
XM_020066309.2	4344	4245	1.68504	0.464434
XM_020066316.2	3053	2954	0	0
XM_020066317.2	1572	1473	0	0
XM_020066319.2	3698	3599	0	0
XM_020066321.2	1084	985	3.67667	4.36726
XM_020066332.2	875	776	0	0
XM_020066334.2	2707	2608	0	0
XM_020066335.2	1443	1344	9	7.83491
XM_020066337.2	2661	2562	0	0
XM_020066338.2	2643	2544	0	0
XM_020066340.2	2704	2605	0	0
XM_020066345.2	2695	2596	0	0
XM_020066356.2	2695	2596	0	0
XM_020066365.2	2692	2593	0	0
XM_020066367.2	881	782	2	2.99236
XM_020066368.2	2692	2593	3.18171e-07	1.43565e-07
XM_020066369.2	2861	2762	8	3.38889
XM_020066370.2	6661	6562	0	0
XM_020066371.2	2686	2587	0	0
XM_020066373.2	2680	2581	0	0
XM_020066374.2	2712	2613	5	2.23883
XM_020066378.2	2677	2578	0	0
XM_020066379.2	2081	1982	0	0
XM_020066380.2	2088	1989	0	0
XM_020066381.2	2031	1932	0	0
XM_020066384.2	2231	2132	86	47.1957
XM_020066389.2	943	844	1	1.38627
XM_020066392.2	2665	2566	0	0
XM_020066394.2	2662	2563	0	0
XM_020066395.2	3258	3159	0	0
XM_020066399.2	2597	2498	0	0
XM_020066400.2	2750	2651	4.60896	2.03415
XM_020066401.2	2454	2355	33	16.3951
XM_020066402.2	2659	2560	0	0
XM_020066404.2	2653	2554	16.7072	7.65376
XM_020066405.2	8108	8009	0	0
XM_020066406.2	1367	1268	0	0
XM_020066407.2	2650	2551	0	0
XM_020066409.2	2584	2485	0	0
XM_020066414.2	1436	1337	39	34.129
XM_020066415.2	2585	2486	0	0
XM_020066416.2	983	884	0	0
XM_020066423.2	2632	2533	0	0
XM_020066425.2	2566	2467	0	0
XM_020066437.2	1888	1789	0	0
XM_020066445.2	1668	1569	0	0
XM_020066448.2	3975	3876	0	0
XM_020066452.2	2706	2607	6	2.69278
XM_020066453.2	2839	2740	0	0
XM_020066455.2	2331	2232	1	0.5242
XM_020066456.2	2500	2401	0.68379	0.333213
XM_020066466.2	896	797	0	0
XM_020066467.2	1944	1845	0	0
XM_020066470.2	4653	4554	0	0
XM_020066474.2	2593	2494	3	1.40739
XM_020066475.2	2971	2872	15.5176	6.32164
XM_020066482.2	2274	2175	0.130938	0.0704364
XM_020066489.2	1604	1505	25	19.4354
XM_020066491.2	2536	2437	24	11.5225
XM_020066492.2	1579	1480	0	0
XM_020066508.2	2010	1911	0	0
XM_020066509.2	1906	1807	0	0
XM_020066510.2	2132	2033	0	0
XM_020066512.2	1718	1619	23	16.6216
XM_020066520.2	2685	2586	0	0
XM_020066521.2	2410	2311	3	1.51884
XM_020066548.2	8856	8757	0	0
XM_020066549.2	8864	8765	0	0
XM_020066550.2	8826	8727	0	0
XM_020066552.2	5634	5535	0.370997	0.078423
XM_020066553.2	5619	5520	8.94965	1.89696
XM_020066555.2	979	880	0	0
XM_020066558.2	997	898	96.503	125.735
XM_020066559.2	5547	5448	0	0
XM_020066560.2	4273	4174	1	0.28031
XM_020066562.2	4056	3957	0.00156655	0.000463202
XM_020066571.2	1747	1648	39.3323	27.9244
XM_020066572.2	931	832	0	0
XM_020066573.2	971	872	1.66768	2.23763
XM_020066577.2	1557	1458	0	0
XM_020066579.2	3531	3432	0	0
XM_020066620.2	1536	1437	0	0
XM_020066624.2	2105	2006	0	0
XM_020066627.2	1672	1573	34	25.2895
XM_020066634.2	1169	1070	16	17.4955
XM_020066639.2	3367	3268	25.834	9.24912
XM_020066640.2	3114	3015	15.166	5.88538
XM_020066648.2	668	569	4	8.22505
XM_020066662.2	508	409	0	0
XM_020066670.2	1744	1645	0	0
XM_020066676.2	3055	2956	6.40622	2.53564
XM_020066677.2	3061	2962	0.593785	0.23455
XM_020066678.2	3537	3438	0	0
XM_020066680.2	3562	3463	0	0
XM_020066682.2	1482	1383	0	0
XM_020066686.2	3867	3768	0	0
XM_020066692.2	2209	2110	0	0
XM_020066693.2	1932	1833	0.000136836	8.73431e-05
XM_020066694.2	1917	1818	0.000140164	9.02054e-05
XM_020066708.2	1984	1885	0.479528	0.297641
XM_020066716.2	2294	2195	4	2.13214
XM_020066731.2	5812	5713	0	0
XM_020066732.2	6299	6200	0	0
XM_020066733.2	5929	5830	1.80887	0.36302
XM_020066734.2	6364	6265	0	0
XM_020066735.2	6280	6181	0	0
XM_020066740.2	841	742	8.87391	13.9927
XM_020066746.2	4594	4495	31.9381	8.31324
XM_020066747.2	5036	4937	24.9119	5.90383
XM_020066748.2	1578	1479	0	0
XM_020066752.2	2086	1987	0	0
XM_020066753.2	2774	2675	0.00167621	0.000733156
XM_020066754.2	2247	2148	2.62368e-05	1.42912e-05
XM_020066756.2	1652	1553	9.70625	7.31258
XM_020066757.2	1492	1393	87.4018	73.4109
XM_020066758.2	1105	1006	0	0
XM_020066761.2	2393	2294	108	55.0835
XM_020066763.2	1870	1771	0	0
XM_020066767.2	2552	2453	2.00285	0.955306
XM_020066774.2	1966	1867	0	0
XM_020066775.2	2004	1905	0	0
XM_020066777.2	1708	1609	2	1.45434
XM_020066778.2	1846	1747	0	0
XM_020066782.2	825	726	13.6819	22.0495
XM_020066783.2	801	702	0	0
XM_020066805.2	2518	2419	1.99967	0.967191
XM_020066806.2	2346	2247	4	2.0828
XM_020066809.2	3348	3249	33.1616	11.942
XM_020066811.2	2865	2766	0	0
XM_020066813.2	1557	1458	9	7.22231
XM_020066818.2	4320	4221	58	16.0769
XM_020066820.2	5053	4954	206.718	48.8217
XM_020066821.2	5067	4968	0	0
XM_020066822.2	4950	4851	8.19677e-08	1.97698e-08
XM_020066824.2	3295	3196	0	0
XM_020066826.2	5898	5799	42.9939	8.67451
XM_020066832.2	2701	2602	0	0
XM_020066833.2	10972	10873	48.1651	5.18292
XM_020066835.2	3263	3164	2	0.739579
XM_020066838.2	11465	11366	6.2583	0.644228
XM_020066841.2	2785	2686	28	12.1967
XM_020066846.2	1641	1542	41	31.1093
XM_020066867.2	1511	1412	0	0
XM_020066868.2	663	564	0	0
XM_020066869.2	1727	1628	0	0
XM_020066870.2	2915	2816	2.96666	1.23261
XM_020066873.2	1398	1299	17	15.312
XM_020066875.2	2890	2791	2.85771	1.19798
XM_020066876.2	3310	3211	8	2.91501
XM_020066877.2	2109	2010	0	0
XM_020066878.2	2058	1959	0	0
XM_020066880.2	725	626	0	0
XM_020066883.2	4606	4507	0	0
XM_020066884.2	1831	1732	4	2.70211
XM_020066885.2	1687	1588	0	0
XM_020066887.2	3109	3010	14	5.44192
XM_020066890.2	18485	18386	0	0
XM_020066891.2	18476	18377	0	0
XM_020066892.2	18476	18377	0	0
XM_020066893.2	18463	18364	0	0
XM_020066894.2	18445	18346	0	0
XM_020066895.2	18442	18343	0	0
XM_020066896.2	18424	18325	0	0
XM_020066897.2	18421	18322	0	0
XM_020066898.2	18412	18313	0	0
XM_020066899.2	1957	1858	0	0
XM_020066900.2	2076	1977	0	0
XM_020066901.2	1956	1857	1.47632e-08	9.30164e-09
XM_020066902.2	2184	2085	0	0
XM_020066904.2	4470	4371	0.000228054	6.10446e-05
XM_020066905.2	4094	3995	0	0
XM_020066906.2	4210	4111	0	0
XM_020066907.2	4195	4096	0	0
XM_020066908.2	3692	3593	0	0
XM_020066909.2	4243	4144	0	0
XM_020066910.2	3674	3575	0	0
XM_020066911.2	4077	3978	0	0
XM_020066913.2	1925	1826	0	0
XM_020066922.2	1627	1528	1	0.765716
XM_020066931.2	3015	2916	0	0
XM_020066936.2	2470	2371	56	27.6342
XM_020066951.2	820	721	36	58.4195
XM_020066954.2	2335	2236	0.00569497	0.00297996
XM_020066955.2	2318	2219	43.9943	23.1969
XM_020066965.2	5689	5590	0.0980563	0.0205237
XM_020066966.2	3046	2947	22.6882	9.00763
XM_020066967.2	1894	1795	0.181289	0.118167
XM_020066970.2	1577	1478	11	8.70781
XM_020066971.2	3220	3121	3.44163	1.29021
XM_020066972.2	2198	2099	0	0
XM_020066974.2	2255	2156	0.073417	0.0398418
XM_020066975.2	2246	2147	9.92658	5.40952
XM_020066976.2	2177	2078	0	0
XM_020066982.2	2589	2490	0	0
XM_020066983.2	2717	2618	3	1.34073
XM_020066986.2	1986	1887	0	0
XM_020066989.2	2453	2354	5	2.48516
XM_020066994.2	2153	2054	0	0
XM_020066997.2	1744	1645	2	1.42251
XM_020067006.2	2128	2029	0	0
XM_020067008.2	3109	3010	0	0
XM_020067012.2	1621	1522	10	7.68734
XM_020067013.2	1570	1471	1	0.795386
XM_020067015.2	2015	1916	0	0
XM_020067021.2	4086	3987	0	0
XM_020067022.2	3876	3777	4.2732e-06	1.32372e-06
XM_020067027.2	2190	2091	0	0
XM_020067028.2	1403	1304	34.8294	31.2506
XM_020067033.2	3318	3219	0	0
XM_020067034.2	3939	3840	8	2.43753
XM_020067035.2	3318	3219	0	0
XM_020067036.2	1520	1421	0	0
XM_020067038.2	1621	1522	2	1.53747
XM_020067039.2	1185	1086	3.09134	3.33049
XM_020067047.2	7993	7894	0	0
XM_020067048.2	7890	7791	0	0
XM_020067050.2	7878	7779	0.000169913	2.55561e-05
XM_020067051.2	7869	7770	0	0
XM_020067052.2	7863	7764	0	0
XM_020067053.2	7857	7758	128.215	19.3366
XM_020067054.2	7851	7752	0	0
XM_020067055.2	7842	7743	0	0
XM_020067056.2	7830	7731	0	0
XM_020067057.2	7821	7722	50.6303	7.67135
XM_020067058.2	7809	7710	1.06592e-08	1.61757e-09
XM_020067063.2	491	392	0	0
XM_020067064.2	428	329	0	0
XM_020067066.2	1569	1470	0	0
XM_020067071.2	2269	2170	96	51.761
XM_020067072.2	11296	11197	3.01029	0.314556
XM_020067073.2	11451	11352	2.98519e-07	3.07674e-08
XM_020067078.2	1172	1073	0	0
XM_020067088.2	3564	3465	4	1.35066
XM_020067089.2	2966	2867	1	0.408097
XM_020067090.2	3828	3729	0	0
XM_020067094.2	1479	1380	0	0
XM_020067096.2	2252	2153	0	0
XM_020067097.2	1582	1483	0	0
XM_020067098.2	2146	2047	0	0
XM_020067099.2	1519	1420	0	0
XM_020067122.2	2275	2176	1	0.53769
XM_020067124.2	2663	2564	1.5953	0.727972
XM_020067129.2	6010	5911	0.265532	0.052559
XM_020067130.2	6145	6046	148.497	28.7369
XM_020067131.2	914	815	37	53.1172
XM_020067132.2	1370	1271	0	0
XM_020067135.2	1874	1775	0	0
XM_020067137.2	2152	2053	0.0103076	0.00587436
XM_020067144.2	2555	2456	0	0
XM_020067145.2	2643	2544	0	0
XM_020067152.2	1360	1261	7.88548e-05	7.31651e-05
XM_020067155.2	1509	1410	14.908	12.3706
XM_020067156.2	1260	1161	16.3498	16.4767
XM_020067158.2	2492	2393	1.24025	0.606397
XM_020067159.2	2493	2394	0.759751	0.371311
XM_020067164.2	1548	1449	0	0
XM_020067173.2	4949	4850	8	1.92992
XM_020067175.2	771	672	1	1.74109
XM_020067177.2	602	503	0	0
XM_020067179.2	1360	1261	0	0
XM_020067180.2	2072	1973	0	0
XM_020067184.2	2111	2012	2.22322	1.29284
XM_020067186.2	958	859	0	0
XM_020067189.2	693	594	0	0
XM_020067195.2	1845	1746	0	0
XM_020067196.2	737	638	0	0
XM_020067199.2	819	720	1	1.62502
XM_020067211.2	2013	1914	0	0
XM_020067228.2	2417	2318	0	0
XM_020067230.2	2576	2477	37	17.477
XM_020067234.2	3074	2975	22	8.6522
XM_020067235.2	2694	2595	0	0
XM_020067256.2	5623	5524	21	4.44791
XM_020067259.2	5455	5356	0	0
XM_020067263.2	3194	3095	0	0
XM_020067266.2	3066	2967	23.2943	9.18591
XM_020067267.2	1719	1620	12	8.66677
XM_020067269.2	2032	1933	4	2.42113
XM_020067278.2	1147	1048	0.136127	0.151975
XM_020067279.2	1150	1051	142.739	158.903
XM_020067280.2	2058	1959	10	5.9725
XM_020067281.2	2536	2437	1.88461	0.904809
XM_020067284.2	1599	1500	0	0
XM_020067285.2	1597	1498	0	0
XM_020067286.2	2028	1929	0	0
XM_020067295.2	1078	979	0	0
XM_020067312.2	1242	1143	37	37.8744
XM_020067316.2	2682	2583	0	0
XM_020067317.2	2900	2801	0	0
XM_020067321.2	3025	2926	0.215908	0.0863345
XM_020067322.2	4047	3948	0	0
XM_020067323.2	2367	2268	0	0
XM_020067338.2	1719	1620	4	2.88892
XM_020067339.2	1789	1690	0	0
XM_020067341.2	3121	3022	102.2	39.5683
XM_020067347.2	1262	1163	0	0
XM_020067357.2	3638	3539	0	0
XM_020067358.2	3770	3671	0	0
XM_020067363.2	3034	2935	1.23145e-05	4.90906e-06
XM_020067366.2	1154	1055	18	19.9623
XM_020067373.2	1186	1087	0	0
XM_020067374.2	3332	3233	0	0
XM_020067375.2	2610	2511	1	0.465955
XM_020067376.2	2511	2412	7	3.39556
XM_020067377.2	2777	2678	0	0
XM_020067378.2	2476	2377	0	0
XM_020067380.2	2568	2469	5.9988	2.84272
XM_020067381.2	6150	6051	0	0
XM_020067382.2	3243	3144	0	0
XM_020067388.2	2150	2051	0	0
XM_020067391.2	5550	5451	1.31194	0.281598
XM_020067392.2	5553	5454	0.688057	0.147605
XM_020067395.2	6323	6224	0	0
XM_020067399.2	3845	3746	0	0
XM_020067400.2	3164	3065	1	0.381734
XM_020067410.2	1266	1167	5.80157	5.81655
XM_020067416.2	5550	5451	0	0
XM_020067421.2	3251	3152	9	3.34077
XM_020067422.2	5759	5660	0	0
XM_020067424.2	5516	5417	0	0
XM_020067427.2	922	823	0	0
XM_020067430.2	771	672	0	0
XM_020067432.2	4615	4516	34	8.80878
XM_020067434.2	1370	1271	6	5.52327
XM_020067435.2	1251	1152	0	0
XM_020067436.2	1198	1099	0	0
XM_020067437.2	1026	927	8	10.0972
XM_020067438.2	1393	1294	0	0
XM_020067442.2	2352	2253	0	0
XM_020067448.2	3761	3662	64	20.4481
XM_020067452.2	3319	3220	256	93.0197
XM_020067457.2	1712	1613	0	0
XM_020067460.2	1244	1145	20.3699	20.8149
XM_020067461.2	1369	1270	0	0
XM_020067473.2	709	610	0	0
XM_020067474.2	1981	1882	24.1973	15.0431
XM_020067475.2	2913	2814	1	0.415783
XM_020067481.2	2325	2226	8	4.2049
XM_020067486.2	2318	2219	20.6552	10.8909
XM_020067490.2	1062	963	0	0
XM_020067494.2	2328	2229	3	1.57472
XM_020067503.2	1998	1899	202	124.456
XM_020067504.2	649	550	0	0
XM_020067507.2	942	843	0	0
XM_020067512.2	863	764	0	0
XM_020067514.2	822	723	0	0
XM_020067515.2	813	714	0	0
XM_020067516.2	810	711	0	0
XM_020067520.2	724	625	0	0
XM_020067521.2	729	630	0	0
XM_020067533.2	3865	3766	0.281955	0.0875972
XM_020067534.2	5140	5041	0	0
XM_020067568.2	1640	1541	20.2236	15.3549
XM_020067578.2	1312	1213	4	3.85825
XM_020067579.2	1809	1710	0	0
XM_020067584.2	2305	2206	0	0
XM_020067585.2	5476	5377	0	0
XM_020067586.2	15369	15270	1.43451	0.109915
XM_020067587.2	10503	10404	0	0
XM_020067611.2	821	722	2	3.24103
XM_020067612.2	1233	1134	0	0
XM_020067618.2	1169	1070	0	0
XM_020067619.2	2502	2403	0	0
XM_020067626.2	952	853	0	0
XM_020067627.2	973	874	0	0
XM_020067631.2	2221	2122	6.41154	3.53515
XM_020067632.2	2021	1922	2	1.2175
XM_020067653.2	1801	1702	0	0
XM_020067655.2	1320	1221	3	2.87473
XM_020067657.2	5304	5205	0	0
XM_020067658.2	3766	3667	0	0
XM_020067659.2	5220	5121	0	0
XM_020067660.2	3748	3649	0	0
XM_020067661.2	5154	5055	3.37823e-06	7.81914e-07
XM_020067662.2	5070	4971	52.429	12.3401
XM_020067669.2	1333	1234	2	1.89629
XM_020067678.2	1155	1056	0	0
XM_020067680.2	2301	2202	3	1.59402
XM_020067684.2	3263	3164	17.1534	6.34314
XM_020067686.2	1086	987	0	0
XM_020067693.2	2201	2102	0	0
XM_020067698.2	1576	1477	1.25603	0.994967
XM_020067699.2	2210	2111	0	0
XM_020067700.2	2457	2358	0	0
XM_020067701.2	1343	1244	0	0
XM_020067702.2	1344	1245	0	0
XM_020067704.2	6486	6387	0	0
XM_020067705.2	6338	6239	1.99195	0.373556
XM_020067706.2	6288	6189	2.00805	0.379616
XM_020067709.2	1701	1602	4.72668	3.45211
XM_020067715.2	9212	9113	0	0
XM_020067720.2	9154	9055	0	0
XM_020067721.2	9142	9043	0	0
XM_020067730.2	4027	3928	0	0
XM_020067731.2	3820	3721	0	0
XM_020067732.2	3809	3710	0	0
XM_020067733.2	3698	3599	10	3.25094
XM_020067735.2	1340	1241	6.04605	5.70021
XM_020067738.2	2135	2036	4	2.29865
XM_020067741.2	892	793	0	0
XM_020067744.2	2713	2614	6.41257	2.87023
XM_020067745.2	1303	1204	5.85437	5.68911
XM_020067748.2	830	731	0	0
XM_020067751.2	1442	1343	3	2.61358
XM_020067753.2	4513	4414	16.8905	4.47714
XM_020067760.2	914	815	0	0
XM_020067767.2	2361	2262	0	0
XM_020067771.2	1969	1870	3	1.87703
XM_020067773.2	3308	3209	0	0
XM_020067774.2	3271	3172	0	0
XM_020067775.2	5322	5223	0	0
XM_020067776.2	1949	1850	3	1.89732
XM_020067779.2	881	782	0	0
XM_020067781.2	889	790	0	0
XM_020067783.2	983	884	0	0
XM_020067789.2	3437	3338	0	0
XM_020067791.2	4902	4803	55	13.398
XM_020067797.2	1561	1462	0	0
XM_020067798.2	4139	4040	38.8462	11.2501
XM_020067799.2	3261	3162	7.56404e-08	2.79887e-08
XM_020067800.2	1131	1032	0.000138	0.000156455
XM_020067802.2	3625	3526	46.9679	15.5851
XM_020067808.2	2915	2816	4.54701	1.88923
XM_020067811.2	2963	2864	0	0
XM_020067815.2	1183	1084	1	1.07935
XM_020067817.2	1841	1742	0	0
XM_020067822.2	1708	1609	0	0
XM_020067829.2	2218	2119	6.4709e-08	3.57293e-08
XM_020067830.2	2219	2120	0	0
XM_020067831.2	2219	2120	0	0
XM_020067832.2	2219	2120	0	0
XM_020067833.2	2104	2005	133.511	77.9098
XM_020067834.2	2105	2006	95.01	55.4152
XM_020067835.2	2282	2183	1	0.535966
XM_020067837.2	1954	1855	7	4.41514
XM_020067838.2	6100	6001	0	0
XM_020067840.2	5976	5877	1.1705	0.233027
XM_020067848.2	2352	2253	2.68611	1.39494
XM_020067855.2	2701	2602	0	0
XM_020067856.2	1916	1817	0	0
XM_020067865.2	4192	4093	3.25469e-06	9.30377e-07
XM_020067873.2	4503	4404	0	0
XM_020067875.2	6781	6682	0	0
XM_020067876.2	6772	6673	0	0
XM_020067877.2	6766	6667	0.0140394	0.00246382
XM_020067878.2	6745	6646	0	0
XM_020067879.2	6730	6631	8.04586	1.41966
XM_020067880.2	6712	6613	0	0
XM_020067881.2	6691	6592	0	0
XM_020067882.2	6574	6475	0	0
XM_020067883.2	6550	6451	0	0
XM_020067884.2	6433	6334	0	0
XM_020067885.2	930	831	0	0
XM_020067886.2	6226	6127	0	0
XM_020067901.2	7970	7871	0	0
XM_020067902.2	7904	7805	0	0
XM_020067903.2	7799	7700	5.10712	0.776026
XM_020067904.2	7766	7667	0	0
XM_020067905.2	7751	7652	0.0521642	0.00797606
XM_020067906.2	2240	2141	0	0
XM_020067912.2	3820	3721	0	0
XM_020067915.2	1364	1265	0	0
XM_020067916.2	1356	1257	0	0
XM_020067917.2	1335	1236	0	0
XM_020067930.2	3480	3381	15	5.19083
XM_020067931.2	846	747	0	0
XM_020067934.2	2058	1959	0	0
XM_020067935.2	3427	3328	0	0
XM_020067936.2	3422	3323	0	0
XM_020067937.2	2565	2466	10	4.74458
XM_020067939.2	1401	1302	1.56678	1.40795
XM_020067942.2	1301	1202	0	0
XM_020067950.2	2231	2132	0	0
XM_020067951.2	1826	1727	0	0
XM_020067952.2	1808	1709	0	0
XM_020067957.2	4157	4058	0	0
XM_020067958.2	4142	4043	0	0
XM_020067959.2	4511	4412	6.06462	1.60827
XM_020067960.2	3783	3684	5.59245	1.77612
XM_020067961.2	3948	3849	0	0
XM_020067962.2	3879	3780	0	0
XM_020067963.2	3792	3693	0.319588	0.101252
XM_020067977.2	2118	2019	1	0.579501
XM_020067984.2	1593	1494	0	0
XM_020067989.2	3140	3041	0	0
XM_020067990.2	2579	2480	0	0
XM_020067991.2	598	499	1	2.34472
XM_020067995.2	1359	1260	1	0.928582
XM_020067996.2	1646	1547	0	0
XM_020068012.2	3010	2911	2.81664	1.13209
XM_020068034.2	2899	2800	23	9.61082
XM_020068036.2	4502	4403	0	0
XM_020068037.2	4486	4387	45.9968	12.2674
XM_020068040.1	512	413	0	0
XM_020068041.2	1828	1729	19	12.8573
XM_020068045.2	2141	2042	1	0.572974
XM_020068051.2	2020	1921	0	0
XM_020068053.2	1053	954	0	0
XM_020068067.2	4362	4263	0	0
XM_020068068.2	2970	2871	1.30984	0.533796
XM_020068069.2	4347	4248	0	0
XM_020068070.2	2534	2435	0	0
XM_020068077.2	4342	4243	0	0
XM_020068078.2	3934	3835	0.129758	0.0395877
XM_020068080.2	1492	1393	0	0
XM_020068082.2	4303	4204	1.21609e-08	3.38448e-09
XM_020068083.2	3967	3868	36.9006	11.1619
XM_020068084.2	4228	4129	18	5.10057
XM_020068085.2	4949	4850	43	10.3733
XM_020068088.2	1568	1469	0	0
XM_020068097.2	1204	1105	2	2.11767
XM_020068108.2	946	847	15	20.7204
XM_020068117.2	4690	4591	1.20086e-05	3.06039e-06
XM_020068120.2	1896	1797	1.04858	0.682724
XM_020068122.2	3494	3395	3	1.03389
XM_020068125.2	3532	3433	3	1.02244
XM_020068127.2	660	561	0	0
XM_020068130.2	1978	1879	3	1.86804
XM_020068138.2	3280	3181	0	0
XM_020068139.2	1694	1595	25.8481	18.9609
XM_020068143.2	2078	1979	36.5591	21.6142
XM_020068145.2	2414	2315	0	0
XM_020068146.2	2224	2125	3	1.65178
XM_020068147.2	3097	2998	15.8206	6.17423
XM_020068150.2	1323	1224	0	0
XM_020068152.2	2961	2862	79	32.296
XM_020068161.2	2058	1959	24	14.334
XM_020068171.2	13273	13174	3.85138	0.34205
XM_020068172.2	13255	13156	19.1486	1.70296
XM_020068174.2	2644	2545	3.71533	1.70805
XM_020068176.2	1556	1457	0	0
XM_020068178.2	5439	5340	4.65279	1.01944
XM_020068193.2	3424	3325	0	0
XM_020068200.2	741	642	0	0
XM_020068201.2	1874	1775	0	0
XM_020068217.2	2238	2139	4	2.18796
XM_020068219.2	2632	2533	0.165282	0.0763453
XM_020068220.2	683	584	2	4.0069
XM_020068222.2	2413	2314	0	0
XM_020068223.2	1373	1274	0	0
XM_020068224.2	1495	1396	0	0
XM_020068225.2	1823	1724	0	0
XM_020068228.2	1218	1119	3	3.13677
XM_020068230.2	4728	4629	29	7.32996
XM_020068231.2	2661	2562	39	17.8105
XM_020068233.2	2857	2758	8.27585	3.51082
XM_020068234.2	1175	1076	0	0
XM_020068235.2	1517	1418	0	0
XM_020068236.2	1404	1305	0	0
XM_020068237.2	1692	1593	0	0
XM_020068243.2	3738	3639	0	0
XM_020068245.2	7568	7469	0.000396839	6.21645e-05
XM_020068246.2	7431	7332	0	0
XM_020068250.2	2557	2458	7.48985	3.56519
XM_020068253.2	6603	6504	0	0
XM_020068258.2	2386	2287	3.71342	1.89976
XM_020068259.2	1145	1046	0	0
XM_020068262.2	1745	1646	0	0
XM_020068263.2	2988	2889	5	2.02495
XM_020068267.2	2267	2168	5.05225e-07	2.72657e-07
XM_020068272.2	970	871	0	0
XM_020068273.2	1861	1762	5.8489e-06	3.88382e-06
XM_020068274.2	1851	1752	0.00463979	0.00309852
XM_020068276.2	4192	4093	7.99999	2.28685
XM_020068278.2	5832	5733	1578.21	322.088
XM_020068287.2	2461	2362	1	0.495349
XM_020068288.2	3007	2908	1.16907	0.470366
XM_020068289.2	1287	1188	1	0.98486
XM_020068292.2	7904	7805	0	0
XM_020068293.2	7708	7609	0	0
XM_020068294.2	7666	7567	0	0
XM_020068301.2	1788	1689	0	0
XM_020068303.2	1994	1895	0	0
XM_020068306.2	1688	1589	4	2.94528
XM_020068309.2	3541	3442	0	0
XM_020068310.2	3557	3458	0	0
XM_020068311.2	2960	2861	0	0
XM_020068313.2	1723	1624	0	0
XM_020068320.2	3091	2992	0	0
XM_020068321.2	2976	2877	0.926967	0.376977
XM_020068323.2	2425	2326	0	0
XM_020068330.2	795	696	31	52.1127
XM_020068334.2	1660	1561	6	4.49717
XM_020068336.2	2290	2191	2	1.06802
XM_020068342.2	3054	2955	0	0
XM_020068350.2	4034	3935	1.98735	0.590908
XM_020068352.2	2886	2787	0	0
XM_020068356.2	1236	1137	1.46102	1.50344
XM_020068362.2	990	891	0	0
XM_020068363.2	3268	3169	5.59276	2.06488
XM_020068364.2	3265	3166	16.9869	6.27761
XM_020068365.2	3166	3067	2.53904e-06	9.68604e-07
XM_020068369.2	3857	3758	1.55987	0.485649
XM_020068370.2	825	726	0.435441	0.701752
XM_020068371.2	1249	1150	18	18.3133
XM_020068372.2	2012	1913	2.97772	1.82121
XM_020068377.2	987	888	1	1.31758
XM_020068380.2	1241	1142	0	0
XM_020068394.2	2271	2172	0	0
XM_020068396.2	2621	2522	9.23871	4.28605
XM_020068397.2	1397	1298	8.68227	7.82618
XM_020068399.2	2177	2078	0	0
XM_020068400.2	4924	4825	1	0.24249
XM_020068402.2	574	475	0	0
XM_020068409.2	2239	2140	0	0
XM_020068410.2	1706	1607	5	3.64037
XM_020068412.2	2559	2460	7.26157	3.45371
XM_020068417.2	2058	1959	6.07778	3.62996
XM_020068434.2	1355	1256	8	7.45231
XM_020068435.2	1437	1338	0	0
XM_020068442.2	1904	1805	7.29898	4.73125
XM_020068443.2	4138	4039	0	0
XM_020068444.2	4122	4023	0	0
XM_020068445.2	4121	4022	0	0
XM_020068446.2	4112	4013	0	0
XM_020068448.2	4105	4006	0	0
XM_020068449.2	4097	3998	0	0
XM_020068450.2	4087	3988	0	0
XM_020068453.2	4080	3981	0	0
XM_020068454.2	4070	3971	0	0
XM_020068455.2	4064	3965	0	0
XM_020068456.2	4046	3947	0	0
XM_020068457.2	4045	3946	0	0
XM_020068459.2	4040	3941	0	0
XM_020068461.2	3989	3890	0	0
XM_020068463.2	3970	3871	0	0
XM_020068464.2	3914	3815	0	0
XM_020068465.2	3839	3740	0	0
XM_020068469.2	1599	1500	34.8473	27.1812
XM_020068470.2	1921	1822	8	5.13727
XM_020068476.2	454	355	0	0
XM_020068479.2	2051	1952	5	2.99696
XM_020068480.2	2763	2664	1	0.439194
XM_020068484.2	6416	6317	0	0
XM_020068485.2	6234	6135	0.594415	0.113362
XM_020068486.2	6236	6137	0.40555	0.0773178
XM_020068488.2	2164	2065	0.15214	0.0862011
XM_020068497.2	439	340	0	0
XM_020068500.2	2008	1909	3	1.83868
XM_020068501.2	4142	4043	0	0
XM_020068503.2	1765	1666	3	2.10687
XM_020068508.2	3489	3390	0	0
XM_020068510.2	3836	3737	0	0
XM_020068511.2	4791	4692	0.336674	0.0839542
XM_020068512.2	3665	3566	24.3426	7.98687
XM_020068513.2	6059	5960	1	0.196311
XM_020068519.2	2013	1914	0	0
XM_020068520.2	1920	1821	0	0
XM_020068523.2	932	833	0	0
XM_020068524.2	2189	2090	0	0
XM_020068527.2	502	403	0	0
XM_020068531.2	1837	1738	1	0.673195
XM_020068533.2	2297	2198	5	2.66154
XM_020068547.2	2578	2479	0	0
XM_020068551.2	6995	6896	1.03623	0.175812
XM_020068552.2	6003	5904	21.85	4.33007
XM_020068557.2	3397	3298	0	0
XM_020068559.2	3107	3008	2	0.777934
XM_020068560.2	2652	2553	0	0
XM_020068567.2	2250	2151	1	0.543939
XM_020068581.2	1675	1576	0	0
XM_020068583.2	2485	2386	0	0
XM_020068587.2	1694	1595	3	2.20065
XM_020068603.2	2084	1985	0	0
XM_020068604.2	1456	1357	0	0
XM_020068605.2	1830	1731	0	0
XM_020068607.2	2507	2408	0	0
XM_020068621.2	2017	1918	0	0
XM_020068623.2	954	855	0	0
XM_020068627.2	1559	1460	4	3.20552
XM_020068628.2	2582	2483	0	0
XM_020068633.2	3114	3015	2	0.776128
XM_020068634.2	4504	4405	0	0
XM_020068647.2	2239	2140	0	0
XM_020068648.2	3239	3140	0	0
XM_020068649.2	2386	2287	0	0
XM_020068651.2	8345	8246	74.2105	10.5296
XM_020068652.2	7647	7548	0	0
XM_020068657.2	3471	3372	25	8.67448
XM_020068663.2	2001	1902	6.36029	3.91253
XM_020068664.2	2645	2546	0	0
XM_020068669.2	1582	1483	0	0
XM_020068670.2	2053	1954	5	2.99389
XM_020068671.2	710	611	5	9.57458
XM_020068673.2	3194	3095	0	0
XM_020068674.2	3164	3065	0	0
XM_020068684.2	2356	2257	0	0
XM_020068686.2	2295	2196	1.5071	0.802974
XM_020068687.2	3173	3074	39.289	14.954
XM_020068689.2	1823	1724	0	0
XM_020068693.2	4883	4784	8	1.95654
XM_020068697.2	2473	2374	0.0688941	0.0339541
XM_020068703.2	1166	1067	18.3605	20.1331
XM_020068706.2	2202	2103	73.5412	40.915
XM_020068708.2	4562	4463	3.81009	0.998847
XM_020068712.2	646	547	0	0
XM_020068714.2	2399	2300	0	0
XM_020068717.2	6247	6148	0	0
XM_020068718.2	6102	6003	3.8144	0.743445
XM_020068720.2	1253	1154	0	0
XM_020068731.2	2784	2685	0	0
XM_020068732.2	1467	1368	0	0
XM_020068733.2	1629	1530	0	0
XM_020068734.2	1403	1304	6	5.3835
XM_020068736.2	2664	2565	3	1.36844
XM_020068742.2	2651	2552	25	11.4617
XM_020068744.2	1464	1365	2	1.71431
XM_020068768.2	3407	3308	0.0394075	0.0139381
XM_020068771.2	7585	7486	2.50315e-07	3.91226e-08
XM_020068775.2	3123	3024	17	6.57746
XM_020068777.2	3189	3090	2	0.75729
XM_020068778.2	7993	7894	0	0
XM_020068779.2	7979	7880	0	0
XM_020068780.2	7975	7876	0	0
XM_020068781.2	7544	7445	0	0
XM_020068782.2	7679	7580	0	0
XM_020068783.2	7644	7545	0	0
XM_020068784.2	7761	7662	0	0
XM_020068785.2	7737	7638	0	0
XM_020068786.2	9561	9462	0	0
XM_020068787.2	9527	9428	0	0
XM_020068788.2	9344	9245	0	0
XM_020068789.2	9034	8935	37.8455	4.95576
XM_020068790.2	9076	8977	0.154526	0.0201401
XM_020068793.2	1600	1501	9.59105	7.47612
XM_020068794.2	1287	1188	0.408947	0.402755
XM_020068797.2	6937	6838	9.97891	1.70744
XM_020068800.2	1938	1839	0.000430485	0.000273884
XM_020068803.2	2350	2251	1	0.519775
XM_020068808.2	1869	1770	1.78136e-06	1.17752e-06
XM_020068809.2	1866	1767	18.2225	12.066
XM_020068812.2	1704	1605	3.68285	2.68473
XM_020068813.2	2715	2616	7	3.13077
XM_020068822.2	4480	4381	0	0
XM_020068824.2	945	846	2	2.76599
XM_020068827.2	4371	4272	0.00122425	0.000335296
XM_020068830.2	4336	4237	18.9994	5.24653
XM_020068836.2	1450	1351	3	2.59811
XM_020068842.2	2765	2666	0	0
XM_020068845.2	1710	1611	0	0
XM_020068846.2	1623	1524	10	7.67725
XM_020068847.2	2949	2850	0	0
XM_020068852.2	2681	2582	5.09103	2.30696
XM_020068853.2	2009	1910	0	0
XM_020068854.2	1755	1656	0	0
XM_020068856.2	1826	1727	0	0
XM_020068857.2	2603	2504	0	0
XM_020068858.2	4758	4659	20	5.02259
XM_020068859.2	2613	2514	0	0
XM_020068861.2	4112	4013	5.80753	1.69322
XM_020068862.2	3255	3156	3	1.11218
XM_020068864.2	2309	2210	0	0
XM_020068865.2	1052	953	45.8394	56.2777
XM_020068866.2	2499	2400	3	1.46252
XM_020068872.2	4570	4471	19	4.9721
XM_020068875.2	954	855	2	2.73687
XM_020068877.2	2179	2080	1	0.562506
XM_020068879.2	1791	1692	0	0
XM_020068883.2	4467	4368	0	0
XM_020068884.2	4365	4266	53.9282	14.7906
XM_020068886.2	3046	2947	0	0
XM_020068887.2	1084	985	1049	1246.03
XM_020068888.2	4689	4590	0	0
XM_020068890.2	1190	1091	0	0
XM_020068891.2	2761	2662	2	0.879048
XM_020068895.2	547	448	522	1363.27
XM_020068896.2	2048	1949	8.84186	5.3079
XM_020068900.2	3020	2921	0	0
XM_020068901.2	4107	4008	74.7653	21.8255
XM_020068902.2	3999	3900	0	0
XM_020068904.2	4615	4516	3.77316	0.977558
XM_020068905.2	539	440	0	0
XM_020068909.2	906	807	0	0
XM_020068913.2	1260	1161	3.98127	4.01218
XM_020068917.2	3342	3243	0.0144342	0.0052076
XM_020068918.2	1269	1170	0	0
XM_020068930.2	3978	3879	4	1.20651
XM_020068931.2	1034	935	2	2.5027
XM_020068939.2	1912	1813	0	0
XM_020068943.2	4524	4425	0	0
XM_020068945.2	580	481	0	0
XM_020068946.2	2155	2056	54	30.7299
XM_020068947.2	4137	4038	0	0
XM_020068953.2	3313	3214	0.000208642	7.59532e-05
XM_020068958.2	2310	2211	0	0
XM_020068959.2	1491	1392	0	0
XM_020068961.2	5127	5028	0	0
XM_020068965.2	2395	2296	0	0
XM_020068968.2	1548	1449	6.61737e-06	5.34328e-06
XM_020068969.2	631	532	0	0
XM_020068970.2	7570	7471	0	0
XM_020068971.2	7459	7360	0.000426088	6.77348e-05
XM_020068972.2	7570	7471	0	0
XM_020068973.2	7531	7432	0	0
XM_020068974.2	7531	7432	0	0
XM_020068975.2	7525	7426	1.20677e-08	1.90134e-09
XM_020068976.2	7423	7324	0.134084	0.02142
XM_020068977.2	7384	7285	70.3567	11.2997
XM_020068979.2	7196	7097	5.17792e-06	8.53633e-07
XM_020068980.2	7190	7091	1.39644e-05	2.30412e-06
XM_020068981.2	7184	7085	3.76923e-05	6.22448e-06
XM_020068982.2	7178	7079	2.90352e-07	4.79892e-08
XM_020068983.2	7172	7073	0.000275303	4.55405e-05
XM_020068984.2	7100	7001	44.888	7.50173
XM_020068985.2	6824	6725	0.276211	0.0480551
XM_020068989.2	1672	1573	0	0
XM_020068990.2	2613	2514	0.110266	0.0513178
XM_020068992.2	2337	2238	1	0.522794
XM_020068999.2	2187	2088	0	0
XM_020069005.2	3215	3116	0	0
XM_020069006.2	1574	1475	0	0
XM_020069007.2	1749	1650	0	0
XM_020069008.2	1531	1432	2	1.6341
XM_020069009.2	1573	1474	0	0
XM_020069010.2	1638	1539	0	0
XM_020069016.2	2015	1916	0	0
XM_020069032.2	1543	1444	0	0
XM_020069033.2	2384	2285	14.1434	7.24198
XM_020069034.2	4083	3984	1.51826e-07	4.4588e-08
XM_020069035.2	4080	3981	3.67364e-07	1.07968e-07
XM_020069036.2	4019	3920	27	8.05877
XM_020069041.2	1961	1862	2.03729	1.28016
XM_020069043.2	2788	2689	0	0
XM_020069044.2	2764	2665	0	0
XM_020069045.2	2611	2512	1	0.46577
XM_020069046.2	3837	3738	0.290249	0.0908494
XM_020069047.2	3834	3735	0.744364	0.233177
XM_020069048.2	3738	3639	0	0
XM_020069058.2	3043	2944	0	0
XM_020069059.2	3152	3053	0	0
XM_020069060.2	3204	3105	0	0
XM_020069061.2	3206	3107	22.5823	8.50391
XM_020069062.2	3280	3181	0	0
XM_020069063.2	3261	3162	28.9172	10.7
XM_020069064.2	3201	3102	0	0
XM_020069065.2	1611	1512	0	0
XM_020069074.2	995	896	8.06688	10.5339
XM_020069075.2	2867	2768	0	0
XM_020069077.2	5123	5024	0	0
XM_020069078.2	5081	4982	0	0
XM_020069079.2	5036	4937	0	0
XM_020069088.2	4041	3942	6.24343	1.85309
XM_020069093.2	1590	1491	2	1.56943
XM_020069100.2	1827	1728	1	0.677091
XM_020069105.2	1747	1648	1.49937	1.06449
XM_020069109.2	3024	2925	30	12.0001
XM_020069112.2	4890	4791	0	0
XM_020069113.2	4856	4757	0	0
XM_020069114.2	4829	4730	0	0
XM_020069115.2	4817	4718	0	0
XM_020069116.2	4736	4637	0	0
XM_020069119.2	398	299	0	0
XM_020069120.2	1785	1686	0	0
XM_020069121.2	1777	1678	0	0
XM_020069123.2	1500	1401	19	15.8674
XM_020069124.2	1154	1055	0	0
XM_020069125.2	1047	948	0	0
XM_020069126.2	1035	936	0	0
XM_020069127.2	1047	948	4	4.93677
XM_020069128.2	4836	4737	6.8617e-05	1.6948e-05
XM_020069129.2	1125	1026	0	0
XM_020069135.2	2007	1908	0	0
XM_020069139.2	991	892	0	0
XM_020069141.2	2411	2312	0	0
XM_020069145.2	2951	2852	8.12163	3.33184
XM_020069148.2	1931	1832	0	0
XM_020069152.2	1798	1699	60	41.3189
XM_020069159.2	1469	1370	0	0
XM_020069160.2	1461	1362	0	0
XM_020069165.2	1603	1504	1	0.777934
XM_020069167.2	1890	1791	0	0
XM_020069168.2	1798	1699	3	2.06594
XM_020069173.2	6099	6000	36	7.02008
XM_020069177.2	1222	1123	4	4.16746
XM_020069181.2	1835	1736	0	0
XM_020069182.2	2644	2545	0	0
XM_020069183.2	2584	2485	28.3955	13.3695
XM_020069192.2	4889	4790	0	0
XM_020069193.2	4823	4724	0	0
XM_020069194.2	4748	4649	0	0
XM_020069195.2	4074	3975	0	0
XM_020069196.2	555	456	0	0
XM_020069204.2	1298	1199	1	0.975824
XM_020069206.2	3461	3362	0.0369273	0.0128511
XM_020069207.2	3452	3353	0.856845	0.298992
XM_020069208.2	3448	3349	3.4753	1.21414
XM_020069209.2	3439	3340	81.6309	28.5956
XM_020069211.2	2125	2026	0	0
XM_020069212.2	2056	1957	0	0
XM_020069213.2	2039	1940	0	0
XM_020069214.2	1990	1891	0	0
XM_020069218.2	807	708	0	0
XM_020069219.2	2148	2049	0.847634	0.484014
XM_020069222.2	2219	2120	0	0
XM_020069224.2	3820	3721	30	9.43306
XM_020069225.2	2605	2506	5	2.33442
XM_020069233.2	6355	6256	2	0.374045
XM_020069237.2	1503	1404	0	0
XM_020069241.2	1995	1896	2.82286	1.74198
XM_020069245.2	1998	1899	0	0
XM_020069249.2	1918	1819	0	0
XM_020069256.2	1565	1466	0	0
XM_020069268.2	2227	2128	0	0
XM_020069269.2	2229	2130	20.6781	11.3585
XM_020069272.2	4065	3966	0	0
XM_020069273.2	2617	2518	0.667741	0.310272
XM_020069275.2	4017	3918	0	0
XM_020069280.2	3987	3888	0	0
XM_020069288.2	1622	1523	18.7078	14.3719
XM_020069297.2	2019	1920	0	0
XM_020069298.2	2483	2384	5	2.45389
XM_020069303.2	862	763	0	0
XM_020069306.2	6466	6367	15.8757	2.91736
XM_020069311.2	3514	3415	26	8.90786
XM_020069354.2	2519	2420	3.99502	1.9315
XM_020069355.2	4675	4576	4	1.02274
XM_020069356.2	1657	1558	33	24.7821
XM_020069359.2	2651	2552	0	0
XM_020069365.2	632	533	0	0
XM_020069368.2	2368	2269	3	1.54695
XM_020069381.2	1666	1567	0	0
XM_020069386.2	2914	2815	0	0
XM_020069387.2	1354	1255	0	0
XM_020069388.2	1334	1235	1	0.947379
XM_020069389.2	1338	1239	6	5.66592
XM_020069390.2	737	638	0	0
XM_020069391.2	1963	1864	4.68272	2.93929
XM_020069397.2	2474	2375	0	0
XM_020069398.2	2327	2228	2	1.05028
XM_020069399.2	1299	1200	1	0.975011
XM_020069400.2	519	420	1036	2886.03
XM_020069402.2	3222	3123	0	0
XM_020069403.2	3987	3888	0	0
XM_020069405.2	9090	8991	30	3.90395
XM_020069407.2	1728	1629	0	0
XM_020069415.2	5608	5509	2.99451	0.63598
XM_020069418.2	1169	1070	0	0
XM_020069419.2	1637	1538	0	0
XM_020069421.2	1543	1444	0	0
XM_020069422.2	3480	3381	6.22135	2.15293
XM_020069424.2	1618	1519	3	2.31076
XM_020069431.2	2078	1979	14	8.277
XM_020069432.2	1252	1153	78	79.151
XM_020069443.2	2406	2307	1	0.507158
XM_020069445.2	2552	2453	0	0
XM_020069450.2	1801	1702	11	7.56178
XM_020069451.2	3331	3232	13	4.70612
XM_020069452.2	1434	1335	0	0
XM_020069453.2	1154	1055	2	2.21803
XM_020069465.2	4030	3931	19.4933	5.80193
XM_020069469.2	1876	1777	0	0
XM_020069479.2	1438	1339	1	0.873796
XM_020069495.2	1850	1751	15	10.023
XM_020069499.2	1248	1149	22	22.4023
XM_020069500.2	5628	5529	2.1834e-06	4.62037e-07
XM_020069501.2	6517	6418	0	0
XM_020069502.2	4728	4629	0	0
XM_020069511.2	2745	2646	93.9679	41.5509
XM_020069513.2	1608	1509	4	3.10143
XM_020069516.2	1205	1106	33	34.91
XM_020069523.2	1741	1642	0	0
XM_020069524.2	1059	960	3.59082	4.37636
XM_020069530.2	801	702	0	0
XM_020069533.2	1694	1595	3	2.20065
XM_020069537.2	4449	4350	0	0
XM_020069538.2	2002	1903	0	0
XM_020069541.2	3643	3544	0	0
XM_020069542.2	4181	4082	15.0156	4.30388
XM_020069543.2	2083	1984	6.96554	4.10775
XM_020069554.2	1413	1314	87.5816	77.9845
XM_020069555.2	2672	2573	2	0.909455
XM_020069557.2	2029	1930	0	0
XM_020069594.2	916	817	0	0
XM_020069596.2	880	781	8	11.9848
XM_020069613.2	4785	4686	0	0
XM_020069615.2	1322	1223	0	0
XM_020069616.2	5697	5598	5.39458e-08	1.1275e-08
XM_020069625.2	3316	3217	0	0
XM_020069627.2	2553	2454	0	0
XM_020069628.2	2544	2445	0	0
XM_020069629.2	2517	2418	0	0
XM_020069630.2	2508	2409	0.000419856	0.000203918
XM_020069651.2	1193	1094	0	0
XM_020069656.2	1287	1188	1	0.98486
XM_020069657.2	2256	2157	0	0
XM_020069660.2	2020	1921	0	0
XM_020069662.2	1753	1654	1.50867e-07	1.06721e-07
XM_020069673.2	2370	2271	0	0
XM_020069689.2	2251	2152	0	0
XM_020069692.2	3713	3614	0.0222087	0.00718996
XM_020069696.2	5726	5627	10.1662	2.11385
XM_020069705.2	1481	1382	2.28049e-05	1.93068e-05
XM_020069721.2	2434	2335	5	2.50538
XM_020069724.2	2489	2390	0	0
XM_020069725.2	2469	2370	0	0
XM_020069726.2	2378	2279	0	0
XM_020069727.2	1205	1106	16	16.9261
XM_020069728.2	2890	2791	8.17827	3.42841
XM_020069729.2	1645	1546	8	6.0544
XM_020069730.2	1589	1490	0	0
XM_020069731.2	1816	1717	2	1.36286
XM_020069734.2	2592	2493	448.239	210.367
XM_020069736.2	956	857	0	0
XM_020069737.2	2486	2387	0	0
XM_020069743.2	819	720	3	4.87506
XM_020069745.2	7472	7373	0	0
XM_020069747.2	1700	1601	5	3.65401
XM_020069748.2	1790	1691	0	0
XM_020069749.2	3021	2922	0	0
XM_020069757.2	2499	2400	3	1.46252
XM_020069761.2	2117	2018	0	0
XM_020069762.2	2404	2305	6	3.04559
XM_020069776.2	2241	2142	5.32663	2.90954
XM_020069782.2	1117	1018	2	2.29865
XM_020069784.2	1514	1415	0	0
XM_020069788.2	8889	8790	0	0
XM_020069789.2	4854	4755	6.81156	1.67605
XM_020069792.2	3732	3633	39.8347	12.8288
XM_020069793.2	3796	3697	5.0602e-08	1.60143e-08
XM_020069794.2	2166	2067	1.99429	1.12886
XM_020069799.2	2045	1946	17.0057	10.2245
XM_020069807.2	4451	4352	7	1.88191
XM_020069809.2	1729	1630	2	1.4356
XM_020069812.2	1910	1811	0	0
XM_020069814.2	2606	2507	9	4.20029
XM_020069818.2	2252	2153	8	4.34747
XM_020069824.2	2511	2412	0.000394345	0.000191289
XM_020069825.2	2593	2494	1.16411e-08	5.46122e-09
XM_020069826.2	2587	2488	1.96354e-07	9.23378e-08
XM_020069827.2	2575	2476	5.70202e-05	2.69444e-05
XM_020069828.2	2572	2473	0.000236397	0.000111843
XM_020069829.2	2566	2467	0.0040843	0.00193704
XM_020069830.2	2554	2455	1.24487	0.593286
XM_020069831.2	2923	2824	1.01821e-05	4.21857e-06
XM_020069832.2	2890	2791	9.90455	4.15208
XM_020069833.2	2917	2818	0.00439097	0.0018231
XM_020069834.2	3020	2921	12.5268	5.01766
XM_020069835.2	3024	2925	75	30.0003
XM_020069836.2	2391	2292	1.35736	0.6929
XM_020069842.2	1465	1366	1	0.856525
XM_020069845.2	2029	1930	0	0
XM_020069851.2	1388	1289	1	0.907691
XM_020069857.2	876	777	0	0
XM_020069859.2	6209	6110	12.3545	2.36579
XM_020069865.2	3815	3716	0	0
XM_020069867.2	2067	1968	0	0
XM_020069871.2	610	511	32	73.2689
XM_020069872.2	622	523	0	0
XM_020069881.2	783	684	0	0
XM_020069887.2	3087	2988	0	0
XM_020069891.2	2570	2471	0	0
XM_020069906.2	1308	1209	0	0
XM_020069908.2	1383	1284	0	0
XM_020069909.2	2110	2011	1	0.581807
XM_020069913.2	1338	1239	0	0
XM_020069914.2	1790	1691	0	0
XM_020069915.2	1377	1278	1.29993e-06	1.19009e-06
XM_020069916.2	1921	1822	5.2661	3.38167
XM_020069918.2	719	620	35	66.0491
XM_020069928.2	2288	2189	0	0
XM_020069944.2	2357	2258	0	0
XM_020069960.2	951	852	0	0
XM_020069972.2	3710	3611	0	0
XM_020069976.2	1965	1866	0	0
XM_020069977.2	2206	2107	0	0
XM_020069984.2	1059	960	0	0
XM_020069985.2	1034	935	0	0
XM_020069987.2	1026	927	0	0
XM_020069999.2	4422	4323	0	0
XM_020070000.2	1583	1484	1	0.788419
XM_020070041.2	1253	1154	0	0
XM_020070045.2	4380	4281	0	0
XM_020070046.2	7914	7815	0.000827955	0.000123956
XM_020070055.2	4377	4278	0	0
XM_020070056.2	3474	3375	0	0
XM_020070057.2	3791	3692	0	0
XM_020070061.2	2049	1950	8.58542	5.15131
XM_020070062.2	2052	1953	1.41458	0.847457
XM_020070063.2	1849	1750	25	16.7145
XM_020070065.2	6190	6091	0	0
XM_020070067.2	3872	3773	1	0.310102
XM_020070070.2	3861	3762	3	0.933025
XM_020070074.2	7746	7647	0	0
XM_020070081.2	862	763	0	0
XM_020070082.2	2001	1902	39	23.9908
XM_020070087.2	4291	4192	0	0
XM_020070088.2	6534	6435	0	0
XM_020070096.2	1549	1450	0	0
XM_020070098.2	1767	1668	0.0120904	0.00848076
XM_020070099.2	2557	2458	0	0
XM_020070100.2	1554	1455	0	0
XM_020070101.2	1550	1451	1.44991e-08	1.16914e-08
XM_020070102.2	1527	1428	2	1.63867
XM_020070107.2	1997	1898	0.649731	0.400524
XM_020070115.2	3251	3152	0	0
XM_020070116.2	3217	3118	0	0
XM_020070134.2	1921	1822	0	0
XM_020070135.2	1921	1822	0	0
XM_020070136.2	1915	1816	0	0
XM_020070137.2	1894	1795	0	0
XM_020070138.2	1873	1774	0	0
XM_020070139.2	1825	1726	0	0
XM_020070140.2	1819	1720	0	0
XM_020070141.2	1816	1717	0	0
XM_020070142.2	1810	1711	0	0
XM_020070143.2	1783	1684	0	0
XM_020070144.2	1696	1597	0	0
XM_020070145.2	1696	1597	0	0
XM_020070146.2	1657	1558	0	0
XM_020070158.1	759	660	0	0
XM_020070161.2	6422	6323	3.0684	0.56778
XM_020070162.2	4584	4485	0	0
XM_020070164.2	8476	8377	64	8.93886
XM_020070165.2	5847	5748	0	0
XM_020070166.2	5844	5745	0	0
XM_020070173.2	6174	6075	36.3398	6.99886
XM_020070177.2	538	439	0	0
XM_020070178.2	751	652	0	0
XM_020070193.2	2403	2304	0	0
XM_020070209.2	1511	1412	0	0
XM_020070210.2	4422	4323	0	0
XM_020070219.2	2193	2094	14	7.82244
XM_020070224.2	2284	2185	0	0
XM_020070226.2	2571	2472	0	0
XM_020070228.2	668	569	0	0
XM_020070237.2	513	414	0	0
XM_020070257.2	3418	3319	0	0
XM_020070283.2	947	848	0	0
XM_020070287.2	6269	6170	0	0
XM_020070288.2	6256	6157	0	0
XM_020070289.2	6242	6143	0	0
XM_020070290.2	6078	5979	0	0
XM_020070291.2	5413	5314	0.00533114	0.00117379
XM_020070292.2	7037	6938	21.0256	3.54573
XM_020070295.2	6086	5987	6.48672	1.26767
XM_020070302.2	1122	1023	1	1.14371
XM_020070306.2	1586	1487	4	3.14731
XM_020070310.2	5984	5885	0	0
XM_020070311.2	6002	5903	0	0
XM_020070312.2	5953	5854	0	0
XM_020070325.2	4361	4262	9.99733	2.74449
XM_020070330.2	3638	3539	35.8392	11.8486
XM_020070339.2	2311	2212	7.77321	4.11156
XM_020070342.2	893	794	0	0
XM_020070343.2	824	725	0	0
XM_020070344.2	828	729	1	1.60496
XM_020070345.2	774	675	0	0
XM_020070346.2	4889	4790	0	0
XM_020070356.2	3244	3145	0	0
XM_020070357.2	2289	2190	0	0
XM_020070365.2	6241	6142	0	0
XM_020070366.2	6202	6103	0	0
XM_020070378.2	2407	2308	0	0
XM_020070379.2	7121	7022	0.990696	0.165071
XM_020070381.2	3233	3134	0	0
XM_020070382.2	3308	3209	0	0
XM_020070383.2	3224	3125	0	0
XM_020070384.2	3156	3057	0	0
XM_020070385.2	3062	2963	0	0
XM_020070388.2	1824	1725	0	0
XM_020070389.2	2852	2753	0	0
XM_020070390.2	2848	2749	0	0
XM_020070391.2	3074	2975	3	1.17985
XM_020070396.2	4490	4391	1.37418e-06	3.6616e-07
XM_020070397.2	4481	4382	1.52497e-05	4.07174e-06
XM_020070398.2	4475	4376	7.60794e-05	2.03414e-05
XM_020070399.2	5156	5057	0	0
XM_020070400.2	4451	4352	0.0481827	0.0129537
XM_020070401.2	4436	4337	2.76543	0.746044
XM_020070402.2	4426	4327	41.4694	11.2132
XM_020070403.2	1872	1773	36	23.7566
XM_020070406.2	3390	3291	2	0.711038
XM_020070407.2	1172	1073	0	0
XM_020070410.2	1637	1538	7.98184	6.07208
XM_020070411.2	2643	2544	0	0
XM_020070412.2	2553	2454	0	0
XM_020070413.2	2490	2391	13.733	6.72013
XM_020070414.2	2400	2301	0	0
XM_020070415.2	3558	3459	19	6.42679
XM_020070418.2	1986	1887	0	0
XM_020070419.2	2627	2528	6.04942	2.79981
XM_020070450.2	949	850	0	0
XM_020070455.2	2153	2054	6	3.41776
XM_020070460.2	2182	2083	16	8.98714
XM_020070461.2	3153	3054	0	0
XM_020070462.2	3147	3048	0	0
XM_020070467.2	2843	2744	21.1039	8.99847
XM_020070471.2	1830	1731	0	0
XM_020070473.2	1749	1650	0	0
XM_020070474.2	1921	1822	0	0
XM_020070482.2	4591	4492	0	0
XM_020070489.2	944	845	0	0
XM_020070493.2	1716	1617	0	0
XM_020070495.2	1875	1776	0	0
XM_020070497.2	630	531	0	0
XM_020070509.2	1640	1541	1	0.759256
XM_020070510.2	2551	2452	343.999	164.145
XM_020070511.2	2194	2095	13	7.26023
XM_020070512.2	3488	3389	0	0
XM_020070513.2	3402	3303	0	0
XM_020070514.2	6915	6816	0	0
XM_020070515.2	6929	6830	0	0
XM_020070516.2	1354	1255	1	0.932282
XM_020070530.2	913	814	0	0
XM_020070532.2	2553	2454	3	1.43033
XM_020070533.2	4694	4595	0.0107213	0.00272993
XM_020070534.2	4856	4757	0	0
XM_020070535.2	5549	5450	0	0
XM_020070537.2	1046	947	2	2.47099
XM_020070552.2	3136	3037	0	0
XM_020070559.2	1425	1326	0	0
XM_020070565.2	2595	2496	0	0
XM_020070566.2	629	530	46	101.548
XM_020070568.2	1740	1641	28	19.9637
XM_020070573.2	1714	1615	0	0
XM_020070575.2	2117	2018	0	0
XM_020070577.2	1143	1044	15	16.8105
XM_020070578.2	2350	2251	0	0
XM_020070580.2	2258	2159	0	0
XM_020070588.2	1650	1551	14	10.561
XM_020070593.2	3588	3489	0	0
XM_020070594.2	3418	3319	8	2.82016
XM_020070597.2	740	641	0	0
XM_020070603.2	2604	2505	0	0
XM_020070605.2	3145	3046	0	0
XM_020070607.2	5816	5717	77.7551	15.913
XM_020070608.2	1839	1740	0	0
XM_020070611.2	3040	2941	0	0
XM_020070612.2	1155	1056	0	0
XM_020070615.2	1153	1054	0	0
XM_020070621.2	2220	2121	0	0
XM_020070628.2	877	778	1.10706	1.66487
XM_020070631.2	1892	1793	25.6579	16.7429
XM_020070635.2	469	370	0	0
XM_020070636.2	1800	1701	0	0
XM_020070637.2	2385	2286	5	2.55908
XM_020070638.2	2796	2697	0	0
XM_020070639.2	2768	2669	0.000486458	0.000213249
XM_020070644.2	2793	2694	55.9995	24.3208
XM_020070650.2	1293	1194	0	0
XM_020070653.2	3158	3059	0	0
XM_020070657.2	1847	1748	42	28.1125
XM_020070658.2	1289	1190	0	0
XM_020070660.2	1484	1385	1	0.844775
XM_020070661.2	4272	4173	59	16.5422
XM_020070668.2	2063	1964	1.87969	1.11979
XM_020070673.2	5580	5481	0	0
XM_020070696.2	1079	980	0	0
XM_020070698.2	1661	1562	0	0
XM_020070702.2	5332	5233	4	0.894335
XM_020070709.2	1163	1064	0	0
XM_020070710.2	1847	1748	0	0
XM_020070720.2	5894	5795	0	0
XM_020070730.2	2303	2204	0	0
XM_020070739.2	2718	2619	0	0
XM_020070740.2	2272	2173	0	0
XM_020070741.2	1203	1104	0	0
XM_020070750.2	1954	1855	1.0042	0.633385
XM_020070768.2	3665	3566	8	2.62482
XM_020070769.2	2555	2456	0	0
XM_020070771.2	2551	2452	0	0
XM_020070774.2	2522	2423	5.88238e-06	2.84047e-06
XM_020070781.2	2937	2838	7.00939	2.88974
XM_020070785.2	2107	2008	3.93736	2.2942
XM_020070799.2	3278	3179	0	0
XM_020070800.2	3072	2973	0	0
XM_020070810.2	2757	2658	0	0
XM_020070819.2	1488	1389	0	0
XM_020070820.2	2738	2639	0	0
XM_020070825.2	2124	2025	7	4.04449
XM_020070826.2	3895	3796	14	4.31512
XM_020070827.2	3865	3766	0	0
XM_020070829.2	969	870	0	0
XM_020070830.2	6542	6443	0	0
XM_020070832.2	3994	3895	20	6.00777
XM_020070834.2	2557	2458	9.52579	4.5343
XM_020070838.2	2509	2410	11.4742	5.57053
XM_020070840.2	721	622	0	0
XM_020070853.2	1827	1728	0	0
XM_020070854.2	2076	1977	0	0
XM_020070861.2	2200	2101	0	0
XM_020070862.2	3799	3700	0.00148572	0.000469813
XM_020070867.2	6172	6073	19.4331	3.74395
XM_020070869.2	1564	1465	0	0
XM_020070871.2	1894	1795	35	22.8136
XM_020070872.2	636	537	0	0
XM_020070873.2	1415	1316	0	0
XM_020070878.2	2340	2241	0	0
XM_020070881.2	1350	1251	18	16.8347
XM_020070882.2	1488	1389	35	29.482
XM_020070883.2	2490	2391	1.77236	0.867288
XM_020070884.2	2272	2173	3	1.6153
XM_020070906.2	2991	2892	18	7.28224
XM_020070907.2	3501	3402	0	0
XM_020070914.2	1943	1844	0	0
XM_020070919.2	2430	2331	0	0
XM_020070920.2	2615	2516	0	0
XM_020070926.2	4355	4256	1	0.274909
XM_020070927.2	3631	3532	0	0
XM_020070938.2	3253	3154	12.8724	4.77516
XM_020070940.2	1181	1082	0	0
XM_020070942.2	3835	3736	0	0
XM_020070949.2	3111	3012	36.0943	14.0209
XM_020070950.2	720	621	0	0
XM_020070951.2	3783	3684	0	0
XM_020070957.2	4914	4815	0	0
XM_020070958.2	4352	4253	0	0
XM_020070965.2	4055	3956	1.47503e-07	4.36249e-08
XM_020070968.2	4712	4613	0	0
XM_020070976.2	1191	1092	0	0
XM_020070984.2	1716	1617	0	0
XM_020070994.2	2370	2271	1	0.515197
XM_020071000.2	4246	4147	0.000260196	7.34104e-05
XM_020071004.2	2240	2141	27	14.755
XM_020071009.2	1858	1759	0.424989	0.282685
XM_020071011.2	1001	902	0	0
XM_020071015.2	2787	2688	2.5	1.08818
XM_020071018.2	2306	2207	1.06415	0.564147
XM_020071020.2	3340	3241	0	0
XM_020071021.2	3333	3234	36	13.0243
XM_020071022.2	3325	3226	0	0
XM_020071024.2	2933	2834	0	0
XM_020071035.2	3028	2929	0.000511349	0.000204263
XM_020071036.2	2234	2135	0	0
XM_020071042.2	897	798	0	0
XM_020071043.2	1230	1131	0	0
XM_020071045.2	2772	2673	10	4.37715
XM_020071047.2	1703	1604	0	0
XM_020071048.2	3382	3283	2	0.712771
XM_020071049.2	1053	954	0.684466	0.839449
XM_020071052.2	1685	1586	0	0
XM_020071053.2	1713	1614	0	0
XM_020071054.2	1552	1453	8	6.44192
XM_020071057.2	2204	2105	3	1.66748
XM_020071066.2	3247	3148	0	0
XM_020071067.2	2913	2814	0	0
XM_020071068.2	498	399	11.9094	34.9226
XM_020071070.2	4082	3983	0	0
XM_020071073.2	2272	2173	0	0
XM_020071075.2	1551	1452	5	4.02897
XM_020071081.2	1551	1452	0	0
XM_020071083.2	1419	1320	9	7.97736
XM_020071089.2	2629	2530	6	2.77474
XM_020071091.2	5837	5738	2.13044	0.43441
XM_020071095.2	1767	1668	0	0
XM_020071099.2	3982	3883	0	0
XM_020071104.2	1498	1399	1	0.836321
XM_020071105.2	2138	2039	3.02425	1.73537
XM_020071106.2	1919	1820	4	2.57146
XM_020071120.2	1263	1164	0	0
XM_020071121.2	3651	3552	33	10.8701
XM_020071123.2	1045	946	8	9.89441
XM_020071126.2	2206	2107	6	3.33179
XM_020071127.2	2505	2406	0	0
XM_020071133.2	5568	5469	40.9849	8.76814
XM_020071139.2	6265	6166	0.029275	0.00555501
XM_020071141.2	1356	1257	0	0
XM_020071150.2	3865	3766	31	9.63102
XM_020071151.2	4222	4123	7	1.98644
XM_020071153.2	2054	1955	0	0
XM_020071162.2	1268	1169	0	0
XM_020071163.2	1212	1113	1	1.05122
XM_020071164.2	1283	1184	0	0
XM_020071168.2	5245	5146	0	0
XM_020071180.2	2723	2624	5	2.22945
XM_020071182.2	562	463	0	0
XM_020071183.2	4864	4765	3	0.73663
XM_020071199.2	564	465	0	0
XM_020071200.2	3552	3453	0	0
XM_020071202.2	1890	1791	1	0.653274
XM_020071203.2	2893	2794	42.5954	17.8372
XM_020071206.2	5305	5206	0	0
XM_020071208.2	5674	5575	29	6.08617
XM_020071210.2	3557	3458	0	0
XM_020071215.2	2140	2041	0	0
XM_020071217.2	2047	1948	0	0
XM_020071221.2	2220	2121	2	1.10327
XM_020071222.2	1429	1330	0	0
XM_020071224.2	4859	4760	0	0
XM_020071238.2	4449	4350	0	0
XM_020071239.2	4422	4323	0	0
XM_020071240.2	4395	4296	0	0
XM_020071241.2	4392	4293	0	0
XM_020071242.2	4320	4221	0	0
XM_020071243.2	4284	4185	0	0
XM_020071244.2	4272	4173	0	0
XM_020071245.2	4266	4167	0	0
XM_020071246.2	4239	4140	0	0
XM_020071247.2	4155	4056	0	0
XM_020071248.2	4074	3975	0	0
XM_020071249.2	4026	3927	0	0
XM_020071250.2	4017	3918	0	0
XM_020071251.2	3969	3870	0	0
XM_020071252.2	3954	3855	4.06979e-07	1.2352e-07
XM_020071253.2	3934	3835	0.000181717	5.54397e-05
XM_020071254.2	3880	3781	0	0
XM_020071256.2	1809	1710	0	0
XM_020071259.2	628	529	0	0
XM_020071261.2	2571	2472	0	0
XM_020071272.2	1260	1161	2	2.01553
XM_020071283.2	1778	1679	0	0
XM_020071284.2	3583	3484	10	3.35825
XM_020071297.2	3560	3461	0	0
XM_020071298.2	3805	3706	0	0
XM_020071305.2	1319	1220	3	2.87708
XM_020071309.2	1690	1591	0	0
XM_020071310.2	2470	2371	17	8.38896
XM_020071315.2	858	759	0	0
XM_020071316.2	1432	1333	0	0
XM_020071317.2	2011	1912	0	0
XM_020071318.2	2116	2017	0	0
XM_020071319.2	1843	1744	0	0
XM_020071321.2	610	511	0	0
XM_020071324.2	5947	5848	0	0
XM_020071331.2	5594	5495	16	3.40677
XM_020071337.2	1121	1022	4	4.57931
XM_020071352.2	1133	1034	0	0
XM_020071353.2	1353	1254	0	0
XM_020071354.2	989	890	7.46364	9.81187
XM_020071359.2	1270	1171	0	0
XM_020071360.2	1870	1771	1	0.660651
XM_020071383.2	3232	3133	29.367	10.967
XM_020071385.2	1179	1080	0	0
XM_020071390.2	3472	3373	14	4.85627
XM_020071391.2	3472	3373	14	4.85627
XM_020071400.2	2338	2239	11.9359	6.23725
XM_020071405.2	8132	8033	14	2.03911
XM_020071409.2	6598	6499	0	0
XM_020071412.2	1608	1509	0	0
XM_020071414.2	1069	970	12	14.4744
XM_020071416.2	4959	4860	0	0
XM_020071417.2	4604	4505	0	0
XM_020071418.2	4593	4494	0	0
XM_020071419.2	7149	7050	0.20549	0.034103
XM_020071423.2	6913	6814	4.40951	0.757144
XM_020071424.2	2258	2159	4	2.1677
XM_020071425.2	6817	6718	0	0
XM_020071426.2	6709	6610	0	0
XM_020071427.2	6818	6719	0	0
XM_020071428.2	6633	6534	0	0
XM_020071429.2	6736	6637	140.666	24.7975
XM_020071430.2	6711	6612	0	0
XM_020071431.2	6711	6612	0	0
XM_020071432.2	6616	6517	0	0
XM_020071433.2	589	490	0	0
XM_020071437.2	480	381	0	0
XM_020071440.2	1078	979	1	1.19511
XM_020071444.2	1610	1511	0	0
XM_020071447.2	1921	1822	0	0
XM_020071464.2	3703	3604	0	0
XM_020071466.2	1653	1554	0	0
XM_020071470.2	1707	1608	1	0.72762
XM_020071484.2	3683	3584	0	0
XM_020071485.2	2975	2876	0	0
XM_020071488.2	3767	3668	0	0
XM_020071489.2	3644	3545	0	0
XM_020071490.2	3575	3476	3.22303	1.08486
XM_020071493.2	1034	935	1	1.25135
XM_020071495.2	2129	2030	0	0
XM_020071497.2	6771	6672	12	2.10434
XM_020071499.2	3983	3884	0	0
XM_020071500.2	605	506	6	13.8737
XM_020071506.2	3791	3692	22	6.97191
XM_020071523.2	2329	2230	44	23.0855
XM_020071524.2	6359	6260	0	0
XM_020071525.2	6256	6157	0	0
XM_020071526.2	6238	6139	0	0
XM_020071527.2	6217	6118	0	0
XM_020071528.2	6198	6099	0	0
XM_020071529.2	793	694	7	11.8013
XM_020071534.2	3428	3329	36	12.6526
XM_020071538.2	2811	2712	0	0
XM_020071539.2	2674	2575	0	0
XM_020071540.2	2822	2723	0	0
XM_020071542.2	2511	2412	4	1.94032
XM_020071543.2	2648	2549	0	0
XM_020071545.2	2378	2279	0	0
XM_020071548.2	2820	2721	1.18727	0.510518
XM_020071550.2	2094	1995	0	0
XM_020071554.2	4160	4061	10.9911	3.16665
XM_020071557.2	1991	1892	37	22.8808
XM_020071558.2	3352	3253	0.00880332	0.00316631
XM_020071559.2	3337	3238	1.9912	0.719496
XM_020071563.2	3318	3219	0	0
XM_020071564.2	3255	3156	6.74502e-06	2.50056e-06
XM_020071566.2	2045	1946	0	0
XM_020071569.2	3735	3636	0	0
XM_020071574.2	1759	1660	0	0
XM_020071576.2	4280	4181	25.8825	7.24298
XM_020071577.2	1977	1878	1	0.62301
XM_020071578.2	2110	2011	0	0
XM_020071579.2	2085	1986	9	5.30218
XM_020071584.2	2551	2452	0	0
XM_020071586.2	3980	3881	8	2.41178
XM_020071588.2	1534	1435	0	0
XM_020071594.2	1661	1562	0.000534446	0.000400326
XM_020071595.2	1651	1552	0.999466	0.753472
XM_020071597.2	2052	1953	8	4.79268
XM_020071598.2	3074	2975	9.95958	3.91692
XM_020071600.2	651	552	0	0
XM_020071601.2	1624	1525	0.999898	0.767144
XM_020071605.2	2208	2109	0	0
XM_020071606.2	3122	3023	0	0
XM_020071614.2	3432	3333	11	3.86143
XM_020071616.2	3129	3030	0	0
XM_020071617.2	1013	914	0	0
XM_020071628.2	1232	1133	5	5.16334
XM_020071629.2	1711	1612	1	0.725815
XM_020071630.2	4342	4243	1.21487	0.335002
XM_020071631.2	4339	4240	2.78513	0.768547
XM_020071632.2	1950	1851	0	0
XM_020071633.2	3010	2911	0	0
XM_020071634.2	2971	2872	1.73574e-06	7.07115e-07
XM_020071635.2	2751	2652	0.0214702	0.00947228
XM_020071636.2	2539	2440	0	0
XM_020071637.2	2386	2287	27.8767	14.2615
XM_020071638.2	1478	1379	0	0
XM_020071639.2	1475	1376	0	0
XM_020071640.2	1949	1850	0	0
XM_020071641.2	1522	1423	0	0
XM_020071642.2	3919	3820	11	3.36915
XM_020071644.2	1661	1562	0	0
XM_020071645.2	1634	1535	0	0
XM_020071646.2	4011	3912	22	6.57983
XM_020071655.2	2688	2589	4	1.80767
XM_020071667.2	2263	2164	1	0.540672
XM_020071668.2	3449	3350	2	0.698515
XM_020071675.2	1284	1185	0	0
XM_020071679.2	2441	2342	0	0
XM_020071681.2	3856	3757	0.00330171	0.00102823
XM_020071682.2	3838	3739	0.923209	0.288892
XM_020071683.2	3782	3683	0	0
XM_020071684.2	3832	3733	6.07349	1.90358
XM_020071688.2	1508	1409	14	11.6254
XM_020071690.2	1046	947	2.66208	3.28899
XM_020071693.2	941	842	0	0
XM_020071694.2	1856	1757	0.000214366	0.00014275
XM_020071695.2	1841	1742	4.99979	3.3581
XM_020071696.2	4593	4494	0	0
XM_020071702.2	2176	2077	4.08533e-07	2.30134e-07
XM_020071703.2	2991	2892	0	0
XM_020071707.2	3331	3232	0.978159	0.354103
XM_020071711.2	2423	2324	17.9037	9.01359
XM_020071716.2	804	705	2	3.31919
XM_020071717.2	673	574	0	0
XM_020071732.2	2899	2800	66.257	27.6863
XM_020071747.2	3718	3619	0	0
XM_020071751.2	4415	4316	0	0
XM_020071752.2	3707	3608	1	0.324283
XM_020071757.2	1941	1842	0	0
XM_020071758.2	1395	1296	0	0
XM_020071762.2	8190	8091	4	0.578427
XM_020071766.2	1324	1225	1.67351e-05	1.59839e-05
XM_020071770.2	853	754	0	0
XM_020071775.2	2097	1998	0	0
XM_020071776.2	2043	1944	12.9426	7.78961
XM_020071778.2	2129	2030	0	0
XM_020071783.2	1205	1106	0	0
XM_020071785.2	1300	1201	0	0
XM_020071794.2	1801	1702	4	2.74974
XM_020071797.2	2980	2881	3.99265e-07	1.62147e-07
XM_020071798.2	3619	3520	0	0
XM_020071804.2	1975	1876	26.7492	16.6828
XM_020071805.2	2996	2897	20	8.07741
XM_020071809.2	2352	2253	0	0
XM_020071810.2	2059	1960	0	0
XM_020071816.2	2914	2815	0	0
XM_020071817.2	2914	2815	0	0
XM_020071818.2	2890	2791	0	0
XM_020071819.2	2890	2791	0	0
XM_020071820.2	2875	2776	0	0
XM_020071821.2	3739	3640	0	0
XM_020071822.2	2856	2757	0	0
XM_020071823.2	2851	2752	0	0
XM_020071826.2	1857	1758	6.20334	4.12855
XM_020071833.2	3423	3324	0	0
XM_020071834.2	1409	1310	0	0
XM_020071836.2	2658	2559	4	1.82886
XM_020071850.2	1839	1740	0	0
XM_020071851.2	2081	1982	0	0
XM_020071852.2	1788	1689	0	0
XM_020071862.2	1149	1050	0	0
XM_020071864.2	2336	2237	0	0
XM_020071865.2	6211	6112	0	0
XM_020071866.2	6194	6095	0	0
XM_020071867.2	6166	6067	33.5	6.46043
XM_020071868.2	4592	4493	9.93484	2.58711
XM_020071870.2	3592	3493	1.50519e-08	5.04177e-09
XM_020071875.2	1857	1758	0	0
XM_020071876.2	3251	3152	157	58.278
XM_020071884.2	2892	2793	0	0
XM_020071900.2	3608	3509	12	4.00119
XM_020071905.2	1534	1435	0	0
XM_020071916.2	5865	5766	0	0
XM_020071918.2	5856	5757	0	0
XM_020071920.2	5663	5564	2.21216	0.465179
XM_020071921.2	5654	5555	14.7742	3.11179
XM_020071922.2	1863	1764	5	3.31636
XM_020071924.2	3969	3870	0	0
XM_020071929.2	1064	965	0	0
XM_020071930.2	834	735	7	11.143
XM_020071932.2	983	884	1	1.32354
XM_020071933.2	1260	1161	0	0
XM_020071934.2	1203	1104	0	0
XM_020071949.2	3622	3523	0	0
XM_020071950.2	1793	1694	0	0
XM_020071951.2	3842	3743	0	0
XM_020071953.2	3619	3520	0	0
XM_020071954.2	3580	3481	0	0
XM_020071955.2	3577	3478	0	0
XM_020071956.2	3559	3460	0	0
XM_020071957.2	3436	3337	24.4759	8.58171
XM_020071958.2	5399	5300	0	0
XM_020071959.2	5442	5343	1.52408	0.333744
XM_020071960.2	5397	5298	0	0
XM_020071961.2	3183	3084	37.0733	14.0649
XM_020071998.2	12857	12758	52.5424	4.81857
XM_020072000.2	12702	12603	0.000143617	1.33329e-05
XM_020072004.2	1185	1086	0	0
XM_020072007.2	1483	1384	10.9316	9.24143
XM_020072014.2	3749	3650	20.2496	6.49105
XM_020072015.2	3762	3663	0.312782	0.0999068
XM_020072016.2	3774	3675	0.00674657	0.00214791
XM_020072020.2	2931	2832	0	0
XM_020072024.2	3385	3286	0.000192621	6.85845e-05
XM_020072025.2	3351	3252	38.2974	13.7788
XM_020072028.2	3044	2945	3.25183	1.29192
XM_020072032.2	4902	4803	67.9996	16.5647
XM_020072034.2	4952	4853	0.000360329	8.6872e-05
XM_020072036.2	2987	2888	0	0
XM_020072037.2	2975	2876	0	0
XM_020072038.2	2951	2852	0	0
XM_020072040.2	3382	3283	0	0
XM_020072049.2	3360	3261	184	66.0173
XM_020072073.2	1986	1887	4	2.48016
XM_020072075.2	2087	1988	10.3979	6.11953
XM_020072078.2	4817	4718	75	18.5992
XM_020072083.2	3293	3194	1.80076	0.659646
XM_020072085.2	4106	4007	0	0
XM_020072086.2	4090	3991	0	0
XM_020072087.2	3957	3858	0	0
XM_020072094.2	1208	1109	12	12.6602
XM_020072096.2	4198	4099	24	6.85053
XM_020072098.2	2493	2394	0	0
XM_020072099.2	1266	1167	16	16.0413
XM_020072102.2	2360	2261	0	0
XM_020072103.2	1312	1213	4	3.85825
XM_020072105.2	2421	2322	0	0
XM_020072106.2	2248	2149	0	0
XM_020072113.2	6925	6826	0.996969	0.170886
XM_020072114.2	1147	1048	0	0
XM_020072120.2	2465	2366	0	0
XM_020072121.2	2391	2292	0	0
XM_020072123.2	2354	2255	0	0
XM_020072124.2	3927	3828	0	0
XM_020072125.2	4417	4318	6.70158e-05	1.81587e-05
XM_020072126.2	4369	4270	33.1753	9.09028
XM_020072128.2	2621	2522	1.80856	0.839034
XM_020072130.2	1601	1502	0	0
XM_020072132.2	1279	1180	1	0.991537
XM_020072137.2	4541	4442	26	6.84835
XM_020072148.2	1898	1799	0	0
XM_020072150.2	5515	5416	0	0
XM_020072153.2	4699	4600	0.000743941	0.000189222
XM_020072154.2	4662	4563	9.67554	2.48094
XM_020072160.2	2671	2572	8	3.63923
XM_020072162.2	2815	2716	0	0
XM_020072163.2	2765	2666	0	0
XM_020072164.2	2733	2634	3.95458e-08	1.75661e-08
XM_020072172.2	2389	2290	0	0
XM_020072174.2	3937	3838	0	0
XM_020072175.2	3813	3714	0	0
XM_020072176.2	3827	3728	0	0
XM_020072177.2	3199	3100	32	12.0776
XM_020072184.2	2872	2773	1	0.421931
XM_020072186.2	3477	3378	0.585937	0.202947
XM_020072188.2	1736	1637	2	1.42946
XM_020072199.2	1202	1103	0	0
XM_020072208.2	3152	3053	0	0
XM_020072227.2	12952	12853	1.77267	0.161366
XM_020072228.2	12946	12847	3.06543	0.279178
XM_020072229.2	12946	12847	3.06543	0.279178
XM_020072230.2	12946	12847	3.06543	0.279178
XM_020072231.2	12937	12838	6.97425	0.635611
XM_020072232.2	12931	12832	12.0681	1.10037
XM_020072234.2	1246	1147	0	0
XM_020072236.2	1103	1004	0	0
XM_020072241.2	2289	2190	15	8.01379
XM_020072243.2	1765	1666	0	0
XM_020072245.2	2645	2546	5	2.29775
XM_020072247.2	2613	2514	0	0
XM_020072251.2	1825	1726	0	0
XM_020072253.2	1902	1803	3	1.94678
XM_020072255.2	1661	1562	0	0
XM_020072256.2	1462	1363	0.99992	0.858341
XM_020072269.2	1121	1022	0	0
XM_020072270.2	1694	1595	23	16.8717
XM_020072271.2	4159	4060	2	0.576361
XM_020072272.2	481	382	0	0
XM_020072279.2	2325	2226	0	0
XM_020072280.2	2112	2013	1	0.581229
XM_020072284.2	6725	6626	190.116	33.5705
XM_020072289.2	4674	4575	0	0
XM_020072290.2	4671	4572	0	0
XM_020072291.2	4659	4560	0	0
XM_020072292.2	4649	4550	0	0
XM_020072293.2	4647	4548	0	0
XM_020072294.2	4644	4545	0	0
XM_020072295.2	4635	4536	0	0
XM_020072296.2	4620	4521	82.4262	21.3315
XM_020072297.2	4592	4493	54.9952	14.3212
XM_020072298.2	4076	3977	0	0
XM_020072299.2	1301	1202	1	0.973389
XM_020072301.2	1001	902	21	27.2398
XM_020072302.2	1177	1078	3	3.25607
XM_020072306.2	3700	3601	0.0002253	7.3203e-05
XM_020072308.2	3222	3123	0.0010961	0.000410646
XM_020072312.2	2104	2005	0	0
XM_020072315.2	1086	987	0	0
XM_020072316.2	1839	1740	0	0
XM_020072318.2	1909	1810	1	0.646416
XM_020072329.2	3672	3573	0	0
XM_020072331.2	3087	2988	0	0
XM_020072356.2	1627	1528	5	3.82858
XM_020072357.2	2517	2418	20	9.67753
XM_020072358.2	2294	2195	9.90196e-07	5.2781e-07
XM_020072359.2	2262	2163	30	16.2276
XM_020072368.2	5719	5620	51.2777	10.6754
XM_020072377.2	4258	4159	0	0
XM_020072378.2	4177	4078	0.694983	0.199397
XM_020072379.2	4171	4072	3.90887	1.12314
XM_020072380.2	4190	4091	96.2579	27.5295
XM_020072381.2	3932	3833	46.7421	14.2679
XM_020072382.2	6612	6513	0	0
XM_020072383.2	6611	6512	0	0
XM_020072384.2	6580	6481	9.02227	1.62879
XM_020072385.2	6533	6434	0	0
XM_020072386.2	4425	4326	0.977726	0.264437
XM_020072387.2	5957	5858	0	0
XM_020072388.2	3860	3761	0	0
XM_020072391.2	1546	1447	1	0.808579
XM_020072403.2	2159	2060	0	0
XM_020072410.2	1784	1685	0	0
XM_020072411.2	5131	5032	4.41131	1.02569
XM_020072414.2	8909	8810	0	0
XM_020072415.2	8853	8754	0	0
XM_020072417.2	889	790	0	0
XM_020072418.2	1265	1166	0	0
XM_020072424.2	2391	2292	0	0
XM_020072425.2	4064	3965	1.00676	0.297081
XM_020072427.2	3552	3453	3	1.01652
XM_020072428.2	4458	4359	0	0
XM_020072429.2	4363	4264	0	0
XM_020072431.2	1676	1577	0	0
XM_020072432.2	2411	2312	0	0
XM_020072435.2	1110	1011	0	0
XM_020072436.2	1702	1603	0	0
XM_020072437.2	3847	3748	15.0469	4.69718
XM_020072440.2	1527	1428	0	0
XM_020072443.2	1777	1678	0	0
XM_020072449.2	3936	3837	3.13064	0.954623
XM_020072450.2	7789	7690	6	0.912884
XM_020072453.2	3935	3836	0.223731	0.06824
XM_020072457.2	3416	3317	0	0
XM_020072462.2	893	794	0	0
XM_020072467.2	594	495	0	0
XM_020072470.2	4973	4874	30.3317	7.28118
XM_020072474.2	6272	6173	0	0
XM_020072480.2	2230	2131	0	0
XM_020072481.2	2390	2291	1.0665	0.54466
XM_020072489.2	3973	3874	0.0203483	0.00614553
XM_020072491.2	731	632	0	0
XM_020072492.2	2259	2160	0	0
XM_020072495.2	1441	1342	0	0
XM_020072498.2	705	606	0	0
XM_020072499.2	1558	1459	2	1.60386
XM_020072500.2	1680	1581	0	0
XM_020072506.2	4859	4760	4.37476e-06	1.07532e-06
XM_020072507.2	4802	4703	5.99874	1.49237
XM_020072508.2	2791	2692	0	0
XM_020072509.2	2719	2620	32.4187	14.4772
XM_020072513.2	1906	1807	1	0.647489
XM_020072514.2	1639	1540	0	0
XM_020072522.2	4683	4584	6	1.53143
XM_020072528.2	4753	4654	36	9.05038
XM_020072534.2	3132	3033	12	4.62913
XM_020072537.2	2129	2030	18	10.3745
XM_020072541.2	4508	4409	5.56698	1.4773
XM_020072555.2	1296	1197	3	2.93236
XM_020072556.2	935	836	0	0
XM_020072557.2	828	729	0	0
XM_020072560.2	1005	906	0	0
XM_020072562.2	4911	4812	31	7.53749
XM_020072563.2	1005	906	0	0
XM_020072564.2	2331	2232	0	0
XM_020072568.2	3806	3707	0	0
XM_020072576.2	746	647	18.3029	33.0983
XM_020072578.2	4092	3993	0	0
XM_020072579.2	4250	4151	0	0
XM_020072584.2	5029	4930	0	0
XM_020072585.2	2331	2232	15	7.86299
XM_020072589.2	2268	2169	0	0
XM_020072591.2	3250	3151	6	2.22789
XM_020072593.2	3461	3362	0	0
XM_020072594.2	2914	2815	0	0
XM_020072595.2	2115	2016	172	99.8226
XM_020072600.2	4101	4002	10	2.92357
XM_020072603.2	2837	2738	8	3.41859
XM_020072612.2	2310	2211	2.87315	1.52041
XM_020072627.2	2621	2522	2	0.927846
XM_020072628.2	1979	1880	0	0
XM_020072630.2	905	806	0	0
XM_020072635.2	1250	1151	0	0
XM_020072637.2	1163	1064	0	0
XM_020072643.2	2509	2410	3.27183	1.58842
XM_020072655.2	2406	2307	20	10.1432
XM_020072660.2	5212	5113	0	0
XM_020072666.2	2294	2195	0	0
XM_020072668.2	1622	1523	0	0
XM_020072673.2	1430	1331	0	0
XM_020072678.2	3594	3495	0	0
XM_020072695.2	2785	2686	0	0
XM_020072708.2	2393	2294	1	0.510032
XM_020072709.2	2079	1980	16.5883	9.80232
XM_020072716.2	3514	3415	0.00707996	0.00242566
XM_020072717.2	3514	3415	0	0
XM_020072718.2	1639	1540	1	0.759749
XM_020072720.2	1838	1739	3.17232	2.13436
XM_020072721.2	1327	1228	0	0
XM_020072723.2	7046	6947	0	0
XM_020072730.2	927	828	5	7.0653
XM_020072733.2	2128	2029	0	0
XM_020072736.2	7495	7396	0	0
XM_020072737.2	7518	7419	0	0
XM_020072739.2	7050	6951	0	0
XM_020072747.2	3030	2931	0	0
XM_020072750.2	1733	1634	0	0
XM_020072755.2	1651	1552	0	0
XM_020072757.2	681	582	0	0
XM_020072758.2	4919	4820	0	0
XM_020072766.2	1552	1453	0	0
XM_020072767.2	1198	1099	14	14.9046
XM_020072771.2	6557	6458	6.0484	1.0958
XM_020072772.2	1670	1571	0	0
XM_020072781.2	876	777	2	3.01162
XM_020072782.2	4356	4257	0.000651131	0.00017896
XM_020072794.2	5341	5242	2.26474e-06	5.0549e-07
XM_020072812.2	4281	4182	1	0.279774
XM_020072825.2	4144	4045	3	0.867748
XM_020072826.2	7090	6991	0.253701	0.0424595
XM_020072835.2	2344	2245	6.9384e-08	3.61604e-08
XM_020072836.2	2335	2236	0	0
XM_020072838.2	1074	975	23	27.6003
XM_020072839.2	3546	3447	0	0
XM_020072840.2	4374	4275	0	0
XM_020072841.2	4181	4082	0	0
XM_020072842.2	4368	4269	0	0
XM_020072843.2	4359	4260	0	0
XM_020072844.2	4356	4257	0	0
XM_020072845.2	4353	4254	0	0
XM_020072846.2	4305	4206	0	0
XM_020072847.2	4263	4164	0	0
XM_020072848.2	4242	4143	0	0
XM_020072849.2	4236	4137	0	0
XM_020072850.2	4233	4134	0	0
XM_020072851.2	4203	4104	0	0
XM_020072852.2	4185	4086	0	0
XM_020072853.2	4173	4074	0	0
XM_020072854.2	4122	4023	0	0
XM_020072855.2	4110	4011	0	0
XM_020072856.2	4101	4002	0	0
XM_020072857.2	4101	4002	0	0
XM_020072858.2	4044	3945	0	0
XM_020072859.2	3984	3885	0	0
XM_020072860.2	3918	3819	0	0
XM_020072861.2	3900	3801	0	0
XM_020072862.2	3894	3795	0	0
XM_020072864.2	3187	3088	0	0
XM_020072865.2	3849	3750	0	0
XM_020072866.2	3810	3711	7.40437	2.33447
XM_020072867.2	3762	3663	0	0
XM_020072868.2	3744	3645	0	0
XM_020072869.2	3699	3600	0	0
XM_020072870.2	3627	3528	0	0
XM_020072873.2	2871	2772	0.194132	0.0819396
XM_020072875.2	2108	2009	11.8579	6.90586
XM_020072877.2	1993	1894	0	0
XM_020072878.2	1353	1254	10	9.33025
XM_020072881.2	3058	2959	0	0
XM_020072882.2	3086	2987	0	0
XM_020072883.2	2160	2061	0	0
XM_020072884.2	986	887	0	0
XM_020072887.2	716	617	0	0
XM_020072890.2	1290	1191	3	2.94714
XM_020072893.2	1644	1545	0.0936662	0.0709325
XM_020072894.2	1641	1542	0.915638	0.694753
XM_020072901.2	1948	1849	39	24.6785
XM_020072912.2	7931	7832	0	0
XM_020072927.2	1227	1128	0	0
XM_020072933.2	1879	1780	5	3.28655
XM_020072942.2	1176	1077	0	0
XM_020072943.2	1062	963	2.99982	3.64468
XM_020072945.2	2569	2470	0	0
XM_020072947.2	6109	6010	53.3033	10.377
XM_020072950.2	2977	2878	40	16.2615
XM_020072959.2	3254	3155	0	0
XM_020072961.2	2461	2362	0	0
XM_020072962.2	1821	1722	0	0
XM_020072964.2	2096	1997	19.2434	11.2744
XM_020072968.2	1047	948	13	16.0445
XM_020072971.2	2041	1942	0	0
XM_020072972.2	2024	1925	4.42459e-05	2.68926e-05
XM_020072973.2	2005	1906	2.43576	1.49521
XM_020072976.2	1847	1748	0	0
XM_020072978.2	679	580	0	0
XM_020072983.2	4063	3964	9.5831	2.82855
XM_020072984.2	4060	3961	23.2912	6.87984
XM_020072985.2	3953	3854	0.0787108	0.0238954
XM_020072991.2	1014	915	0	0
XM_020072995.2	1358	1259	4	3.71728
XM_020072997.2	2528	2429	0	0
XM_020072999.2	2117	2018	73.5475	42.642
XM_020073009.2	4326	4227	0	0
XM_020073010.2	4350	4251	0	0
XM_020073014.2	1523	1424	2	1.64328
XM_020073017.2	1141	1042	6	6.73712
XM_020073020.2	1379	1280	0	0
XM_020073026.2	2426	2327	1.80402	0.907059
XM_020073028.2	1399	1300	0	0
XM_020073030.2	1434	1335	0	0
XM_020073031.2	1218	1119	0	0
XM_020073032.2	481	382	0	0
XM_020073033.2	1186	1087	0	0
XM_020073035.2	1146	1047	0	0
XM_020073037.2	1368	1269	0	0
XM_020073040.2	1267	1168	88.5404	88.693
XM_020073041.2	2914	2815	0	0
XM_020073042.2	2269	2170	0	0
XM_020073058.2	11920	11821	98	9.6998
XM_020073064.2	4990	4891	0	0
XM_020073072.2	2332	2233	0	0
XM_020073075.2	2744	2645	0	0
XM_020073078.2	546	447	17	44.4972
XM_020073079.2	1625	1526	66	50.6035
XM_020073083.2	831	732	1	1.59838
XM_020073087.2	2852	2753	29.0799	12.3588
XM_020073089.2	9233	9134	0	0
XM_020073090.2	9185	9086	0	0
XM_020073091.2	9116	9017	1.56308e-05	2.02819e-06
XM_020073092.2	9077	8978	0.00252415	0.000328948
XM_020073093.2	9068	8969	0.00818555	0.00106781
XM_020073094.2	3133	3034	6.78966	2.61832
XM_020073096.2	3241	3142	5.99994	2.23425
XM_020073100.2	2140	2041	58.7215	33.6624
XM_020073101.2	1917	1818	0	0
XM_020073110.2	717	618	0	0
XM_020073114.2	1318	1219	4	3.83926
XM_020073117.2	7349	7250	3.1175	0.503106
XM_020073118.2	708	609	0	0
XM_020073126.2	788	689	0	0
XM_020073141.2	1949	1850	0	0
XM_020073142.2	1736	1637	1	0.71473
XM_020073146.2	1986	1887	0	0
XM_020073147.2	7155	7056	0	0
XM_020073148.2	1188	1089	4	4.29757
XM_020073152.2	2522	2423	14.9892	7.23797
XM_020073154.2	1247	1148	2	2.03835
XM_020073161.2	1746	1647	0	0
XM_020073176.2	519	420	0	0
XM_020073189.2	2361	2262	5.02413	2.59872
XM_020073190.2	1522	1423	2	1.64443
XM_020073193.2	2411	2312	0	0
XM_020073194.2	2337	2238	0	0
XM_020073195.2	823	724	0	0
XM_020073199.2	1511	1412	4	3.31449
XM_020073200.2	2315	2216	0	0
XM_020073209.2	4209	4110	17.7746	5.05999
XM_020073216.2	384	285	0	0
XM_020073217.2	6352	6253	12.2443	2.29105
XM_020073220.2	2018	1919	0	0
XM_020073221.2	1898	1799	0	0
XM_020073230.2	4043	3944	0.790763	0.234585
XM_020073231.2	6240	6141	0.0586244	0.0111694
XM_020073232.2	6263	6164	0.000730592	0.000138677
XM_020073238.2	1588	1489	0	0
XM_020073239.2	1825	1726	0	0
XM_020073242.2	2179	2080	7	3.93755
XM_020073243.2	2953	2854	0	0
XM_020073244.2	594	495	0	0
XM_020073245.2	2909	2810	0	0
XM_020073246.2	1834	1735	37.9603	25.5989
XM_020073259.2	2028	1929	1	0.606539
XM_020073272.2	11008	10909	0	0
XM_020073275.2	1062	963	85	103.272
XM_020073277.2	876	777	0	0
XM_020073280.2	2334	2235	36.3625	19.0356
XM_020073281.2	4930	4831	0	0
XM_020073283.2	4927	4828	0	0
XM_020073284.2	4921	4822	0	0
XM_020073285.2	4920	4821	0	0
XM_020073288.2	1718	1619	5.1175	3.6983
XM_020073297.2	1638	1539	0	0
XM_020073298.2	1986	1887	0	0
XM_020073302.2	982	883	0	0
XM_020073306.2	961	862	2	2.71465
XM_020073307.2	941	842	2	2.77913
XM_020073317.2	4686	4587	0	0
XM_020073318.2	4746	4647	0	0
XM_020073319.2	4542	4443	0	0
XM_020073321.2	1712	1613	8	5.80292
XM_020073323.2	1905	1806	0	0
XM_020073324.2	1813	1714	0	0
XM_020073325.2	2332	2233	13	6.81154
XM_020073328.2	2215	2116	0	0
XM_020073329.2	2908	2809	1	0.416523
XM_020073331.2	3282	3183	22.0957	8.12198
XM_020073338.2	2089	1990	2.34336	1.37777
XM_020073343.2	2114	2015	0	0
XM_020073347.2	2378	2279	7	3.59372
XM_020073348.2	4729	4630	0.0923439	0.0233356
XM_020073358.2	1402	1303	0	0
XM_020073364.2	6388	6289	6	1.11625
XM_020073366.2	3909	3810	0	0
XM_020073370.2	6258	6159	0	0
XM_020073373.2	2995	2896	7.60161	3.07113
XM_020073382.2	1283	1184	0	0
XM_020073383.2	1125	1026	1.99335	2.27314
XM_020073386.2	1116	1017	1	1.15046
XM_020073388.2	631	532	8.67845	19.0863
XM_020073406.2	4335	4236	0	0
XM_020073409.2	3562	3463	36.0794	12.1898
XM_020073410.2	3193	3094	0.0313345	0.0118493
XM_020073411.2	3178	3079	9.37089	3.56092
XM_020073416.2	3704	3605	1.1259e-08	3.65414e-09
XM_020073417.2	3653	3554	0.2041	0.0671918
XM_020073421.2	3151	3052	0	0
XM_020073423.2	2115	2016	1	0.580364
XM_020073428.2	4474	4375	0	0
XM_020073430.2	4447	4348	0	0
XM_020073433.2	2157	2058	7.19172	4.08863
XM_020073440.2	1460	1361	0	0
XM_020073441.2	1432	1333	1	0.877729
XM_020073442.2	2792	2693	0	0
XM_020073443.2	2932	2833	0	0
XM_020073448.2	2732	2633	0	0
XM_020073455.2	1591	1492	2	1.56838
XM_020073456.2	2047	1948	0	0
XM_020073465.2	2076	1977	15.4498	9.14337
XM_020073476.2	2120	2021	2	1.15785
XM_020073477.2	3454	3355	0	0
XM_020073478.2	3297	3198	24	8.78059
XM_020073479.2	537	438	0	0
XM_020073480.2	1291	1192	0	0
XM_020073481.2	2867	2768	0	0
XM_020073486.2	2383	2284	0	0
XM_020073495.2	3423	3324	0	0
XM_020073497.2	1597	1498	2	1.5621
XM_020073498.2	944	845	0	0
XM_020073503.2	6372	6273	83	15.4808
XM_020073504.2	6982	6883	0	0
XM_020073507.2	2420	2321	18.8964	9.52566
XM_020073508.2	2416	2317	2.10359	1.06225
XM_020073509.2	3162	3063	7	2.67388
XM_020073512.2	4844	4745	0	0
XM_020073521.2	3437	3338	5.08193	1.78128
XM_020073533.2	2036	1937	0	0
XM_020073542.2	2197	2098	0	0
XM_020073543.2	2567	2468	0	0
XM_020073544.2	2022	1923	0	0
XM_020073547.2	1146	1047	0	0
XM_020073549.2	502	403	1.72079	4.99591
XM_020073553.2	1151	1052	31	34.4776
XM_020073554.2	3189	3090	0.930564	0.352353
XM_020073557.2	4938	4839	0	0
XM_020073559.2	3194	3095	0	0
XM_020073560.2	2431	2332	4.02981	2.02184
XM_020073569.2	2889	2790	11.2406	4.71386
XM_020073570.2	2967	2868	0	0
XM_020073576.2	2205	2106	0.00180995	0.00100554
XM_020073578.2	2638	2539	2	0.921633
XM_020073588.2	2608	2509	0	0
XM_020073589.2	2602	2503	0	0
XM_020073590.2	2147	2048	0	0
XM_020073591.2	2737	2638	3.18003	1.41042
XM_020073599.2	1332	1233	0	0
XM_020073600.2	6378	6279	0	0
XM_020073606.2	3212	3113	0	0
XM_020073607.2	4751	4652	24	6.03618
XM_020073609.2	1808	1709	1	0.684619
XM_020073612.2	2718	2619	0	0
XM_020073619.2	1612	1513	0	0
XM_020073620.2	2075	1976	0	0
XM_020073623.2	3307	3208	69	25.1655
XM_020073627.2	1904	1805	192	124.456
XM_020073629.2	1850	1751	0	0
XM_020073630.2	2336	2237	0	0
XM_020073636.2	7179	7080	0	0
XM_020073637.2	4983	4884	35.2857	8.45306
XM_020073638.2	2218	2119	8.78329	4.84973
XM_020073640.2	2123	2024	0	0
XM_020073642.2	3281	3182	2	0.735395
XM_020073648.2	2989	2890	0	0
XM_020073660.2	826	727	0	0
XM_020073663.2	2968	2869	3.28482e-05	1.33959e-05
XM_020073665.2	6301	6202	0	0
XM_020073667.2	881	782	15	22.4427
XM_020073668.2	1679	1580	2.58797e-06	1.91643e-06
XM_020073669.2	580	481	0	0
XM_020073671.2	1952	1853	0	0
XM_020073672.2	1934	1835	0	0
XM_020073675.2	4484	4385	1	0.266822
XM_020073676.2	869	770	0	0
XM_020073677.2	2877	2778	38	16.0045
XM_020073680.2	3237	3138	9	3.35568
XM_020073684.2	5304	5205	0	0
XM_020073686.2	1403	1304	2	1.7945
XM_020073687.2	1456	1357	0	0
XM_020073688.2	1825	1726	0	0
XM_020073689.2	1646	1547	0	0
XM_020073690.2	2568	2469	0	0
XM_020073691.2	2303	2204	0	0
XM_020073702.2	718	619	0	0
XM_020073703.2	3084	2985	0	0
XM_020073705.2	5273	5174	0	0
XM_020073706.2	5576	5477	6.30265	1.34639
XM_020073713.2	1830	1731	0	0
XM_020073715.2	2081	1982	2	1.18064
XM_020073722.2	2157	2058	0	0
XM_020073723.2	2157	2058	0	0
XM_020073724.2	2218	2119	0	0
XM_020073725.2	2218	2119	0	0
XM_020073726.2	3300	3201	22.1703	8.10359
XM_020073727.2	3300	3201	22.1703	8.10359
XM_020073729.2	3826	3727	0	0
XM_020073737.2	664	565	1	2.07082
XM_020073739.2	2718	2619	0	0
XM_020073755.2	2638	2539	1.05832	0.487689
XM_020073756.2	2744	2645	1	0.442349
XM_020073758.2	11088	10989	6.95243	0.740235
XM_020073761.2	1431	1332	0	0
XM_020073763.2	3260	3161	0	0
XM_020073770.2	1253	1154	0	0
XM_020073771.2	1246	1147	0	0
XM_020073772.2	2656	2557	7.95219	3.63871
XM_020073776.2	1981	1882	7	4.3518
XM_020073793.2	963	864	1	1.35418
XM_020073794.2	2858	2759	2	0.848143
XM_020073796.2	3699	3600	0	0
XM_020073797.2	3493	3394	70.7513	24.3901
XM_020073798.2	1315	1216	0	0
XM_020073800.2	788	689	0	0
XM_020073807.2	3725	3626	0	0
XM_020073809.2	3637	3538	5.44413e-06	1.80037e-06
XM_020073815.2	5258	5159	1	0.226791
XM_020073818.2	4868	4769	0	0
XM_020073823.2	2584	2485	0	0
XM_020073827.2	2764	2665	0.21062	0.0924682
XM_020073831.2	2017	1918	7	4.27012
XM_020073835.2	1247	1148	8	8.1534
XM_020073836.2	1279	1180	0	0
XM_020073845.2	2543	2444	0	0
XM_020073847.2	2908	2809	0	0
XM_020073852.2	2531	2432	0	0
XM_020073859.2	2694	2595	0	0
XM_020073860.2	2823	2724	0	0
XM_020073861.2	1971	1872	0	0
XM_020073865.2	2879	2780	0	0
XM_020073866.2	2799	2700	0	0
XM_020073867.2	3170	3071	35.0738	13.3627
XM_020073872.2	2421	2322	2.70274e-06	1.36186e-06
XM_020073873.2	1633	1534	0	0
XM_020073876.2	1477	1378	2.3588e-07	2.00277e-07
XM_020073877.2	1580	1481	6	4.74009
XM_020073878.2	4332	4233	0	0
XM_020073883.2	850	751	0	0
XM_020073884.2	472	373	0	0
XM_020073892.2	939	840	1	1.39287
XM_020073897.2	817	718	1	1.62955
XM_020073898.2	6058	5959	0	0
XM_020073899.2	6037	5938	17.3626	3.42109
XM_020073901.2	3855	3756	2.98239	0.929031
XM_020073902.2	3833	3734	3.01529	0.944813
XM_020073904.2	613	514	0	0
XM_020073907.2	3067	2968	0	0
XM_020073908.2	5637	5538	0	0
XM_020073909.2	5556	5457	0.413384	0.088632
XM_020073910.2	5535	5436	38.067	8.19333
XM_020073913.2	1483	1384	2	1.69077
XM_020073941.2	2106	2007	6	3.4978
XM_020073942.2	1300	1201	0	0
XM_020073955.2	2150	2051	0	0
XM_020073956.2	1199	1100	0	0
XM_020073958.2	1052	953	0	0
XM_020073961.2	2466	2367	124	61.2935
XM_020073995.2	1436	1337	0	0
XM_020073996.2	4384	4285	33.3003	9.09261
XM_020073998.2	2304	2205	6.63364	3.51993
XM_020073999.2	691	592	0	0
XM_020074000.2	3115	3016	4.45382	1.72779
XM_020074023.2	1192	1093	0	0
XM_020074026.2	1907	1808	41	26.5324
XM_020074031.2	3084	2985	0	0
XM_020074035.2	2819	2720	5.24976e-06	2.25819e-06
XM_020074037.2	2800	2701	0.0195491	0.00846823
XM_020074038.2	2791	2692	0.980446	0.426127
XM_020074040.2	3084	2985	0	0
XM_020074041.2	3069	2970	0	0
XM_020074048.2	7669	7570	0	0
XM_020074050.2	1702	1603	0	0
XM_020074055.2	1753	1654	0	0
XM_020074062.2	1892	1793	0	0
XM_020074063.2	1720	1621	0	0
XM_020074068.2	1956	1857	2.99976	1.89002
XM_020074097.2	622	523	0	0
XM_020074099.2	777	678	0	0
XM_020074100.2	5773	5674	19.9902	4.12211
XM_020074101.2	5740	5641	0	0
XM_020074104.2	2291	2192	1.18137	0.630572
XM_020074105.2	3403	3304	145	51.3474
XM_020074106.2	6045	5946	4.78471e-05	9.41502e-06
XM_020074107.2	6018	5919	74.4485	14.7163
XM_020074108.2	5802	5703	0.000154933	3.17856e-05
XM_020074114.2	2316	2217	39	20.5821
XM_020074119.2	1276	1177	0	0
XM_020074120.2	2487	2388	0.931264	0.456278
XM_020074127.2	4532	4433	2	0.527865
XM_020074128.2	7927	7828	0.00506946	0.000757708
XM_020074129.2	7865	7766	56.9949	8.58677
XM_020074136.2	3763	3664	0	0
XM_020074137.2	3722	3623	0	0
XM_020074138.2	3704	3605	0	0
XM_020074142.2	2681	2582	5	2.26571
XM_020074144.2	1170	1071	0	0
XM_020074151.2	3978	3879	0	0
XM_020074157.2	866	767	1	1.52544
XM_020074162.2	2940	2841	10.1458	4.17837
XM_020074163.2	3493	3394	6	2.06838
XM_020074164.2	1443	1344	2.84933	2.48047
XM_020074166.2	2546	2447	0	0
XM_020074172.2	623	524	0	0
XM_020074176.2	2553	2454	4.07485	1.9428
XM_020074182.2	2638	2539	0	0
XM_020074184.2	1189	1090	1.65142e-08	1.77265e-08
XM_020074185.2	1170	1071	15	16.3867
XM_020074186.2	4336	4237	19.6011	5.41268
XM_020074198.2	1361	1262	0	0
XM_020074210.2	883	784	0	0
XM_020074216.2	1826	1727	6	4.0649
XM_020074219.2	1579	1480	9	7.11495
XM_020074221.2	4802	4703	14	3.48292
XM_020074225.2	14539	14440	0	0
XM_020074226.2	1973	1874	13.875	8.6627
XM_020074227.2	1976	1877	2.12503	1.32462
XM_020074238.2	14518	14419	7.69316	0.624253
XM_020074241.2	2321	2222	0	0
XM_020074249.2	8176	8077	0	0
XM_020074263.2	2217	2118	0	0
XM_020074267.2	1218	1119	0	0
XM_020074269.2	3120	3021	0	0
XM_020074270.2	3128	3029	0	0
XM_020074271.2	3239	3140	0	0
XM_020074272.2	2774	2675	1.07039	0.468177
XM_020074273.2	2766	2667	35.9209	15.7585
XM_020074275.2	1962	1863	0	0
XM_020074279.2	3138	3039	0	0
XM_020074281.2	1607	1508	20	15.5174
XM_020074282.2	1670	1571	0	0
XM_020074300.2	836	737	4	6.35014
XM_020074302.2	1062	963	0	0
XM_020074304.2	2177	2078	0	0
XM_020074305.2	1732	1633	1	0.716481
XM_020074307.2	1587	1488	2.74178	2.15586
XM_020074318.2	1473	1374	3	2.55461
XM_020074319.2	1549	1450	0	0
XM_020074324.2	4405	4306	27	7.33636
XM_020074325.2	3598	3499	3.99965	1.33742
XM_020074327.2	773	674	0	0
XM_020074328.2	1536	1437	1	0.814206
XM_020074330.2	1750	1651	0	0
XM_020074337.2	6294	6195	0	0
XM_020074338.2	6305	6206	0	0
XM_020074343.2	5917	5818	200.862	40.3938
XM_020074346.2	2611	2512	8.96652	4.17633
XM_020074347.2	3889	3790	0	0
XM_020074352.2	1712	1613	0	0
XM_020074353.2	3539	3440	0.0445339	0.0151469
XM_020074354.2	1130	1031	7	7.94383
XM_020074360.2	1385	1286	0	0
XM_020074371.2	1782	1683	0	0
XM_020074373.2	1923	1824	0	0
XM_020074380.2	2016	1917	2	1.22067
XM_020074381.2	2752	2653	0	0
XM_020074382.2	1618	1519	0.52681	0.405777
XM_020074407.2	2679	2580	4.48781e-05	2.0352e-05
XM_020074419.2	1735	1636	0	0
XM_020074426.2	3975	3876	0	0
XM_020074431.2	4447	4348	0	0
XM_020074432.2	2714	2615	0	0
XM_020074435.2	9520	9421	0	0
XM_020074436.2	9514	9415	1.35574e-08	1.6848e-09
XM_020074437.2	9508	9409	2.86371e-08	3.56104e-09
XM_020074438.2	9490	9391	2.70663e-07	3.37216e-08
XM_020074439.2	9472	9373	2.56921e-06	3.2071e-07
XM_020074440.2	9454	9355	2.44935e-05	3.06335e-06
XM_020074441.2	9339	9240	49	6.20461
XM_020074444.2	4218	4119	3	0.852158
XM_020074473.2	7163	7064	0	0
XM_020074474.2	7142	7043	0	0
XM_020074475.2	7708	7609	0	0
XM_020074476.2	7064	6965	3.64383e-08	6.12108e-09
XM_020074477.2	6944	6845	26	4.44417
XM_020074478.2	1439	1340	0	0
XM_020074479.2	1424	1325	0	0
XM_020074480.2	1464	1365	5.74186	4.92165
XM_020074481.2	1418	1319	6.87955	6.10248
XM_020074482.2	1403	1304	0	0
XM_020074483.2	1359	1260	0	0
XM_020074484.2	1410	1311	0	0
XM_020074485.2	1403	1304	7.37859	6.62043
XM_020074486.2	1394	1295	0	0
XM_020074489.2	4765	4666	0	0
XM_020074490.2	4798	4699	0	0
XM_020074491.2	4822	4723	0	0
XM_020074494.2	2011	1912	0	0
XM_020074497.2	1464	1365	0.5	0.428576
XM_020074498.2	988	889	0	0
XM_020074507.2	1009	910	0	0
XM_020074518.2	1717	1618	0	0
XM_020074527.2	1530	1431	1.99711	1.63288
XM_020074528.2	817	718	0	0
XM_020074538.2	1806	1707	3.91085e-06	2.68058e-06
XM_020074539.2	1838	1739	0	0
XM_020074553.2	2013	1914	0	0
XM_020074558.2	1505	1406	0	0
XM_020074559.2	5981	5882	44.2817	8.80825
XM_020074579.2	2253	2154	2	1.08636
XM_020074580.2	683	584	0	0
XM_020074594.2	1606	1507	0	0
XM_020074595.2	1192	1093	3	3.21138
XM_020074598.2	2806	2707	0	0
XM_020074600.2	1008	909	0	0
XM_020074603.2	1775	1676	0	0
XM_020074605.2	1730	1631	11	7.89095
XM_020074609.2	4247	4148	0	0
XM_020074612.2	2789	2690	8.494	3.69446
XM_020074653.2	882	783	0	0
XM_020074657.2	2231	2132	0	0
XM_020074659.2	1819	1720	0	0
XM_020074685.2	5100	5001	0.0179459	0.00419855
XM_020074686.2	5064	4965	85.975	20.2602
XM_020074688.2	1052	953	0	0
XM_020074691.2	2249	2150	1	0.544192
XM_020074695.2	5773	5674	0.140086	0.0288866
XM_020074697.2	1311	1212	0	0
XM_020074701.2	1549	1450	0.775658	0.625883
XM_020074724.2	1799	1700	0	0
XM_020074730.2	949	850	14	19.2708
XM_020074734.2	3900	3801	95	29.2426
XM_020074747.2	778	679	0	0
XM_020074748.2	966	867	0	0
XM_020074749.2	619	520	0	0
XM_020074750.2	840	741	0.305455	0.482302
XM_020074761.2	2142	2043	2	1.14539
XM_020074763.2	2769	2670	8	3.50566
XM_020074764.2	4036	3937	6.15029	1.82777
XM_020074765.2	4040	3941	1.86887	0.554835
XM_020074778.2	1055	956	0	0
XM_020074781.2	4051	3952	492	145.66
XM_020074789.2	1524	1425	3	2.46319
XM_020074791.2	3708	3609	0	0
XM_020074793.2	2592	2493	0	0
XM_020074799.2	2511	2412	0	0
XM_020074808.2	1502	1403	1	0.833937
XM_020074809.2	2192	2093	8	4.4721
XM_020074810.2	1601	1502	0	0
XM_020074811.2	1436	1337	4	3.50041
XM_020074813.2	6726	6627	1.2109e-05	2.13787e-06
XM_020074816.2	6126	6027	0	0
XM_020074817.2	6085	5986	0	0
XM_020074818.2	5993	5894	0	0
XM_020074820.2	2317	2218	4.0814	2.15297
XM_020074821.2	2277	2178	5	2.68598
XM_020074822.2	3768	3669	0	0
XM_020074823.2	3756	3657	0	0
XM_020074827.2	1079	980	0	0
XM_020074828.2	745	646	0	0
XM_020074829.2	868	769	0	0
XM_020074830.2	3154	3055	0	0
XM_020074831.2	2797	2698	0	0
XM_020074832.2	2595	2496	0.0663982	0.0311245
XM_020074833.2	3269	3170	0	0
XM_020074834.2	1317	1218	0	0
XM_020074837.2	2381	2282	0.0147316	0.00755312
XM_020074840.2	4808	4709	0	0
XM_020074841.2	4781	4682	0	0
XM_020074842.2	4751	4652	0	0
XM_020074843.2	4700	4601	0	0
XM_020074844.2	4175	4076	0.0177595	0.00509785
XM_020074848.2	6728	6629	43	7.58947
XM_020074849.2	6486	6387	0	0
XM_020074852.2	4504	4405	1.363e-06	3.62026e-07
XM_020074855.2	1631	1532	0	0
XM_020074872.2	2067	1968	0	0
XM_020074877.2	1033	934	2.50575	3.13893
XM_020074882.2	820	721	0	0
XM_020074885.2	2026	1927	4	2.42867
XM_020074886.2	1041	942	0	0
XM_020074891.2	1159	1060	0	0
XM_020074893.2	644	545	0	0
XM_020074898.2	1405	1306	0	0
XM_020074899.2	5253	5154	0	0
XM_020074902.2	3415	3316	0	0
XM_020074903.2	3399	3300	0	0
XM_020074904.2	3250	3151	0.099217	0.0368408
XM_020074908.2	5902	5803	0	0
XM_020074910.2	2161	2062	0	0
XM_020074911.2	1836	1737	4	2.69433
XM_020074917.2	888	789	18	26.6923
XM_020074918.2	1067	968	0	0
XM_020074930.2	4327	4228	2.94122e-05	8.13922e-06
XM_020074933.2	2587	2488	12	5.64315
XM_020074939.2	6614	6515	0	0
XM_020074940.2	3699	3600	0.0187988	0.00610967
XM_020074941.2	3700	3601	0.0135719	0.0044097
XM_020074942.2	3613	3514	0	0
XM_020074943.2	3591	3492	0	0
XM_020074944.2	1867	1768	0	0
XM_020074949.2	2946	2847	67.3641	27.6842
XM_020074966.2	4731	4632	0	0
XM_020074970.2	1933	1834	1	0.637957
XM_020074971.2	1276	1177	1	0.994064
XM_020074979.2	1437	1338	0	0
XM_020074980.2	3615	3516	0	0
XM_020074981.2	3646	3547	0	0
XM_020074992.2	2062	1963	3	1.7881
XM_020074996.2	8008	7909	2.24688	0.33239
XM_020074997.2	2096	1997	34	19.9201
XM_020075002.2	1553	1454	5.95248	4.78988
XM_020075003.2	1324	1225	0	0
XM_020075004.2	2875	2776	0.00221575	0.000933883
XM_020075008.2	2244	2145	0	0
XM_020075009.2	2491	2392	0	0
XM_020075010.2	2669	2570	0	0
XM_020075011.2	2492	2393	0	0
XM_020075013.2	4377	4278	0	0
XM_020075020.2	2005	1906	1	0.613858
XM_020075023.2	6476	6377	44	8.07285
XM_020075024.2	6470	6371	0	0
XM_020075025.2	3307	3208	2.07916	0.758307
XM_020075029.2	3513	3414	2.76859e-07	9.48824e-08
XM_020075036.2	1410	1311	0	0
XM_020075039.2	3008	2909	0	0
XM_020075047.2	2079	1980	0	0
XM_020075063.2	2580	2481	0	0
XM_020075069.2	5493	5394	1	0.21691
XM_020075070.2	1457	1358	0	0
XM_020075076.2	7565	7466	38.4005	6.01783
XM_020075078.2	7629	7530	34.9003	5.42281
XM_020075084.2	1643	1544	0.0910584	0.0690023
XM_020075088.2	677	578	0	0
XM_020075089.2	2517	2418	46	22.2583
XM_020075094.2	2310	2211	2.4486e-05	1.29575e-05
XM_020075102.2	828	729	0	0
XM_020075110.2	723	624	0	0
XM_020075111.2	928	829	0.168336	0.237582
XM_020075112.2	2474	2375	0	0
XM_020075114.2	2471	2372	0	0
XM_020075115.2	2462	2363	0	0
XM_020075116.2	2456	2357	0	0
XM_020075117.2	2450	2351	0	0
XM_020075118.2	2455	2356	0	0
XM_020075119.2	2426	2327	0	0
XM_020075120.2	2431	2332	0	0
XM_020075122.2	1445	1346	0	0
XM_020075123.2	1288	1189	1.96183	1.9305
XM_020075126.2	2229	2130	0	0
XM_020075127.2	2288	2189	0.999992	0.534492
XM_020075130.2	14895	14796	109	8.61932
XM_020075131.2	7221	7122	0	0
XM_020075138.2	3570	3471	15	5.05624
XM_020075139.2	2840	2741	1.99998	0.853706
XM_020075141.2	1101	1002	14	16.3475
XM_020075144.2	1039	940	1.25602e-05	1.56337e-05
XM_020075149.2	1754	1655	4.6201	3.26621
XM_020075161.2	2049	1950	4	2.40003
XM_020075162.2	853	754	1	1.55174
XM_020075168.2	678	579	0	0
XM_020075172.2	2307	2208	6.76098e-05	3.58262e-05
XM_020075173.2	1680	1581	7	5.18033
XM_020075174.2	2596	2497	0	0
XM_020075176.2	649	550	0	0
XM_020075177.2	1618	1519	1	0.770252
XM_020075179.2	1982	1883	2.76828	1.72009
XM_020075181.2	3062	2963	0	0
XM_020075187.2	1460	1361	0	0
XM_020075197.2	547	448	0	0
XM_020075199.2	2817	2718	4	1.72187
XM_020075200.2	1306	1207	14.8834	14.4273
XM_020075201.2	3979	3880	0	0
XM_020075217.2	3583	3484	5	1.67912
XM_020075218.2	1311	1212	5	4.82679
XM_020075219.2	2125	2026	1	0.577499
XM_020075230.2	3682	3583	0	0
XM_020075231.2	1726	1627	18.251	13.1247
XM_020075242.2	10470	10371	109	12.2969
XM_020075248.2	2064	1965	4.34699	2.58832
XM_020075254.2	822	723	0	0
XM_020075255.2	963	864	0	0
XM_020075256.2	1955	1856	2.99976	1.89104
XM_020075269.2	2622	2523	0	0
XM_020075284.2	4305	4206	0	0
XM_020075285.2	1533	1434	0	0
XM_020075286.2	2455	2356	0	0
XM_020075287.2	2263	2164	231.989	125.43
XM_020075296.2	3053	2954	1	0.396078
XM_020075297.2	2583	2484	6.86475	3.23343
XM_020075301.2	1036	937	0	0
XM_020075307.2	1135	1036	3	3.38807
XM_020075311.2	1002	903	1	1.2957
XM_020075312.2	2062	1963	32.6524	19.4619
XM_020075320.2	1917	1818	1.83319	1.17979
XM_020075324.2	2288	2189	57	30.4663
XM_020075327.2	809	710	0	0
XM_020075333.2	7626	7527	0	0
XM_034442971.1	5695	5596	0	0
XM_034442972.1	5372	5273	12	2.66265
XM_034442973.1	1766	1667	6	4.21121
XM_034442974.1	6058	5959	27	5.30129
XM_034442975.1	3214	3115	4	1.50242
XM_034442976.1	3200	3101	0	0
XM_034442977.1	749	650	0	0
XM_034442978.1	2307	2208	5	2.64949
XM_034442979.1	735	636	6	11.0379
XM_034442980.1	1131	1032	0	0
XM_034442981.1	2073	1974	0	0
XM_034442982.1	928	829	0	0
XM_034442983.1	3275	3176	6	2.21035
XM_034442984.1	2885	2786	0	0
XM_034442985.1	2932	2833	0	0
XM_034442986.1	2972	2873	2.89016e-06	1.177e-06
XM_034442987.1	2937	2838	5.0708	2.09052
XM_034442988.1	2793	2694	7.71662	3.35135
XM_034442989.1	1106	1007	7.21258	8.38015
XM_034442990.1	1151	1052	0	0
XM_034442991.1	1147	1048	0	0
XM_034442992.1	1364	1265	0	0
XM_034442993.1	1220	1121	0	0
XM_034442994.1	921	822	1	1.42337
XM_034442995.1	2242	2143	0.648098	0.353842
XM_034442996.1	2239	2140	3.3519	1.8326
XM_034442997.1	1880	1781	333	218.762
XM_034442998.1	4548	4449	27.8906	7.33476
XM_034442999.1	4485	4386	21.1094	5.63117
XM_034443000.1	4351	4252	0	0
XM_034443001.1	4367	4268	0	0
XM_034443002.1	618	519	0	0
XM_034443003.1	4514	4415	0	0
XM_034443004.1	4354	4255	0	0
XM_034443005.1	1146	1047	0	0
XM_034443006.1	1591	1492	0	0
XM_034443007.1	1826	1727	64	43.3589
XM_034443008.1	3814	3715	4	1.25977
XM_034443009.1	3928	3829	0	0
XM_034443010.1	3859	3760	2.94043e-06	9.14985e-07
XM_034443011.1	3750	3651	33.2972	10.6705
XM_034443012.1	6216	6117	0	0
XM_034443013.1	6187	6088	0	0
XM_034443014.1	4216	4117	14	3.97867
XM_034443015.1	1045	946	0	0
XM_034443016.1	1934	1835	5.50037e-06	3.50709e-06
XM_034443017.1	2572	2473	183.439	86.7878
XM_034443018.1	996	897	0	0
XM_034443019.1	2771	2672	4.22128e-06	1.84841e-06
XM_034443020.1	1290	1191	1	0.982379
XM_034443021.1	1520	1421	0	0
XM_034443022.1	7369	7270	34	5.47186
XM_034443023.1	1786	1687	0	0
XM_034443024.1	6832	6733	0	0
XM_034443025.1	4125	4026	27.932	8.11744
XM_034443026.1	3504	3405	0	0
XM_034443027.1	3373	3274	67.2853	24.0454
XM_034443028.1	2529	2430	0	0
XM_034443029.1	2480	2381	0	0
XM_034443030.1	2439	2340	0	0
XM_034443031.1	2370	2271	25.9514	13.3701
XM_034443032.1	1124	1025	0	0
XM_034443033.1	982	883	0	0
XM_034443034.1	2160	2061	3.63483	2.06347
XM_034443035.1	2158	2059	11.3521	6.45073
XM_034443036.1	1195	1096	0	0
XM_034443037.1	1150	1051	0	0
XM_034443038.1	1124	1025	4	4.56591
XM_034443039.1	1585	1486	0	0
XM_034443040.1	2180	2081	40	22.4894
XM_034443041.1	3984	3885	0.442615	0.133299
XM_034443042.1	3725	3626	0	0
XM_034443043.1	3747	3648	0	0
XM_034443044.1	3741	3642	0	0
XM_034443045.1	3685	3586	1.95122e-05	6.36628e-06
XM_034443046.1	3652	3553	0.99998	0.329297
XM_034443047.1	1614	1515	0	0
XM_034443048.1	774	675	1	1.73335
XM_034443049.1	14340	14241	0.00468617	0.000385006
XM_034443050.1	14336	14237	0	0
XM_034443051.1	14325	14226	0.0161316	0.00132674
XM_034443052.1	14234	14135	29.9792	2.4815
XM_034443053.1	2028	1929	2	1.21308
XM_034443054.1	1503	1404	0	0
XM_034443055.1	3580	3481	0	0
XM_034443056.1	1197	1098	0	0
XM_034443057.1	951	852	0	0
XM_034443058.1	1146	1047	11.3308	12.6621
XM_034443059.1	599	500	179	418.865
XM_034443060.1	1459	1360	56	48.177
XM_034443061.1	4155	4056	0.00133955	0.000386414
XM_034443062.1	4135	4036	0.441717	0.128051
XM_034443063.1	4144	4045	0.0323907	0.00936899
XM_034443064.1	4123	4024	14.5228	4.22263
XM_034443065.1	4156	4057	0.00100318	0.00028931
XM_034443066.1	3577	3478	0	0
XM_034443067.1	3559	3460	0	0
XM_034443068.1	3936	3837	1.52625	0.465399
XM_034443069.1	3559	3460	0	0
XM_034443070.1	3554	3455	0	0
XM_034443071.1	3535	3436	0	0
XM_034443072.1	3535	3436	0	0
XM_034443073.1	3517	3418	0	0
XM_034443074.1	3493	3394	0	0
XM_034443075.1	2744	2645	0	0
XM_034443076.1	3361	3262	7.75437e-06	2.78133e-06
XM_034443077.1	3343	3244	0.0051097	0.00184292
XM_034443078.1	3319	3220	30.9949	11.2622
XM_034443079.1	4925	4826	69	16.7283
XM_034443080.1	2279	2180	24	12.8809
XM_034443081.1	2473	2374	5.47875e-07	2.70017e-07
XM_034443082.1	1843	1744	30	20.1264
XM_034443083.1	3057	2958	0	0
XM_034443084.1	11416	11317	1.11697e-05	1.15479e-06
XM_034443085.1	11275	11176	27.2231	2.84998
XM_034443086.1	3172	3073	0	0
XM_034443087.1	3854	3755	0	0
XM_034443088.1	2970	2871	0	0
XM_034443089.1	2194	2095	0	0
XM_034443090.1	590	491	1	2.38292
XM_034443091.1	3552	3453	0	0
XM_034443092.1	3556	3457	0	0
XM_034443093.1	3672	3573	0	0
XM_034443094.1	3691	3592	0	0
XM_034443095.1	1957	1858	9.98292	6.28641
XM_034443096.1	3614	3515	0	0
XM_034443097.1	3503	3404	0.00351073	0.0012067
XM_034443098.1	1573	1474	8	6.35014
XM_034443099.1	2053	1954	0	0
XM_034443100.1	1954	1855	3	1.8922
XM_034443101.1	4164	4065	10	2.87826
XM_034443102.1	2306	2207	0	0
XM_034443103.1	1628	1529	0	0
XM_034443104.1	7158	7059	0	0
XM_034443105.1	6995	6896	0	0
XM_034443106.1	2265	2166	10	5.40172
XM_034443107.1	2305	2206	8	4.24302
XM_034443108.1	1645	1546	3	2.2704
XM_034443109.1	1117	1018	11.0388	12.6871
XM_034443110.1	1116	1017	34.9612	40.2213
XM_034443111.1	1148	1049	0	0
XM_034443112.1	2672	2573	0	0
XM_034443113.1	1068	969	6	7.24467
XM_034443114.1	4375	4276	20	5.47247
XM_034443115.1	2228	2129	0	0
XM_034443116.1	2068	1969	2	1.18843
XM_034443117.1	1911	1812	1	0.645703
XM_034443118.1	2397	2298	0	0
XM_034443119.1	417	318	0	0
XM_034443120.1	3188	3089	0	0
XM_034443121.1	2193	2094	0	0
XM_034443122.1	1951	1852	56.3427	35.5948
XM_034443123.1	1698	1599	4	2.92686
XM_034443124.1	2061	1962	0.160727	0.0958477
XM_034443125.1	2055	1956	5.83927	3.49286
XM_034443126.1	1760	1661	0	0
XM_034443127.1	1728	1629	0	0
XM_034443128.1	843	744	0	0
XM_034443129.1	1107	1008	1	1.16073
XM_034443130.1	1830	1731	1	0.675918
XM_034443131.1	1826	1727	0	0
XM_034443132.1	1772	1673	0	0
XM_034443133.1	1790	1691	0	0
XM_034443134.1	1738	1639	0	0
XM_034443135.1	1666	1567	0	0
XM_034443136.1	1610	1511	0	0
XM_034443137.1	1475	1376	3	2.5509
XM_034443138.1	2843	2744	17.9243	7.64273
XM_034443139.1	1593	1494	0	0
XM_034443140.1	1530	1431	0	0
XM_034443141.1	1361	1262	2	1.85422
XM_034443142.1	4446	4347	14	3.76816
XM_034443143.1	4632	4533	0	0
XM_034443144.1	4689	4590	0	0
XM_034443145.1	3478	3379	1.54828	0.536107
XM_034443146.1	1712	1613	0	0
XM_034443147.1	3341	3242	0	0
XM_034443148.1	3472	3373	12.4517	4.31921
XM_034443149.1	5443	5344	19	4.15985
XM_034443150.1	1178	1079	0	0
XM_034443151.1	1367	1268	0	0
XM_034443152.1	1151	1052	0	0
XM_034443153.1	1281	1182	0	0
XM_034443154.1	1355	1256	0	0
XM_034443155.1	1269	1170	0	0
XM_034443156.1	1220	1121	0	0
XM_034443157.1	1031	932	0	0
XM_034443158.1	1074	975	0	0
XM_034443159.1	966	867	0	0
XM_034443160.1	1373	1274	0	0
XM_034443161.1	1569	1470	1	0.795927
XM_034443162.1	1871	1772	0	0
XM_034443163.1	1455	1356	0	0
XM_034443164.1	1388	1289	0	0
XM_034443165.1	2082	1983	7	4.13015
XM_034443166.1	2137	2038	0	0
XM_034443167.1	1911	1812	0	0
XM_034443168.1	2041	1942	0	0
XM_034443169.1	710	611	5	9.57458
XM_034443170.1	1632	1533	72.0657	55.0019
XM_034443171.1	3321	3222	32.014	11.6253
XM_034443172.1	4716	4617	0	0
XM_034443173.1	4716	4617	0	0
XM_034443174.1	4931	4832	0	0
XM_034443175.1	4618	4519	42	10.8742
XM_034443176.1	4894	4795	1.52018	0.370933
XM_034443177.1	4892	4793	2.47982	0.605347
XM_034443178.1	3654	3555	0	0
XM_034443179.1	2928	2829	1	0.413578
XM_034443180.1	3322	3223	0	0
XM_034443181.1	3271	3172	0	0
XM_034443182.1	3643	3544	0	0
XM_034443183.1	3056	2957	0	0
XM_034443184.1	3095	2996	0	0
XM_034443185.1	3094	2995	0	0
XM_034443186.1	3302	3203	0	0
XM_034443187.1	3300	3201	0	0
XM_034443188.1	3052	2953	0	0
XM_034443189.1	3299	3200	0	0
XM_034443190.1	3295	3196	0	0
XM_034443191.1	3293	3194	0	0
XM_034443192.1	3003	2904	0	0
XM_034443193.1	3041	2942	0	0
XM_034443194.1	2923	2824	0	0
XM_034443195.1	2914	2815	0	0
XM_034443196.1	2872	2773	0	0
XM_034443197.1	2863	2764	0	0
XM_034443198.1	2843	2744	4	1.70556
XM_034443199.1	2844	2745	0	0
XM_034443200.1	2405	2306	0	0
XM_034443201.1	2796	2697	4.40948	1.91292
XM_034443202.1	2657	2558	0	0
XM_034443203.1	4933	4834	0	0
XM_034443204.1	2644	2545	0	0
XM_034443205.1	2648	2549	0	0
XM_034443206.1	2953	2854	0	0
XM_034443207.1	2638	2539	0	0
XM_034443208.1	2883	2784	0	0
XM_034443209.1	2625	2526	0	0
XM_034443210.1	2888	2789	0	0
XM_034443211.1	2608	2509	0	0
XM_034443212.1	2586	2487	0	0
XM_034443213.1	2424	2325	0	0
XM_034443214.1	2477	2378	0	0
XM_034443215.1	2370	2271	0.132205	0.0681119
XM_034443216.1	2423	2324	38.8678	19.5679
XM_034443217.1	969	870	13	17.483
XM_034443218.1	1039	940	0	0
XM_034443219.1	2773	2674	0	0
XM_034443220.1	3135	3036	0.999999	0.385379
XM_034443221.1	2354	2255	12.3861	6.42656
XM_034443222.1	2172	2073	2.26242	1.27692
XM_034443223.1	555	456	0	0
XM_034443224.1	734	635	0	0
XM_034443225.1	3227	3128	11	4.1145
XM_034443226.1	4889	4790	4.23609	1.03471
XM_034443227.1	5061	4962	0	0
XM_034443228.1	5238	5139	0	0
XM_034443229.1	4896	4797	0.763911	0.186322
XM_034443230.1	4990	4891	0	0
XM_034443231.1	5233	5134	0	0
XM_034443232.1	5233	5134	0	0
XM_034443233.1	2853	2754	0	0
XM_034443234.1	2455	2356	0	0
XM_034443235.1	2094	1995	71	41.6396
XM_034443236.1	2183	2084	0	0
XM_034443237.1	2120	2021	1.79885e-05	1.0414e-05
XM_034443238.1	2723	2624	0	0
XM_034443239.1	2699	2600	9.61967e-06	4.3289e-06
XM_034443240.1	2672	2573	1.99999	0.90945
XM_034443241.1	3193	3094	6	2.26893
XM_034443242.1	3978	3879	0.0124598	0.00375823
XM_034443243.1	1633	1534	0	0
XM_034443244.1	3974	3875	0.0417929	0.0126189
XM_034443245.1	1013	914	0	0
XM_034443246.1	29173	29074	43	1.73043
XM_034443247.1	1905	1806	0	0
XM_034443248.1	1855	1756	3.51184e-05	2.33992e-05
XM_034443249.1	2143	2044	2.64071	1.51158
XM_034443250.1	2017	1918	0	0
XM_034443251.1	3714	3615	7.26785	2.35228
XM_034443252.1	2866	2767	18.8498	7.97054
XM_034443253.1	2155	2056	0	0
XM_034443254.1	940	841	1	1.39122
XM_034443255.1	5225	5126	2	0.456502
XM_034443256.1	2848	2749	0	0
XM_034443257.1	2711	2612	2.50073	1.12017
XM_034443258.1	2955	2856	0	0
XM_034443259.1	2558	2459	0	0
XM_034443260.1	3482	3383	0	0
XM_034443261.1	3557	3458	17	5.75195
XM_034443262.1	1436	1337	2.77238	2.42612
XM_034443263.1	1298	1199	0	0
XM_034443264.1	2252	2153	0	0
XM_034443265.1	2183	2084	0	0
XM_034443266.1	2141	2042	0.00313341	0.00179536
XM_034443267.1	2130	2031	1.76871	1.01892
XM_034443268.1	2072	1973	0	0
XM_034443269.1	2061	1962	0	0
XM_034443270.1	610	511	0	0
XM_034443271.1	629	530	0	0
XM_034443272.1	2387	2288	0	0
XM_034443273.1	2384	2285	18.8727	9.66361
XM_034443274.1	4148	4049	0	0
XM_034443275.1	4076	3977	1.07672	0.316766
XM_034443276.1	2321	2222	0	0
XM_034443277.1	2177	2078	0	0
XM_034443278.1	2150	2051	0	0
XM_034443279.1	1970	1871	3.80568	2.37985
XM_034443280.1	1880	1781	3.4671	2.27768
XM_034443281.1	935	836	2	2.79908
XM_034443282.1	423	324	0	0
XM_034443283.1	1109	1010	0	0
XM_034443284.1	1025	926	0	0
XM_034443285.1	2546	2447	0	0
XM_034443286.1	2537	2438	0	0
XM_034443287.1	2568	2469	0	0
XM_034443288.1	2518	2419	0	0
XM_034443289.1	2393	2294	0	0
XM_034443290.1	2393	2294	0	0
XM_034443291.1	4061	3962	0	0
XM_034443292.1	1700	1601	0	0
XM_034443293.1	1706	1607	11.3923	8.29441
XM_034443294.1	2409	2310	0	0
XM_034443295.1	2269	2170	0	0
XM_034443296.1	2310	2211	0	0
XM_034443297.1	2293	2194	0	0
XM_034443298.1	2196	2097	0	0
XM_034443299.1	2212	2113	0	0
XM_034443300.1	795	696	0	0
XM_034443301.1	600	501	0	0
XM_034443302.1	1614	1515	0	0
XM_034443303.1	2206	2107	4	2.22119
XM_034443304.1	3697	3598	85	27.6407
XM_034443305.1	8038	7939	7.35377	1.08377
XM_034443306.1	919	820	1.89289	2.70086
XM_034443307.1	978	879	0	0
XM_034443308.1	1788	1689	2	1.38545
XM_034443309.1	2991	2892	105	42.4797
XM_034443310.1	1030	931	0.999987	1.25671
XM_034443311.1	910	811	13	18.7548
XM_034443312.1	2070	1971	3	1.78084
XM_034443313.1	1446	1347	0	0
XM_034443314.1	928	829	0	0
XM_034443315.1	1365	1266	0	0
XM_034443316.1	660	561	0	0
XM_034443317.1	1051	952	5.32396	6.54318
XM_034443318.1	693	594	0	0
XM_034443319.1	1048	949	2.67604	3.29926
XM_034443320.1	1908	1809	2	1.29355
XM_034443321.1	1721	1622	0	0
XM_034443322.1	6302	6203	0	0
XM_034443323.1	6257	6158	0	0
XM_034443324.1	4707	4608	79.1978	20.109
XM_034443325.1	2623	2524	0.0334848	0.015522
XM_034443326.1	2519	2420	0	0
XM_034443327.1	2531	2432	0	0
XM_034443328.1	2728	2629	0	0
XM_034443329.1	2636	2537	0	0
XM_034443330.1	2648	2549	0	0
XM_034443331.1	2423	2324	0	0
XM_034443332.1	3955	3856	0	0
XM_034443333.1	3251	3152	0	0
XM_034443334.1	4679	4580	48.8022	12.4671
XM_034443335.1	3073	2974	0	0
XM_034443336.1	3230	3131	0	0
XM_034443337.1	3001	2902	3	1.20952
XM_034443338.1	3255	3156	0	0
XM_034443339.1	3184	3085	0	0
XM_034443340.1	1682	1583	0	0
XM_034443341.1	1710	1611	0	0
XM_034443342.1	4921	4822	0	0
XM_034443343.1	1600	1501	6	4.67694
XM_034443344.1	528	429	0	0
XM_034443345.1	1204	1105	0	0
XM_034443346.1	4324	4225	0	0
XM_034443347.1	4297	4198	0	0
XM_034443348.1	4208	4109	0	0
XM_034443349.1	4209	4110	0	0
XM_034443350.1	4036	3937	0	0
XM_034443351.1	4037	3938	0	0
XM_034443352.1	3921	3822	0	0
XM_034443353.1	3922	3823	0	0
XM_034443354.1	3895	3796	0	0
XM_034443355.1	1201	1102	0	0
XM_034443356.1	3633	3534	2	0.662147
XM_034443357.1	1843	1744	0	0
XM_034443358.1	2235	2136	1.5	0.821639
XM_034443359.1	2235	2136	1.5	0.821639
XM_034443360.1	694	595	0	0
XM_034443361.1	1126	1027	0	0
XM_034443362.1	4985	4886	0	0
XM_034443363.1	4979	4880	45.8182	10.9852
XM_034443364.1	6923	6824	0	0
XM_034443365.1	6920	6821	0	0
XM_034443366.1	6848	6749	1.06878	0.185286
XM_034443367.1	6839	6740	5.11306	0.887589
XM_034443368.1	6836	6737	0	0
XM_034443369.1	6836	6737	0	0
XM_034443370.1	2954	2855	0	0
XM_034443371.1	3016	2917	0	0
XM_034443372.1	3526	3427	0	0
XM_034443373.1	2144	2045	0	0
XM_034443374.1	1464	1365	0	0
XM_034443375.1	661	562	1	2.08187
XM_034443376.1	9835	9736	0.375501	0.0451254
XM_034443377.1	9939	9840	1.45132e-06	1.72568e-07
XM_034443378.1	9796	9697	41.6245	5.0223
XM_034443379.1	5764	5665	5	1.03267
XM_034443380.1	2010	1911	0	0
XM_034443381.1	1997	1898	0	0
XM_034443382.1	1531	1432	0	0
XM_034443383.1	1526	1427	0	0
XM_034443384.1	2972	2873	1.24232e-05	5.05929e-06
XM_034443385.1	1433	1334	0	0
XM_034443386.1	1020	921	0	0
XM_034443387.1	1117	1018	0	0
XM_034443388.1	3974	3875	1.77759e-08	5.36724e-09
XM_034443389.1	4199	4100	126	35.9565
XM_034443390.1	4883	4784	0	0
XM_034443391.1	2181	2082	0	0
XM_034443392.1	2488	2389	7.1924	3.52248
XM_034443393.1	1190	1091	8	8.57938
XM_034443394.1	7274	7175	0	0
XM_034443395.1	5632	5533	3	0.634383
XM_034443396.1	2502	2403	0	0
XM_034443397.1	2475	2376	0	0
XM_034443398.1	2353	2254	58	30.1068
XM_034443399.1	1794	1695	0	0
XM_034443400.1	2223	2124	0	0
XM_034443401.1	2064	1965	0.18852	0.11225
XM_034443402.1	2474	2375	9	4.43374
XM_034443403.1	2366	2267	0	0
XM_034443404.1	734	635	1	1.84254
XM_034443405.1	2335	2236	0.000647156	0.000338632
XM_034443406.1	4065	3966	35.9925	10.6182
XM_034443407.1	1961	1862	0	0
XM_034443408.1	1972	1873	0	0
XM_034443409.1	1930	1831	0	0
XM_034443410.1	1879	1780	19	12.4889
XM_034443411.1	1128	1029	109.45	124.449
XM_034443412.1	5525	5426	0	0
XM_034443413.1	5522	5423	41	8.84576
XM_034443414.1	2818	2719	3	1.29093
XM_034443415.1	4217	4118	4.87903	1.38624
XM_034443416.1	4802	4703	0	0
XM_034443417.1	2254	2155	1.6579	0.900124
XM_034443418.1	2583	2484	18.9336	8.9181
XM_034443419.1	4324	4225	0	0
XM_034443420.1	3847	3748	0	0
XM_034443421.1	2725	2626	0	0
XM_034443422.1	2678	2579	0	0
XM_034443423.1	1673	1574	2	1.48668
XM_034443424.1	1811	1712	0	0
XM_034443425.1	1081	982	0	0
XM_034443426.1	5452	5353	2	0.437143
XM_034443427.1	1191	1092	5	5.3572
XM_034443428.1	1268	1169	0	0
XM_034443429.1	5660	5561	0.000667571	0.000140454
XM_034443430.1	5609	5510	32.9623	6.99934
XM_034443431.1	7591	7492	16	2.49869
XM_034443432.1	1905	1806	0	0
XM_034443433.1	2462	2363	0	0
XM_034443434.1	3006	2907	0	0
XM_034443435.1	2158	2059	0	0
XM_034443436.1	3458	3359	2.34944	0.81836
XM_034443437.1	4101	4002	4	1.16943
XM_034443438.1	2096	1997	11	6.44474
XM_034443439.1	2340	2241	0	0
XM_034443440.1	3259	3160	0.0863314	0.0319648
XM_034443441.1	3412	3313	0	0
XM_034443442.1	3384	3285	0	0
XM_034443443.1	1777	1678	12	8.3672
XM_034443444.1	4545	4446	63.7156	16.7675
XM_034443445.1	5013	4914	0	0
XM_034443446.1	4624	4525	8.70192	2.25003
XM_034443447.1	4944	4845	0	0
XM_034443448.1	4104	4005	21.2237	6.20025
XM_034443449.1	3673	3574	2.07438	0.679087
XM_034443450.1	2600	2501	230	107.598
XM_034443451.1	3098	2999	0	0
XM_034443452.1	2904	2805	0.995609	0.415286
XM_034443453.1	2531	2432	0	0
XM_034443454.1	1381	1282	0	0
XM_034443455.1	1363	1264	0	0
XM_034443456.1	1393	1294	15	13.5628
XM_034443457.1	2908	2809	0.00525936	0.00219065
XM_034443458.1	2902	2803	0.0645995	0.0269648
XM_034443459.1	2487	2388	48.9996	24.0076
XM_034443460.1	2547	2448	0	0
XM_034443461.1	821	722	16	25.9283
XM_034443462.1	5943	5844	0	0
XM_034443463.1	5943	5844	0	0
XM_034443464.1	5937	5838	0	0
XM_034443465.1	5931	5832	0	0
XM_034443466.1	5925	5826	6.30873	1.26696
XM_034443467.1	5919	5820	0	0
XM_034443468.1	5880	5781	0	0
XM_034443469.1	5859	5760	0	0
XM_034443470.1	5852	5753	0	0
XM_034443471.1	5834	5735	0	0
XM_034443472.1	6053	5954	2.20314e-07	4.32936e-08
XM_034443473.1	6052	5953	1.16977e-07	2.29909e-08
XM_034443474.1	5962	5863	15.4584	3.08486
XM_034443475.1	5757	5658	0	0
XM_034443476.1	5961	5862	8.23289	1.64323
XM_034443477.1	5746	5647	0	0
XM_034443478.1	5848	5749	8	1.62813
XM_034443479.1	5666	5567	0	0
XM_034443480.1	5655	5556	0	0
XM_034443481.1	3862	3763	0.718045	0.223259
XM_034443482.1	3667	3568	0	0
XM_034443483.1	4607	4508	118	30.6259
XM_034443484.1	4604	4505	0	0
XM_034443485.1	3042	2943	7	2.78291
XM_034443486.1	1992	1893	2	1.23615
XM_034443487.1	3229	3130	0	0
XM_034443488.1	995	896	0	0
XM_034443489.1	1765	1666	2.66504	1.87163
XM_034443490.1	2092	1993	0	0
XM_034443491.1	1617	1518	0	0
XM_034443492.1	2072	1973	18	10.6742
XM_034443493.1	2079	1980	6	3.5455
XM_034443494.1	5079	4980	0	0
XM_034443495.1	1910	1811	41.448	26.7779
XM_034443496.1	4141	4042	0	0
XM_034443497.1	4187	4088	0	0
XM_034443498.1	4004	3905	27	8.08972
XM_034443499.1	2115	2016	28	16.2502
XM_034443500.1	1574	1475	6	4.75938
XM_034443501.1	2996	2897	0	0
XM_034443502.1	2993	2894	0	0
XM_034443503.1	2894	2795	0	0
XM_034443504.1	2880	2781	0	0
XM_034443505.1	2144	2045	3	1.7164
XM_034443506.1	2563	2464	19	9.02202
XM_034443507.1	1733	1634	0	0
XM_034443508.1	1835	1736	9	6.06574
XM_034443509.1	1624	1525	0	0
XM_034443510.1	2027	1928	0	0
XM_034443511.1	1907	1808	0	0
XM_034443512.1	2073	1974	0	0
XM_034443513.1	2050	1951	0	0
XM_034443514.1	3775	3676	4.70305	1.49691
XM_034443515.1	2148	2049	0	0
XM_034443516.1	1792	1693	52	35.9366
XM_034443517.1	2349	2250	0	0
XM_034443518.1	2255	2156	0	0
XM_034443519.1	2235	2136	0	0
XM_034443520.1	2417	2318	0	0
XM_034443521.1	2430	2331	0	0
XM_034443522.1	2125	2026	2	1.155
XM_034443523.1	2822	2723	0	0
XM_034443524.1	2705	2606	0	0
XM_034443525.1	2653	2554	0	0
XM_034443526.1	2619	2520	0	0
XM_034443527.1	2689	2590	0	0
XM_034443528.1	2725	2626	0	0
XM_034443529.1	2521	2422	1	0.483077
XM_034443530.1	2610	2511	0	0
XM_034443531.1	2555	2456	0	0
XM_034443532.1	1817	1718	0	0
XM_034443533.1	2037	1938	0	0
XM_034443534.1	1693	1594	9.81676	7.20561
XM_034443535.1	11151	11052	0	0
XM_034443536.1	2738	2639	0	0
XM_034443537.1	2487	2388	2.28573	1.11991
XM_034443538.1	9383	9284	6.22368	0.784338
XM_034443539.1	2276	2177	0	0
XM_034443540.1	2273	2174	0	0
XM_034443541.1	2250	2151	0	0
XM_034443542.1	2194	2095	2.64244e-06	1.47575e-06
XM_034443543.1	3289	3190	0.0418195	0.0153384
XM_034443544.1	3278	3179	0	0
XM_034443545.1	3286	3187	0.126093	0.0462912
XM_034443546.1	3277	3178	3.47804	1.28048
XM_034443547.1	839	740	5.17483	8.18191
XM_034443548.1	696	597	807.118	1581.81
XM_034443549.1	6284	6185	70	13.2419
XM_034443550.1	1295	1196	1	0.978272
XM_034443551.1	2381	2282	13.2338	6.78517
XM_034443552.1	402	303	0	0
XM_034443553.1	6667	6568	77	13.7167
XM_034443554.1	4382	4283	6.8596e-08	1.87388e-08
XM_034443555.1	1347	1248	0	0
XM_034443556.1	621	522	0	0
XM_034443557.1	2361	2262	0	0
XM_034443558.1	1131	1032	0	0
XM_034443559.1	1847	1748	0	0
XM_034443560.1	1805	1706	0	0
XM_034443561.1	1766	1667	13.3845	9.39418
XM_034443562.1	1724	1625	0	0
XM_034443563.1	2568	2469	0	0
XM_034443564.1	754	655	0	0
XM_034443565.1	830	731	8	12.8045
XM_034443566.1	3782	3683	1	0.317679
XM_034443567.1	1371	1272	0	0
XM_034443568.1	922	823	0	0
XM_034443569.1	2587	2488	2.76332e-06	1.29948e-06
XM_034443570.1	1530	1431	0	0
XM_034443571.1	1655	1556	0	0
XM_034443572.1	1683	1584	4	2.95458
XM_034443573.1	6189	6090	10	1.9212
XM_034443574.1	3379	3280	1	0.356711
XM_034443575.1	3038	2939	0	0
XM_034443576.1	3026	2927	0	0
XM_034443577.1	3202	3103	22.715	8.5649
XM_034443578.1	1225	1126	3.28496	3.41337
XM_034443579.1	1422	1323	0	0
XM_034443580.1	2073	1974	0	0
XM_034443581.1	3217	3118	9.99999	3.75245
XM_034443582.1	2663	2564	2	0.912647
XM_034443583.1	2573	2474	0	0
XM_034443584.1	1351	1252	0	0
XM_034443585.1	2034	1935	0	0
XM_034443586.1	5743	5644	3.28158e-05	6.80278e-06
XM_034443587.1	5740	5641	6.12258e-05	1.2699e-05
XM_034443588.1	5686	5587	4.86472	1.01876
XM_034443589.1	5683	5584	9.13427	1.9139
XM_034443590.1	5727	5628	0.000916839	0.000190603
XM_034443591.1	2048	1949	0	0
XM_034443592.1	2125	2026	0	0
XM_034443593.1	2067	1968	0	0
XM_034443594.1	597	498	0	0
XM_034443595.1	1480	1381	0	0
XM_034443596.1	729	630	0	0
XM_034443597.1	469	370	848	2681.54
XM_034443598.1	5925	5826	5.3816e-06	1.08077e-06
XM_034443599.1	2241	2142	0	0
XM_034443600.1	5999	5900	0	0
XM_034443601.1	5849	5750	26.3089	5.35335
XM_034443602.1	5839	5740	202.691	41.3156
XM_034443603.1	2235	2136	0	0
XM_034443604.1	1509	1410	29	24.0641
XM_034443605.1	9378	9279	49	6.17854
XM_034443606.1	5457	5358	0	0
XM_034443607.1	5439	5340	0	0
XM_034443608.1	5439	5340	0	0
XM_034443609.1	5379	5280	0	0
XM_034443610.1	5145	5046	83	19.2452
XM_034443611.1	1514	1415	0	0
XM_034443612.1	3959	3860	7	2.12179
XM_034443613.1	2794	2695	3	1.30243
XM_034443614.1	1015	916	0	0
XM_034443615.1	3827	3728	0	0
XM_034443616.1	3671	3572	0.00107732	0.000352878
XM_034443617.1	4038	3939	0	0
XM_034443618.1	3643	3544	10.9989	3.63118
XM_034443619.1	3988	3889	0	0
XM_034443620.1	4638	4539	0	0
XM_034443621.1	863	764	0	0
XM_034443622.1	1540	1441	0	0
XM_034443623.1	2942	2843	1.22317e-05	5.03384e-06
XM_034443624.1	2907	2808	25	10.4168
XM_034443625.1	2848	2749	0	0
XM_034443626.1	2491	2392	1	0.489136
XM_034443627.1	3002	2903	0	0
XM_034443628.1	2999	2900	0	0
XM_034443629.1	2407	2308	1.6151	0.818755
XM_034443630.1	2865	2766	2.49868	1.05694
XM_034443631.1	1491	1392	0	0
XM_034443632.1	2637	2538	6.88622	3.17454
XM_034443633.1	922	823	0	0
XM_034443634.1	1966	1867	0	0
XM_034443635.1	2149	2050	0	0
XM_034443636.1	2156	2057	0	0
XM_034443637.1	2022	1923	0	0
XM_034443638.1	2238	2139	0	0
XM_034443639.1	2229	2130	0	0
XM_034443640.1	2220	2121	0	0
XM_034443641.1	2111	2012	0	0
XM_034443642.1	10351	10252	0	0
XM_034443643.1	2019	1920	15.6783	9.55407
XM_034443644.1	10074	9975	0	0
XM_034443645.1	10612	10513	0	0
XM_034443646.1	10594	10495	0	0
XM_034443647.1	10410	10311	0	0
XM_034443648.1	10377	10278	1.09376e-08	1.24511e-09
XM_034443649.1	10297	10198	0	0
XM_034443650.1	10191	10092	22	2.55056
XM_034443651.1	2755	2656	0	0
XM_034443652.1	4101	4002	1.09202e-08	3.1926e-09
XM_034443653.1	4074	3975	3.06756e-05	9.02916e-06
XM_034443654.1	4059	3960	0.00258701	0.000764351
XM_034443655.1	4032	3933	7.9079	2.35249
XM_034443656.1	1251	1152	3	3.04691
XM_034443657.1	2666	2567	0	0
XM_034443658.1	7074	6975	0	0
XM_034443659.1	6911	6812	5.62455	0.96606
XM_034443660.1	1470	1371	86	73.3925
XM_034443661.1	1775	1676	0	0
XM_034443662.1	6967	6868	0.0293716	0.00500366
XM_034443663.1	6940	6841	0	0
XM_034443664.1	6931	6832	13.9706	2.39254
XM_034443665.1	6913	6814	0	0
XM_034443666.1	6904	6805	0	0
XM_034443667.1	2811	2712	0	0
XM_034443668.1	3495	3396	0	0
XM_034443669.1	3468	3369	0	0
XM_034443670.1	3500	3401	0	0
XM_034443671.1	1916	1817	0	0
XM_034443672.1	1944	1845	9	5.70738
XM_034443673.1	1819	1720	4	2.72096
XM_034443674.1	2516	2417	53.6367	25.9643
XM_034443675.1	401	302	0	0
XM_034443676.1	406	307	0	0
XM_034443677.1	3287	3188	28.352	10.4053
XM_034443678.1	418	319	0	0
XM_034443679.1	2599	2500	0	0
XM_034443680.1	3700	3601	1.02651	0.333528
XM_034443681.1	3353	3254	0	0
XM_034443682.1	2206	2107	1.94983	1.08274
XM_034443683.1	875	776	0	0
XM_034443684.1	3284	3185	3.44742	1.26641
XM_034443685.1	3963	3864	0.01303	0.00394546
XM_034443686.1	3937	3838	35.8388	10.9254
XM_034443687.1	1016	917	0	0
XM_034443688.1	978	879	0	0
XM_034443689.1	961	862	39	52.9356
XM_034443690.1	1355	1256	3	2.79462
XM_034443691.1	2686	2587	5	2.26133
XM_034443692.1	3208	3109	39.3633	14.8136
XM_034443693.1	1059	960	0	0
XM_034443694.1	7914	7815	11.4337	1.71179
XM_034443695.1	860	761	0	0
XM_034443696.1	2202	2103	0	0
XM_034443697.1	3349	3250	0	0
XM_034443698.1	2390	2291	0	0
XM_034443699.1	565	466	0	0
XM_034443700.1	5007	4908	0	0
XM_034443701.1	3135	3036	103	39.6941
XM_034443702.1	2710	2611	0	0
XM_034443703.1	3269	3170	1	0.369089
XM_034443704.1	1317	1218	0	0
XM_034443705.1	2749	2650	0	0
XM_034443706.1	4141	4042	30	8.68392
XM_034443707.1	10316	10217	88	10.0774
XM_034443708.1	3797	3698	11.4461	3.62146
XM_034443709.1	4481	4382	1	0.267004
XM_034443710.1	2215	2116	0	0
XM_034443711.1	2176	2077	68.8973	38.8112
XM_034443712.1	2161	2062	0	0
XM_034443713.1	2122	2023	0	0
XM_034443714.1	3525	3426	1.0449e-05	3.56845e-06
XM_034443715.1	3486	3387	7.10268	2.45357
XM_034443716.1	3471	3372	0	0
XM_034443717.1	1070	971	0	0
XM_034443718.1	1495	1396	21	17.6005
XM_034443719.1	673	574	2	4.0767
XM_034443720.1	1344	1245	0	0
XM_034443721.1	2268	2169	28.7019	15.4825
XM_034443722.1	1559	1460	0	0
XM_034443723.1	1567	1468	0	0
XM_034443724.1	1640	1541	0	0
XM_034443725.1	1576	1477	0	0
XM_034443726.1	1532	1433	2	1.63296
XM_034443727.1	1342	1243	0	0
XM_034443728.1	1752	1653	3	2.12344
XM_034443729.1	5084	4985	12.5923	2.95549
XM_034443730.1	4848	4749	59.4077	14.6363
XM_034443731.1	1620	1521	20	15.3848
XM_034443732.1	3102	3003	1.21923e-07	4.75031e-08
XM_034443733.1	3059	2960	2.71215	1.07204
XM_034443734.1	1749	1650	0	0
XM_034443735.1	3090	2991	1.68192e-07	6.5793e-08
XM_034443736.1	5046	4947	0	0
XM_034443737.1	3754	3655	9.82708	3.14578
XM_034443738.1	3018	2919	0	0
XM_034443739.1	1972	1873	4.99987	3.12329
XM_034443740.1	1289	1190	22.2375	21.864
XM_034443741.1	2904	2805	0	0
XM_034443742.1	2001	1902	0	0
XM_034443743.1	2401	2302	10	5.0826
XM_034443744.1	874	775	5	7.54847
XM_034443745.1	4191	4092	0.0847108	0.0242211
XM_034443746.1	4179	4080	2.65494	0.761353
XM_034443747.1	4145	4046	0	0
XM_034443748.1	3826	3727	0	0
XM_034443749.1	3626	3527	20	6.63461
XM_034443750.1	1671	1572	0	0
XM_034443751.1	1628	1529	0	0
XM_034443752.1	1626	1527	0	0
XM_034443753.1	1591	1492	2.19051	1.71778
XM_034443754.1	1590	1491	4.80949	3.77409
XM_034443755.1	3575	3476	0	0
XM_034443756.1	3318	3219	108.49	39.4328
XM_034443757.1	3461	3362	23.5105	8.18191
XM_034443758.1	1690	1591	0	0
XM_034443759.1	2873	2774	0	0
XM_034443760.1	2786	2687	0	0
XM_034443761.1	2219	2120	0	0
XM_034443762.1	2246	2147	0	0
XM_034443763.1	2143	2044	0	0
XM_034443764.1	2107	2008	0	0
XM_034443765.1	1206	1107	0	0
XM_034443766.1	2063	1964	0	0
XM_034443767.1	1405	1306	0	0
XM_034443768.1	875	776	0	0
XM_034443769.1	8660	8561	0	0
XM_034443770.1	8733	8634	0	0
XM_034443771.1	8657	8558	0	0
XM_034443772.1	8651	8552	0	0
XM_034443773.1	8639	8540	0	0
XM_034443774.1	8639	8540	0	0
XM_034443775.1	8621	8522	1.60371e-05	2.20179e-06
XM_034443776.1	8606	8507	0	0
XM_034443777.1	8588	8489	0	0
XM_034443778.1	8558	8459	0	0
XM_034443779.1	8537	8438	0	0
XM_034443780.1	8519	8420	21.8402	3.03484
XM_034443781.1	8486	8387	2.11469e-05	2.95006e-06
XM_034443782.1	7986	7887	0	0
XM_034443783.1	1243	1144	0	0
XM_034443784.1	7821	7722	0	0
XM_034443785.1	7797	7698	28.1597	4.27998
XM_034443786.1	4153	4054	0.0934141	0.02696
XM_034443787.1	4150	4051	0	0
XM_034443788.1	4129	4030	98.9066	28.7151
XM_034443789.1	981	882	0	0
XM_034443790.1	2888	2789	18.5117	7.76585
XM_034443791.1	4681	4582	1.83011e-06	4.67318e-07
XM_034443792.1	4678	4579	1.81595	0.464006
XM_034443793.1	4678	4579	3.94572e-06	1.0082e-06
XM_034443794.1	4672	4573	1.83689e-05	4.69972e-06
XM_034443795.1	4669	4570	18.2543	4.67347
XM_034443796.1	4669	4570	3.96633e-05	1.01546e-05
XM_034443797.1	4669	4570	0	0
XM_034443798.1	4666	4567	0	0
XM_034443799.1	4666	4567	8.5687e-05	2.1952e-05
XM_034443800.1	4666	4567	0	0
XM_034443801.1	4663	4564	85.2388	21.8516
XM_034443802.1	4663	4564	0.000185208	4.74795e-05
XM_034443803.1	4654	4555	0.00187595	0.000481862
XM_034443804.1	4654	4555	0	0
XM_034443805.1	4639	4540	7.50591e-07	1.93436e-07
XM_034443806.1	4639	4540	0.089862	0.0231585
XM_034443807.1	4597	4498	0.0407476	0.0105992
XM_034443808.1	4582	4483	2.05016	0.535069
XM_034443809.1	4465	4366	0.00111362	0.000298432
XM_034443810.1	4441	4342	0.71581	0.192885
XM_034443811.1	5101	5002	0	0
XM_034443812.1	1916	1817	0	0
XM_034443813.1	2370	2271	0	0
XM_034443814.1	1477	1378	0	0
XM_034443815.1	1318	1219	76	72.9459
XM_034443816.1	2027	1928	8	4.85483
XM_034443817.1	1525	1426	0	0
XM_034443818.1	1074	975	0	0
XM_034443819.1	1176	1077	0	0
XM_034443820.1	2743	2644	0	0
XM_034443821.1	2460	2361	0	0
XM_034443822.1	2447	2348	0	0
XM_034443823.1	2368	2269	0	0
XM_034443824.1	2497	2398	0	0
XM_034443825.1	2444	2345	58	28.9385
XM_034443826.1	1647	1548	0.00228812	0.00172941
XM_034443827.1	1639	1540	0.997712	0.758011
XM_034443828.1	1882	1783	0	0
XM_034443829.1	1613	1514	0	0
XM_034443830.1	1678	1579	49.8219	36.9172
XM_034443831.1	4335	4236	4	1.10483
XM_034443832.1	2173	2074	0	0
XM_034443833.1	1550	1451	1	0.80635
XM_034443834.1	6955	6856	11	1.87721
XM_034443835.1	2534	2435	76	36.5179
XM_034443836.1	2619	2520	10.4193	4.83759
XM_034443837.1	2424	2325	0	0
XM_034443838.1	2403	2304	0	0
XM_034443839.1	2378	2279	0	0
XM_034443840.1	2357	2258	0	0
XM_034443841.1	2302	2203	24.3655	12.9405
XM_034443842.1	1672	1573	0	0
XM_034443843.1	1409	1310	3	2.67942
XM_034443844.1	2040	1941	0	0
XM_034443845.1	2184	2085	0	0
XM_034443846.1	1779	1680	0	0
XM_034443847.1	1385	1286	0	0
XM_034443848.1	1855	1756	0	0
XM_034443849.1	3502	3403	0	0
XM_034443850.1	2987	2888	0	0
XM_034443851.1	3208	3109	176.227	66.3196
XM_034443852.1	540	441	2	5.30618
XM_034443853.1	2986	2887	0	0
XM_034443854.1	1422	1323	0	0
XM_034443855.1	2098	1999	0	0
XM_034443856.1	1102	1003	0	0
XM_034443857.1	1052	953	2	2.45543
XM_034443858.1	1091	992	0	0
XM_034443859.1	2028	1929	0	0
XM_034443860.1	1249	1150	0	0
XM_034443861.1	998	899	0	0
XM_034443862.1	1003	904	4	5.17705
XM_034443863.1	864	765	0	0
XM_034443864.1	1837	1738	0	0
XM_034443865.1	1061	962	0	0
XM_034443866.1	1209	1110	0	0
XM_034443867.1	1082	983	0	0
XM_034443868.1	2924	2825	7.2544	3.00451
XM_034443869.1	1279	1180	0	0
XM_034443870.1	1019	920	3	3.81526
XM_034443871.1	1101	1002	0	0
XM_034443872.1	1057	958	0	0
XM_034443873.1	1090	991	0	0
XM_034443874.1	1006	907	0	0
XM_034443875.1	2563	2464	40.7731	19.3608
XM_034443876.1	1055	956	8.40758	10.2897
XM_034443877.1	1246	1147	0	0
XM_034443878.1	1222	1123	0	0
XM_034443879.1	1211	1112	0	0
XM_034443880.1	1907	1808	0	0
XM_034443881.1	1609	1510	0	0
XM_034443882.1	974	875	0	0
XM_034443883.1	803	704	2.77581	4.61327
XM_034443884.1	1440	1341	0	0
XM_034443885.1	1398	1299	0	0
XM_034443886.1	1328	1229	0	0
XM_034443887.1	1247	1148	1	1.01918
XM_034443888.1	672	573	0	0
XM_034443889.1	2397	2298	0	0
XM_034443890.1	2301	2202	0	0
XM_034443891.1	1992	1893	36	22.2507
XM_034443892.1	2679	2580	18.6946	8.47787
XM_034443893.1	785	686	0	0
XM_034443894.1	2496	2397	0	0
XM_034443895.1	1518	1419	1.0642	0.877472
XM_034443896.1	1809	1710	0	0
XM_034443897.1	1828	1729	9.68046	6.55076
XM_034443898.1	1825	1726	74.2292	50.3182
XM_034443899.1	1835	1736	0.0846449	0.0570482
XM_034443900.1	1839	1740	0.00569056	0.00382645
XM_034443901.1	1123	1024	0	0
XM_034443902.1	1328	1229	37	35.2242
XM_034443903.1	1844	1745	0	0
XM_034443904.1	1521	1422	0	0
XM_034443905.1	1451	1352	1	0.865395
XM_034443906.1	2174	2075	17	9.58565
XM_034443907.1	1940	1841	0	0
XM_034443908.1	1738	1639	2.00937	1.43441
XM_034443909.1	11192	11093	0	0
XM_034443910.1	2495	2396	3	1.46496
XM_034443911.1	2563	2464	0	0
XM_034443912.1	3048	2949	0	0
XM_034443913.1	8334	8235	0	0
XM_034443914.1	2325	2226	8.91544	4.68607
XM_034443915.1	2223	2124	0	0
XM_034443916.1	2109	2010	1.76211e-07	1.02572e-07
XM_034443917.1	2104	2005	179.59	104.799
XM_034443918.1	8175	8076	0	0
XM_034443919.1	4128	4029	62	18.0047
XM_034443920.1	8297	8198	0	0
XM_034443921.1	3040	2941	3	1.19349
XM_034443922.1	1876	1777	0	0
XM_034443923.1	1677	1578	0	0
XM_034443924.1	1568	1469	0	0
XM_034443925.1	2075	1976	1	0.592112
XM_034443926.1	8268	8169	19	2.72129
XM_034443927.1	4206	4107	0.637884	0.181722
XM_034443928.1	4197	4098	8.36212	2.38745
XM_034443929.1	2834	2735	0	0
XM_034443930.1	2675	2576	2	0.908396
XM_034443931.1	2018	1919	3	1.8291
XM_034443932.1	796	697	12	20.1437
XM_034443933.1	5337	5238	0	0
XM_034443934.1	4759	4660	0	0
XM_034443935.1	5333	5234	0	0
XM_034443936.1	4174	4075	0	0
XM_034443937.1	4169	4070	0	0
XM_034443938.1	4045	3946	0	0
XM_034443939.1	4045	3946	0	0
XM_034443940.1	3373	3274	3.07966	1.10056
XM_034443941.1	3369	3270	12.9203	4.62293
XM_034443942.1	744	645	0	0
XM_034443943.1	4822	4723	0	0
XM_034443944.1	2983	2884	0	0
XM_034443945.1	2966	2867	0	0
XM_034443946.1	2892	2793	1	0.418909
XM_034443947.1	4837	4738	0	0
XM_034443948.1	4838	4739	0	0
XM_034443949.1	4120	4021	2	0.581951
XM_034443950.1	1090	991	0	0
XM_034443951.1	1187	1088	0	0
XM_034443952.1	1121	1022	0	0
XM_034443953.1	3076	2977	0	0
XM_034443954.1	2806	2707	7	3.02552
XM_034443955.1	4442	4343	0	0
XM_034443956.1	2724	2625	5.24369e-05	2.33722e-05
XM_034443957.1	1789	1690	0	0
XM_034443958.1	4426	4327	0	0
XM_034443959.1	2903	2804	17	7.09352
XM_034443960.1	897	798	0	0
XM_034443961.1	4425	4326	0	0
XM_034443962.1	1465	1366	19.5116	16.7122
XM_034443963.1	1468	1369	1.48839	1.27205
XM_034443964.1	2233	2134	23	12.6103
XM_034443965.1	2355	2256	0	0
XM_034443966.1	2286	2187	0	0
XM_034443967.1	2337	2238	12	6.27353
XM_034443968.1	4643	4544	0	0
XM_034443969.1	2443	2344	2.66717	1.33133
XM_034443970.1	2447	2348	1.33283	0.664151
XM_034443971.1	1348	1249	3	2.81028
XM_034443972.1	1440	1341	0	0
XM_034443973.1	4487	4388	0	0
XM_034443974.1	2086	1987	9	5.29951
XM_034443975.1	2158	2059	0	0
XM_034443976.1	2928	2829	0	0
XM_034443977.1	2917	2818	0	0
XM_034443978.1	2905	2806	0	0
XM_034443979.1	2875	2776	0	0
XM_034443980.1	2463	2364	0	0
XM_034443981.1	1342	1243	0	0
XM_034443982.1	4744	4645	0	0
XM_034443983.1	1331	1232	0	0
XM_034443984.1	1412	1313	0.000188879	0.00016831
XM_034443985.1	1402	1303	1.4822	1.33093
XM_034443986.1	1377	1278	0	0
XM_034443987.1	1366	1267	0	0
XM_034443988.1	3668	3569	0	0
XM_034443989.1	3587	3488	32	10.7341
XM_034443990.1	7138	7039	0	0
XM_034443991.1	4725	4626	0	0
XM_034443992.1	7088	6989	0	0
XM_034443993.1	6681	6582	0	0
XM_034443994.1	6275	6176	0	0
XM_034443995.1	2370	2271	0	0
XM_034443996.1	2256	2157	0	0
XM_034443997.1	3270	3171	29.8236	11.0041
XM_034443998.1	4934	4835	0	0
XM_034443999.1	2784	2685	0	0
XM_034444000.1	3004	2905	0	0
XM_034444001.1	2865	2766	0	0
XM_034444002.1	2293	2194	3	1.59984
XM_034444003.1	4935	4836	0	0
XM_034444004.1	2437	2338	14	7.00607
XM_034444005.1	2354	2255	0	0
XM_034444006.1	2429	2330	0	0
XM_034444007.1	1950	1851	0	0
XM_034444008.1	1920	1821	2	1.28502
XM_034444009.1	4722	4623	0	0
XM_034444010.1	1178	1079	5	5.42175
XM_034444011.1	8385	8286	2.99344	0.422684
XM_034444012.1	8368	8269	33.2976	4.7114
XM_034444013.1	4703	4604	0	0
XM_034444014.1	906	807	0	0
XM_034444015.1	1029	930	1	1.25808
XM_034444016.1	905	806	0	0
XM_034444017.1	898	799	0	0
XM_034444018.1	828	729	0	0
XM_034444019.1	2564	2465	5.37658	2.55199
XM_034444020.1	4684	4585	0	0
XM_034444021.1	1462	1363	4.56581	3.91934
XM_034444022.1	1134	1035	3	3.39134
XM_034444023.1	946	847	0	0
XM_034444024.1	938	839	0	0
XM_034444025.1	4691	4592	0	0
XM_034444026.1	2147	2048	1	0.571296
XM_034444027.1	2176	2077	6.87106e-08	3.8706e-08
XM_034444028.1	4686	4587	0	0
XM_034444029.1	1347	1248	0.226323	0.21218
XM_034444030.1	1591	1492	0	0
XM_034444031.1	1344	1245	3.8088	3.5794
XM_034444032.1	1505	1406	0	0
XM_034444033.1	4657	4558	0	0
XM_034444034.1	6062	5963	4.23477e-07	8.30913e-08
XM_034444035.1	6424	6325	0	0
XM_034444036.1	6044	5945	1.46866e-05	2.89041e-06
XM_034444037.1	6035	5936	8.68391e-05	1.71164e-05
XM_034444038.1	4654	4555	0	0
XM_034444039.1	5990	5891	0.653623	0.129816
XM_034444040.1	5972	5873	23.6739	4.71629
XM_034444041.1	2551	2452	2	0.954334
XM_034444042.1	4225	4126	0	0
XM_034444043.1	4085	3986	9.24826	2.71465
XM_034444044.1	3654	3555	10.7517	3.53859
XM_034444045.1	4928	4829	0	0
XM_034444046.1	2305	2206	0	0
XM_034444047.1	2157	2058	0	0
XM_034444048.1	4887	4788	0	0
XM_034444049.1	4793	4694	0.928723	0.231491
XM_034444050.1	4835	4736	2.69159e-05	6.64948e-06
XM_034444051.1	4823	4724	0.000527747	0.000130709
XM_034444052.1	4652	4553	0	0
XM_034444053.1	4823	4724	0.000527747	0.000130709
XM_034444054.1	4820	4721	0.00111184	0.000275549
XM_034444055.1	4814	4715	0.00494191	0.00122632
XM_034444056.1	4802	4703	0.0981918	0.0244282
XM_034444057.1	4790	4691	1.96595	0.49034
XM_034444058.1	3072	2973	1.29488	0.509597
XM_034444059.1	617	518	0	0
XM_034444060.1	2290	2191	0	0
XM_034444061.1	4649	4550	0	0
XM_034444062.1	10104	10005	12	1.40331
XM_034444063.1	5384	5285	12	2.65661
XM_034444064.1	2641	2542	0	0
XM_034444065.1	2626	2527	0	0
XM_034444066.1	2885	2786	14	5.87946
XM_034444067.1	3943	3844	19	5.7831
XM_034444068.1	4646	4547	0	0
XM_034444069.1	1417	1318	0	0
XM_034444070.1	1239	1140	0	0
XM_034444071.1	4893	4794	0	0
XM_034444072.1	1243	1144	0	0
XM_034444073.1	1203	1104	0	0
XM_034444074.1	902	803	0	0
XM_034444075.1	773	674	1	1.73592
XM_034444076.1	2102	2003	21	12.2667
XM_034444077.1	4620	4521	0	0
XM_034444078.1	4618	4519	0	0
XM_034444079.1	1469	1370	0	0
XM_034444080.1	4615	4516	0	0
XM_034444081.1	1443	1344	0	0
XM_034444082.1	4619	4520	0	0
XM_034444083.1	2521	2422	0	0
XM_034444084.1	2966	2867	0	0
XM_034444085.1	5195	5096	0	0
XM_034444086.1	2820	2721	0	0
XM_034444087.1	2637	2538	2	0.921996
XM_034444088.1	2463	2364	1	0.49493
XM_034444089.1	4603	4504	0	0
XM_034444090.1	2882	2783	0	0
XM_034444091.1	2884	2785	0	0
XM_034444092.1	2832	2733	0	0
XM_034444093.1	2794	2695	38	16.4974
XM_034444094.1	2693	2594	8.39442e-08	3.78627e-08
XM_034444095.1	2794	2695	15.8	6.85947
XM_034444096.1	4587	4488	0	0
XM_034444097.1	2830	2731	0	0
XM_034444098.1	2778	2679	1	0.436735
XM_034444099.1	1545	1446	0	0
XM_034444100.1	2061	1962	16.9558	10.1114
XM_034444101.1	2013	1914	0	0
XM_034444102.1	2003	1904	0	0
XM_034444103.1	2038	1939	0	0
XM_034444104.1	2167	2068	0	0
XM_034444105.1	1824	1725	0	0
XM_034444106.1	1714	1615	0.244114	0.176853
XM_034444107.1	4583	4484	0	0
XM_034444108.1	1713	1614	0	0
XM_034444109.1	1533	1434	2	1.63182
XM_034444110.1	1439	1340	0	0
XM_034444111.1	2015	1916	7	4.27458
XM_034444112.1	577	478	0	0
XM_034444113.1	2452	2353	0	0
XM_034444114.1	4479	4380	0	0
XM_034444115.1	2984	2885	0	0
XM_034444116.1	2894	2795	0	0
XM_034444117.1	2861	2762	0	0
XM_034444118.1	1272	1173	0	0
XM_034444119.1	4581	4482	0	0
XM_034444120.1	963	864	0	0
XM_034444121.1	1593	1494	0	0
XM_034444122.1	762	663	0	0
XM_034444123.1	1329	1230	0	0
XM_034444124.1	1012	913	0	0
XM_034444125.1	695	596	0	0
XM_034444126.1	4439	4340	26.3843	7.1129
XM_034444127.1	632	533	34	74.635
XM_034444128.1	835	736	1	1.58969
XM_034444129.1	6559	6460	7.27002	1.31672
XM_034444130.1	1564	1465	0	0
XM_034444131.1	1325	1226	3	2.863
XM_034444132.1	514	415	0	0
XM_034444133.1	4562	4463	0	0
XM_034444134.1	1059	960	0	0
XM_034444135.1	1630	1531	3	2.29265
XM_034444136.1	2202	2103	0	0
XM_034444137.1	4818	4719	0	0
XM_034444138.1	1380	1281	0	0
XM_034444139.1	855	756	1	1.54764
XM_034444140.1	7389	7290	25.9169	4.15956
XM_034444141.1	894	795	50.409	74.1877
XM_034444142.1	5215	5116	0	0
XM_034444143.1	6817	6718	0	0
XM_034444144.1	4543	4444	0	0
XM_034444145.1	6649	6550	20.3469	3.63453
XM_034444146.1	7665	7566	0	0
XM_034444147.1	4546	4447	0	0
XM_034444148.1	7637	7538	0	0
XM_034444149.1	7604	7505	0	0
XM_034444150.1	7574	7475	0	0
XM_034444151.1	5181	5082	5.41814	1.2474
XM_034444152.1	7537	7438	0	0
XM_034444153.1	7465	7366	0	0
XM_034444154.1	4508	4409	0	0
XM_034444155.1	6271	6172	189.043	35.8366
XM_034444156.1	4752	4653	0	0
XM_034444157.1	3442	3343	0	0
XM_034444158.1	3433	3334	0	0
XM_034444159.1	4676	4577	0	0
XM_034444160.1	3410	3311	0	0
XM_034444161.1	3376	3277	0	0
XM_034444162.1	3297	3198	33.1157	12.1156
XM_034444163.1	2614	2515	0	0
XM_034444164.1	2581	2482	1.2378e-05	5.83497e-06
XM_034444165.1	2566	2467	0.0151608	0.00719025
XM_034444166.1	2548	2449	81.5248	38.9486
XM_034444167.1	2496	2397	0	0
XM_034444168.1	4640	4541	0	0
XM_034444169.1	2637	2538	0	0
XM_034444170.1	2448	2349	0	0
XM_034444171.1	2446	2347	0	0
XM_034444172.1	2317	2218	0	0
XM_034444173.1	2749	2650	2	0.883029
XM_034444174.1	3127	3028	30	11.5919
XM_034444175.1	4462	4363	2.19752	0.589303
XM_034444176.1	3784	3685	0.0204583	0.00649564
XM_034444177.1	1784	1685	0	0
XM_034444178.1	2176	2077	0	0
XM_034444179.1	2713	2614	0	0
XM_034444180.1	1360	1261	0	0
XM_034444181.1	3980	3881	0	0
XM_034444182.1	2346	2247	10.2612	5.34303
XM_034444183.1	1712	1613	0	0
XM_034444184.1	1407	1308	0	0
XM_034444185.1	5550	5451	50.6384	10.8691
XM_034444186.1	2086	1987	0	0
XM_034444187.1	2649	2550	0	0
XM_034444188.1	4448	4349	0	0
XM_034444189.1	831	732	0	0
XM_034444190.1	1493	1394	0	0
XM_034444191.1	1439	1340	0	0
XM_034444192.1	3882	3783	0	0
XM_034444193.1	1470	1371	0	0
XM_034444194.1	1411	1312	0	0
XM_034444195.1	1782	1683	0.0331441	0.0230416
XM_034444196.1	1758	1659	37.0038	26.097
XM_034444197.1	565	466	39.5938	99.4105
XM_034444198.1	1407	1308	0	0
XM_034444199.1	1766	1667	72.5353	50.9102
XM_034444200.1	1471	1372	0	0
XM_034444201.1	1515	1416	0	0
XM_034444202.1	1471	1372	0	0
XM_034444203.1	1447	1348	0	0
XM_034444204.1	1438	1339	0	0
XM_034444205.1	1796	1697	0	0
XM_034444206.1	1792	1693	0	0
XM_034444207.1	1790	1691	8.41585	5.82298
XM_034444208.1	1771	1672	0	0
XM_034444209.1	2082	1983	15	8.85033
XM_034444210.1	1768	1669	0	0
XM_034444211.1	1765	1666	0	0
XM_034444212.1	1449	1350	0	0
XM_034444213.1	1425	1326	0	0
XM_034444214.1	1770	1671	1.18175	0.827447
XM_034444215.1	914	815	0	0
XM_034444216.1	2350	2251	1	0.519775
XM_034444217.1	1126	1027	0	0
XM_034444218.1	1030	931	0	0
XM_034444219.1	2056	1957	4	2.39144
XM_034444220.1	806	707	0	0
XM_034444221.1	764	665	0	0
XM_034444222.1	837	738	0	0
XM_034444223.1	1345	1246	0	0
XM_034444224.1	797	698	0	0
XM_034444225.1	797	698	0	0
XM_034444226.1	1107	1008	23.8456	27.6782
XM_034444227.1	1316	1217	1	0.961391
XM_034444228.1	926	827	0	0
XM_034444229.1	938	839	0	0
XM_034444230.1	1388	1289	22.1011	20.061
XM_034444231.1	938	839	1	1.39453
XM_034444232.1	1838	1739	0	0
XM_034444233.1	554	455	0	0
XM_034444234.1	529	430	1	2.72096
XM_034444235.1	564	465	0	0
XM_034444236.1	547	448	0	0
XM_034444237.1	520	421	0	0
XM_034444238.1	528	429	0	0
XM_034444239.1	528	429	0	0
XM_034444240.1	528	429	0	0
XM_034444241.1	528	429	0	0
XM_034444242.1	2665	2566	20	9.11936
XM_034444243.1	528	429	0	0
XM_034444244.1	576	477	0	0
XM_034444245.1	570	471	0	0
XM_034444246.1	1579	1480	0	0
XM_034444247.1	3637	3538	0	0
XM_034444248.1	3258	3159	0	0
XM_034444249.1	3133	3034	33	12.7259
XM_034444250.1	3567	3468	0	0
XM_034444251.1	3440	3341	109	38.1716
XM_034444252.1	3331	3232	0	0
XM_034444253.1	3404	3305	0	0
XM_034444254.1	3314	3215	0	0
XM_034444255.1	4324	4225	11	3.04619
XM_034444256.1	3895	3796	78	24.0414
XM_034444257.1	4330	4231	2.59064	0.716399
XM_034444258.1	1872	1773	0	0
XM_034444259.1	1321	1222	0	0
XM_034444260.1	2585	2486	0	0
XM_034444261.1	2410	2311	9	4.55652
XM_034444262.1	2306	2207	0	0
XM_034444263.1	2212	2113	0	0
XM_034444264.1	2691	2592	0	0
XM_034444265.1	2589	2490	11	5.16873
XM_034444266.1	2889	2790	4	1.67744
XM_034444267.1	3031	2932	0	0
XM_034444268.1	3030	2931	0	0
XM_034444269.1	6666	6567	13.7976	2.45825
XM_034444270.1	2377	2278	0	0
XM_034444271.1	2119	2020	0	0
XM_034444272.1	2578	2479	0	0
XM_034444273.1	2636	2537	76	35.0497
XM_034444274.1	2147	2048	18	10.2833
XM_034444275.1	4415	4316	0	0
XM_034444276.1	3741	3642	8.71427	2.79951
XM_034444277.1	2408	2309	0	0
XM_034444278.1	2252	2153	11.5471	6.27509
XM_034444279.1	5769	5670	23	4.74609
XM_034444280.1	2505	2406	51	24.8008
XM_034444281.1	5244	5145	0	0
XM_034444282.1	5235	5136	13	2.96148
XM_034444283.1	5226	5127	0	0
XM_034444284.1	5196	5097	0	0
XM_034444285.1	5178	5079	0	0
XM_034444286.1	2970	2871	0	0
XM_034444287.1	2963	2864	0	0
XM_034444288.1	1336	1237	0	0
XM_034444289.1	5268	5169	0	0
XM_034444290.1	1942	1843	6	3.80905
XM_034444291.1	2397	2298	3.99478	2.03392
XM_034444292.1	2395	2296	4.00522	2.04101
XM_034444293.1	2859	2760	0	0
XM_034444294.1	2864	2765	0	0
XM_034444295.1	4036	3937	2.28325	0.678545
XM_034444296.1	3409	3310	26.5813	9.39592
XM_034444297.1	2454	2355	1.41868	0.70483
XM_034444298.1	2170	2071	0	0
XM_034444299.1	2135	2036	2	1.14933
XM_034444300.1	3220	3121	0	0
XM_034444301.1	2420	2321	0	0
XM_034444302.1	3144	3045	0	0
XM_034444303.1	3630	3531	0	0
XM_034444304.1	3757	3658	17.7168	5.66671
XM_034444305.1	3622	3523	0	0
XM_034444306.1	2262	2163	0	0
XM_034444307.1	7355	7256	10.6351	1.71488
XM_034444308.1	6837	6738	0	0
XM_034444309.1	6893	6794	0	0
XM_034444310.1	2128	2029	0	0
XM_034444311.1	2982	2883	0	0
XM_034444312.1	3926	3827	0	0
XM_034444313.1	3823	3724	4.54177	1.42694
XM_034444314.1	2532	2433	0.0010462	0.000503112
XM_034444315.1	2516	2417	2.40325	1.16336
XM_034444316.1	2467	2368	14.447	7.13815
XM_034444317.1	3151	3052	21.2176	8.13398
XM_034444318.1	2014	1915	2	1.22195
XM_034444319.1	2991	2892	0	0
XM_034444320.1	1957	1858	0	0
XM_034444321.1	2122	2023	7.09183	4.1016
XM_034444322.1	1349	1250	0	0
XM_034444323.1	2033	1934	0	0
XM_034444324.1	1587	1488	0	0
XM_034444325.1	2904	2805	0	0
XM_034444326.1	1029	930	0	0
XM_034444327.1	4048	3949	0	0
XM_034444328.1	3999	3900	0	0
XM_034444329.1	929	830	0	0
XM_034444330.1	914	815	1.55121	2.22692
XM_034444331.1	940	841	0	0
XM_034444332.1	2970	2871	0	0
XM_034444333.1	735	636	1	1.83964
XM_034444334.1	757	658	0	0
XM_034444335.1	1041	942	0	0
XM_034444336.1	2970	2871	0	0
XM_034444337.1	1203	1104	0.0033639	0.00356504
XM_034444338.1	1195	1096	17.0524	18.204
XM_034444339.1	2814	2715	6	2.58566
XM_034444340.1	6116	6017	0.000442908	8.61241e-05
XM_034444341.1	3586	3487	0	0
XM_034444342.1	2527	2428	0	0
XM_034444343.1	2761	2662	0	0
XM_034444344.1	7232	7133	2.59535	0.425712
XM_034444345.1	7214	7115	50.2751	8.26739
XM_034444346.1	3281	3182	1.3793	0.507166
XM_034444347.1	3275	3176	12.6225	4.65003
XM_034444348.1	3343	3244	0.00103381	0.000372865
XM_034444349.1	3317	3218	12.9972	4.72556
XM_034444350.1	2837	2738	0	0
XM_034444351.1	2685	2586	0	0
XM_034444352.1	1878	1779	3.15538	2.07523
XM_034444353.1	1880	1781	0.84462	0.554866
XM_034444354.1	1899	1800	0	0
XM_034444355.1	1850	1751	0	0
XM_034444356.1	1834	1735	0	0
XM_034444357.1	1853	1754	0	0
XM_034444358.1	1786	1687	4.9902	3.46094
XM_034444359.1	1795	1696	0.00971831	0.00670433
XM_034444360.1	1806	1707	0	0
XM_034444361.1	1802	1703	7.75047e-05	5.32481e-05
XM_034444362.1	1664	1565	12.6743	9.47546
XM_034444363.1	1894	1795	0	0
XM_034444364.1	1833	1734	0	0
XM_034444365.1	1876	1777	0	0
XM_034444366.1	1814	1715	0	0
XM_034444367.1	1589	1490	0	0
XM_034444368.1	1853	1754	0	0
XM_034444369.1	1799	1700	15	10.3236
XM_034444370.1	2081	1982	18.2047	10.7466
XM_034444371.1	2205	2106	4	2.22225
XM_034444372.1	1407	1308	0	0
XM_034444373.1	1467	1368	0	0
XM_034444374.1	1667	1568	0	0
XM_034444375.1	1567	1468	2.27885	1.81627
XM_034444376.1	1280	1181	0	0
XM_034444377.1	1449	1350	19.5652	16.9567
XM_034444378.1	631	532	5.12958	11.2813
XM_034444379.1	2590	2491	0	0
XM_034444380.1	4367	4268	47	12.8844
XM_034444381.1	12561	12462	5.42132e-06	5.08989e-07
XM_034444382.1	2819	2720	15.9866	6.87665
XM_034444383.1	2409	2310	0	0
XM_034444384.1	2356	2257	7	3.62875
XM_034444385.1	1820	1721	0	0
XM_034444386.1	2549	2450	0	0
XM_034444387.1	7569	7470	0	0
XM_034444388.1	5362	5263	0	0
XM_034444389.1	2598	2499	0	0
XM_034444390.1	5373	5274	0	0
XM_034444391.1	5367	5268	0	0
XM_034444392.1	5334	5235	0	0
XM_034444393.1	5331	5232	19.5746	4.37741
XM_034444394.1	5352	5253	0	0
XM_034444395.1	5341	5242	37.8095	8.43908
XM_034444396.1	5274	5175	0	0
XM_034444397.1	5286	5187	0	0
XM_034444398.1	5235	5136	0	0
XM_034444399.1	5204	5105	0	0
XM_034444400.1	5181	5082	0	0
XM_034444401.1	4263	4164	1.61583	0.454021
XM_034444402.1	1684	1585	2	1.47636
XM_034444403.1	2214	2115	0	0
XM_034444404.1	2623	2524	4	1.85422
XM_034444405.1	1855	1756	0	0
XM_034444406.1	1997	1898	0.000251294	0.000154909
XM_034444407.1	1601	1502	0	0
XM_034444408.1	5136	5037	62.4563	14.5076
XM_034444409.1	1840	1741	19	12.7687
XM_034444410.1	3307	3208	7.65062	2.79031
XM_034444411.1	4485	4386	14.893	3.97288
XM_034444412.1	1939	1840	18.4241	11.7155
XM_034444413.1	2275	2176	9	4.83921
XM_034444414.1	1464	1365	2	1.71431
XM_034444415.1	990	891	0	0
XM_034444416.1	667	568	0	0
XM_034444417.1	1550	1451	3	2.41905
XM_034444418.1	3550	3451	11.9099	4.03789
XM_034444419.1	1473	1374	0	0
XM_034444420.1	1351	1252	1	0.934516
XM_034444421.1	2521	2422	2	0.966155
XM_034444422.1	1415	1316	0	0
XM_034444423.1	1190	1091	0	0
XM_034444424.1	2110	2011	1.2425e-05	7.22896e-06
XM_034444425.1	2087	1988	8.99999	5.29683
XM_034444426.1	4422	4323	3.19624e-06	8.65058e-07
XM_034444427.1	4363	4264	32	8.78059
XM_034444428.1	1076	977	5	5.98779
XM_034444429.1	1385	1286	0	0
XM_034444430.1	1149	1050	0	0
XM_034444431.1	1127	1028	5	5.69073
XM_034444432.1	2366	2267	0	0
XM_034444433.1	2087	1988	0	0
XM_034444434.1	2652	2553	18	8.24921
XM_034444435.1	2555	2456	1	0.47639
XM_034444436.1	994	895	0	0
XM_034444437.1	1158	1059	0	0
XM_034444438.1	1098	999	0	0
XM_034444439.1	1102	1003	0	0
XM_034444440.1	4868	4769	68	16.6829
XM_034444441.1	2235	2136	20	10.9552
XM_034444442.1	4057	3958	0	0
XM_034444443.1	2928	2829	0	0
XM_034444444.1	3893	3794	0	0
XM_034444445.1	2755	2656	6	2.6431
XM_034444446.1	5564	5465	5.6512e-07	1.20988e-07
XM_034444447.1	5487	5388	9.56854	2.07783
XM_034444448.1	5512	5413	0.0419372	0.00906468
XM_034444449.1	5633	5534	0	0
XM_034444450.1	5484	5385	18.3895	3.99554
XM_034444451.1	6702	6603	0	0
XM_034444452.1	4054	3955	2.19225e-07	6.48538e-08
XM_034444453.1	3988	3889	82	24.6699
XM_034444454.1	2704	2605	30.2094	13.5683
XM_034444455.1	2432	2333	37	18.5557
XM_034444456.1	2805	2706	0	0
XM_034444457.1	2643	2544	0	0
XM_034444458.1	2250	2151	0	0
XM_034444459.1	1820	1721	32.2646	21.9349
XM_034444460.1	2088	1989	4.14042	2.43557
XM_034444461.1	1463	1364	0	0
XM_034444462.1	1401	1302	56	50.3232
XM_034444463.1	818	719	0	0
XM_034444464.1	2522	2423	31	14.9692
XM_034444465.1	2440	2341	1	0.499792
XM_034444466.1	10041	9942	0	0
XM_034444467.1	2664	2565	0	0
XM_034444468.1	2675	2576	0	0
XM_034444469.1	2598	2499	7.51948e-05	3.52057e-05
XM_034444470.1	2572	2473	15.9999	7.5698
XM_034444471.1	2106	2007	7.49372e-06	4.36858e-06
XM_034444472.1	2055	1956	7.2192	4.31828
XM_034444473.1	5711	5612	73.7808	15.3821
XM_034444474.1	10035	9936	136	16.0147
XM_034444475.1	2040	1941	10	6.02789
XM_034444476.1	2436	2337	1	0.500648
XM_034444477.1	2533	2434	0	0
XM_034444478.1	2765	2666	5	2.19432
XM_034444479.1	4059	3960	0.0253745	0.00749709
XM_034444480.1	3963	3864	0	0
XM_034444481.1	3911	3812	0	0
XM_034444482.1	10032	9933	0	0
XM_034444483.1	4038	3939	12.9746	3.85389
XM_034444484.1	4168	4069	0	0
XM_034444485.1	2026	1927	3.7787	2.29431
XM_034444486.1	1783	1684	3.30956	2.29943
XM_034444487.1	2476	2377	0	0
XM_034444488.1	2378	2279	3	1.54017
XM_034444489.1	1819	1720	1	0.68024
XM_034444490.1	3322	3223	6	2.17812
XM_034444491.1	3141	3042	0	0
XM_034444492.1	3272	3173	2.55588	0.942458
XM_034444493.1	2806	2707	0	0
XM_034444494.1	2338	2239	0	0
XM_034444495.1	2176	2077	0	0
XM_034444496.1	2330	2231	0	0
XM_034444497.1	2414	2315	0	0
XM_034444498.1	2814	2715	0	0
XM_034444499.1	841	742	6	9.46102
XM_034444500.1	769	670	0.000977389	0.0017068
XM_034444501.1	588	489	0	0
XM_034444502.1	627	528	0	0
XM_034444503.1	666	567	0	0
XM_034444504.1	2194	2095	16	8.93566
XM_034444505.1	2199	2100	0	0
XM_034444506.1	1985	1886	0	0
XM_034444507.1	1940	1841	0	0
XM_034444508.1	1797	1698	0	0
XM_034444509.1	1698	1599	0	0
XM_034444510.1	931	832	0	0
XM_034444511.1	929	830	2	2.81931
XM_034444512.1	911	812	0	0
XM_034444513.1	910	811	0	0
XM_034444514.1	1118	1019	0.00195959	0.00225
XM_034444515.1	1112	1013	1.99804	2.30773
XM_034444516.1	1144	1045	0	0
XM_034444517.1	769	670	0	0
XM_034444518.1	766	667	0	0
XM_034444519.1	716	617	5	9.48147
XM_034444520.1	713	614	0	0
XM_034444521.1	680	581	7	14.0965
XM_034444522.1	614	515	0	0
XM_034444523.1	605	506	0	0
XM_034444524.1	2126	2027	18.8139	10.8597
XM_034444525.1	8416	8317	100	14.0677
XM_034444526.1	4422	4323	10.7795	2.91745
XM_034444527.1	4436	4337	0	0
XM_034444528.1	4402	4303	0	0
XM_034444529.1	4423	4324	0	0
XM_034444530.1	4307	4208	29.7527	8.27259
XM_034444531.1	719	620	0	0
XM_034444532.1	2197	2098	7.88117	4.39517
XM_034444533.1	4203	4104	1.85775	0.529628
XM_034444534.1	4212	4113	0.142248	0.0404648
XM_034444535.1	4303	4204	6.62548	1.84393
XM_034444536.1	2475	2376	11	5.41673
XM_034444537.1	2645	2546	0	0
XM_034444538.1	739	640	4	7.31258
XM_034444539.1	3580	3481	0	0
XM_034444540.1	1621	1522	0	0
XM_034444541.1	6098	5999	0.31825	0.0620697
XM_034444542.1	1666	1567	0	0
XM_034444543.1	1021	922	4	5.07598
XM_034444544.1	1070	971	0	0
XM_034444545.1	6076	5977	23.6818	4.63576
XM_034444546.1	588	489	0	0
XM_034444547.1	2454	2355	19.1983	9.53813
XM_034444548.1	1490	1391	21.9768	18.4854
XM_034444549.1	6045	5946	0	0
XM_034444550.1	848	749	0	0
XM_034444551.1	980	881	0	0
XM_034444552.1	849	750	0	0
XM_034444553.1	704	605	14.999	29.0067
XM_034444554.1	7175	7076	0	0
XM_034444555.1	7172	7073	0	0
XM_034444556.1	7169	7070	0	0
XM_034444557.1	7166	7067	0	0
XM_034444558.1	2050	1951	135.514	81.268
XM_034444559.1	7154	7055	0	0
XM_034444560.1	7124	7025	0	0
XM_034444561.1	6938	6839	14.2159	2.43204
XM_034444562.1	6935	6836	23.7841	4.07077
XM_034444563.1	2096	1997	0	0
XM_034444564.1	5280	5181	0.336393	0.0759669
XM_034444565.1	5277	5178	0.663607	0.149948
XM_034444566.1	3589	3490	0	0
XM_034444567.1	3419	3320	0	0
XM_034444568.1	3531	3432	0	0
XM_034444569.1	2882	2783	0	0
XM_034444570.1	972	873	0	0
XM_034444571.1	1746	1647	0	0
XM_034444572.1	2720	2621	0	0
XM_034444573.1	2900	2801	0	0
XM_034444574.1	2748	2649	14	6.18354
XM_034444575.1	758	659	10	17.7544
XM_034444576.1	4627	4528	17.0244	4.39903
XM_034444577.1	1252	1153	0	0
XM_034444578.1	1234	1135	0	0
XM_034444579.1	1236	1137	0	0
XM_034444580.1	1254	1155	0	0
XM_034444581.1	1330	1231	0	0
XM_034444582.1	689	590	3	5.94922
XM_034444583.1	2210	2111	0	0
XM_034444584.1	2204	2105	0	0
XM_034444585.1	2201	2102	0	0
XM_034444586.1	2092	1993	4	2.34825
XM_034444587.1	2709	2610	13	5.82765
XM_034444588.1	1626	1527	746	571.598
XM_034444589.1	696	597	1	1.95982
XM_034444590.1	1766	1667	7	4.91307
XM_034444591.1	2649	2550	0	0
XM_034444592.1	2538	2439	13	6.23623
XM_034444593.1	3226	3127	0	0
XM_034444594.1	2768	2669	0	0
XM_034444595.1	4384	4285	10	2.73049
XM_034444596.1	3138	3039	0	0
XM_034444597.1	3142	3043	0	0
XM_034444598.1	3092	2993	0	0
XM_034444599.1	3019	2920	0	0
XM_034444600.1	2740	2641	0	0
XM_034444601.1	2981	2882	0	0
XM_034444602.1	3023	2924	0	0
XM_034444603.1	2973	2874	0	0
XM_034444604.1	2981	2882	0	0
XM_034444605.1	2907	2808	7	2.9167
XM_034444606.1	4549	4450	1.63965	0.431103
XM_034444607.1	2731	2632	0	0
XM_034444608.1	4546	4447	3.6166	0.951533
XM_034444609.1	2734	2635	0	0
XM_034444610.1	3196	3097	2	0.755579
XM_034444611.1	2011	1912	4	2.44773
XM_034444612.1	8069	7970	0	0
XM_034444613.1	2560	2461	0	0
XM_034444614.1	2459	2360	0.666667	0.330512
XM_034444615.1	2459	2360	0.666667	0.330512
XM_034444616.1	2899	2800	0	0
XM_034444617.1	2543	2444	0	0
XM_034444618.1	2759	2660	0	0
XM_034444619.1	2882	2783	0	0
XM_034444620.1	2741	2642	14.7458	6.53018
XM_034444621.1	2526	2427	1.25424	0.604645
XM_034444622.1	2552	2453	0	0
XM_034444623.1	2718	2619	0	0
XM_034444624.1	4259	4160	0	0
XM_034444625.1	4104	4005	0	0
XM_034444626.1	3973	3874	0	0
XM_034444627.1	4127	4028	0	0
XM_034444628.1	3838	3739	2	0.625843
XM_034444629.1	4535	4436	9.89362	2.60948
XM_034444630.1	2504	2405	0	0
XM_034444631.1	4111	4012	0	0
XM_034444632.1	5337	5238	18.7975	4.1988
XM_034444633.1	3587	3488	0	0
XM_034444634.1	2703	2604	0	0
XM_034444635.1	2560	2461	17.0629	8.11209
XM_034444636.1	2582	2483	14.9371	7.03849
XM_034444637.1	2017	1918	0	0
XM_034444638.1	2700	2601	0	0
XM_034444639.1	1117	1018	1	1.14933
XM_034444640.1	620	521	0	0
XM_034444641.1	4302	4203	1	0.278376
XM_034444642.1	2651	2552	0	0
XM_034444643.1	4266	4167	1.10638	0.310651
XM_034444644.1	3555	3456	0.365778	0.123833
XM_034444645.1	2312	2213	0	0
XM_034444646.1	3023	2924	18	7.20254
XM_034444647.1	679	580	3	6.05179
XM_034444648.1	2640	2541	0	0
XM_034444649.1	859	760	0	0
XM_034444650.1	8054	7955	148.505	21.8419
XM_034444651.1	2421	2322	14.0672	7.08822
XM_034444652.1	4103	4004	4.03209	1.17822
XM_034444653.1	4103	4004	4.03209	1.17822
XM_034444654.1	2605	2506	0	0
XM_034444655.1	1808	1709	1	0.684619
XM_034444656.1	1132	1033	0	0
XM_034444657.1	3214	3115	2	0.751212
XM_034444658.1	966	867	0	0
XM_034444659.1	2396	2297	3.89063	1.98175
XM_034444660.1	480	381	0	0
XM_034444661.1	646	547	0	0
XM_034444662.1	2175	2076	0	0
XM_034444663.1	3571	3472	0	0
XM_034444664.1	687	588	0	0
XM_034444665.1	2191	2092	5	2.7964
XM_034444666.1	2267	2168	8.04214	4.34013
XM_034444667.1	5717	5618	5	1.04131
XM_034444668.1	776	677	0	0
XM_034444669.1	1371	1272	0	0
XM_034444670.1	6200	6101	28	5.36967
XM_034444671.1	2521	2422	0	0
XM_034444672.1	1982	1883	1	0.621356
XM_034444673.1	662	563	0	0
XM_034444674.1	4811	4712	3	0.744915
XM_034444675.1	1126	1027	0	0
XM_034444676.1	10880	10781	162	17.5811
XM_034444677.1	4476	4377	0	0
XM_034444678.1	5769	5670	0	0
XM_034444679.1	4557	4458	0	0
XM_034444680.1	2912	2813	1.95617	0.81363
XM_034444681.1	2046	1947	0	0
XM_034444682.1	1046	947	0	0
XM_034444683.1	2032	1933	0	0
XM_034444684.1	3025	2926	0	0
XM_034444685.1	5668	5569	47	9.87442
XM_034444686.1	14012	13913	72	6.05484
XM_034444687.1	3353	3254	0	0
XM_034444688.1	468	369	1.63754	5.19225
XM_034444689.1	7037	6938	93	15.6834
XM_034444690.1	7294	7195	202	32.8482
XM_034444691.1	5510	5411	43	9.29783
XM_034444692.1	543	444	0	0
XM_034444693.1	2274	2175	2.23628	1.20298
XM_034444694.1	1941	1842	0	0
XM_034444695.1	633	534	0	0
XM_034444696.1	4069	3970	0	0
XM_034444697.1	2360	2261	9.98016	5.1645
XM_034444698.1	1386	1287	0	0
XM_034444699.1	680	581	0	0
XM_034444700.1	1248	1149	0	0
XM_034444701.1	5158	5059	0	0
XM_034444702.1	896	797	0	0
XM_034444703.1	12411	12312	172	16.3452
XM_034444704.1	9198	9099	627.661	80.709
XM_034444705.1	2682	2583	0	0
XM_034444706.1	436	337	0	0
XM_034444707.1	2113	2014	7	4.06658
XM_034444708.1	2094	1995	0	0
XM_034444709.1	679	580	55.7298	112.422
XM_034444710.1	919	820	11	15.6953
XM_034444711.1	1385	1286	0	0
XM_034444712.1	826	727	1.28162	2.0626
XM_034444713.1	1607	1508	4	3.10348
XM_034444714.1	2168	2069	0	0
XM_034444715.1	1770	1671	0	0
XM_034444716.1	3598	3499	7.5962	2.54006
XM_034444717.1	1902	1803	0	0
XM_034444718.1	2760	2661	2	0.879379
XM_034444719.1	3840	3741	0	0
XM_034444720.1	543	444	0	0
XM_034444721.1	1902	1803	0	0
XM_034444722.1	15810	15711	167.947	12.5072
XM_034444723.1	1728	1629	4.52642e-06	3.25106e-06
XM_034444724.1	1200	1101	0	0
XM_034444725.1	9535	9436	482	59.7654
XM_034444726.1	1276	1177	35.5354	35.3245
XM_034444727.1	1897	1798	0	0
XM_034444728.1	1508	1409	14	11.6254
XM_034444729.1	492	393	0	0
XM_034444730.1	760	661	0	0
XM_034444731.1	3330	3231	0	0
XM_034444732.1	4235	4136	58	16.4073
XM_034444733.1	2625	2526	0	0
XM_034444734.1	846	747	0	0
XM_034444735.1	1783	1684	0	0
XM_034444736.1	7922	7823	12	1.79473
XM_034444737.1	3413	3314	3	1.05916
XM_034444738.1	8143	8044	93	13.527
XM_034444739.1	1643	1544	0	0
XM_034444740.1	2709	2610	0	0
XM_034444741.1	1080	981	0	0
XM_034444742.1	2219	2120	18.0945	9.98621
XM_034444743.1	1349	1250	0	0
XM_034444744.1	1711	1612	0.999995	0.725811
XM_034444745.1	1623	1524	0	0
XM_034444746.1	489	390	14	42.0005
XM_034444747.1	827	728	0	0
XM_034444748.1	1770	1671	0	0
XM_034444749.1	4148	4049	56	16.182
XM_034444750.1	6661	6562	0	0
XM_034444751.1	750	651	0	0
XM_034444752.1	1537	1438	0	0
XM_034444753.1	2828	2729	6	2.5724
XM_034444754.1	687	588	1	1.98982
XM_034444755.1	2790	2691	0	0
XM_034444756.1	3942	3843	3.99982	1.21776
XM_034444757.1	555	456	0	0
XM_034444758.1	5495	5396	111	24.0681
XM_034444759.1	4665	4566	9	2.3062
XM_034444760.1	318	219	0	0
XM_034444761.1	2552	2453	2	0.953945
XM_034444762.1	996	897	0	0
XM_034444763.1	2927	2828	24.2877	10.0484
XM_034444764.1	1311	1212	0	0
XM_034444765.1	1317	1218	0	0
XM_034444766.1	3904	3805	0	0
XM_034444767.1	880	781	0	0
XM_034444768.1	717	618	0	0
XM_034444769.1	1265	1166	0	0
XM_034444770.1	5213	5114	1	0.228786
XM_034444771.1	476	377	565	1753.47
XM_034444772.1	1770	1671	0	0
XM_034444773.1	5887	5788	24.2649	4.90502
XM_034444774.1	9167	9068	569.587	73.4919
XM_034444775.1	2653	2554	68	31.1515
XM_034444776.1	764	665	0	0
XM_034444777.1	1530	1431	0	0
XM_034444778.1	1642	1543	0	0
XM_034444779.1	1405	1306	0	0
XM_034444780.1	1390	1291	0	0
XM_034444781.1	1448	1349	0	0
XM_034444782.1	1107	1008	0	0
XM_034444783.1	1364	1265	0	0
XM_034444784.1	1377	1278	0	0
XM_034444785.1	1626	1527	0	0
XM_034444786.1	895	796	0	0
XM_034444787.1	685	586	5	9.98305
XM_034444788.1	2832	2733	27.7941	11.8988
XM_034444789.1	2252	2153	0	0
XM_034444790.1	2426	2327	0	0
XM_034444791.1	2248	2149	0	0
XM_034444792.1	2107	2008	0	0
XM_034444793.1	2498	2399	0	0
XM_034444794.1	2153	2054	0	0
XM_034444795.1	2183	2084	0	0
XM_034444796.1	2194	2095	0	0
XM_034444797.1	2261	2162	7	3.7882
XM_034444798.1	2372	2273	0	0
XM_034444799.1	2884	2785	0	0
XM_034444800.1	2412	2313	0	0
XM_034444801.1	4481	4382	16	4.27207
XM_034444802.1	5029	4930	0	0
XM_034444803.1	4927	4828	53.9389	13.0715
XM_034444804.1	3938	3839	3	0.914311
XM_034444805.1	3226	3127	0	0
XM_034444806.1	7105	7006	64	10.6881
XM_034444807.1	6132	6033	0	0
XM_034444808.1	6054	5955	0	0
XM_034444809.1	4571	4472	0	0
XM_034444810.1	4178	4079	0	0
XM_034444811.1	3997	3898	0	0
XM_034444812.1	4710	4611	0	0
XM_034444813.1	4045	3946	0	0
XM_034444814.1	3285	3186	0	0
XM_034444815.1	2620	2521	0	0
XM_034444816.1	3418	3319	0	0
XM_034444817.1	2572	2473	35.4201	16.7578
XM_034444818.1	3285	3186	0	0
XM_034444819.1	2620	2521	0	0
XM_034444820.1	2852	2753	40	16.9998
XM_034444821.1	2826	2727	0	0
XM_034444822.1	1487	1388	0	0
XM_034444823.1	1430	1331	0	0
XM_034444824.1	2829	2730	0	0
XM_034444825.1	1412	1313	0.0109153	0.00972664
XM_034444826.1	1409	1310	0.159709	0.142643
XM_034444827.1	7570	7471	0	0
XM_034444828.1	7411	7312	58	9.28074
XM_034444829.1	7506	7407	1.53957e-05	2.43192e-06
XM_034444830.1	2824	2725	0	0
XM_034444831.1	14252	14153	0.0282568	0.00233596
XM_034444832.1	14141	14042	289.895	24.1548
XM_034444833.1	14240	14141	0.0764254	0.00632337
XM_034444834.1	14219	14120	0.000103235	8.55424e-06
XM_034444835.1	2201	2102	37	20.5949
XM_034444836.1	2792	2693	0	0
XM_034444837.1	2051	1952	0	0
XM_034444838.1	1365	1266	0	0
XM_034444839.1	1860	1761	5	3.32201
XM_034444840.1	3163	3064	0	0
XM_034444841.1	2991	2892	0	0
XM_034444842.1	3076	2977	0	0
XM_034444843.1	2904	2805	3.21671	1.34174
XM_034444844.1	2795	2696	0	0
XM_034444845.1	3494	3395	283	97.5298
XM_034444846.1	2866	2767	3.10718	1.31386
XM_034444847.1	2785	2686	1.84774	0.804871
XM_034444848.1	2744	2645	0	0
XM_034444849.1	2790	2691	0	0
XM_034444850.1	2863	2764	11.0915	4.69509
XM_034444851.1	2782	2683	6.85394	2.98889
XM_034444852.1	2605	2506	0.21664	0.101146
XM_034444853.1	2602	2503	0.882984	0.412746
XM_034444854.1	4897	4798	0	0
XM_034444855.1	4846	4747	0	0
XM_034444856.1	4894	4795	169.929	41.4638
XM_034444857.1	1588	1489	8	6.28617
XM_034444858.1	1813	1714	0	0
XM_034444859.1	2742	2643	0	0
XM_034444860.1	1265	1166	0	0
XM_034444861.1	4296	4197	69.9357	19.4962
XM_034444862.1	4273	4174	99.0643	27.7687
XM_034444863.1	679	580	8.40257	16.9502
XM_034444864.1	6994	6895	0	0
XM_034444865.1	6943	6844	33.3228	5.69668
XM_034444866.1	6238	6139	52.6772	10.0396
XM_034444867.1	3344	3245	0	0
XM_034444868.1	3854	3755	0	0
XM_034444869.1	1345	1246	11	10.3292
XM_034444870.1	3420	3321	0	0
XM_034444871.1	2587	2488	0	0
XM_034444872.1	3994	3895	7.72166e-07	2.3195e-07
XM_034444873.1	1661	1562	2	1.4981
XM_034444874.1	2665	2566	0	0
XM_034444875.1	1524	1425	0	0
XM_034444876.1	2722	2623	0	0
XM_034444877.1	1984	1885	11	6.82766
XM_034444878.1	1463	1364	0	0
XM_034444879.1	3136	3037	65	25.0414
XM_034444880.1	2275	2176	0	0
XM_034444881.1	2974	2875	39.0829	15.9052
XM_034444882.1	2273	2174	0	0
XM_034444883.1	2203	2104	18	10.0096
XM_034444884.1	2232	2133	3.01861	1.6558
XM_034444885.1	5425	5326	0	0
XM_034444886.1	3310	3211	0	0
XM_034444887.1	3475	3376	11.3703	3.94059
XM_034444888.1	3310	3211	0	0
XM_034444889.1	2629	2530	19	8.78666
XM_034444890.1	2251	2152	0	0
XM_034444891.1	2363	2264	19	9.81902
XM_034444892.1	2249	2150	0.0231151	0.0125791
XM_034444893.1	7357	7258	0	0
XM_034444894.1	7317	7218	0	0
XM_034444895.1	7231	7132	0	0
XM_034444896.1	7064	6965	0	0
XM_034444897.1	7191	7092	0	0
XM_034444898.1	1723	1624	0	0
XM_034444899.1	2240	2141	3.16854	1.73154
XM_034444900.1	6668	6569	0	0
XM_034444901.1	5986	5887	13	2.58369
XM_034444902.1	2651	2552	5.10257	2.33937
XM_034444903.1	1629	1530	0.000389724	0.000298028
XM_034444904.1	2527	2428	0	0
XM_034444905.1	1617	1518	3.99961	3.08274
XM_034444906.1	2458	2359	1	0.495979
XM_034444907.1	1385	1286	0	0
XM_034444908.1	1601	1502	0	0
XM_034444909.1	1589	1490	0	0
XM_034444910.1	2257	2158	0	0
XM_034444911.1	1514	1415	2	1.65373
XM_034444912.1	1052	953	0	0
XM_034444913.1	1713	1614	0	0
XM_034444914.1	1603	1504	2	1.55587
XM_034444915.1	1891	1792	34.2987	22.3939
XM_034444916.1	2644	2545	2	0.91946
XM_034444917.1	2429	2330	0	0
XM_034444918.1	2712	2613	40	17.9107
XM_034444919.1	2654	2555	0	0
XM_034444920.1	2209	2110	10	5.54509
XM_034444921.1	2554	2455	2	0.953168
XM_034444922.1	2635	2536	0	0
XM_034444923.1	2612	2513	0	0
XM_034444924.1	3120	3021	9.71682	3.76326
XM_034444925.1	733	634	25	46.1362
XM_034444926.1	3042	2943	0	0
XM_034444927.1	5770	5671	0	0
XM_034444928.1	5275	5176	0	0
XM_034444929.1	5253	5154	0	0
XM_034444930.1	5087	4988	11	2.58022
XM_034444931.1	1155	1056	1	1.10797
XM_034444932.1	2678	2579	0.195513	0.0886984
XM_034444933.1	1489	1390	0	0
XM_034444934.1	2164	2065	2	1.13318
XM_034444935.1	2669	2570	11.8045	5.37409
XM_034444936.1	1860	1761	0	0
XM_034444937.1	2232	2133	0	0
XM_034444938.1	4356	4257	0	0
XM_034444939.1	4304	4205	6	1.66946
XM_034444940.1	4353	4254	0	0
XM_034444941.1	4404	4305	0	0
XM_034444942.1	4390	4291	0	0
XM_034444943.1	4401	4302	0	0
XM_034444944.1	4387	4288	0	0
XM_034444945.1	2736	2637	0	0
XM_034444946.1	2625	2526	3.12618	1.44801
XM_034444947.1	2619	2520	50.8738	23.6203
XM_034444948.1	1503	1404	0	0
XM_034444949.1	2483	2384	0	0
XM_034444950.1	2447	2348	0	0
XM_034444951.1	2330	2231	0	0
XM_034444952.1	4314	4215	2	0.555167
XM_034444953.1	3095	2996	4	1.5621
XM_034444954.1	2116	2017	19	11.0214
XM_034444955.1	2103	2004	3.05263	1.78224
XM_034444956.1	2105	2006	0.947365	0.552557
XM_034444957.1	3042	2943	0	0
XM_034444958.1	3618	3519	0	0
XM_034444959.1	3595	3496	0	0
XM_034444960.1	3573	3474	5.071	1.70787
XM_034444961.1	3293	3194	0	0
XM_034444962.1	3544	3445	10.25	3.48117
XM_034444963.1	3562	3463	0	0
XM_034444964.1	3486	3387	0	0
XM_034444965.1	3468	3369	0	0
XM_034444966.1	3427	3328	30.679	10.7857
XM_034444967.1	3155	3056	0	0
XM_034444968.1	3445	3346	0	0
XM_034444969.1	4035	3936	50.9012	15.1309
XM_034444970.1	6101	6002	0	0
XM_034444971.1	6128	6029	0	0
XM_034444972.1	6127	6028	0	0
XM_034444973.1	6067	5968	0	0
XM_034444974.1	2708	2609	2	0.896906
XM_034444975.1	5824	5725	0	0
XM_034444976.1	5932	5833	0	0
XM_034444977.1	5800	5701	3.78837e-07	7.77485e-08
XM_034444978.1	5717	5618	11.2111	2.33484
XM_034444979.1	5832	5733	30.7889	6.28352
XM_034444980.1	5812	5713	0	0
XM_034444981.1	5794	5695	0	0
XM_034444982.1	5723	5624	0	0
XM_034444983.1	3232	3133	1	0.373448
XM_034444984.1	3180	3081	0	0
XM_034444985.1	3043	2944	0	0
XM_034444986.1	3028	2929	0	0
XM_034444987.1	3028	2929	0	0
XM_034444988.1	2959	2860	15.934	6.51853
XM_034444989.1	3168	3069	0	0
XM_034444990.1	2967	2868	3.99705	1.63061
XM_034444991.1	2696	2597	19.4229	8.75049
XM_034444992.1	2585	2486	8	3.76513
XM_034444993.1	1122	1023	9.34509	10.6881
XM_034444994.1	2845	2746	2.6703e-05	1.13776e-05
XM_034444995.1	2813	2714	25	10.7776
XM_034444996.1	3589	3490	0	0
XM_034444997.1	2991	2892	6	2.42741
XM_034444998.1	1509	1410	1	0.829797
XM_034444999.1	2326	2227	0	0
XM_034445000.1	1079	980	7	8.35724
XM_034445001.1	2441	2342	0	0
XM_034445002.1	1636	1537	5.93602	4.51868
XM_034445003.1	2324	2225	0	0
XM_034445004.1	3402	3303	2.99913	1.06237
XM_034445005.1	3733	3634	0	0
XM_034445006.1	3425	3326	0.0008749	0.00030777
XM_034445007.1	2614	2515	7	3.2565
XM_034445008.1	1455	1356	3	2.58853
XM_034445009.1	3307	3208	3	1.09415
XM_034445010.1	705	606	13	25.0993
XM_034445011.1	3291	3192	10.3497	3.79362
XM_034445012.1	7235	7136	1.04421	0.171208
XM_034445013.1	2221	2122	132	72.7812
XM_034445014.1	7217	7118	288.826	47.4755
XM_034445015.1	3104	3005	14	5.45098
XM_034445016.1	3883	3784	1.35438	0.418774
XM_034445017.1	3880	3781	3.43384	1.06259
XM_034445018.1	3871	3772	56.2118	17.436
XM_034445019.1	4760	4661	0	0
XM_034445020.1	4193	4094	29	8.28783
XM_034445021.1	3184	3085	0	0
XM_034445022.1	1246	1147	0	0
XM_034445023.1	1058	959	1	1.22003
XM_034445024.1	2348	2249	0	0
XM_034445025.1	4248	4149	0	0
XM_034445026.1	4089	3990	13.9186	4.08145
XM_034445027.1	1231	1132	103	106.459
XM_034445028.1	2741	2642	1	0.442851
XM_034445029.1	2333	2234	0	0
XM_034445030.1	4250	4151	2.62205e-06	7.39059e-07
XM_034445031.1	4229	4130	0.00100551	0.000284857
XM_034445032.1	4193	4094	28.999	8.28755
XM_034445033.1	3001	2902	0	0
XM_034445034.1	3119	3020	0	0
XM_034445035.1	3048	2949	0	0
XM_034445036.1	2955	2856	0	0
XM_034445037.1	1710	1611	0	0
XM_034445038.1	2209	2110	1	0.554509
XM_034445039.1	1665	1566	0	0
XM_034445040.1	1561	1462	0	0
XM_034445041.1	2649	2550	0	0
XM_034445042.1	1579	1480	0	0
XM_034445043.1	2963	2864	0	0
XM_034445044.1	3013	2914	21	8.43181
XM_034445045.1	2918	2819	0	0
XM_034445046.1	1558	1459	8.06398	6.46674
XM_034445047.1	792	693	2	3.37666
XM_034445048.1	2920	2821	1	0.414751
XM_034445049.1	3160	3061	2	0.764465
XM_034445050.1	1463	1364	1	0.857781
XM_034445051.1	1037	938	13	16.2155
XM_034445052.1	7038	6939	0	0
XM_034445053.1	7039	6940	0	0
XM_034445054.1	7042	6943	0	0
XM_034445055.1	6961	6862	0	0
XM_034445056.1	6994	6895	4.4228	0.750506
XM_034445057.1	7019	6920	4.36878	0.73866
XM_034445058.1	4900	4801	57.4625	14.0037
XM_034445059.1	2990	2891	12.7459	5.15839
XM_034445060.1	3751	3652	46	14.7373
XM_034445061.1	2496	2397	2	0.976231
XM_034445062.1	2080	1981	2.04247	1.20632
XM_034445063.1	2180	2081	0	0
XM_034445064.1	1734	1635	7	5.00923
XM_034445065.1	2116	2017	0	0
XM_034445066.1	994	895	0	0
XM_034445067.1	4113	4014	0	0
XM_034445068.1	3852	3753	0	0
XM_034445069.1	995	896	0	0
XM_034445070.1	2586	2487	9	4.23407
XM_034445071.1	2599	2500	0	0
XM_034445072.1	1967	1868	2.08763	1.30758
XM_034445073.1	1966	1867	3.91237	2.45181
XM_034445074.1	543	444	976.599	2573.5
XM_034445075.1	1081	982	0	0
XM_034445076.1	860	761	2.40063	3.69089
XM_034445077.1	1345	1246	0	0
XM_034445078.1	3017	2918	1.4227e-06	5.70451e-07
XM_034445079.1	2981	2882	3	1.21792
XM_034445080.1	1634	1535	0	0
XM_034445081.1	1598	1499	10	7.80529
XM_034445082.1	1303	1204	0	0
XM_034445083.1	1229	1130	0	0
XM_034445084.1	1109	1010	0	0
XM_034445085.1	2019	1920	2	1.21876
XM_034445086.1	2670	2571	3.8981	1.77395
XM_034445087.1	1328	1229	4	3.80802
XM_034445088.1	1082	983	0	0
XM_034445089.1	6541	6442	0	0
XM_034445090.1	5262	5163	135.539	30.7151
XM_034445091.1	4929	4830	0	0
XM_034445092.1	6245	6146	28.2571	5.3793
XM_034445093.1	6172	6073	0	0
XM_034445094.1	6260	6161	0	0
XM_034445095.1	6182	6083	78.7429	15.1455
XM_034445096.1	6256	6157	0	0
XM_034445097.1	3729	3630	0	0
XM_034445098.1	3666	3567	2.04742e-08	6.71575e-09
XM_034445099.1	3016	2917	0	0
XM_034445100.1	3500	3401	0	0
XM_034445101.1	2926	2827	0	0
XM_034445102.1	2889	2790	0	0
XM_034445103.1	2993	2894	0	0
XM_034445104.1	2913	2814	0	0
XM_034445105.1	3009	2910	0	0
XM_034445106.1	1147	1048	0	0
XM_034445107.1	2970	2871	0	0
XM_034445108.1	2884	2785	0	0
XM_034445109.1	2899	2800	0	0
XM_034445110.1	2979	2880	0	0
XM_034445111.1	2862	2763	5.50494e-07	2.33111e-07
XM_034445112.1	2839	2740	0.00997978	0.00426149
XM_034445113.1	5171	5072	0	0
XM_034445114.1	869	770	12	18.234
XM_034445115.1	2924	2825	0	0
XM_034445116.1	2824	2725	6.24624	2.6819
XM_034445117.1	2008	1909	2	1.22579
XM_034445118.1	1433	1334	0	0
XM_034445119.1	2169	2070	3.93343	2.22327
XM_034445120.1	1641	1542	22.1825	16.8313
XM_034445121.1	1036	937	0	0
XM_034445122.1	1648	1549	0	0
XM_034445123.1	1331	1232	47.5869	45.1926
XM_034445124.1	1667	1568	1	0.746182
XM_034445125.1	1928	1829	27.959	17.8854
XM_034445126.1	3561	3462	7	2.36571
XM_034445127.1	2058	1959	0	0
XM_034445128.1	2011	1912	2	1.22386
XM_034445129.1	2091	1992	0	0
XM_034445130.1	3665	3566	0	0
XM_034445131.1	2083	1984	0	0
XM_034445132.1	1999	1900	0	0
XM_034445133.1	2933	2834	0	0
XM_034445134.1	2854	2755	0.630637	0.267824
XM_034445135.1	2850	2751	3.46703	1.47454
XM_034445136.1	2576	2477	1.96077	0.926171
XM_034445137.1	2854	2755	0.630637	0.267824
XM_034445138.1	1707	1608	0	0
XM_034445139.1	2849	2750	5.31093	2.25958
XM_034445140.1	2812	2713	0	0
XM_034445141.1	2921	2822	0	0
XM_034445142.1	2888	2789	5.20316	2.18278
XM_034445143.1	3634	3535	8.38472	2.77517
XM_034445144.1	1526	1427	8.61528	7.06376
XM_034445145.1	1285	1186	1	0.986521
XM_034445146.1	1263	1164	0	0
XM_034445147.1	1133	1034	0	0
XM_034445148.1	1218	1119	0	0
XM_034445149.1	1219	1120	9.29573	9.71083
XM_034445150.1	1087	988	11.8833	14.0725
XM_034445151.1	1170	1071	3.42768	3.74457
XM_034445152.1	2289	2190	0	0
XM_034445153.1	4890	4791	9	2.1979
XM_034445154.1	2072	1973	0.999999	0.593012
XM_034445155.1	2596	2497	0	0
XM_034445156.1	2300	2201	17.4066	9.25303
XM_034445157.1	833	734	0	0
XM_034445158.1	2871	2772	0	0
XM_034445159.1	3669	3570	0	0
XM_034445160.1	3128	3029	27.7043	10.7013
XM_034445161.1	3112	3013	0	0
XM_034445162.1	2800	2701	184.789	80.0467
XM_034445163.1	5111	5012	6.50627	1.51884
XM_034445164.1	815	716	0	0
XM_034445165.1	592	493	8	18.986
XM_034445166.1	589	490	9	21.49
XM_034445167.1	584	485	12	28.9488
XM_034445168.1	642	543	2	4.30944
XM_034445169.1	570	471	0	0
XM_034445170.1	692	593	1	1.97304
XM_034445171.1	4559	4460	0	0
XM_034445172.1	735	636	0	0
XM_034445173.1	5628	5529	0	0
XM_034445174.1	2782	2683	0.0044173	0.00192632
XM_034445175.1	2480	2381	0	0
XM_034445176.1	2460	2361	0	0
XM_034445177.1	2406	2307	0	0
XM_034445178.1	2323	2224	18	9.46953
XM_034445179.1	2772	2673	0.352718	0.15439
XM_034445180.1	494	395	922	2731.02
XM_034445181.1	990	891	17.6576	23.187
XM_034445182.1	993	894	0.342427	0.448148
XM_034445183.1	1110	1011	0	0
XM_034445184.1	1083	984	0	0
XM_034445185.1	1094	995	34	39.9804
XM_034445186.1	1099	1000	1	1.17001
XM_034445187.1	2765	2666	7.64286	3.35418
XM_034445188.1	1431	1332	0	0
XM_034445189.1	539	440	0	0
XM_034445190.1	2047	1948	0	0
XM_034445191.1	1989	1890	0	0
XM_034445192.1	1718	1619	6	4.33606
XM_034445193.1	1714	1615	0	0
XM_034445194.1	665	566	0	0
XM_034445195.1	666	567	0	0
XM_034445196.1	638	539	0	0
XM_034445197.1	638	539	0	0
XM_034445198.1	571	472	2.98394	7.39672
XM_034445199.1	570	471	0	0
XM_034445200.1	570	471	0	0
XM_034445201.1	561	462	3.01606	7.63816
XM_034445202.1	544	445	0	0
XM_034445203.1	434	335	0	0
XM_034445204.1	12294	12195	0	0
XM_034445205.1	5025	4926	0	0
XM_034445206.1	2790	2691	0	0
XM_034445207.1	1606	1507	0	0
XM_034445208.1	3660	3561	0.000819411	0.000269228
XM_034445209.1	3631	3532	11.9992	3.97486
XM_034445210.1	1412	1313	1	0.891099
XM_034445211.1	1832	1733	1.43595	0.969461
XM_034445212.1	2345	2246	0	0
XM_034445213.1	1830	1731	5.56405	3.76084
XM_034445214.1	4173	4074	62	17.8058
XM_034445215.1	5195	5096	0.558518	0.128233
XM_034445216.1	4275	4176	0	0
XM_034445217.1	5186	5087	4.44148	1.02154
XM_034445218.1	2986	2887	19.2697	7.80942
XM_034445219.1	2868	2769	19.2566	8.13669
XM_034445220.1	2544	2445	3.5366	1.69238
XM_034445221.1	4271	4172	3	0.841333
XM_034445222.1	2427	2328	1.9371	0.973554
XM_034445223.1	4579	4480	17.0506	4.453
XM_034445224.1	2490	2391	0.0382564	0.0187204
XM_034445225.1	2477	2378	22.9111	11.2726
XM_034445226.1	4673	4574	0	0
XM_034445227.1	3959	3860	0	0
XM_034445228.1	3891	3792	0	0
XM_034445229.1	3958	3859	0	0
XM_034445230.1	3962	3863	0	0
XM_034445231.1	3969	3870	0	0
XM_034445232.1	3889	3790	0	0
XM_034445233.1	4095	3996	0	0
XM_034445234.1	3886	3787	0	0
XM_034445235.1	4099	4000	0	0
XM_034445236.1	4098	3999	0	0
XM_034445237.1	4102	4003	0	0
XM_034445238.1	3903	3804	0	0
XM_034445239.1	4029	3930	1.73953	0.517882
XM_034445240.1	4026	3927	4.26047	1.26937
XM_034445241.1	3952	3853	0	0
XM_034445242.1	3955	3856	0	0
XM_034445243.1	3919	3820	0	0
XM_034445244.1	3916	3817	0	0
XM_034445245.1	2614	2515	10	4.65214
XM_034445246.1	8106	8007	0	0
XM_034445247.1	8094	7995	0	0
XM_034445248.1	7881	7782	0	0
XM_034445249.1	7896	7797	0	0
XM_034445250.1	7772	7673	0	0
XM_034445251.1	7769	7670	0	0
XM_034445252.1	7604	7505	17.4998	2.72818
XM_034445253.1	7595	7496	71.4998	11.16
XM_034445254.1	5466	5367	0	0
XM_034445255.1	5792	5693	76.7146	15.7662
XM_034445256.1	5768	5669	0.00132141	0.000272723
XM_034445257.1	5762	5663	0.00457609	0.00094545
XM_034445258.1	5756	5657	0.015868	0.00328192
XM_034445259.1	5756	5657	0.015868	0.00328192
XM_034445260.1	5744	5645	0.191559	0.0397035
XM_034445261.1	5717	5618	53.0562	11.0496
XM_034445262.1	2866	2767	0	0
XM_034445263.1	2863	2764	0	0
XM_034445264.1	1062	963	4	4.85987
XM_034445265.1	1548	1449	40.0086	32.3055
XM_034445266.1	6360	6261	0	0
XM_034445267.1	6782	6683	39.7496	6.95908
XM_034445268.1	5333	5234	86.0669	19.2395
XM_034445269.1	4169	4070	7.06817	2.0319
XM_034445270.1	5468	5369	0	0
XM_034445271.1	5472	5373	0	0
XM_034445272.1	5174	5075	2.5808	0.594989
XM_034445273.1	5456	5357	18.9976	4.14924
XM_034445274.1	5441	5342	0	0
XM_034445275.1	5445	5346	0	0
XM_034445276.1	5417	5318	0	0
XM_034445277.1	5421	5322	0	0
XM_034445278.1	5405	5306	0	0
XM_034445279.1	5409	5310	0	0
XM_034445280.1	5390	5291	0	0
XM_034445281.1	4808	4709	0	0
XM_034445282.1	4808	4709	0	0
XM_034445283.1	4726	4627	88.2093	22.3052
XM_034445284.1	4769	4670	0	0
XM_034445285.1	4825	4726	0	0
XM_034445286.1	4825	4726	0	0
XM_034445287.1	4806	4707	0	0
XM_034445288.1	4786	4687	0	0
XM_034445289.1	4766	4667	0	0
XM_034445290.1	5044	4945	16.1932	3.8314
XM_034445291.1	5035	4936	137.197	32.5208
XM_034445292.1	5032	4933	0	0
XM_034445293.1	5023	4924	0	0
XM_034445294.1	6263	6164	136.367	25.8843
XM_034445295.1	5275	5176	0.0192989	0.00436244
XM_034445296.1	5239	5140	69.3538	15.7869
XM_034445297.1	3770	3671	70.2754	22.398
XM_034445298.1	2172	2073	0	0
XM_034445299.1	2072	1973	7.56929	4.48868
XM_034445300.1	770	671	0	0
XM_034445301.1	837	738	0	0
XM_034445302.1	2966	2867	6.72154	2.74304
XM_034445303.1	2967	2868	4.46491	1.82148
XM_034445304.1	5557	5458	0	0
XM_034445305.1	5561	5462	0	0
XM_034445306.1	5634	5535	31.0352	6.56036
XM_034445307.1	5545	5446	0	0
XM_034445308.1	5530	5431	0	0
XM_034445309.1	5534	5435	0	0
XM_034445310.1	5506	5407	0	0
XM_034445311.1	5510	5411	0	0
XM_034445312.1	2562	2463	119.382	56.7109
XM_034445313.1	5498	5399	0	0
XM_034445314.1	5323	5224	0	0
XM_034445315.1	5479	5380	0	0
XM_034445316.1	2193	2094	6.07791	3.39601
XM_034445317.1	3267	3168	0	0
XM_034445318.1	3189	3090	7.00162	2.65113
XM_034445319.1	3264	3165	0	0
XM_034445320.1	3258	3159	0	0
XM_034445321.1	3255	3156	0	0
XM_034445322.1	772	673	0	0
XM_034445323.1	6226	6127	0	0
XM_034445324.1	5938	5839	0	0
XM_034445325.1	5865	5766	0	0
XM_034445326.1	2959	2860	39.8705	16.3108
XM_034445327.1	2791	2692	14.1193	6.1366
XM_034445328.1	2681	2582	32.0103	14.5052
XM_034445329.1	2118	2019	4	2.31801
XM_034445330.1	1770	1671	0	0
XM_034445331.1	1330	1231	24	22.811
XM_034445332.1	1333	1234	48	45.5111
XM_034445333.1	6870	6771	3.33312e-05	5.75955e-06
XM_034445334.1	6804	6705	3.25709	0.568358
XM_034445335.1	6795	6696	15.7429	2.7508
XM_034445336.1	4237	4138	7.99945	2.26183
XM_034445337.1	1658	1559	0	0
XM_034445338.1	2595	2496	0	0
XM_034445339.1	3858	3759	0	0
XM_034445340.1	3650	3551	0	0
XM_034445341.1	1675	1576	0	0
XM_034445342.1	3209	3110	25	9.40525
XM_034445343.1	4012	3913	0	0
XM_034445344.1	3985	3886	1.74729e-05	5.26082e-06
XM_034445345.1	517	418	0	0
XM_034445346.1	514	415	0	0
XM_034445347.1	4631	4532	21	5.42151
XM_034445348.1	2740	2641	86	38.0996
XM_034445349.1	2385	2286	2.68038	1.37186
XM_034445350.1	724	625	0	0
XM_034445351.1	4964	4865	8	1.92397
XM_034445352.1	7850	7751	0	0
XM_034445353.1	7825	7726	55	8.32911
XM_034445354.1	3792	3693	0	0
XM_034445355.1	3406	3307	27	9.55257
XM_034445356.1	2105	2006	0	0
XM_034445357.1	1621	1522	30.6815	23.5859
XM_034445358.1	2782	2683	5.14971	2.24571
XM_034445359.1	2261	2162	20.2354	10.9508
XM_034445360.1	637	538	9.31848	20.2653
XM_034445361.1	741	642	0	0
XM_034445362.1	1385	1286	0	0
XM_034445363.1	2264	2165	0	0
XM_034445364.1	2110	2011	0.000828157	0.000481827
XM_034445365.1	2096	1997	2.99917	1.75717
XM_034445366.1	1385	1286	0	0
XM_034445367.1	1950	1851	0	0
XM_034445368.1	1924	1825	0	0
XM_034445369.1	2106	2007	4	2.33187
XM_034445370.1	3071	2972	1	0.393679
XM_034445371.1	3127	3028	0	0
XM_034445372.1	3144	3045	0	0
XM_034445373.1	3249	3150	0	0
XM_034445374.1	1321	1222	0	0
XM_034445375.1	536	437	0	0
XM_034445376.1	526	427	0	0
XM_034445377.1	514	415	0	0
XM_034445378.1	456	357	2	6.5547
XM_034445379.1	1321	1222	0	0
XM_034445380.1	2399	2300	0	0
XM_034445381.1	2339	2240	0	0
XM_034445382.1	1314	1215	0	0
XM_034445383.1	12606	12507	9.46459	0.8854
XM_034445384.1	2043	1944	64.0783	38.5661
XM_034445385.1	1267	1168	0	0
XM_034445386.1	1946	1847	0	0
XM_034445387.1	1445	1346	0	0
XM_034445388.1	1330	1231	0	0
XM_034445389.1	956	857	2	2.73049
XM_034445390.1	3486	3387	11	3.79987
XM_034445391.1	5563	5464	193.997	41.5408
XM_034445392.1	3991	3892	16.4219	4.93677
XM_034445393.1	1316	1217	0	0
XM_034445394.1	1264	1165	2	2.00861
XM_034445395.1	2128	2029	0.238839	0.137725
XM_034445396.1	2121	2022	13.7612	7.96278
XM_034445397.1	595	496	8	18.8712
XM_034445398.1	1494	1395	2.07029	1.73639
XM_034445399.1	1082	983	0	0
XM_034445400.1	5735	5636	3.37718e-06	7.0109e-07
XM_034445401.1	5691	5592	0.0332075	0.00694801
XM_034445402.1	5680	5581	0.334438	0.0701124
XM_034445403.1	5682	5583	0.21968	0.0460378
XM_034445404.1	5679	5580	0.41267	0.0865286
XM_034445405.1	5222	5123	0	0
XM_034445406.1	3314	3215	0	0
XM_034445407.1	3361	3262	0	0
XM_034445408.1	1354	1255	0	0
XM_034445409.1	3210	3111	2.04072e-07	7.67493e-08
XM_034445410.1	3356	3257	0	0
XM_034445411.1	3024	2925	22.9054	9.16225
XM_034445412.1	2913	2814	1.09465	0.455136
XM_034445413.1	3190	3091	7.9422	3.0063
XM_034445414.1	3203	3104	0.057797	0.0217858
XM_034445415.1	950	851	17	23.3728
XM_034445416.1	1357	1258	0	0
XM_034445417.1	2139	2040	5	2.86768
XM_034445418.1	6543	6444	0	0
XM_034445419.1	6047	5948	0	0
XM_034445420.1	1208	1109	4	4.22007
XM_034445421.1	1290	1191	0	0
XM_034445422.1	2001	1902	1	0.615149
XM_034445423.1	9988	9889	0	0
XM_034445424.1	9942	9843	1.67786e-08	1.99443e-09
XM_034445425.1	1292	1193	0	0
XM_034445426.1	9760	9661	54	6.53977
XM_034445427.1	1915	1816	9	5.79852
XM_034445428.1	1654	1555	9.06057	6.81736
XM_034445429.1	2038	1939	5.04948	3.04691
XM_034445430.1	6255	6156	13.0707	2.48422
XM_034445431.1	6257	6158	8.92933	1.69656
XM_034445432.1	2641	2542	0	0
XM_034445433.1	612	513	0	0
XM_034445434.1	1903	1804	0.781109	0.506601
XM_034445435.1	2295	2196	16.9357	9.02324
XM_034445436.1	1579	1480	0	0
XM_034445437.1	1780	1681	0	0
XM_034445438.1	1842	1743	0	0
XM_034445439.1	1776	1677	1.05254e-07	7.34337e-08
XM_034445440.1	1838	1739	20	13.4562
XM_034445441.1	1467	1368	0	0
XM_034445442.1	1628	1529	0	0
XM_034445443.1	1620	1521	0	0
XM_034445444.1	1575	1476	8	6.34154
XM_034445445.1	2907	2808	0	0
XM_034445446.1	4534	4435	3.84636e-06	1.01472e-06
XM_034445447.1	4878	4779	0	0
XM_034445448.1	4483	4384	3	0.800647
XM_034445449.1	3329	3230	0	0
XM_034445450.1	2129	2030	0	0
XM_034445451.1	3630	3531	3	0.994064
XM_034445452.1	2157	2058	0	0
XM_034445453.1	885	786	0	0
XM_034445454.1	1232	1133	0	0
XM_034445455.1	6934	6835	0	0
XM_034445456.1	5635	5536	9	1.90212
XM_034445457.1	3308	3209	2.47869	0.903739
XM_034445458.1	1235	1136	1	1.02994
XM_034445459.1	1170	1071	2	2.1849
XM_034445460.1	1019	920	0	0
XM_034445461.1	2091	1992	0	0
XM_034445462.1	2337	2238	0	0
XM_034445463.1	2375	2276	1.68637	0.866902
XM_034445464.1	1852	1753	0	0
XM_034445465.1	1843	1744	0	0
XM_034445466.1	1848	1749	0	0
XM_034445467.1	1244	1145	0	0
XM_034445468.1	1839	1740	0	0
XM_034445469.1	2666	2567	0	0
XM_034445470.1	2038	1939	0	0
XM_034445471.1	2026	1927	0	0
XM_034445472.1	1936	1837	0	0
XM_034445473.1	4371	4272	14	3.83431
XM_034445474.1	4202	4103	0	0
XM_034445475.1	4897	4798	0	0
XM_034445476.1	4774	4675	3.1175e-08	7.80217e-09
XM_034445477.1	4697	4598	9	2.29015
XM_034445478.1	2757	2658	2.99322	1.31757
XM_034445479.1	2823	2724	0	0
XM_034445480.1	2751	2652	3.00678	1.32654
XM_034445481.1	1734	1635	0	0
XM_034445482.1	1822	1723	0	0
XM_034445483.1	1819	1720	0	0
XM_034445484.1	2981	2882	1.18916	0.482766
XM_034445485.1	3016	2917	8.4303e-07	3.38141e-07
XM_034445486.1	4087	3988	7.21426	2.11654
XM_034445487.1	2998	2899	0.00119982	0.00048424
XM_034445488.1	878	779	173.264	260.233
XM_034445489.1	6412	6313	1	0.185334
XM_034445490.1	1902	1803	1.49685	0.971343
XM_034445491.1	1433	1334	0	0
XM_034445492.1	1417	1318	0	0
XM_034445493.1	2453	2354	0	0
XM_034445494.1	2916	2817	3.49555	1.45184
XM_034445495.1	2698	2599	6.01963	2.70991
XM_034445496.1	4559	4460	0	0
XM_034445497.1	2510	2411	6.98916e-05	3.39171e-05
XM_034445498.1	2583	2484	13	6.12326
XM_034445499.1	2489	2390	1.99993	0.979057
XM_034445500.1	3780	3681	0	0
XM_034445501.1	4152	4053	0	0
XM_034445502.1	4101	4002	0	0
XM_034445503.1	4140	4041	0	0
XM_034445504.1	3992	3893	0	0
XM_034445505.1	3768	3669	37.5151	11.9633
XM_034445506.1	3695	3596	0	0
XM_034445507.1	3575	3476	7.9329	2.6702
XM_034445508.1	3575	3476	7.9329	2.6702
XM_034445509.1	1423	1324	0	0
XM_034445510.1	3571	3472	30.6191	10.3182
XM_034445511.1	702	603	0	0
XM_034445512.1	1768	1669	4.01471	2.81442
XM_034445513.1	1770	1671	0.985285	0.689884
XM_034445514.1	2775	2676	0	0
XM_034445515.1	3053	2954	1.26137e-07	4.996e-08
XM_034445516.1	2643	2544	9.51189	4.37462
XM_034445517.1	3011	2912	2.48811	0.9997
XM_034445518.1	5387	5288	49.7097	10.9987
XM_034445519.1	5118	5019	9.29026	2.16572
XM_034445520.1	2772	2673	0	0
XM_034445521.1	3887	3788	0.000245851	7.59369e-05
XM_034445522.1	3848	3749	45.9998	14.3559
XM_034445523.1	2581	2482	0	0
XM_034445524.1	2431	2332	5	2.50861
XM_034445525.1	1836	1737	6	4.0415
XM_034445526.1	988	889	17	22.3737
XM_034445527.1	1070	971	0	0
XM_034445528.1	4000	3901	14.8389	4.45058
XM_034445529.1	3583	3484	1.16111	0.38993
XM_034445530.1	3112	3013	0	0
XM_034445531.1	2169	2070	0	0
XM_034445532.1	2931	2832	3	1.23942
XM_034445533.1	4410	4311	0	0
XM_034445534.1	3971	3872	0	0
XM_034445535.1	2288	2189	0	0
XM_034445536.1	2505	2406	8	3.89032
XM_034445537.1	2783	2684	0	0
XM_034445538.1	2376	2277	17	8.73528
XM_034445539.1	2281	2182	0	0
XM_034445540.1	3813	3714	0.00041535	0.000130847
XM_034445541.1	1203	1104	0	0
XM_034445542.1	1065	966	2	2.42239
XM_034445543.1	2230	2131	0	0
XM_034445544.1	1223	1124	1	1.04094
XM_034445545.1	1223	1124	1	1.04094
XM_034445546.1	1223	1124	1	1.04094
XM_034445547.1	1122	1023	0	0
XM_034445548.1	1017	918	4	5.0981
XM_034445549.1	2726	2627	1	0.44538
XM_034445550.1	3470	3371	0	0
XM_034445551.1	3298	3199	0	0
XM_034445552.1	1264	1165	1	1.0043
XM_034445553.1	1260	1161	0	0
XM_034445554.1	1723	1624	0	0
XM_034445555.1	1872	1773	0	0
XM_034445556.1	2041	1942	0	0
XM_034445557.1	1813	1714	0	0
XM_034445558.1	1668	1569	0	0
XM_034445559.1	1717	1618	0	0
XM_034445560.1	1871	1772	0	0
XM_034445561.1	11603	11504	0	0
XM_034445562.1	11306	11207	2.01724	0.2106
XM_034445563.1	2122	2023	0	0
XM_034445564.1	2513	2414	3.30257	1.60068
XM_034445565.1	1641	1542	0	0
XM_034445566.1	2337	2238	0	0
XM_034445567.1	2591	2492	2.34571e-06	1.10133e-06
XM_034445568.1	4230	4131	0	0
XM_034445569.1	2857	2758	8.69743	3.68967
XM_034445570.1	3017	2918	0	0
XM_034445571.1	3014	2915	0	0
XM_034445572.1	3069	2970	28	11.0304
XM_034445573.1	2736	2637	0	0
XM_034445574.1	1702	1603	0	0
XM_034445575.1	1737	1638	0	0
XM_034445576.1	1667	1568	0	0
XM_034445577.1	2044	1945	2	1.2031
XM_034445578.1	536	437	40.3511	108.035
XM_034445579.1	3209	3110	0	0
XM_034445580.1	3206	3107	0	0
XM_034445581.1	3191	3092	0	0
XM_034445582.1	3173	3074	0	0
XM_034445583.1	3158	3059	0	0
XM_034445584.1	1100	1001	0	0
XM_034445585.1	3064	2965	0	0
XM_034445586.1	3037	2938	0	0
XM_034445587.1	3001	2902	0.00106258	0.000428405
XM_034445588.1	2979	2880	7.99894	3.24961
XM_034445589.1	5651	5552	0.52232	0.110072
XM_034445590.1	5636	5537	12.4777	2.63664
XM_034445591.1	1186	1087	7	7.53458
XM_034445592.1	1500	1401	1	0.835127
XM_034445593.1	5284	5185	0.201027	0.0453624
XM_034445594.1	5304	5205	0.00219801	0.000494083
XM_034445595.1	5329	5230	5.89433e-07	1.31863e-07
XM_034445596.1	5272	5173	3.04525	0.688766
XM_034445597.1	5276	5177	1.22988	0.277956
XM_034445598.1	5263	5164	3.57602	0.810223
XM_034445599.1	5257	5158	91.8208	20.8281
XM_034445600.1	5245	5146	214.881	48.8561
XM_034445601.1	3308	3209	63	22.97
XM_034445602.1	3402	3303	0	0
XM_034445603.1	3396	3297	0	0
XM_034445604.1	3387	3288	0	0
XM_034445605.1	3408	3309	0	0
XM_034445606.1	3378	3279	0	0
XM_034445607.1	3375	3276	0	0
XM_034445608.1	3351	3252	1.04337e-05	3.75387e-06
XM_034445609.1	3095	2996	0	0
XM_034445610.1	1667	1568	15	11.1927
XM_034445611.1	2153	2054	39	22.2154
XM_034445612.1	1256	1157	13.1722	13.3204
XM_034445613.1	3375	3276	0	0
XM_034445614.1	2449	2350	22.7928	11.348
XM_034445615.1	4228	4129	3.47672e-08	9.85181e-09
XM_034445616.1	4213	4114	2.48433e-06	7.06537e-07
XM_034445617.1	4210	4111	5.84558e-06	1.66368e-06
XM_034445618.1	4174	4075	0.176818	0.0507681
XM_034445619.1	4156	4057	31.8232	9.1776
XM_034445620.1	4291	4192	0	0
XM_034445621.1	4392	4293	0	0
XM_034445622.1	2076	1977	4	2.36725
XM_034445623.1	3213	3114	14.2024	5.33623
XM_034445624.1	1294	1195	0	0
XM_034445625.1	2215	2116	5.79093	3.20202
XM_034445626.1	542	443	0	0
XM_034445627.1	3248	3149	0	0
XM_034445628.1	3086	2987	0	0
XM_034445629.1	877	778	0	0
XM_034445630.1	825	726	8	12.8927
XM_034445631.1	1105	1006	0	0
XM_034445632.1	1413	1314	3	2.67126
XM_034445633.1	4319	4220	21.8517	6.05847
XM_034445634.1	3417	3318	0	0
XM_034445635.1	3493	3394	0	0
XM_034445636.1	3092	2993	0	0
XM_034445637.1	6888	6789	0	0
XM_034445638.1	6778	6679	0	0
XM_034445639.1	6715	6616	0	0
XM_034445640.1	6661	6562	4.41826e-06	7.87782e-07
XM_034445641.1	6658	6559	7.55446e-06	1.34759e-06
XM_034445642.1	6640	6541	0	0
XM_034445643.1	6586	6487	3.17141	0.572004
XM_034445644.1	6574	6475	27.8286	5.02854
XM_034445645.1	6502	6403	0	0
XM_034445646.1	1852	1753	0	0
XM_034445647.1	1706	1607	0	0
XM_034445648.1	1840	1741	0	0
XM_034445649.1	1618	1519	0	0
XM_034445650.1	2874	2775	0	0
XM_034445651.1	4073	3974	3.21166	0.945567
XM_034445652.1	3030	2931	0.00126061	0.000503217
XM_034445653.1	3007	2908	12.9987	5.22995
XM_034445654.1	4070	3971	7.78834	2.29475
XM_034445655.1	1224	1125	2.40523	2.50147
XM_034445656.1	889	790	0	0
XM_034445657.1	2947	2848	0.0222647	0.00914678
XM_034445658.1	2084	1985	0	0
XM_034445659.1	2084	1985	0	0
XM_034445660.1	2072	1973	0	0
XM_034445661.1	2317	2218	3.99987	2.10996
XM_034445662.1	2343	2244	4.62517e-06	2.41155e-06
XM_034445663.1	2340	2241	2.22145e-05	1.15981e-05
XM_034445664.1	2337	2238	0.00010692	5.5897e-05
XM_034445665.1	1696	1597	0	0
XM_034445666.1	2073	1974	0	0
XM_034445667.1	2073	1974	0	0
XM_034445668.1	2930	2831	24.9777	10.323
XM_034445669.1	1986	1887	2	1.24008
XM_034445670.1	1719	1620	0	0
XM_034445671.1	1704	1605	0	0
XM_034445672.1	1624	1525	6	4.60333
XM_034445673.1	1323	1224	0.00228167	0.00218103
XM_034445674.1	3062	2963	0	0
XM_034445675.1	17100	17001	3	0.206461
XM_034445676.1	11269	11170	12	1.25695
XM_034445677.1	675	576	2	4.06255
XM_034445678.1	3000	2901	12	4.83977
XM_034445679.1	5067	4968	0.016096	0.00379077
XM_034445680.1	4645	4546	0	0
XM_034445681.1	1990	1891	2.88617	1.78575
XM_034445682.1	2433	2334	3	1.50387
XM_034445683.1	6400	6301	20.3543	3.77952
XM_034445684.1	1472	1373	7.75994	6.6127
XM_034445685.1	2541	2442	2	0.958242
XM_034445686.1	1240	1141	1.62837	1.66978
XM_034445687.1	3136	3037	0	0
XM_034445688.1	1790	1691	0	0
XM_034445689.1	2816	2717	69	29.7133
XM_034445690.1	4342	4243	24.4168	6.73298
XM_034445691.1	925	826	0	0
XM_034445692.1	925	826	2	2.83296
XM_034445693.1	3237	3138	24.4298	9.10873
XM_034445694.1	2272	2173	2	1.07686
XM_034445695.1	1686	1587	10	7.37249
XM_034445696.1	1296	1197	3.55023	3.47019
XM_034445697.1	1152	1053	11.1999	12.4445
XM_034445698.1	2757	2658	49.3489	21.7227
XM_034445699.1	2067	1968	5.78666	3.44028
XM_034445700.1	1464	1365	4	3.42861
XM_034445701.1	4816	4717	7	1.73629
XM_034445702.1	959	860	3	4.08144
XM_034445703.1	1225	1126	0	0
XM_034445704.1	1347	1248	0	0
XM_034445705.1	896	797	2	2.93604
XM_034445706.1	990	891	15.7699	20.7082
XM_034445707.1	3407	3308	3.35868	1.18794
XM_034445708.1	3411	3312	0.813854	0.287506
XM_034445709.1	3466	3367	0	0
XM_034445710.1	2540	2441	2	0.958635
XM_034445711.1	4565	4466	0	0
XM_034445712.1	4556	4457	0	0
XM_034445713.1	4547	4448	0	0
XM_034445714.1	4517	4418	0	0
XM_034445715.1	4457	4358	0	0
XM_034445716.1	1902	1803	30.8224	20.0015
XM_034445717.1	4274	4175	17.1776	4.81389
XM_034445718.1	2100	2001	10	5.84714
XM_034445719.1	2178	2079	0	0
XM_034445720.1	2581	2482	9	4.24259
XM_034445721.1	3544	3445	53.7232	18.2458
XM_034445722.1	3771	3672	0	0
XM_034445723.1	4305	4206	10.6751	2.96958
XM_034445724.1	3940	3841	0	0
XM_034445725.1	3811	3712	0	0
XM_034445726.1	3123	3024	8.32487	3.22097
XM_034445727.1	4522	4423	0	0
XM_034445728.1	4844	4745	0	0
XM_034445729.1	4147	4048	36	10.4053
XM_034445730.1	2229	2130	21	11.5353
XM_034445731.1	3734	3635	42.4401	13.6604
XM_034445732.1	2288	2189	77	41.1563
XM_034445733.1	2222	2123	0	0
XM_034445734.1	1451	1352	11	9.51934
XM_034445735.1	2430	2331	0	0
XM_034445736.1	2926	2827	0	0
XM_034445737.1	1959	1860	0.284672	0.17907
XM_034445738.1	2192	2093	0	0
XM_034445739.1	2122	2023	0	0
XM_034445740.1	2530	2431	2	0.962578
XM_034445741.1	2283	2184	3.43351	1.8394
XM_034445742.1	2175	2076	3.56649	2.01004
XM_034445743.1	2159	2060	0	0
XM_034445744.1	2041	1942	0	0
XM_034445745.1	2162	2063	0	0
XM_034445746.1	2049	1950	0	0
XM_034445747.1	2516	2417	0	0
XM_034445748.1	2063	1964	0	0
XM_034445749.1	2432	2333	0.000392619	0.000196901
XM_034445750.1	2411	2312	15.8575	8.02489
XM_034445751.1	2381	2282	0	0
XM_034445752.1	2297	2198	0	0
XM_034445753.1	4162	4063	0	0
XM_034445754.1	4132	4033	0	0
XM_034445755.1	4075	3976	0	0
XM_034445756.1	4027	3928	0	0
XM_034445757.1	4024	3925	0	0
XM_034445758.1	3949	3850	50.6619	15.3961
XM_034445759.1	3895	3796	0	0
XM_034445760.1	3814	3715	0	0
XM_034445761.1	3751	3652	0.000397984	0.000127505
XM_034445762.1	3721	3622	6.33768	2.04726
XM_034445763.1	2121	2022	0	0
XM_034445764.1	10999	10900	6	0.644044
XM_034445765.1	1662	1563	0	0
XM_034445766.1	4443	4344	0	0
XM_034445767.1	4434	4335	0	0
XM_034445768.1	4434	4335	0	0
XM_034445769.1	4434	4335	0	0
XM_034445770.1	4308	4209	0	0
XM_034445771.1	4299	4200	0	0
XM_034445772.1	4167	4068	0	0
XM_034445773.1	1568	1469	1.4921	1.18841
XM_034445774.1	3891	3792	2.19795	0.678174
XM_034445775.1	2849	2750	0	0
XM_034445776.1	6804	6705	0	0
XM_034445777.1	6865	6766	0	0
XM_034445778.1	6768	6669	0	0
XM_034445779.1	6741	6642	0	0
XM_034445780.1	6741	6642	0	0
XM_034445781.1	6735	6636	0	0
XM_034445782.1	6732	6633	0	0
XM_034445783.1	6711	6612	0	0
XM_034445784.1	6687	6588	0	0
XM_034445785.1	6678	6579	0	0
XM_034445786.1	6669	6570	0	0
XM_034445787.1	6663	6564	0	0
XM_034445788.1	6663	6564	0	0
XM_034445789.1	6663	6564	0	0
XM_034445790.1	6663	6564	0	0
XM_034445791.1	6648	6549	0	0
XM_034445792.1	6585	6486	0	0
XM_034445793.1	1556	1457	0	0
XM_034445794.1	6528	6429	0	0
XM_034445795.1	6528	6429	0	0
XM_034445796.1	6528	6429	0	0
XM_034445797.1	6528	6429	0	0
XM_034445798.1	6528	6429	0	0
XM_034445799.1	6529	6430	0	0
XM_034445800.1	6252	6153	0	0
XM_034445801.1	6252	6153	0	0
XM_034445802.1	5976	5877	13.802	2.74776
XM_034445803.1	2475	2376	0	0
XM_034445804.1	1959	1860	0	0
XM_034445805.1	1944	1845	0	0
XM_034445806.1	1878	1779	0	0
XM_034445807.1	1848	1749	0	0
XM_034445808.1	4399	4300	4.5079	1.22658
XM_034445809.1	829	730	19.9193	31.9259
XM_034445810.1	1558	1459	0	0
XM_034445811.1	3296	3197	0	0
XM_034445812.1	3139	3040	4	1.53949
XM_034445813.1	2346	2247	1.04459	0.543917
XM_034445814.1	2341	2242	14.2489	7.43593
XM_034445815.1	2339	2240	4.70655	2.45836
XM_034445816.1	4207	4108	3.42096	0.974336
XM_034445817.1	2832	2733	0	0
XM_034445818.1	2755	2656	3.32295	1.46382
XM_034445819.1	2801	2702	0	0
XM_034445820.1	2802	2703	0	0
XM_034445821.1	2782	2683	2.33885e-05	1.01993e-05
XM_034445822.1	1793	1694	0	0
XM_034445823.1	7986	7887	4.4856e-07	6.65426e-08
XM_034445824.1	7983	7884	7.00858e-07	1.0401e-07
XM_034445825.1	7980	7881	1.09525e-06	1.62601e-07
XM_034445826.1	7959	7860	2.50475e-05	3.72848e-06
XM_034445827.1	7956	7857	3.91957e-05	5.83677e-06
XM_034445828.1	7953	7854	6.13463e-05	9.13878e-06
XM_034445829.1	7932	7833	0	0
XM_034445830.1	7925	7826	0.00404738	0.000605097
XM_034445831.1	7926	7827	0.00348404	0.00052081
XM_034445832.1	7866	7767	28.9923	4.36738
XM_034445833.1	6284	6185	0	0
XM_034445834.1	7812	7713	0	0
XM_034445835.1	2153	2054	0	0
XM_034445836.1	1703	1604	4	2.91774
XM_034445837.1	1761	1662	0	0
XM_034445838.1	1602	1503	3.13122e-05	2.43751e-05
XM_034445839.1	1584	1485	43	33.8792
XM_034445840.1	1870	1771	0	0
XM_034445841.1	1188	1089	10	10.7439
XM_034445842.1	2517	2418	2	0.967753
XM_034445843.1	4393	4294	177.832	48.4549
XM_034445844.1	4402	4303	15.2543	4.14775
XM_034445845.1	14330	14231	8	0.657727
XM_034445846.1	1227	1128	0	0
XM_034445847.1	2558	2459	3	1.42743
XM_034445848.1	996	897	0	0
XM_034445849.1	3070	2971	7.26239	2.86001
XM_034445850.1	2015	1916	3.92558e-06	2.39717e-06
XM_034445851.1	1467	1368	0	0
XM_034445852.1	1485	1386	0	0
XM_034445853.1	1455	1356	0	0
XM_034445854.1	1425	1326	3.30085	2.91254
XM_034445855.1	1656	1557	0	0
XM_034445856.1	547	448	263.289	687.614
XM_034445857.1	3849	3750	0	0
XM_034445858.1	2435	2336	8.54248	4.2786
XM_034445859.1	1752	1653	9.33072	6.6044
XM_034445860.1	2687	2588	0	0
XM_034445861.1	2094	1995	0	0
XM_034445862.1	1930	1831	0	0
XM_034445863.1	2356	2257	0	0
XM_034445864.1	1285	1186	0	0
XM_034445865.1	3243	3144	1.73761	0.646639
XM_034445866.1	1467	1368	0	0
XM_034445867.1	1425	1326	0	0
XM_034445868.1	1369	1270	1.69915	1.56538
XM_034445869.1	1775	1676	0	0
XM_034445870.1	1800	1701	4	2.75135
XM_034445871.1	510	411	540.711	1539.27
XM_034445872.1	1410	1311	0	0
XM_034445873.1	1303	1204	0	0
XM_034445874.1	3827	3728	9.45752	2.96819
XM_034445875.1	2852	2753	0	0
XM_034445876.1	3461	3362	53.4948	18.6168
XM_034445877.1	1205	1106	68.3648	72.3216
XM_034445878.1	1706	1607	0	0
XM_034445879.1	3242	3143	0	0
XM_034445880.1	2280	2181	1	0.536457
XM_034445881.1	2622	2523	81	37.5629
XM_034445882.1	1341	1242	2	1.88408
XM_034445883.1	7851	7752	76.6275	11.5654
XM_034445884.1	8693	8594	198.159	26.9779
XM_034445885.1	7851	7752	0.621875	0.09386
XM_034445886.1	1278	1179	0	0
XM_034445887.1	1213	1114	0	0
XM_034445888.1	1090	991	144	170.012
XM_034445889.1	4389	4290	9	2.45457
XM_034445890.1	2733	2634	0	0
XM_034445891.1	2491	2392	0	0
XM_034445892.1	1182	1083	0	0
XM_034445893.1	1468	1369	0	0
XM_034445894.1	1933	1834	0	0
XM_034445895.1	2176	2077	0	0
XM_034445896.1	2041	1942	33.9999	20.4842
XM_034445897.1	2063	1964	6.20668e-05	3.69751e-05
XM_034445898.1	13866	13767	17.645	1.4996
XM_034445899.1	13884	13785	3.81061	0.323429
XM_034445900.1	1993	1894	3	1.85324
XM_034445901.1	4168	4069	0	0
XM_034445902.1	3644	3545	207.122	68.3597
XM_034445903.1	892	793	0	0
XM_034445904.1	3708	3609	60	19.4516
XM_034445905.1	1326	1227	22	20.9782
XM_034445906.1	5546	5447	0	0
XM_034445907.1	5613	5514	0	0
XM_034445908.1	5451	5352	2	0.437225
XM_034445909.1	1726	1627	0	0
XM_034445910.1	1682	1583	0.000590775	0.000436648
XM_034445911.1	2378	2279	0	0
XM_034445912.1	2368	2269	0	0
XM_034445913.1	2336	2237	0	0
XM_034445914.1	2507	2408	0	0
XM_034445915.1	2235	2136	0	0
XM_034445916.1	2353	2254	0	0
XM_034445917.1	2638	2539	0	0
XM_034445918.1	1994	1895	0	0
XM_034445919.1	2812	2713	0	0
XM_034445920.1	2232	2133	0	0
XM_034445921.1	8058	7959	0	0
XM_034445922.1	2030	1931	7	4.24137
XM_034445923.1	3333	3234	0	0
XM_034445924.1	8055	7956	0	0
XM_034445925.1	3754	3655	0	0
XM_034445926.1	3740	3641	0	0
XM_034445927.1	3745	3646	0	0
XM_034445928.1	3741	3642	0	0
XM_034445929.1	3735	3636	0	0
XM_034445930.1	8040	7941	0	0
XM_034445931.1	3732	3633	0	0
XM_034445932.1	3726	3627	0	0
XM_034445933.1	3687	3588	0	0
XM_034445934.1	3678	3579	0	0
XM_034445935.1	3675	3576	0	0
XM_034445936.1	3665	3566	0	0
XM_034445937.1	3659	3560	0	0
XM_034445938.1	8037	7938	0	0
XM_034445939.1	4571	4472	6.81043	1.78182
XM_034445940.1	2249	2150	0	0
XM_034445941.1	2421	2322	0	0
XM_034445942.1	2243	2144	0	0
XM_034445943.1	2416	2317	0	0
XM_034445944.1	2386	2287	0	0
XM_034445945.1	2381	2282	0	0
XM_034445946.1	8022	7923	0	0
XM_034445947.1	4390	4291	0	0
XM_034445948.1	4262	4163	19.6505	5.52279
XM_034445949.1	767	668	0.146482	0.256566
XM_034445950.1	8004	7905	0	0
XM_034445951.1	769	670	0.00439371	0.00767268
XM_034445952.1	766	667	0.849124	1.48949
XM_034445953.1	1069	970	0.5	0.6031
XM_034445954.1	1069	970	0.5	0.6031
XM_034445955.1	699	600	0	0
XM_034445956.1	7995	7896	0	0
XM_034445957.1	6198	6099	0	0
XM_034445958.1	6095	5996	0	0
XM_034445959.1	6099	6000	2.45676	0.479073
XM_034445960.1	6198	6099	0	0
XM_034445961.1	6168	6069	0	0
XM_034445962.1	6015	5916	12.5432	2.48069
XM_034445963.1	7995	7896	0	0
XM_034445964.1	2675	2576	0	0
XM_034445965.1	2757	2658	0	0
XM_034445966.1	1033	934	0	0
XM_034445967.1	7971	7872	0	0
XM_034445968.1	1765	1666	0	0
XM_034445969.1	845	746	3	4.70515
XM_034445970.1	728	629	2	3.72023
XM_034445971.1	3439	3340	39.7973	13.9411
XM_034445972.1	3035	2936	0	0
XM_034445973.1	7956	7857	0	0
XM_034445974.1	3017	2918	0	0
XM_034445975.1	3004	2905	40	16.1103
XM_034445976.1	2131	2032	1	0.575794
XM_034445977.1	1579	1480	14	11.0677
XM_034445978.1	7929	7830	0	0
XM_034445979.1	4579	4480	27.8694	7.27847
XM_034445980.1	3120	3021	0	0
XM_034445981.1	7929	7830	0	0
XM_034445982.1	3203	3104	0	0
XM_034445983.1	2898	2799	0	0
XM_034445984.1	2295	2196	9	4.79514
XM_034445985.1	3881	3782	9.75377	3.01746
XM_034445986.1	7905	7806	0	0
XM_034445987.1	3883	3784	5.24623	1.62214
XM_034445988.1	4164	4065	0	0
XM_034445989.1	3938	3839	0.0894288	0.0272552
XM_034445990.1	1915	1816	1	0.644281
XM_034445991.1	7905	7806	0	0
XM_034445992.1	3339	3240	32.353	11.6832
XM_034445993.1	2825	2726	14.647	6.28657
XM_034445994.1	2618	2519	2	0.928951
XM_034445995.1	2709	2610	6.32951	2.8374
XM_034445996.1	2860	2761	0	0
XM_034445997.1	1633	1534	0	0
XM_034445998.1	7890	7791	0	0
XM_034445999.1	1046	947	0	0
XM_034446000.1	1052	953	18	22.0989
XM_034446001.1	455	356	0	0
XM_034446002.1	512	413	0	0
XM_034446003.1	7871	7772	0	0
XM_034446004.1	4936	4837	0	0
XM_034446005.1	4186	4087	4.56383	1.30652
XM_034446006.1	16827	16728	3.88923	0.272026
XM_034446007.1	16824	16725	4.7999	0.335781
XM_034446008.1	16812	16713	11.1397	0.779845
XM_034446009.1	16779	16680	113.171	7.93836
XM_034446010.1	1288	1189	0	0
XM_034446011.1	7802	7703	0	0
XM_034446012.1	7806	7707	0	0
XM_034446013.1	9088	8989	0.00155422	0.000202298
XM_034446014.1	9049	8950	1.93048e-05	2.52368e-06
XM_034446015.1	9001	8902	139.965	18.396
XM_034446016.1	8884	8785	5.75025	0.765837
XM_034446017.1	7749	7650	0	0
XM_034446018.1	2666	2567	0	0
XM_034446019.1	2527	2428	7.08531	3.4143
XM_034446020.1	2848	2749	19.6392	8.35873
XM_034446021.1	2904	2805	0	0
XM_034446022.1	1156	1057	0	0
XM_034446023.1	1532	1433	2.79312	2.28052
XM_034446024.1	1863	1764	30.3699	20.1435
XM_034446025.1	687	588	0	0
XM_034446026.1	7715	7616	0	0
XM_034446027.1	4438	4339	38.2853	10.3236
XM_034446028.1	3758	3659	28.4805	9.10703
XM_034446029.1	2342	2243	3	1.56489
XM_034446030.1	13171	13072	0.000174178	1.55899e-05
XM_034446031.1	13168	13069	0.000227992	2.04112e-05
XM_034446032.1	7650	7551	0	0
XM_034446033.1	13162	13063	0.000390709	3.49946e-05
XM_034446034.1	13162	13063	0.000390709	3.49946e-05
XM_034446035.1	13159	13060	109.999	9.85452
XM_034446036.1	1655	1556	0	0
XM_034446037.1	1731	1632	2.22114e-08	1.59238e-08
XM_034446038.1	1704	1605	7	5.10286
XM_034446039.1	7460	7361	45	7.15264
XM_034446040.1	799	700	0	0
XM_034446041.1	799	700	0	0
XM_034446042.1	688	589	3.93688	7.82037
XM_034446043.1	885	786	6.04615	9.0001
XM_034446044.1	755	656	91.9536	164.005
XM_034446045.1	651	552	12.0631	25.5687
XM_034446046.1	4798	4699	0	0
XM_034446047.1	2974	2875	0	0
XM_034446048.1	2972	2873	4.12413e-05	1.67953e-05
XM_034446049.1	2938	2839	0	0
XM_034446050.1	2930	2831	0	0
XM_034446051.1	2897	2798	0	0
XM_034446052.1	2894	2795	0	0
XM_034446053.1	1556	1457	0	0
XM_034446054.1	2884	2785	0	0
XM_034446055.1	2881	2782	11.4344	4.80892
XM_034446056.1	2875	2776	24.215	10.206
XM_034446057.1	1275	1176	0	0
XM_034446058.1	3369	3270	0	0
XM_034446059.1	3220	3121	0	0
XM_034446060.1	2742	2643	0	0
XM_034446061.1	8691	8592	0	0
XM_034446062.1	8682	8583	0	0
XM_034446063.1	8764	8665	24.7785	3.34578
XM_034446064.1	9120	9021	0	0
XM_034446065.1	8619	8520	74.6932	10.2573
XM_034446066.1	8885	8786	27.34	3.64081
XM_034446067.1	8690	8591	19.1883	2.61327
XM_034446068.1	8598	8499	0	0
XM_034446069.1	4076	3977	0	0
XM_034446070.1	3860	3761	3.30948	1.02955
XM_034446071.1	1279	1180	0	0
XM_034446072.1	1194	1095	3	3.20552
XM_034446073.1	1273	1174	0	0
XM_034446074.1	2709	2610	0.000278692	0.000124932
XM_034446075.1	2686	2587	8.99972	4.07027
XM_034446076.1	7776	7677	0	0
XM_034446077.1	2656	2557	2.55868e-08	1.17078e-08
XM_034446078.1	2614	2515	7	3.2565
XM_034446079.1	2666	2567	0	0
XM_034446080.1	2639	2540	0	0
XM_034446081.1	2542	2443	100	47.8925
XM_034446082.1	2439	2340	0	0
XM_034446083.1	5553	5454	0	0
XM_034446084.1	738	639	0	0
XM_034446085.1	689	590	132	261.766
XM_034446086.1	3458	3359	0	0
XM_034446087.1	3443	3344	3	1.04965
XM_034446088.1	3913	3814	0	0
XM_034446089.1	3431	3332	0	0
XM_034446090.1	4424	4325	52.8779	14.3047
XM_034446091.1	3286	3187	2	0.734241
XM_034446092.1	2134	2035	606	348.417
XM_034446093.1	2413	2314	1	0.505624
XM_034446094.1	4562	4463	0	0
XM_034446095.1	3499	3400	24.5	8.43097
XM_034446096.1	3499	3400	24.5	8.43097
XM_034446097.1	4142	4043	0	0
XM_034446098.1	3543	3444	0.000226853	7.70676e-05
XM_034446099.1	3932	3833	20	6.10495
XM_034446100.1	4128	4029	0.00018801	5.45976e-05
XM_034446101.1	4091	3992	9.42063	2.76109
XM_034446102.1	1578	1479	0	0
XM_034446103.1	1589	1490	0	0
XM_034446104.1	3664	3565	11.5792	3.80022
XM_034446105.1	2753	2654	0	0
XM_034446106.1	2886	2787	7.64821	3.2108
XM_034446107.1	2768	2669	0	0
XM_034446108.1	2735	2636	0	0
XM_034446109.1	2320	2221	0	0
XM_034446110.1	4743	4644	47	11.8412
XM_034446111.1	2157	2058	1.30876	0.744056
XM_034446112.1	2163	2064	0.0430338	0.0243944
XM_034446113.1	4097	3998	0	0
XM_034446114.1	3847	3748	1	0.31217
XM_034446115.1	1674	1575	0	0
XM_034446116.1	2675	2576	0	0
XM_034446117.1	2623	2524	0	0
XM_034446118.1	2675	2576	13	5.90457
XM_034446119.1	4471	4372	0	0
XM_034446120.1	4439	4340	0	0
XM_034446121.1	7029	6930	6.12569	1.03422
XM_034446122.1	4421	4322	0	0
XM_034446123.1	4328	4229	0.0901115	0.0249306
XM_034446124.1	4306	4207	40.9099	11.3775
XM_034446125.1	2629	2530	0	0
XM_034446126.1	7705	7606	0	0
XM_034446127.1	4433	4334	0	0
XM_034446128.1	2476	2377	9.42331	4.63837
XM_034446129.1	4321	4222	4.57669	1.26831
XM_034446130.1	2188	2089	0	0
XM_034446131.1	2137	2038	9	5.16689
XM_034446132.1	7036	6937	1.87431	0.316126
XM_034446133.1	2972	2873	0	0
XM_034446134.1	1954	1855	0	0
XM_034446135.1	2491	2392	5	2.44568
XM_034446136.1	2486	2387	0	0
XM_034446137.1	2193	2094	1.47464	0.823951
XM_034446138.1	2249	2150	0	0
XM_034446139.1	2169	2070	0	0
XM_034446140.1	2100	2001	0	0
XM_034446141.1	2191	2092	4.52355	2.52993
XM_034446142.1	1302	1203	0	0
XM_034446143.1	824	725	0	0
XM_034446144.1	833	734	0	0
XM_034446145.1	757	658	4	7.11254
XM_034446146.1	622	523	0	0
XM_034446147.1	571	472	0	0
XM_034446148.1	928	829	0	0
XM_034446149.1	937	838	0	0
XM_034446150.1	1079	980	1	1.19389
XM_034446151.1	2487	2388	0	0
XM_034446152.1	2072	1973	3	1.77904
XM_034446153.1	2591	2492	0	0
XM_034446154.1	2125	2026	0	0
XM_034446155.1	6919	6820	106	18.185
XM_034446156.1	3338	3239	21	7.58576
XM_034446157.1	1683	1584	0	0
XM_034446158.1	1550	1451	1	0.80635
XM_034446159.1	1150	1051	0	0
XM_034446160.1	851	752	1.25889	1.95866
XM_034446161.1	1468	1369	0	0
XM_034446162.1	1438	1339	36	31.4567
XM_034446163.1	1672	1573	2.00477	1.49117
XM_034446164.1	2426	2327	2	1.0056
XM_034446165.1	2074	1975	24	14.2179
XM_034446166.1	1891	1792	1.43925e-05	9.39703e-06
XM_034446167.1	1873	1774	1.99999	1.31906
XM_034446168.1	3467	3368	84.4881	29.3504
XM_034446169.1	2915	2816	0	0
XM_034446170.1	2834	2735	0	0
XM_034446171.1	2145	2046	0	0
XM_034446172.1	2179	2080	0	0
XM_034446173.1	1946	1847	2.32864	1.47512
XM_034446174.1	2159	2060	9.67136	5.49302
XM_034446175.1	1204	1105	0	0
XM_034446176.1	1167	1068	54.0057	59.1643
XM_034446177.1	1595	1496	0	0
XM_034446178.1	3749	3650	0	0
XM_034446179.1	1129	1030	4	4.54374
XM_034446180.1	3719	3620	0	0
XM_034446181.1	1999	1900	1.99771	1.23018
XM_034446182.1	2043	1944	0	0
XM_034446183.1	2010	1911	0.00228939	0.00140169
XM_034446184.1	1943	1844	0	0
XM_034446185.1	6342	6243	12.1216	2.27173
XM_034446186.1	4160	4061	3	0.864329
XM_034446187.1	3001	2902	0	0
XM_034446188.1	4476	4377	0	0
XM_034446189.1	4388	4289	0	0
XM_034446190.1	4011	3912	0	0
XM_034446191.1	4208	4109	0	0
XM_034446192.1	4473	4374	0	0
XM_034446193.1	4473	4374	0	0
XM_034446194.1	4473	4374	0	0
XM_034446195.1	4296	4197	0	0
XM_034446196.1	4227	4128	0	0
XM_034446197.1	4224	4125	0	0
XM_034446198.1	4224	4125	0	0
XM_034446199.1	4222	4123	0	0
XM_034446200.1	4218	4119	0	0
XM_034446201.1	3978	3879	0	0
XM_034446202.1	3975	3876	0	0
XM_034446203.1	1280	1181	0	0
XM_034446204.1	1312	1213	0	0
XM_034446205.1	1148	1049	0	0
XM_034446206.1	3749	3650	3	0.961655
XM_034446207.1	579	480	5	12.1876
XM_034446208.1	1817	1718	12	8.17239
XM_034446209.1	2241	2142	1	0.546225
XM_034446210.1	2533	2434	1	0.480696
XM_034446211.1	2930	2831	2.9362	1.21349
XM_034446212.1	7795	7696	235	35.7268
XM_034446213.1	369	270	3	13.0001
XM_034446214.1	1088	989	2.12974	2.51954
XM_034446215.1	1142	1043	47.9141	53.7489
XM_034446216.1	1108	1009	0	0
XM_034446217.1	1114	1015	0	0
XM_034446218.1	4482	4383	5.73851e-07	1.53186e-07
XM_034446219.1	4482	4383	5.73851e-07	1.53186e-07
XM_034446220.1	4470	4371	1.43037e-05	3.82876e-06
XM_034446221.1	4467	4368	3.20044e-05	8.5727e-06
XM_034446222.1	4449	4350	0.0040629	0.00109279
XM_034446223.1	4437	4338	0.103775	0.0279896
XM_034446224.1	4434	4335	0.233624	0.063055
XM_034446225.1	4422	4323	6.03466	1.63327
XM_034446226.1	4419	4320	13.6238	3.68983
XM_034446227.1	2085	1986	0	0
XM_034446228.1	832	733	24.7104	39.4427
XM_034446229.1	694	595	0	0
XM_034446230.1	4837	4738	0	0
XM_034446231.1	4838	4739	0	0
XM_034446232.1	2396	2297	0	0
XM_034446233.1	1342	1243	0	0
XM_034446234.1	765	666	0	0
XM_034446235.1	1205	1106	0	0
XM_034446236.1	1307	1208	3	2.90566
XM_034446237.1	1368	1269	0	0
XM_034446238.1	1379	1280	0	0
XM_034446239.1	1375	1276	0	0
XM_034446240.1	1267	1168	0	0
XM_034446241.1	1119	1020	0	0
XM_034446242.1	2475	2376	0	0
XM_034446243.1	2469	2370	0	0
XM_034446244.1	2325	2226	0	0
XM_034446245.1	3214	3115	0	0
XM_034446246.1	2148	2049	1	0.571017
XM_034446247.1	2670	2571	0	0
XM_034446248.1	3628	3529	0	0
XM_034446249.1	1040	941	0	0
XM_034446250.1	2041	1942	0	0
XM_034446251.1	973	874	0	0
XM_034446252.1	700	601	0.99994	1.94666
XM_034446253.1	810	711	0	0
XM_034446254.1	705	606	6.01646e-05	0.000116161
XM_034446255.1	882	783	0	0
XM_034446256.1	2281	2182	5	2.68106
XM_034446257.1	2688	2589	0	0
XM_034446258.1	1838	1739	11	7.40089
XM_034446259.1	1405	1306	7	6.27113
XM_034446260.1	846	747	129	202.051
XM_034446261.1	3485	3386	55.9103	19.3195
XM_034446262.1	3438	3339	0.0896594	0.0314174
XM_034446263.1	2513	2414	0.000943015	0.000457059
XM_034446264.1	4451	4352	22.168	5.95975
XM_034446265.1	1649	1550	28	21.1357
XM_034446266.1	3284	3185	0	0
XM_034446267.1	3321	3222	0	0
XM_034446268.1	3543	3444	0	0
XM_034446269.1	3275	3176	0	0
XM_034446270.1	3307	3208	0	0
XM_034446271.1	3299	3200	0	0
XM_034446272.1	2001	1902	1	0.615149
XM_034446273.1	3092	2993	0	0
XM_034446274.1	627	528	0.144743	0.320741
XM_034446275.1	450	351	15	50.0006
XM_034446276.1	2936	2837	4.23906	1.74824
XM_034446277.1	3727	3628	19	6.12741
XM_034446278.1	2933	2834	12.7609	5.26834
XM_034446279.1	996	897	2	2.60873
XM_034446280.1	2014	1915	0	0
XM_034446281.1	1578	1479	0	0
XM_034446282.1	1563	1464	0	0
XM_034446283.1	2798	2699	3	1.3005
XM_034446284.1	2326	2227	1.92922	1.01357
XM_034446285.1	1331	1232	18	17.0944
XM_034446286.1	959	860	0	0
XM_034446287.1	2396	2297	104.724	53.3429
XM_034446288.1	1898	1799	3	1.95111
XM_034446289.1	1636	1537	4	3.04493
XM_034446290.1	2140	2041	33.5	19.204
XM_034446291.1	1201	1102	26.1052	27.7164
XM_034446292.1	1201	1102	26.1052	27.7164
XM_034446293.1	1674	1575	0	0
XM_034446294.1	1023	924	0	0
XM_034446295.1	2214	2115	36	19.9151
XM_034446296.1	2634	2535	0.677986	0.31292
XM_034446297.1	2630	2531	4.32201	1.99795
XM_034446298.1	2672	2573	0	0
XM_034446299.1	625	526	6.43956e-06	1.43239e-05
XM_034446300.1	619	520	4.5	10.1251
XM_034446301.1	643	544	0	0
XM_034446302.1	619	520	4.5	10.1251
XM_034446303.1	4322	4223	30	8.31172
XM_034446304.1	2430	2331	125	62.742
XM_034446305.1	3048	2949	0	0
XM_034446306.1	3390	3291	0	0
XM_034446307.1	2943	2844	0	0
XM_034446308.1	2934	2835	11.4794	4.73759
XM_034446309.1	2922	2823	0	0
XM_034446310.1	2907	2808	0	0
XM_034446311.1	2808	2709	4.32556	1.8682
XM_034446312.1	2799	2700	0	0
XM_034446313.1	2462	2363	0	0
XM_034446314.1	1856	1757	0	0
XM_034446315.1	2371	2272	4.14204e-07	2.13303e-07
XM_034446316.1	1856	1757	9.95901e-09	6.63186e-09
XM_034446317.1	1829	1730	7.7665	5.25255
XM_034446318.1	1829	1730	7.84818	5.30779
XM_034446319.1	2633	2534	0.542073	0.250289
XM_034446320.1	2151	2052	3.18032	1.81336
XM_034446321.1	1338	1239	0	0
XM_034446322.1	3429	3330	39.7182	13.9552
XM_034446323.1	3238	3139	0.0877319	0.0327007
XM_034446324.1	3232	3133	0.827614	0.309071
XM_034446325.1	3235	3136	0.269314	0.100479
XM_034446326.1	3229	3130	2.54603	0.95172
XM_034446327.1	3235	3136	0.269314	0.100479
XM_034446328.1	3631	3532	31.9918	10.5976
XM_034446329.1	2677	2578	21.6365	9.81961
XM_034446330.1	2605	2506	0	0
XM_034446331.1	3481	3382	0	0
XM_034446332.1	3547	3448	0	0
XM_034446333.1	3324	3225	188.222	68.2861
XM_034446334.1	3155	3056	0	0
XM_034446335.1	3120	3021	3.98575	1.54366
XM_034446336.1	2968	2869	0	0
XM_034446337.1	3543	3444	1.05451e-06	3.58243e-07
XM_034446338.1	3492	3393	42	14.4829
XM_034446339.1	4949	4850	0.00216407	0.00052206
XM_034446340.1	7120	7021	0	0
XM_034446341.1	1695	1596	0.900502	0.66015
XM_034446342.1	2296	2197	0	0
XM_034446343.1	2042	1943	0	0
XM_034446344.1	1470	1371	0	0
XM_034446345.1	1406	1307	4	3.58076
XM_034446346.1	1447	1348	0	0
XM_034446347.1	4140	4041	0	0
XM_034446348.1	1014	915	0	0
XM_034446349.1	2773	2674	0	0
XM_034446350.1	3838	3739	34	10.6393
XM_034446351.1	2750	2651	0	0
XM_034446352.1	3724	3625	0	0
XM_034446353.1	685	586	0	0
XM_034446354.1	1434	1335	0	0
XM_034446355.1	4456	4357	15	4.02805
XM_034446356.1	6669	6570	62	11.0412
XM_034446357.1	615	516	4	9.06987
XM_034446358.1	2599	2500	0	0
XM_034446359.1	6388	6289	10.9665	2.04022
XM_034446360.1	848	749	4	6.2484
XM_034446361.1	2031	1932	56.197	34.0327
XM_034446362.1	3936	3837	52	15.8563
XM_034446363.1	3979	3880	0	0
XM_034446364.1	2364	2265	0	0
XM_034446365.1	3444	3345	17.2889	6.04731
XM_034446366.1	2122	2023	0	0
XM_034446367.1	1912	1813	19.6249	12.6648
XM_034446368.1	1925	1826	0.00449804	0.00288213
XM_034446369.1	3298	3199	3.50354	1.2814
XM_034446370.1	4460	4361	11	2.95119
XM_034446371.1	2282	2183	0	0
XM_034446372.1	4084	3985	0	0
XM_034446373.1	2129	2030	5.4063	3.11598
XM_034446374.1	3808	3709	7.34212e-08	2.31609e-08
XM_034446375.1	4185	4086	0	0
XM_034446376.1	4127	4028	0	0
XM_034446377.1	4127	4028	0	0
XM_034446378.1	3938	3839	0	0
XM_034446379.1	2538	2439	0	0
XM_034446380.1	1367	1268	0	0
XM_034446381.1	1393	1294	8.16996	7.38714
XM_034446382.1	757	658	1663	2957.04
XM_034446383.1	4602	4503	0	0
XM_034446384.1	8798	8699	0.00139256	0.000187299
XM_034446385.1	1522	1423	3	2.46665
XM_034446386.1	3351	3252	23	8.275
XM_034446387.1	2922	2823	31.3725	13.0026
XM_034446388.1	2828	2729	0	0
XM_034446389.1	2819	2720	9.27182e-08	3.98829e-08
XM_034446390.1	2816	2717	3.38332e-07	1.45695e-07
XM_034446391.1	2786	2687	0.153291	0.0667482
XM_034446392.1	2777	2678	7.84671	3.42821
XM_034446393.1	3466	3367	0	0
XM_034446394.1	3377	3278	0	0
XM_034446395.1	1439	1340	0	0
XM_034446396.1	811	712	0	0
XM_034446397.1	9121	9022	0	0
XM_034446398.1	9091	8992	0	0
XM_034446399.1	9046	8947	1.53231e-07	2.00383e-08
XM_034446400.1	8935	8836	0.350782	0.0464486
XM_034446401.1	8904	8805	21.6492	2.87676
XM_034446402.1	4078	3979	8	2.35238
XM_034446403.1	9160	9061	0	0
XM_034446404.1	1934	1835	7	4.46327
XM_034446405.1	1958	1859	1.68067e-06	1.05778e-06
XM_034446406.1	1519	1420	0	0
XM_034446407.1	1490	1391	0	0
XM_034446408.1	2278	2179	0	0
XM_034446409.1	5654	5555	6.14134	1.29351
XM_034446410.1	5680	5581	0.0256724	0.00538203
XM_034446411.1	3609	3510	0.00894792	0.00298268
XM_034446412.1	3586	3487	19.9911	6.70771
XM_034446413.1	1024	925	0	0
XM_034446414.1	2559	2460	1	0.475615
XM_034446415.1	3814	3715	6.77887	2.13496
XM_034446416.1	2760	2661	8	3.51751
XM_034446417.1	3945	3846	5	1.52108
XM_034446418.1	1262	1163	0	0
XM_034446419.1	1645	1546	0	0
XM_034446420.1	1193	1094	15.0803	16.1281
XM_034446421.1	865	766	0	0
XM_034446422.1	1676	1577	217	160.997
XM_034446423.1	565	466	1036.45	2602.28
XM_034446424.1	3320	3221	10.5656	3.83791
XM_034446425.1	3464	3365	0	0
XM_034446426.1	1186	1087	1.59055	1.71202
XM_034446427.1	14319	14220	0	0
XM_034446428.1	12478	12379	0	0
XM_034446429.1	12770	12671	0	0
XM_034446430.1	5002	4903	0	0
XM_034446431.1	4993	4894	0	0
XM_034446432.1	4987	4888	0	0
XM_034446433.1	2937	2838	0	0
XM_034446434.1	2928	2829	0	0
XM_034446435.1	4366	4267	3.0358e-08	8.32418e-09
XM_034446436.1	421	322	0	0
XM_034446437.1	4831	4732	3.2104e-08	7.93789e-09
XM_034446438.1	4751	4652	15.5833	3.91932
XM_034446439.1	5355	5256	6.39695	1.424
XM_034446440.1	2113	2014	7	4.06658
XM_034446441.1	2830	2731	0	0
XM_034446442.1	2962	2863	0	0
XM_034446443.1	2954	2855	0	0
XM_034446444.1	2897	2798	0.348726	0.145823
XM_034446445.1	2889	2790	10.0258	4.2044
XM_034446446.1	2704	2605	0	0
XM_034446447.1	704	605	0	0
XM_034446448.1	3444	3345	0	0
XM_034446449.1	1187	1088	0	0
XM_034446450.1	1865	1766	0	0
XM_034446451.1	3258	3159	0.5	0.185187
XM_034446452.1	1571	1472	42.937	34.1283
XM_034446453.1	2208	2109	0	0
XM_034446454.1	2268	2169	0	0
XM_034446455.1	2275	2176	0	0
XM_034446456.1	2180	2081	0	0
XM_034446457.1	2180	2081	0	0
XM_034446458.1	2180	2081	0	0
XM_034446459.1	3258	3159	0.5	0.185187
XM_034446460.1	2092	1993	26.9087	15.797
XM_034446461.1	2210	2111	10.6049	5.8777
XM_034446462.1	1177	1078	0	0
XM_034446463.1	1087	988	0	0
XM_034446464.1	1036	937	1	1.24868
XM_034446465.1	3871	3772	0	0
XM_034446466.1	3871	3772	0	0
XM_034446467.1	3789	3690	60	19.0246
XM_034446468.1	4523	4424	0	0
XM_034446469.1	4442	4343	24.9597	6.7242
XM_034446470.1	4094	3995	3.0403	0.890412
XM_034446471.1	1638	1539	27	20.5266
XM_034446472.1	1896	1797	0	0
XM_034446473.1	1806	1707	42	28.7877
XM_034446474.1	7024	6925	0	0
XM_034446475.1	6965	6866	0	0
XM_034446476.1	4814	4715	0	0
XM_034446477.1	6987	6888	0	0
XM_034446478.1	6984	6885	0	0
XM_034446479.1	6981	6882	0	0
XM_034446480.1	6978	6879	0	0
XM_034446481.1	6948	6849	0	0
XM_034446482.1	6741	6642	0	0
XM_034446483.1	6437	6338	7.24065e-05	1.33665e-05
XM_034446484.1	6401	6302	0.0577547	0.0107226
XM_034446485.1	6362	6263	83.9422	15.6815
XM_034446486.1	751	652	0	0
XM_034446487.1	10624	10525	36	4.00195
XM_034446488.1	1927	1828	0	0
XM_034446489.1	1815	1716	0	0
XM_034446490.1	1800	1701	0	0
XM_034446491.1	1726	1627	0	0
XM_034446492.1	1677	1578	0	0
XM_034446493.1	1550	1451	54	43.5429
XM_034446494.1	2384	2285	0	0
XM_034446495.1	2041	1942	0	0
XM_034446496.1	938	839	0	0
XM_034446497.1	1568	1469	0	0
XM_034446498.1	1816	1717	0	0
XM_034446499.1	4181	4082	0	0
XM_034446500.1	4171	4072	0	0
XM_034446501.1	3848	3749	0	0
XM_034446502.1	3841	3742	1.08549	0.339402
XM_034446503.1	3514	3415	6.56672	2.24983
XM_034446504.1	2936	2837	3.34778	1.38067
XM_034446505.1	2922	2823	0	0
XM_034446506.1	2435	2336	0	0
XM_034446507.1	2496	2397	7	3.41681
XM_034446508.1	878	779	0	0
XM_034446509.1	1149	1050	1.929	2.14949
XM_034446510.1	6206	6107	1.81005e-08	3.4678e-09
XM_034446511.1	6172	6073	1.26413e-05	2.43545e-06
XM_034446512.1	6136	6037	0.463788	0.0898854
XM_034446513.1	6102	6003	349.536	68.1263
XM_034446514.1	9410	9311	2.79628	0.351378
XM_034446515.1	1701	1602	0	0
XM_034446516.1	9407	9308	4.08079	0.512954
XM_034446517.1	9393	9294	23.8529	3.00282
XM_034446518.1	7073	6974	0.361602	0.0606653
XM_034446519.1	7049	6950	20.6241	3.47201
XM_034446520.1	1576	1477	0	0
XM_034446521.1	1547	1448	0	0
XM_034446522.1	1514	1415	2	1.65373
XM_034446523.1	4856	4757	0.0376882	0.00926965
XM_034446524.1	4826	4727	62.9623	15.5842
XM_034446525.1	2650	2551	25.7384	11.8049
XM_034446526.1	3166	3067	3	1.14445
XM_034446527.1	2983	2884	0	0
XM_034446528.1	1187	1088	0.490489	0.527462
XM_034446529.1	1184	1085	12.5095	13.4897
XM_034446530.1	736	637	16	29.3881
XM_034446531.1	3789	3690	8.25831	2.61852
XM_034446532.1	1883	1784	5	3.27919
XM_034446533.1	4769	4670	0	0
XM_034446534.1	4768	4669	0	0
XM_034446535.1	3044	2945	0	0
XM_034446536.1	5136	5037	10.835	2.51678
XM_034446537.1	5022	4923	0	0
XM_034446538.1	3916	3817	0	0
XM_034446539.1	2921	2822	0	0
XM_034446540.1	3964	3865	0	0
XM_034446541.1	3961	3862	0	0
XM_034446542.1	3838	3739	1.07772	0.337243
XM_034446543.1	4521	4422	0	0
XM_034446544.1	2932	2833	4	1.65198
XM_034446545.1	2408	2309	0	0
XM_034446546.1	3268	3169	1.9887	0.734241
XM_034446547.1	3282	3183	0.0112974	0.00415273
XM_034446548.1	4029	3930	13	3.87027
XM_034446549.1	526	427	0	0
XM_034446550.1	4606	4507	0.0164211	0.0042629
XM_034446551.1	2379	2280	0	0
XM_034446552.1	3561	3462	0	0
XM_034446553.1	1781	1682	0	0
XM_034446554.1	2373	2274	0	0
XM_034446555.1	1751	1652	3	2.12472
XM_034446556.1	3520	3421	56.3414	19.2693
XM_034446557.1	2382	2283	0.27802	0.142482
XM_034446558.1	2376	2277	6.09082	3.12971
XM_034446559.1	23255	23156	0	0
XM_034446560.1	23223	23124	0	0
XM_034446561.1	23166	23067	0	0
XM_034446562.1	22734	22635	0	0
XM_034446563.1	22683	22584	0	0
XM_034446564.1	22677	22578	0	0
XM_034446565.1	2376	2277	0	0
XM_034446566.1	22592	22493	0	0
XM_034446567.1	22529	22430	0	0
XM_034446568.1	22508	22409	2.25492e-05	1.17733e-06
XM_034446569.1	21774	21675	0	0
XM_034446570.1	21383	21284	0	0
XM_034446571.1	21384	21285	0	0
XM_034446572.1	21383	21284	14.3341	0.787964
XM_034446573.1	21362	21263	0	0
XM_034446574.1	20669	20570	0	0
XM_034446575.1	20023	19924	0	0
XM_034446576.1	2370	2271	0	0
XM_034446577.1	19517	19418	88.8151	5.35147
XM_034446578.1	19517	19418	17.8508	1.07558
XM_034446579.1	19456	19357	0	0
XM_034446580.1	2306	2207	0	0
XM_034446581.1	2139	2040	0	0
XM_034446582.1	2014	1915	1	0.610973
XM_034446583.1	2288	2189	1.63116	0.87185
XM_034446584.1	3186	3087	0	0
XM_034446585.1	3032	2933	19	7.57936
XM_034446586.1	7310	7211	3.92152e-07	6.36282e-08
XM_034446587.1	7214	7115	2.63638	0.433535
XM_034446588.1	7295	7196	4.51072e-06	7.33409e-07
XM_034446589.1	2384	2285	0	0
XM_034446590.1	4698	4599	0.133766	0.0340308
XM_034446591.1	4686	4587	2.86623	0.731095
XM_034446592.1	1409	1310	6	5.35884
XM_034446593.1	6634	6535	8.84427	1.58346
XM_034446594.1	6631	6532	15.1557	2.7147
XM_034446595.1	1397	1298	0	0
XM_034446596.1	1504	1405	0	0
XM_034446597.1	1821	1722	3	2.03835
XM_034446598.1	2767	2668	0	0
XM_034446599.1	2719	2620	14.0404	6.27003
XM_034446600.1	2811	2712	0	0
XM_034446601.1	1278	1179	0	0
XM_034446602.1	3130	3031	0	0
XM_034446603.1	2975	2876	2	0.813639
XM_034446604.1	1466	1367	0.0726032	0.062141
XM_034446605.1	1460	1361	12.6428	10.8686
XM_034446606.1	3769	3670	0.0789186	0.0251596
XM_034446607.1	3754	3655	9.62885	3.08232
XM_034446608.1	3534	3435	30	10.2185
XM_034446609.1	814	715	0	0
XM_034446610.1	751	652	7	12.5615
XM_034446611.1	2076	1977	0	0
XM_034446612.1	3017	2918	0	0
XM_034446613.1	3115	3016	0	0
XM_034446614.1	2119	2020	0	0
XM_034446615.1	3405	3306	0	0
XM_034446616.1	3162	3063	0.759202	0.290002
XM_034446617.1	5545	5446	0	0
XM_034446618.1	1556	1457	0	0
XM_034446619.1	5252	5153	12.5693	2.85392
XM_034446620.1	5558	5459	0	0
XM_034446621.1	5600	5501	0	0
XM_034446622.1	5542	5443	0	0
XM_034446623.1	5432	5333	4.60491	1.01028
XM_034446624.1	5505	5406	5.46126e-07	1.18197e-07
XM_034446625.1	5502	5403	1.0473e-06	2.26792e-07
XM_034446626.1	5547	5448	0	0
XM_034446627.1	5507	5408	3.53883e-07	7.65622e-08
XM_034446628.1	5513	5414	9.63785e-08	2.08282e-08
XM_034446629.1	5468	5369	0.00172158	0.000375166
XM_034446630.1	5423	5324	33.3934	7.3386
XM_034446631.1	4957	4858	0	0
XM_034446632.1	453	354	0	0
XM_034446633.1	2112	2013	2	1.16246
XM_034446634.1	4954	4855	4	0.963966
XM_034446635.1	2331	2232	0	0
XM_034446636.1	2325	2226	0	0
XM_034446637.1	2301	2202	0	0
XM_034446638.1	2323	2224	0	0
XM_034446639.1	4320	4221	0	0
XM_034446640.1	2317	2218	0	0
XM_034446641.1	2307	2208	0	0
XM_034446642.1	2238	2139	0	0
XM_034446643.1	2214	2115	0	0
XM_034446644.1	2444	2345	0	0
XM_034446645.1	2231	2132	0	0
XM_034446646.1	2221	2122	0	0
XM_034446647.1	2215	2116	0	0
XM_034446648.1	5450	5351	0	0
XM_034446649.1	2205	2106	0	0
XM_034446650.1	2199	2100	0	0
XM_034446651.1	2439	2340	5.54758	2.77382
XM_034446652.1	3159	3060	0.0518513	0.0198257
XM_034446653.1	3144	3045	16.5232	6.34888
XM_034446654.1	2420	2321	0	0
XM_034446655.1	2414	2315	0	0
XM_034446656.1	2405	2306	0	0
XM_034446657.1	5327	5228	0	0
XM_034446658.1	2399	2300	0	0
XM_034446659.1	2338	2239	0	0
XM_034446660.1	2129	2030	0	0
XM_034446661.1	2123	2024	0	0
XM_034446662.1	2113	2014	0	0
XM_034446663.1	2312	2213	0	0
XM_034446664.1	2343	2244	0	0
XM_034446665.1	2337	2238	0	0
XM_034446666.1	5447	5348	0	0
XM_034446667.1	2327	2228	0	0
XM_034446668.1	2318	2219	0	0
XM_034446669.1	2312	2213	28.976	15.3196
XM_034446670.1	3146	3047	0	0
XM_034446671.1	3273	3174	0	0
XM_034446672.1	3232	3133	0	0
XM_034446673.1	2785	2686	0.00868955	0.00378514
XM_034446674.1	2854	2755	0	0
XM_034446675.1	4890	4791	7	1.70947
XM_034446676.1	1491	1392	7	5.88369
XM_034446677.1	4121	4022	67	19.4905
XM_034446678.1	2381	2282	0	0
XM_034446679.1	2698	2599	7	3.15125
XM_034446680.1	4402	4303	12	3.26288
XM_034446681.1	1333	1234	4	3.79259
XM_034446682.1	7444	7345	9.34359	1.48838
XM_034446683.1	6398	6299	0	0
XM_034446684.1	6264	6165	0.418917	0.0795035
XM_034446685.1	6349	6250	4.42968e-08	8.29245e-09
XM_034446686.1	4061	3962	0.00324327	0.000957767
XM_034446687.1	6238	6139	59.5811	11.3554
XM_034446688.1	6406	6307	135	25.0439
XM_034446689.1	2731	2632	7	3.11174
XM_034446690.1	985	886	10	13.2056
XM_034446691.1	962	863	0	0
XM_034446692.1	677	578	0	0
XM_034446693.1	4055	3956	0.0191884	0.00567509
XM_034446694.1	683	584	1	2.00345
XM_034446695.1	4049	3950	0.113832	0.0337178
XM_034446696.1	5984	5885	0	0
XM_034446697.1	823	724	0	0
XM_034446698.1	4046	3947	0.277536	0.0822703
XM_034446699.1	2378	2279	0	0
XM_034446700.1	4677	4578	8	2.04458
XM_034446701.1	4046	3947	0.277536	0.0822703
XM_034446702.1	11112	11013	87	9.24282
XM_034446703.1	4043	3944	0.677123	0.200873
XM_034446704.1	4034	3935	9.87375	2.93581
XM_034446705.1	3125	3026	0	0
XM_034446706.1	3958	3859	37	11.2181
XM_034446707.1	3301	3202	0	0
XM_034446708.1	3239	3140	2	0.745231
XM_034446709.1	3510	3411	65	22.2958
XM_034446710.1	4031	3932	24.1553	7.18769
XM_034446711.1	3159	3060	0	0
XM_034446712.1	3580	3481	1	0.336114
XM_034446713.1	3106	3007	0	0
XM_034446714.1	4884	4785	21.7343	5.3144
XM_034446715.1	4902	4803	0.265705	0.0647259
XM_034446716.1	3047	2948	1	0.396884
XM_034446717.1	2751	2652	0	0
XM_034446718.1	2509	2410	4	1.94193
XM_034446719.1	2566	2467	0	0
XM_034446720.1	3683	3584	0	0
XM_034446721.1	3552	3453	69.4117	23.5194
XM_034446722.1	3601	3502	0	0
XM_034446723.1	2507	2408	1	0.485886
XM_034446724.1	875	776	1.34971	2.03502
XM_034446725.1	1846	1747	2.82515	1.89208
XM_034446726.1	1743	1644	12	8.54024
XM_034446727.1	2206	2107	0	0
XM_034446728.1	2186	2087	0	0
XM_034446729.1	2588	2489	0.602504	0.283221
XM_034446730.1	678	579	0	0
XM_034446731.1	3944	3845	8.79611	2.67661
XM_034446732.1	3976	3877	107.436	32.4224
XM_034446733.1	4213	4114	0.975891	0.277541
XM_034446734.1	5958	5859	0.00389099	0.000777011
XM_034446735.1	5958	5859	0.00389099	0.000777011
XM_034446736.1	5946	5847	0.0431026	0.00862505
XM_034446737.1	3020	2921	40	16.0221
XM_034446738.1	5961	5862	0.00213443	0.000426018
XM_034446739.1	4922	4823	0	0
XM_034446740.1	6765	6666	109.324	19.1886
XM_034446741.1	6750	6651	0.984912	0.173261
XM_034446742.1	2926	2827	86	35.5929
XM_034446743.1	1467	1368	0	0
XM_034446744.1	1288	1189	87	85.6107
XM_034446745.1	1365	1266	0	0
XM_034446746.1	2180	2081	0	0
XM_034446747.1	5333	5234	0	0
XM_034446748.1	5321	5222	0	0
XM_034446749.1	5312	5213	0	0
XM_034446750.1	5297	5198	1.22941e-08	2.76728e-09
XM_034446751.1	5294	5195	2.4199e-08	5.45007e-09
XM_034446752.1	5285	5186	1.84975e-07	4.17321e-08
XM_034446753.1	5276	5177	1.41893e-06	3.20682e-07
XM_034446754.1	5252	5153	0.000330447	7.50296e-05
XM_034446755.1	5218	5119	0.778919	0.178032
XM_034446756.1	5206	5107	12.2207	2.79977
XM_034446757.1	5299	5200	0	0
XM_034446758.1	1818	1719	0	0
XM_034446759.1	1989	1890	0	0
XM_034446760.1	1813	1714	0	0
XM_034446761.1	1844	1745	0	0
XM_034446762.1	1287	1188	0	0
XM_034446763.1	2286	2187	35	18.7245
XM_034446764.1	3331	3232	5	1.81005
XM_034446765.1	3438	3339	0	0
XM_034446766.1	2773	2674	0	0
XM_034446767.1	2820	2721	27	11.6098
XM_034446768.1	16485	16386	0	0
XM_034446769.1	16719	16620	29.2795	2.06122
XM_034446770.1	16482	16383	0	0
XM_034446771.1	16482	16383	0	0
XM_034446772.1	16482	16383	0	0
XM_034446773.1	16713	16614	44.7205	3.14936
XM_034446774.1	3223	3124	36.4124	13.6373
XM_034446775.1	3111	3012	0.000313246	0.000121681
XM_034446776.1	3080	2981	58.3667	22.9084
XM_034446777.1	3134	3035	4.55104	1.75446
XM_034446778.1	3528	3429	0	0
XM_034446779.1	2709	2610	26.1053	11.7025
XM_034446780.1	3448	3349	0	0
XM_034446781.1	3352	3253	16	5.75475
XM_034446782.1	4167	4068	39.6326	11.3989
XM_034446783.1	2603	2504	0	0
XM_034446784.1	2553	2454	0	0
XM_034446785.1	2752	2653	4	1.76406
XM_034446786.1	887	788	0	0
XM_034446787.1	4216	4117	16	4.54705
XM_034446788.1	809	710	21	34.606
XM_034446789.1	1003	904	3	3.88279
XM_034446790.1	2477	2378	0	0
XM_034446791.1	3891	3792	0	0
XM_034446792.1	3879	3780	0	0
XM_034446793.1	4028	3929	0	0
XM_034446794.1	3816	3717	0.0220305	0.00693462
XM_034446795.1	3804	3705	0.97797	0.308836
XM_034446796.1	5856	5757	0.0904562	0.0183837
XM_034446797.1	5831	5732	14.9095	3.04333
XM_034446798.1	3589	3490	0	0
XM_034446799.1	3586	3487	0	0
XM_034446800.1	3565	3466	0	0
XM_034446801.1	3562	3463	0	0
XM_034446802.1	2612	2513	2	0.931169
XM_034446803.1	2780	2681	12	5.23691
XM_034446804.1	1006	907	0	0
XM_034446805.1	827	728	0	0
XM_034446806.1	1263	1164	458.342	460.71
XM_034446807.1	1037	938	0	0
XM_034446808.1	668	569	0	0
XM_034446809.1	668	569	0	0
XM_034446810.1	621	522	3.34578	7.49925
XM_034446811.1	1005	906	0.677398	0.874795
XM_034446812.1	1005	906	0.677398	0.874795
XM_034446813.1	493	394	0	0
XM_034446814.1	1685	1586	2248.95	1659.08
XM_034446815.1	1416	1317	264.172	234.688
XM_034446816.1	3282	3183	0	0
XM_034446817.1	3264	3165	0	0
XM_034446818.1	2445	2346	0	0
XM_034446819.1	2442	2343	10	4.99366
XM_034446820.1	2391	2292	0	0
XM_034446821.1	831	732	0	0
XM_034446822.1	1361	1262	0	0
XM_034446823.1	870	771	0	0
XM_034446824.1	852	753	934	1451.25
XM_034446825.1	642	543	18	38.785
XM_034446826.1	1038	939	2	2.49204
XM_034446827.1	1296	1197	0	0
XM_034446828.1	1190	1091	1	1.07242
XM_034446829.1	1509	1410	1.73242	1.43755
XM_034446830.1	2208	2109	0.965523	0.535645
XM_034446831.1	1900	1801	0	0
XM_034446832.1	3108	3009	0	0
XM_034446833.1	2952	2853	0	0
XM_034446834.1	3096	2997	0	0
XM_034446835.1	3513	3414	14.5562	4.98855
XM_034446836.1	1514	1415	0	0
XM_034446837.1	2931	2832	3.44383	1.42279
XM_034446838.1	3112	3013	3	1.16497
XM_034446839.1	1365	1266	0	0
XM_034446840.1	565	466	0	0
XM_034446841.1	4762	4663	0	0
XM_034446842.1	4640	4541	4	1.03062
XM_034446843.1	2758	2659	10	4.4002
XM_034446844.1	3695	3596	2.93873e-07	9.56162e-08
XM_034446845.1	3641	3542	15	4.95488
XM_034446846.1	1886	1787	5.16283	3.38029
XM_034446847.1	4899	4800	64	15.6002
XM_034446848.1	2702	2603	16.9139	7.60256
XM_034446849.1	2867	2768	2.65702e-08	1.1231e-08
XM_034446850.1	2377	2278	11	5.64976
XM_034446851.1	2573	2474	2	0.945848
XM_034446852.1	2822	2723	5.94745	2.55549
XM_034446853.1	2334	2235	8.5713	4.48704
XM_034446854.1	1619	1520	0	0
XM_034446855.1	441	342	0	0
XM_034446856.1	1759	1660	0	0
XM_034446857.1	1992	1893	0	0
XM_034446858.1	2906	2807	0	0
XM_034446859.1	1983	1884	0	0
XM_034446860.1	1932	1833	0	0
XM_034446861.1	1911	1812	0.0454221	0.0293292
XM_034446862.1	1901	1802	29.9546	19.4491
XM_034446863.1	1111	1012	0	0
XM_034446864.1	2897	2798	0	0
XM_034446865.1	673	574	28	57.0738
XM_034446866.1	2960	2861	1	0.408953
XM_034446867.1	3066	2967	4.13313	1.62987
XM_034446868.1	2833	2734	0.0525487	0.0224882
XM_034446869.1	6909	6810	2.05801	0.353583
XM_034446870.1	3593	3494	2	0.669727
XM_034446871.1	2716	2617	16	7.15331
XM_034446872.1	2440	2341	2.24283	1.12095
XM_034446873.1	2197	2098	0	0
XM_034446874.1	1628	1529	7.83717	5.99712
XM_034446875.1	1347	1248	0	0
XM_034446876.1	3330	3231	2.38315e-07	8.62989e-08
XM_034446877.1	2233	2134	0	0
XM_034446878.1	3535	3436	7	2.38361
XM_034446879.1	3943	3844	0	0
XM_034446880.1	3872	3773	0	0
XM_034446881.1	3655	3556	0	0
XM_034446882.1	3933	3834	0	0
XM_034446883.1	4576	4477	12	3.13606
XM_034446884.1	1730	1631	0	0
XM_034446885.1	1067	968	0	0
XM_034446886.1	7695	7596	42.6873	6.57514
XM_034446887.1	2664	2565	3	1.36844
XM_034446888.1	2441	2342	56	27.9764
XM_034446889.1	6310	6211	0	0
XM_034446890.1	6091	5992	68	13.2779
XM_034446891.1	6747	6648	90.7913	15.9788
XM_034446892.1	3361	3262	0	0
XM_034446893.1	1888	1789	1	0.654004
XM_034446894.1	1891	1792	0	0
XM_034446895.1	2440	2341	2	0.999584
XM_034446896.1	3658	3559	0	0
XM_034446897.1	2650	2551	27.8574	12.7767
XM_034446898.1	851	752	0	0
XM_034446899.1	614	515	0	0
XM_034446900.1	1156	1057	1	1.10692
XM_034446901.1	1219	1120	9	9.40189
XM_034446902.1	1155	1056	109	120.768
XM_034446903.1	6970	6871	0	0
XM_034446904.1	1496	1397	0	0
XM_034446905.1	1331	1232	0	0
XM_034446906.1	1239	1140	0	0
XM_034446907.1	1108	1009	0	0
XM_034446908.1	1098	999	0	0
XM_034446909.1	1019	920	2	2.54351
XM_034446910.1	1975	1876	0	0
XM_034446911.1	1896	1797	1	0.651093
XM_034446912.1	2294	2195	28	14.925
XM_034446913.1	2249	2150	0	0
XM_034446914.1	1116	1017	0	0
XM_034446915.1	2816	2717	2	0.861254
XM_034446916.1	3177	3078	0	0
XM_034446917.1	2973	2874	4	1.62841
XM_034446918.1	2739	2640	0	0
XM_034446919.1	1085	986	0	0
XM_034446920.1	1623	1524	0	0
XM_034446921.1	1413	1314	0	0
XM_034446922.1	1434	1335	61	53.4613
XM_034446923.1	2600	2501	0	0
XM_034446924.1	2572	2473	1	0.473115
XM_034446925.1	2162	2063	3.10579	1.76142
XM_034446926.1	2154	2055	16	9.10959
XM_034446927.1	1857	1758	6	3.99322
XM_034446928.1	1252	1153	6.22663	6.31851
XM_034446929.1	4069	3970	0	0
XM_034446930.1	4059	3960	0	0
XM_034446931.1	4039	3940	0	0
XM_034446932.1	3930	3831	0	0
XM_034446933.1	4057	3958	0	0
XM_034446934.1	4054	3955	0	0
XM_034446935.1	4048	3949	0	0
XM_034446936.1	3416	3317	6.60833	2.33097
XM_034446937.1	3424	3325	0.391674	0.137824
XM_034446938.1	918	819	0	0
XM_034446939.1	613	514	2	4.55258
XM_034446940.1	4819	4720	0	0
XM_034446941.1	2118	2019	1.09197	0.632798
XM_034446942.1	4717	4618	0	0
XM_034446943.1	4717	4618	0	0
XM_034446944.1	4618	4519	0	0
XM_034446945.1	4438	4339	0	0
XM_034446946.1	4423	4324	0	0
XM_034446947.1	4324	4225	0	0
XM_034446948.1	4321	4222	0	0
XM_034446949.1	4222	4123	0	0
XM_034446950.1	4120	4021	1.12137	0.326292
XM_034446951.1	1925	1826	83.4264	53.4557
XM_034446952.1	1939	1840	0.0107252	0.00681989
XM_034446953.1	1403	1304	1	0.89725
XM_034446954.1	2241	2142	1	0.546225
XM_034446955.1	996	897	3	3.91309
XM_034446956.1	1033	934	0	0
XM_034446957.1	2159	2060	9.02834	5.1278
XM_034446958.1	1009	910	0	0
XM_034446959.1	840	741	0	0
XM_034446960.1	845	746	0	0
XM_034446961.1	3804	3705	0	0
XM_034446962.1	2516	2417	5	2.42038
XM_034446963.1	2849	2750	0	0
XM_034446964.1	3808	3709	0	0
XM_034446965.1	3752	3653	0	0
XM_034446966.1	2045	1946	0	0
XM_034446967.1	3122	3023	2	0.774074
XM_034446968.1	1066	967	0	0
XM_034446969.1	2896	2797	5	2.09155
XM_034446970.1	2941	2842	3.69994e-08	1.52322e-08
XM_034446971.1	2952	2853	0	0
XM_034446972.1	628	529	0	0
XM_034446973.1	5767	5668	0.18297	0.0377695
XM_034446974.1	5764	5665	0.340475	0.0703195
XM_034446975.1	1823	1724	4.95724	3.36429
XM_034446976.1	1323	1224	0	0
XM_034446977.1	3042	2943	11.9322	4.74374
XM_034446978.1	2491	2392	8	3.91309
XM_034446979.1	707	608	2	3.84873
XM_034446980.1	3421	3322	10.3205	3.63489
XM_034446981.1	2367	2268	124	63.969
XM_034446982.1	4956	4857	0	0
XM_034446983.1	4709	4610	21	5.32978
XM_034446984.1	4919	4820	0	0
XM_034446985.1	4871	4772	0	0
XM_034446986.1	4847	4748	0	0
XM_034446987.1	4799	4700	0	0
XM_034446988.1	1403	1304	0	0
XM_034446989.1	2968	2869	0	0
XM_034446990.1	2401	2302	0	0
XM_034446991.1	2927	2828	105	43.4411
XM_034446992.1	2165	2066	8	4.53055
XM_034446993.1	1629	1530	0	0
XM_034446994.1	741	642	14	25.5143
XM_034446995.1	750	651	0	0
XM_034446996.1	2911	2812	27	11.2341
XM_034446997.1	1756	1657	13	9.17934
XM_034446998.1	3650	3551	11	3.62437
XM_034446999.1	1601	1502	7.09113e-06	5.52378e-06
XM_034447000.1	1568	1469	3.61917	2.88256
XM_034447001.1	4412	4313	15	4.06914
XM_034447002.1	1037	938	0	0
XM_034447003.1	1584	1485	4.46084	3.51464
XM_034447004.1	1586	1487	0.919984	0.72387
XM_034447005.1	2253	2154	0	0
XM_034447006.1	2299	2200	0	0
XM_034447007.1	2867	2768	0	0
XM_034447008.1	2660	2561	0	0
XM_034447009.1	2657	2558	0	0
XM_034447010.1	562	463	118.959	300.612
XM_034447011.1	2691	2592	0	0
XM_034447012.1	2661	2562	0	0
XM_034447013.1	2652	2553	0	0
XM_034447014.1	2262	2163	0	0
XM_034447015.1	2773	2674	0	0
XM_034447016.1	2597	2498	0	0
XM_034447017.1	2567	2468	0	0
XM_034447018.1	2558	2459	0	0
XM_034447019.1	557	458	20.0414	51.1981
XM_034447020.1	2504	2405	0	0
XM_034447021.1	1956	1857	0.696635	0.438919
XM_034447022.1	1956	1857	0.696635	0.438919
XM_034447023.1	1830	1731	0.0427551	0.0288989
XM_034447024.1	1190	1091	22	23.5933
XM_034447025.1	2169	2070	10.7912	6.09943
XM_034447026.1	1529	1430	0	0
XM_034447027.1	1357	1258	2.04477	1.90176
XM_034447028.1	1467	1368	0	0
XM_034447029.1	1098	999	0	0
XM_034447030.1	1040	941	2	2.48674
XM_034447031.1	2778	2679	188.875	82.4884
XM_034447032.1	2864	2765	0	0
XM_034447033.1	11467	11368	17.4164	1.79253
XM_034447034.1	3888	3789	268.943	83.0474
XM_034447035.1	3410	3311	0	0
XM_034447036.1	3407	3308	0	0
XM_034447037.1	3408	3309	0	0
XM_034447038.1	3197	3098	3	1.133
XM_034447039.1	3341	3242	0	0
XM_034447040.1	1081	982	0	0
XM_034447041.1	3346	3247	608.326	219.202
XM_034447042.1	2381	2282	0	0
XM_034447043.1	2289	2190	0	0
XM_034447044.1	9421	9322	31	3.89084
XM_034447045.1	1707	1608	0	0
XM_034447046.1	1312	1213	0	0
XM_034447047.1	2491	2392	0	0
XM_034447048.1	2332	2233	0	0
XM_034447049.1	2339	2240	0	0
XM_034447050.1	1308	1209	0	0
XM_034447051.1	1414	1315	0	0
XM_034447052.1	1319	1220	0	0
XM_034447053.1	2416	2317	2	1.00994
XM_034447054.1	2802	2703	14	6.06
XM_034447055.1	3984	3885	9	2.71046
XM_034447056.1	2888	2789	20	8.3902
XM_034447057.1	3119	3020	0	0
XM_034447058.1	1971	1872	7.94359e-08	4.9648e-08
XM_034447059.1	1944	1845	2	1.26831
XM_034447060.1	7227	7128	0	0
XM_034447061.1	7194	7095	0	0
XM_034447062.1	7017	6918	0	0
XM_034447063.1	6817	6718	157.21	27.3799
XM_034447064.1	9004	8905	159	20.8908
XM_034447065.1	526	427	0	0
XM_034447066.1	4327	4228	0	0
XM_034447067.1	6307	6208	0	0
XM_034447068.1	4327	4228	0	0
XM_034447069.1	4470	4371	0	0
XM_034447070.1	1719	1620	0	0
XM_034447071.1	980	881	2	2.6561
XM_034447072.1	987	888	0	0
XM_034447073.1	2643	2544	0.601068	0.276438
XM_034447074.1	2639	2540	0	0
XM_034447075.1	2492	2393	0	0
XM_034447076.1	2418	2319	0	0
XM_034447077.1	2417	2318	0	0
XM_034447078.1	2635	2536	0	0
XM_034447079.1	2571	2472	1	0.473306
XM_034447080.1	1969	1870	0	0
XM_034447081.1	2640	2541	2.39893	1.1046
XM_034447082.1	1969	1870	0	0
XM_034447083.1	1906	1807	33	21.3672
XM_034447084.1	2384	2285	13	6.65653
XM_034447085.1	2990	2891	21	8.49889
XM_034447086.1	2921	2822	0	0
XM_034447087.1	2931	2832	0	0
XM_034447088.1	3369	3270	6	2.14681
XM_034447089.1	3068	2969	11.8109	4.6544
XM_034447090.1	2403	2304	25.0777	12.7349
XM_034447091.1	4974	4875	20	4.80006
XM_034447092.1	3055	2956	0	0
XM_034447093.1	3061	2962	0	0
XM_034447094.1	2984	2885	0	0
XM_034447095.1	2795	2696	56	24.3029
XM_034447096.1	1221	1122	5	5.21396
XM_034447097.1	3406	3307	9	3.18419
XM_034447098.1	1756	1657	0	0
XM_034447099.1	2557	2458	1.88158	0.895638
XM_034447100.1	1677	1578	3	2.22436
XM_034447101.1	3570	3471	0	0
XM_034447102.1	3494	3395	0	0
XM_034447103.1	3432	3333	64.3009	22.5721
XM_034447104.1	2007	1908	9.80473	6.0124
XM_034447105.1	1261	1162	1.04131	1.0485
XM_034447106.1	2553	2454	12.7119	6.06075
XM_034447107.1	2530	2431	0	0
XM_034447108.1	2526	2427	0	0
XM_034447109.1	2224	2125	0	0
XM_034447110.1	2381	2282	0	0
XM_034447111.1	2267	2168	0	0
XM_034447112.1	2342	2243	0	0
XM_034447113.1	2137	2038	0	0
XM_034447114.1	2209	2110	0	0
XM_034447115.1	2307	2208	0	0
XM_034447116.1	2456	2357	0	0
XM_034447117.1	2165	2066	0	0
XM_034447118.1	2268	2169	0	0
XM_034447119.1	2647	2548	3.82777	1.75767
XM_034447120.1	3711	3612	25	8.0981
XM_034447121.1	3206	3107	61.1602	23.0313
XM_034447122.1	3108	3009	331.62	128.947
XM_034447123.1	914	815	1	1.4356
XM_034447124.1	2714	2615	5.67051e-08	2.53712e-08
XM_034447125.1	2674	2575	4.03853	1.83501
XM_034447126.1	1049	950	4.83383e-08	5.95331e-08
XM_034447127.1	1103	1004	0	0
XM_034447128.1	3638	3539	79.9615	26.4357
XM_034447129.1	3238	3139	0	0
XM_034447130.1	1533	1434	12.0191	9.80653
XM_034447131.1	7104	7005	2.63291	0.439762
XM_034447132.1	7085	6986	17.8228	2.98495
XM_034447133.1	7061	6962	12.6063	2.11858
XM_034447134.1	7043	6944	67.7927	11.4226
XM_034447135.1	7100	7001	5.14532	0.85989
XM_034447136.1	4326	4227	0.0141361	0.00391279
XM_034447137.1	4299	4200	25.9859	7.239
XM_034447138.1	3988	3889	61	18.352
XM_034447139.1	3464	3365	0	0
XM_034447140.1	2018	1919	3	1.8291
XM_034447141.1	4155	4056	0	0
XM_034447142.1	5872	5773	12	2.43204
XM_034447143.1	2166	2067	9	5.0944
XM_034447144.1	3614	3515	0	0
XM_034447145.1	4008	3909	8.16057e-05	2.44256e-05
XM_034447146.1	3993	3894	0.00741832	0.00222895
XM_034447147.1	3533	3434	54	18.3986
XM_034447148.1	4117	4018	0	0
XM_034447149.1	2476	2377	0	0
XM_034447150.1	4035	3936	0	0
XM_034447151.1	2710	2611	5	2.24055
XM_034447152.1	5261	5162	0	0
XM_034447153.1	5256	5157	0	0
XM_034447154.1	5249	5150	0	0
XM_034447155.1	5222	5123	0	0
XM_034447156.1	5213	5114	0	0
XM_034447157.1	1627	1528	2	1.53143
XM_034447158.1	3837	3738	0	0
XM_034447159.1	5207	5108	0.00050592	0.000115883
XM_034447160.1	5159	5060	32.6451	7.54845
XM_034447161.1	4459	4360	1.24113	0.33306
XM_034447162.1	4456	4357	2.78267	0.747249
XM_034447163.1	5129	5030	0	0
XM_034447164.1	5090	4991	0	0
XM_034447165.1	5043	4944	0	0
XM_034447166.1	5075	4976	1.53499e-05	3.60924e-06
XM_034447167.1	5036	4937	0	0
XM_034447168.1	5027	4928	1.33061	0.315916
XM_034447169.1	4989	4890	0	0
XM_034447170.1	3206	3107	0	0
XM_034447171.1	2823	2724	0	0
XM_034447172.1	551	452	0	0
XM_034447173.1	467	368	0	0
XM_034447174.1	3770	3671	8	2.54974
XM_034447175.1	1515	1416	0	0
XM_034447176.1	2321	2222	0	0
XM_034447177.1	2439	2340	0	0
XM_034447178.1	8723	8624	0	0
XM_034447179.1	1649	1550	2	1.50969
XM_034447180.1	1160	1061	0	0
XM_034447181.1	1088	989	0	0
XM_034447182.1	1172	1073	0	0
XM_034447183.1	1261	1162	0	0
XM_034447184.1	1091	992	5	5.89725
XM_034447185.1	1143	1044	0	0
XM_034447186.1	1114	1015	0	0
XM_034447187.1	8058	7959	0	0
XM_034447188.1	1433	1334	0	0
XM_034447189.1	2514	2415	0	0
XM_034447190.1	2519	2420	0	0
XM_034447191.1	2388	2289	20	10.2229
XM_034447192.1	2037	1938	0	0
XM_034447193.1	1958	1859	0	0
XM_034447194.1	3004	2905	2	0.805517
XM_034447195.1	1749	1650	8	5.67279
XM_034447196.1	2270	2171	912.555	491.802
XM_034447197.1	8980	8881	20.5085	2.70186
XM_034447198.1	5425	5326	5.27359	1.1585
XM_034447199.1	4792	4693	12.4503	3.10399
XM_034447200.1	5086	4987	6	1.40768
XM_034447201.1	6133	6034	24.8172	4.81215
XM_034447202.1	4496	4397	0	0
XM_034447203.1	5166	5067	95	21.9363
XM_034447204.1	4837	4738	30.9966	7.65438
XM_034447205.1	4874	4775	0.00337711	0.000827491
XM_034447206.1	3423	3324	6.95039	2.44647
XM_034447207.1	2831	2732	4.33688	1.85732
XM_034447208.1	2830	2731	6.66312	2.85461
XM_034447209.1	2995	2896	0	0
XM_034447210.1	1997	1898	0	0
XM_034447211.1	1285	1186	0	0
XM_034447212.1	798	699	0	0
XM_034447213.1	726	627	0	0
XM_034447214.1	1462	1363	0	0
XM_034447215.1	752	653	0	0
XM_034447216.1	700	601	1	1.94678
XM_034447217.1	10482	10383	0	0
XM_034447218.1	5481	5382	1419	308.482
XM_034447219.1	2432	2333	0	0
XM_034447220.1	1684	1585	0	0
XM_034447221.1	1613	1514	9	6.95517
XM_034447222.1	2257	2158	4	2.1687
XM_034447223.1	1313	1214	0	0
XM_034447224.1	1604	1505	0	0
XM_034447225.1	2214	2115	0	0
XM_034447226.1	2122	2023	0.00125949	0.000728432
XM_034447227.1	2104	2005	44.9987	26.2589
XM_034447228.1	1705	1606	0	0
XM_034447229.1	1840	1741	0	0
XM_034447230.1	1078	979	2	2.39022
XM_034447231.1	2120	2021	4.58797	2.6561
XM_034447232.1	5731	5632	0	0
XM_034447233.1	1760	1661	2.69478	1.89821
XM_034447234.1	5506	5407	6	1.29833
XM_034447235.1	1477	1378	0	0
XM_034447236.1	1700	1601	0	0
XM_034447237.1	1304	1205	0	0
XM_034447238.1	2361	2262	0	0
XM_034447239.1	2740	2641	15	6.64529
XM_034447240.1	1725	1626	0	0
XM_034447241.1	2010	1911	0	0
XM_034447242.1	1655	1556	0.00395344	0.00297274
XM_034447243.1	1722	1623	0	0
XM_034447244.1	2956	2857	0	0
XM_034447245.1	2942	2843	8	3.29233
XM_034447246.1	3423	3324	2	0.703979
XM_034447247.1	2313	2214	6.94698	3.67121
XM_034447248.1	1642	1543	74.3013	56.3406
XM_034447249.1	2971	2872	29.053	11.8358
XM_034447250.1	2626	2527	0	0
XM_034447251.1	2461	2362	0	0
XM_034447252.1	3012	2913	14.5564	5.84659
XM_034447253.1	4108	4009	9.22523	2.69235
XM_034447254.1	2542	2443	0	0
XM_034447255.1	2230	2131	0	0
XM_034447256.1	2790	2691	0	0
XM_034447257.1	2587	2488	0	0
XM_034447258.1	1541	1442	1	0.811382
XM_034447259.1	2005	1906	0	0
XM_034447260.1	1771	1672	0	0
XM_034447261.1	1524	1425	0	0
XM_034447262.1	2268	2169	0	0
XM_034447263.1	1654	1555	0	0
XM_034447264.1	1914	1815	6	3.86781
XM_034447265.1	2255	2156	0	0
XM_034447266.1	6769	6670	4.55393e-07	7.98824e-08
XM_034447267.1	6837	6738	0	0
XM_034447268.1	2230	2131	0	0
XM_034447269.1	527	428	470	1284.83
XM_034447270.1	2016	1917	0	0
XM_034447271.1	1940	1841	4	2.54213
XM_034447272.1	1690	1591	3.97406e-07	2.92251e-07
XM_034447273.1	1666	1567	22	16.4265
XM_034447274.1	2110	2011	51	29.6721
XM_034447275.1	15655	15556	4.05025	0.304632
XM_034447276.1	15760	15661	0	0
XM_034447277.1	15605	15506	0	0
XM_034447278.1	15649	15550	6.36807	0.479147
XM_034447279.1	15637	15538	15.7502	1.18599
XM_034447280.1	15634	15535	19.754	1.48776
XM_034447281.1	15628	15529	31.0775	2.34149
XM_034447282.1	1985	1886	2	1.24074
XM_034447283.1	3290	3191	1	0.36666
XM_034447284.1	2226	2127	1	0.550077
XM_034447285.1	922	823	1	1.42164
XM_034447286.1	1810	1711	0	0
XM_034447287.1	1771	1672	0	0
XM_034447288.1	1747	1648	6.14883e-08	4.36542e-08
XM_034447289.1	1747	1648	6.14883e-08	4.36542e-08
XM_034447290.1	1720	1621	16	11.5486
XM_034447291.1	931	832	0	0
XM_034447292.1	2435	2336	0.718264	0.359751
XM_034447293.1	2432	2333	3.24291	1.62634
XM_034447294.1	2432	2333	3.24291	1.62634
XM_034447295.1	7207	7108	37.7959	6.2214
XM_034447296.1	5763	5664	0	0
XM_034447297.1	5760	5661	0	0
XM_034447298.1	5760	5661	0	0
XM_034447299.1	5748	5649	0	0
XM_034447300.1	5700	5601	0	0
XM_034447301.1	5697	5598	0	0
XM_034447302.1	5694	5595	0	0
XM_034447303.1	5691	5592	0	0
XM_034447304.1	3822	3723	10	3.14266
XM_034447305.1	5634	5535	0	0
XM_034447306.1	5481	5382	59	12.8262
XM_034447307.1	399	300	34	132.602
XM_034447308.1	1693	1594	0	0
XM_034447309.1	1585	1486	5	3.93679
XM_034447310.1	1322	1223	11	10.5234
XM_034447311.1	4876	4777	0	0
XM_034447312.1	2217	2118	19	10.4959
XM_034447313.1	1931	1832	7	4.47058
XM_034447314.1	1209	1110	68	71.6765
XM_034447315.1	2275	2176	56	30.1106
XM_034447316.1	2227	2128	0	0
XM_034447317.1	4740	4641	10	2.52104
XM_034447318.1	1921	1822	9.26761	5.95128
XM_034447319.1	1588	1489	0.475105	0.373324
XM_034447320.1	1403	1304	13.2573	11.8951
XM_034447321.1	3557	3458	23.1423	7.83019
XM_034447322.1	4884	4785	0	0
XM_034447323.1	1948	1849	7	4.42947
XM_034447324.1	4840	4741	0	0
XM_034447325.1	2583	2484	0	0
XM_034447326.1	2155	2056	0	0
XM_034447327.1	1860	1761	4.41127	2.93086
XM_034447328.1	4720	4621	0	0
XM_034447329.1	1856	1757	1	0.665915
XM_034447330.1	1990	1891	0	0
XM_034447331.1	4001	3902	9	2.69865
XM_034447332.1	4025	3926	11	3.27818
XM_034447333.1	1377	1278	0	0
XM_034447334.1	2184	2085	2	1.12232
XM_034447335.1	4682	4583	0	0
XM_034447336.1	1311	1212	0	0
XM_034447337.1	747	648	1	1.80558
XM_034447338.1	2541	2442	11.4043	5.46406
XM_034447339.1	1278	1179	0.5	0.496189
XM_034447340.1	1366	1267	0	0
XM_034447341.1	1278	1179	0.5	0.496189
XM_034447342.1	1458	1359	99	85.2328
XM_034447343.1	3334	3235	0	0
XM_034447344.1	2060	1961	0	0
XM_034447345.1	5343	5244	0	0
XM_034447346.1	5254	5155	0	0
XM_034447347.1	5247	5148	0	0
XM_034447348.1	5157	5058	9.00813	2.08375
XM_034447349.1	2294	2195	2	1.06607
XM_034447350.1	1279	1180	1.39164	1.37987
XM_034447351.1	860	761	0	0
XM_034447352.1	3341	3242	0	0
XM_034447353.1	4582	4483	0	0
XM_034447354.1	4576	4477	0	0
XM_034447355.1	4549	4450	0	0
XM_034447356.1	4489	4390	0	0
XM_034447357.1	4486	4387	0	0
XM_034447358.1	4456	4357	0	0
XM_034447359.1	4393	4294	3.92979e-06	1.07077e-06
XM_034447360.1	4339	4240	11	3.03541
XM_034447361.1	1304	1205	2	1.94193
XM_034447362.1	2184	2085	6.96722e-06	3.90971e-06
XM_034447363.1	2163	2064	0.999993	0.566863
XM_034447364.1	6321	6222	0	0
XM_034447365.1	1502	1403	1.00303e-05	8.36467e-06
XM_034447366.1	1487	1388	2.99999	2.52884
XM_034447367.1	2069	1970	2	1.18783
XM_034447368.1	1736	1637	0	0
XM_034447369.1	3751	3652	34	10.8928
XM_034447370.1	3036	2937	0	0
XM_034447371.1	1609	1510	0	0
XM_034447372.1	1607	1508	0	0
XM_034447373.1	2089	1990	6	3.52768
XM_034447374.1	4998	4899	16.0482	3.83273
XM_034447375.1	2373	2274	0	0
XM_034447376.1	4974	4875	34.6644	8.31954
XM_034447377.1	6108	6009	0	0
XM_034447378.1	6087	5988	0	0
XM_034447379.1	5865	5766	3	0.608748
XM_034447380.1	2506	2407	0.0267683	0.0130118
XM_034447381.1	2506	2407	0.0267683	0.0130118
XM_034447382.1	2491	2392	40.9465	20.0284
XM_034447383.1	9668	9569	112	13.6944
XM_034447384.1	1166	1067	0	0
XM_034447385.1	2754	2655	6	2.6441
XM_034447386.1	2617	2518	0	0
XM_034447387.1	1944	1845	0	0
XM_034447388.1	2615	2516	0	0
XM_034447389.1	2287	2188	0	0
XM_034447390.1	2421	2322	14.6526	7.38319
XM_034447391.1	2286	2187	6.57631	3.51823
XM_034447392.1	2290	2191	0.771073	0.41176
XM_034447393.1	2032	1933	0	0
XM_034447394.1	2628	2529	2.41882e-06	1.11904e-06
XM_034447395.1	2598	2499	2.90244	1.3589
XM_034447396.1	1908	1809	0	0
XM_034447397.1	1768	1669	0	0
XM_034447398.1	1737	1638	29.0976	20.7842
XM_034447399.1	1664	1565	61.249	45.7905
XM_034447400.1	984	885	0	0
XM_034447401.1	1408	1309	30.751	27.4859
XM_034447402.1	930	831	0	0
XM_034447403.1	1833	1734	0	0
XM_034447404.1	4961	4862	0	0
XM_034447405.1	4949	4850	0	0
XM_034447406.1	4934	4835	0	0
XM_034447407.1	4931	4832	0	0
XM_034447408.1	4907	4808	0	0
XM_034447409.1	4886	4787	0	0
XM_034447410.1	4859	4760	0	0
XM_034447411.1	4850	4751	0.00533368	0.00131351
XM_034447412.1	4820	4721	8.99467	2.22916
XM_034447413.1	1797	1698	4	2.75622
XM_034447414.1	4922	4823	0	0
XM_034447415.1	3368	3269	0	0
XM_034447416.1	5830	5731	0	0
XM_034447417.1	9524	9425	2.37571	0.294919
XM_034447418.1	9485	9386	0.0418201	0.00521309
XM_034447419.1	9323	9224	2.16292	0.274355
XM_034447420.1	9258	9159	0.946442	0.120903
XM_034447421.1	1975	1876	0	0
XM_034447422.1	1206	1107	0	0
XM_034447423.1	1720	1621	5.29285	3.8203
XM_034447424.1	1809	1710	3	2.05266
XM_034447425.1	3586	3487	172	57.7122
XM_034447426.1	3376	3277	0	0
XM_034447427.1	3505	3406	0	0
XM_034447428.1	2593	2494	2.9581	1.38774
XM_034447429.1	2612	2513	0.000402494	0.000187395
XM_034447430.1	1924	1825	0	0
XM_034447431.1	2776	2677	0	0
XM_034447432.1	922	823	5	7.10822
XM_034447433.1	1159	1060	0	0
XM_034447434.1	1110	1011	0	0
XM_034447435.1	1467	1368	0	0
XM_034447436.1	3667	3568	19.3095	6.33195
XM_034447437.1	660	561	0	0
XM_034447438.1	750	651	7	12.5808
XM_034447439.1	629	530	5	11.0379
XM_034447440.1	2447	2348	0	0
XM_034447441.1	804	705	0	0
XM_034447442.1	784	685	4	6.8322
XM_034447443.1	691	592	0	0
XM_034447444.1	1505	1406	8	6.65726
XM_034447445.1	1203	1104	2.71029	2.87235
XM_034447446.1	3593	3494	4	1.33945
XM_034447447.1	3080	2981	0	0
XM_034447448.1	3359	3260	0	0
XM_034447449.1	3027	2928	4	1.59838
XM_034447450.1	3141	3042	1	0.38462
XM_034447451.1	917	818	13	18.5943
XM_034447452.1	1961	1862	0	0
XM_034447453.1	2936	2837	9.11894	3.76076
XM_034447454.1	1208	1109	30	31.6505
XM_034447455.1	709	610	30	57.5416
XM_034447456.1	749	650	0	0
XM_034447457.1	737	638	0	0
XM_034447458.1	875	776	8	12.062
XM_034447459.1	789	690	0	0
XM_034447460.1	3122	3023	0.0186522	0.0072191
XM_034447461.1	4561	4462	0	0
XM_034447462.1	3868	3769	0	0
XM_034447463.1	2758	2659	2	0.88004
XM_034447464.1	3629	3530	0	0
XM_034447465.1	3110	3011	1.98135	0.769911
XM_034447466.1	2006	1907	0	0
XM_034447467.1	2678	2579	0	0
XM_034447468.1	1322	1223	1	0.956675
XM_034447469.1	3431	3332	20.3244	7.1368
XM_034447470.1	3756	3657	0	0
XM_034447471.1	3527	3428	28.0499	9.57374
XM_034447472.1	1931	1832	0.0332669	0.021246
XM_034447473.1	2293	2194	0	0
XM_034447474.1	1034	935	1.08312	1.35537
XM_034447475.1	3073	2974	203.122	79.9109
XM_034447476.1	3065	2966	0	0
XM_034447477.1	2465	2366	0	0
XM_034447478.1	2484	2385	0	0
XM_034447479.1	2241	2142	0	0
XM_034447480.1	2138	2039	1.13746	0.652694
XM_034447481.1	3139	3040	3	1.15462
XM_034447482.1	4191	4092	10	2.85927
XM_034447483.1	3217	3118	6.15357	2.30909
XM_034447484.1	1064	965	0	0
XM_034447485.1	1601	1502	6	4.67382
XM_034447486.1	3216	3117	9.84643	3.69601
XM_034447487.1	1130	1031	0	0
XM_034447488.1	1337	1238	0	0
XM_034447489.1	2569	2470	0	0
XM_034447490.1	2495	2396	0	0
XM_034447491.1	6673	6574	17	3.02559
XM_034447492.1	5817	5718	0	0
XM_034447493.1	5817	5718	0	0
XM_034447494.1	5808	5709	0	0
XM_034447495.1	5790	5691	0	0
XM_034447496.1	5790	5691	0	0
XM_034447497.1	3350	3251	0	0
XM_034447498.1	3083	2984	1.33245e-05	5.22449e-06
XM_034447499.1	2935	2836	5.96082	2.45918
XM_034447500.1	1156	1057	11.2958	12.5035
XM_034447501.1	926	827	0	0
XM_034447502.1	925	826	1	1.41648
XM_034447503.1	897	798	10	14.6618
XM_034447504.1	6494	6395	0	0
XM_034447505.1	959	860	0	0
XM_034447506.1	1788	1689	1	0.692726
XM_034447507.1	3733	3634	4.19601	1.35096
XM_034447508.1	2244	2145	0	0
XM_034447509.1	1026	927	0	0
XM_034447510.1	1616	1517	0	0
XM_034447511.1	1622	1523	3.42148	2.62848
XM_034447512.1	2091	1992	6.14259	3.60789
XM_034447513.1	1230	1131	3	3.10348
XM_034447514.1	1256	1157	3.22805	3.26436
XM_034447515.1	1109	1010	0	0
XM_034447516.1	1540	1441	0	0
XM_034447517.1	1451	1352	9.77195	8.45659
XM_034447518.1	2362	2263	0	0
XM_034447519.1	4385	4286	0	0
XM_034447520.1	4356	4257	0	0
XM_034447521.1	4328	4229	0	0
XM_034447522.1	2156	2057	0	0
XM_034447523.1	2156	2057	0	0
XM_034447524.1	2133	2034	0	0
XM_034447525.1	2150	2051	0	0
XM_034447526.1	1402	1303	0	0
XM_034447527.1	2180	2081	0	0
XM_034447528.1	2991	2892	5.08812	2.0585
XM_034447529.1	2904	2805	0	0
XM_034447530.1	2987	2888	7.57926e-07	3.07058e-07
XM_034447531.1	1013	914	0	0
XM_034447532.1	3252	3153	0	0
XM_034447533.1	2968	2869	0.00174661	0.000712289
XM_034447534.1	3228	3129	0	0
XM_034447535.1	2763	2664	6.89023	3.02615
XM_034447536.1	2351	2252	0	0
XM_034447537.1	2947	2848	9.65444	3.96623
XM_034447538.1	3288	3189	0	0
XM_034447539.1	3743	3644	0	0
XM_034447540.1	3781	3682	0	0
XM_034447541.1	2796	2697	3.68574e-06	1.59895e-06
XM_034447542.1	3733	3634	0	0
XM_034447543.1	3229	3130	3.29046	1.23
XM_034447544.1	3307	3208	0	0
XM_034447545.1	2907	2808	0	0
XM_034447546.1	3255	3156	0	0
XM_034447547.1	2300	2201	5.88829e-06	3.13011e-06
XM_034447548.1	2542	2443	0	0
XM_034447549.1	2485	2386	0	0
XM_034447550.1	1754	1655	1	0.706957
XM_034447551.1	5129	5030	9.62392	2.23859
XM_034447552.1	4970	4871	6.36732	1.52943
XM_034447553.1	4205	4106	1.00876	0.28745
XM_034447554.1	3459	3360	0	0
XM_034447555.1	3444	3345	0	0
XM_034447556.1	3363	3264	0.0284678	0.0102046
XM_034447557.1	3348	3249	6.32221	2.27672
XM_034447558.1	3354	3255	0.726049	0.260979
XM_034447559.1	3441	3342	0	0
XM_034447560.1	3283	3184	0	0
XM_034447561.1	3256	3157	0	0
XM_034447562.1	3570	3471	2	0.674165
XM_034447563.1	3320	3221	2.03159	0.737966
XM_034447564.1	2869	2770	2.09811	0.886214
XM_034447565.1	2932	2833	0	0
XM_034447566.1	3219	3120	23.8431	8.94126
XM_034447567.1	3379	3280	3.08661	1.10103
XM_034447568.1	3318	3219	21.4117	7.78253
XM_034447569.1	3377	3278	1.1969e-08	4.2721e-09
XM_034447570.1	3010	2911	8.92327	3.58652
XM_034447571.1	2918	2819	0	0
XM_034447572.1	2561	2462	15.026	7.14078
XM_034447573.1	561	462	1	2.5325
XM_034447574.1	1600	1501	0	0
XM_034447575.1	2557	2458	34.0842	16.2241
XM_034447576.1	1225	1126	0	0
XM_034447577.1	1171	1072	0	0
XM_034447578.1	11242	11143	7.62279e-05	8.00391e-06
XM_034447579.1	1304	1205	112	108.748
XM_034447580.1	11122	11023	24.9999	2.65356
XM_034447581.1	10936	10837	0	0
XM_034447582.1	2366	2267	15.6727	8.08877
XM_034447583.1	5073	4974	171	40.2236
XM_034447584.1	1687	1588	14	10.315
XM_034447585.1	1837	1738	0	0
XM_034447586.1	3615	3516	35.4544	11.7981
XM_034447587.1	5182	5083	61.5456	14.1667
XM_034447588.1	2327	2228	71.8146	37.7128
XM_034447589.1	2303	2204	27.1854	14.4316
XM_034447590.1	2937	2838	5.5	2.26747
XM_034447591.1	2937	2838	5.5	2.26747
XM_034447592.1	5609	5510	0	0
XM_034447593.1	5599	5500	0	0
XM_034447594.1	4797	4698	0	0
XM_034447595.1	5189	5090	0	0
XM_034447596.1	5644	5545	0	0
XM_034447597.1	5614	5515	0	0
XM_034447598.1	5567	5468	0	0
XM_034447599.1	5549	5450	0	0
XM_034447600.1	5581	5482	0	0
XM_034447601.1	7740	7641	12	1.83748
XM_034447602.1	5497	5398	0	0
XM_034447603.1	5453	5354	1.28833e-06	2.81539e-07
XM_034447604.1	5442	5343	1.43794e-05	3.14881e-06
XM_034447605.1	5481	5382	0	0
XM_034447606.1	5379	5280	15.8548	3.51331
XM_034447607.1	5393	5294	0.709892	0.156892
XM_034447608.1	5417	5318	0.00352335	0.000775173
XM_034447609.1	5061	4962	5.43182	1.28079
XM_034447610.1	3986	3887	0	0
XM_034447611.1	3820	3721	0	0
XM_034447612.1	5798	5699	0	0
XM_034447613.1	4741	4642	0	0
XM_034447614.1	5246	5147	0	0
XM_034447615.1	4841	4742	0	0
XM_034447616.1	4656	4557	0	0
XM_034447617.1	4518	4419	0	0
XM_034447618.1	4393	4294	0	0
XM_034447619.1	5326	5227	0	0
XM_034447620.1	5421	5322	0	0
XM_034447621.1	6452	6353	143.832	26.4891
XM_034447622.1	1119	1020	0	0
XM_034447623.1	3972	3873	9.64121	2.91256
XM_034447624.1	4686	4587	10.577	2.6979
XM_034447625.1	3594	3495	0	0
XM_034447626.1	3495	3396	0	0
XM_034447627.1	1403	1304	9.98932	8.96291
XM_034447628.1	1630	1531	0	0
XM_034447629.1	1013	914	0	0
XM_034447630.1	3861	3762	7.49095	2.32975
XM_034447631.1	3021	2922	9.9998	4.00407
XM_034447632.1	2979	2880	0	0
XM_034447633.1	5386	5287	45	9.9585
XM_034447634.1	2194	2095	6.12889	3.42286
XM_034447635.1	3517	3418	0	0
XM_034447636.1	2532	2433	0	0
XM_034447637.1	2639	2540	0	0
XM_034447638.1	2065	1966	2.38036	1.41661
XM_034447639.1	1280	1181	0	0
XM_034447640.1	1650	1551	4.95008	3.73414
XM_034447641.1	2902	2803	3.17081	1.32354
XM_034447642.1	2018	1919	2.82919	1.72495
XM_034447643.1	2829	2730	5	2.14288
XM_034447644.1	1597	1498	0	0
XM_034447645.1	1747	1648	0	0
XM_034447646.1	2341	2242	2	1.04372
XM_034447647.1	2614	2515	0	0
XM_034447648.1	2220	2121	35.8294	19.7647
XM_034447649.1	2435	2336	5.17056	2.58974
XM_034447650.1	1546	1447	0	0
XM_034447651.1	1439	1340	0	0
XM_034447652.1	1453	1354	0	0
XM_034447653.1	1435	1336	0	0
XM_034447654.1	1524	1425	1	0.821062
XM_034447655.1	1373	1274	2	1.83676
XM_034447656.1	3600	3501	0.0875368	0.0292543
XM_034447657.1	3588	3489	4.91246	1.64736
XM_034447658.1	1865	1766	0	0
XM_034447659.1	1237	1138	4	4.11253
XM_034447660.1	1290	1191	0	0
XM_034447661.1	2575	2476	0	0
XM_034447662.1	1294	1195	0	0
XM_034447663.1	4520	4421	0	0
XM_034447664.1	4486	4387	0	0
XM_034447665.1	3439	3340	0.057268	0.0200612
XM_034447666.1	3418	3319	93.5428	32.9757
XM_034447667.1	4464	4365	0	0
XM_034447668.1	3867	3768	0	0
XM_034447669.1	1566	1467	0	0
XM_034447670.1	1440	1341	1	0.872493
XM_034447671.1	6301	6202	0	0
XM_034447672.1	6286	6187	0	0
XM_034447673.1	2723	2624	0	0
XM_034447674.1	6274	6175	0	0
XM_034447675.1	6265	6166	0	0
XM_034447676.1	6262	6163	0	0
XM_034447677.1	6262	6163	0	0
XM_034447678.1	6250	6151	0	0
XM_034447679.1	6244	6145	0	0
XM_034447680.1	6238	6139	0	0
XM_034447681.1	6235	6136	44.4715	8.47984
XM_034447682.1	6232	6133	0	0
XM_034447683.1	6223	6124	0	0
XM_034447684.1	6202	6103	0	0
XM_034447685.1	6167	6068	2.45771e-05	4.73888e-06
XM_034447686.1	5851	5752	0.204508	0.041599
XM_034447687.1	5821	5722	94.3239	19.287
XM_034447688.1	2270	2171	0.243479	0.131217
XM_034447689.1	2263	2164	10.7565	5.81575
XM_034447690.1	3410	3311	55.7765	19.7098
XM_034447691.1	3043	2944	0	0
XM_034447692.1	2328	2229	0	0
XM_034447693.1	2917	2818	27	11.2102
XM_034447694.1	2944	2845	0	0
XM_034447695.1	1323	1224	0	0
XM_034447696.1	1300	1201	4	3.8968
XM_034447697.1	1900	1801	0	0
XM_034447698.1	901	802	0	0
XM_034447699.1	1413	1314	6	5.34253
XM_034447700.1	2708	2609	0	0
XM_034447701.1	2657	2558	0	0
XM_034447702.1	2689	2590	0	0
XM_034447703.1	2701	2602	0	0
XM_034447704.1	7893	7794	0	0
XM_034447705.1	1822	1723	51	34.6319
XM_034447706.1	4281	4182	11	3.0775
XM_034447707.1	1105	1006	0	0
XM_034447708.1	1112	1013	0	0
XM_034447709.1	2872	2773	2.58007	1.08861
XM_034447710.1	2569	2470	1.29152	0.61178
XM_034447711.1	2803	2704	0.235821	0.102039
XM_034447712.1	2797	2698	3.1932	1.38476
XM_034447713.1	1403	1304	0	0
XM_034447714.1	1253	1154	0	0
XM_034447715.1	1573	1474	2	1.58754
XM_034447716.1	3513	3414	2	0.685421
XM_034447717.1	3161	3062	0	0
XM_034447718.1	3557	3458	0	0
XM_034447719.1	3619	3520	0	0
XM_034447720.1	3223	3124	0	0
XM_034447721.1	3663	3564	0	0
XM_034447722.1	3228	3129	0	0
XM_034447723.1	2981	2882	0	0
XM_034447724.1	3002	2903	0	0
XM_034447725.1	2883	2784	28	11.7674
XM_034447726.1	2285	2186	0	0
XM_034447727.1	2844	2745	51	21.738
XM_034447728.1	2116	2017	0	0
XM_034447729.1	2914	2815	0	0
XM_034447730.1	2751	2652	11	4.853
XM_034447731.1	2105	2006	607.545	354.355
XM_034447732.1	8204	8105	0	0
XM_034447733.1	5123	5024	0	0
XM_034447734.1	4984	4885	0	0
XM_034447735.1	2554	2455	0	0
XM_034447736.1	3202	3103	0	0
XM_034447737.1	2254	2155	4.8013	2.60677
XM_034447738.1	816	717	0	0
XM_034447739.1	704	605	2	3.86781
XM_034447740.1	1094	995	0	0
XM_034447741.1	1985	1886	0	0
XM_034447742.1	1413	1314	5.1987	4.62903
XM_034447743.1	1956	1857	0	0
XM_034447744.1	1784	1685	0	0
XM_034447745.1	1565	1466	0.000145003	0.000115726
XM_034447746.1	1250	1151	0	0
XM_034447747.1	3693	3594	195	63.4815
XM_034447748.1	2785	2686	2.96484	1.29147
XM_034447749.1	499	400	2	5.85006
XM_034447750.1	1836	1737	0	0
XM_034447751.1	681	582	0	0
XM_034447752.1	2805	2706	0.000493001	0.000213163
XM_034447753.1	2473	2374	0	0
XM_034447754.1	2010	1911	0	0
XM_034447755.1	1819	1720	9.21146	6.26601
XM_034447756.1	2842	2743	0	0
XM_034447757.1	2548	2449	0	0
XM_034447758.1	2489	2390	0	0
XM_034447759.1	1665	1566	0	0
XM_034447760.1	2822	2723	3.18028e-07	1.3665e-07
XM_034447761.1	2546	2447	0	0
XM_034447762.1	7189	7090	0	0
XM_034447763.1	2385	2286	0	0
XM_034447764.1	3110	3011	0	0
XM_034447765.1	3083	2984	0	0
XM_034447766.1	3064	2965	0	0
XM_034447767.1	2293	2194	0	0
XM_034447768.1	2954	2855	0	0
XM_034447769.1	2683	2584	0.00020071	9.088e-05
XM_034447770.1	2781	2682	0	0
XM_034447771.1	2808	2709	0	0
XM_034447772.1	2762	2663	0	0
XM_034447773.1	3258	3159	0	0
XM_034447774.1	2710	2611	0	0
XM_034447775.1	2660	2561	7.1986	3.28874
XM_034447776.1	1908	1809	5.15871	3.33652
XM_034447777.1	1867	1768	0	0
XM_034447778.1	1908	1809	5.15871	3.33652
XM_034447779.1	2981	2882	0.000546705	0.000221947
XM_034447780.1	2352	2253	2194.29	1139.52
XM_034447781.1	2529	2430	4	1.92595
XM_034447782.1	4192	4093	0	0
XM_034447783.1	4176	4077	0	0
XM_034447784.1	4156	4057	0	0
XM_034447785.1	4135	4036	0	0
XM_034447786.1	4087	3988	0	0
XM_034447787.1	4071	3972	0	0
XM_034447788.1	3954	3855	21.9971	6.67625
XM_034447789.1	2474	2375	0	0
XM_034447790.1	1832	1733	16	10.8022
XM_034447791.1	8196	8097	0.606954	0.0877046
XM_034447792.1	4776	4677	1.70353	0.42616
XM_034447793.1	3744	3645	7.99989	2.5679
XM_034447794.1	4015	3916	0.00134046	0.000400501
XM_034447795.1	4031	3932	1.12221e-05	3.33928e-06
XM_034447796.1	4062	3963	0	0
XM_034447797.1	3984	3885	14.9986	4.51702
XM_034447798.1	6765	6666	0	0
XM_034447799.1	6790	6691	0	0
XM_034447800.1	6750	6651	0	0
XM_034447801.1	6702	6603	0	0
XM_034447802.1	6432	6333	25	4.61872
XM_034447803.1	1992	1893	0	0
XM_034447804.1	1569	1470	0	0
XM_034447805.1	1523	1424	8.72429	7.16821
XM_034447806.1	2730	2631	0	0
XM_034447807.1	3869	3770	134.68	41.7977
XM_034447808.1	3513	3414	5.42594	1.85953
XM_034447809.1	3949	3850	0	0
XM_034447810.1	4008	3909	0	0
XM_034447811.1	3601	3502	34.3223	11.467
XM_034447812.1	4799	4700	50.1029	12.4726
XM_034447813.1	2623	2524	0	0
XM_034447814.1	2618	2519	0	0
XM_034447815.1	2617	2518	0	0
XM_034447816.1	2587	2488	0	0
XM_034447817.1	2521	2422	2.1507	1.03895
XM_034447818.1	2518	2419	9.20388	4.4517
XM_034447819.1	2849	2750	16.6454	7.08195
XM_034447820.1	2673	2574	50.3814	22.9009
XM_034447821.1	2306	2207	0	0
XM_034447822.1	1909	1810	3	1.93925
XM_034447823.1	1097	998	0	0
XM_034447824.1	2429	2330	4	2.00861
XM_034447825.1	1112	1013	0	0
XM_034447826.1	2655	2556	0	0
XM_034447827.1	812	713	0	0
XM_034447828.1	3319	3220	0	0
XM_034447829.1	3295	3196	0	0
XM_034447830.1	3325	3226	0	0
XM_034447831.1	3187	3088	5	1.89445
XM_034447832.1	1210	1111	2	2.10623
XM_034447833.1	1032	933	3	3.7621
XM_034447834.1	547	448	0	0
XM_034447835.1	1601	1502	0	0
XM_034447836.1	2756	2657	2	0.880702
XM_034447837.1	3503	3404	4.70056	1.61566
XM_034447838.1	3511	3412	0.29944	0.102681
XM_034447839.1	525	426	8	21.9721
XM_034447840.1	9267	9168	0.00359225	0.000458441
XM_034447841.1	9199	9100	22.2805	2.86467
XM_034447842.1	8487	8388	0	0
XM_034447843.1	8471	8372	0	0
XM_034447844.1	7974	7875	29.7148	4.41482
XM_034447845.1	4276	4177	0.00125289	0.000350946
XM_034447846.1	4270	4171	0	0
XM_034447847.1	4238	4139	56.7033	16.0289
XM_034447848.1	4153	4054	0	0
XM_034447849.1	2961	2862	9.83559	4.02088
XM_034447850.1	2955	2856	0	0
XM_034447851.1	2971	2872	0.164412	0.0669791
XM_034447852.1	2957	2858	0	0
XM_034447853.1	1387	1288	1.28971	1.17157
XM_034447854.1	1747	1648	0	0
XM_034447855.1	2811	2712	0	0
XM_034447856.1	2499	2400	5.06891	2.47112
XM_034447857.1	1327	1228	2	1.90556
XM_034447858.1	1301	1202	0	0
XM_034447859.1	1154	1055	0	0
XM_034447860.1	2468	2369	0	0
XM_034447861.1	3092	2993	0	0
XM_034447862.1	3140	3041	0	0
XM_034447863.1	3061	2962	0	0
XM_034447864.1	4996	4897	0	0
XM_034447865.1	5311	5212	0	0
XM_034447866.1	4943	4844	0	0
XM_034447867.1	5036	4937	0	0
XM_034447868.1	4210	4111	0	0
XM_034447869.1	2890	2791	3	1.25763
XM_034447870.1	2355	2256	24.4909	12.7015
XM_034447871.1	5690	5591	0	0
XM_034447872.1	2147	2048	0	0
XM_034447873.1	4840	4741	0	0
XM_034447874.1	4509	4410	0	0
XM_034447875.1	3071	2972	0	0
XM_034447876.1	3000	2901	0	0
XM_034447877.1	2507	2408	1.59106	0.773073
XM_034447878.1	2346	2247	0	0
XM_034447879.1	3181	3082	1.40894	0.534874
XM_034447880.1	1885	1786	0	0
XM_034447881.1	2996	2897	0	0
XM_034447882.1	1817	1718	1	0.681032
XM_034447883.1	3807	3708	8.33231e-05	2.62916e-05
XM_034447884.1	3787	3688	0.0474158	0.0150426
XM_034447885.1	1030	931	0	0
XM_034447886.1	983	884	3	3.97063
XM_034447887.1	1332	1233	5.97987	5.6744
XM_034447888.1	1338	1239	0.0201251	0.0190046
XM_034447889.1	3009	2910	0	0
XM_034447890.1	2807	2708	0	0
XM_034447891.1	1743	1644	0	0
XM_034447892.1	1125	1026	1	1.14036
XM_034447893.1	5878	5779	0	0
XM_034447894.1	5869	5770	0	0
XM_034447895.1	5866	5767	0	0
XM_034447896.1	5859	5760	0	0
XM_034447897.1	1805	1706	0	0
XM_034447898.1	5856	5757	0	0
XM_034447899.1	5740	5641	66	13.6892
XM_034447900.1	3892	3793	0	0
XM_034447901.1	3782	3683	0	0
XM_034447902.1	3330	3231	6	2.17273
XM_034447903.1	1799	1700	0	0
XM_034447904.1	1037	938	0	0
XM_034447905.1	1034	935	0	0
XM_034447906.1	1331	1232	0	0
XM_034447907.1	1767	1668	0	0
XM_034447908.1	5425	5326	0	0
XM_034447909.1	5271	5172	21.8557	4.94422
XM_034447910.1	5547	5448	0	0
XM_034447911.1	5291	5192	0	0
XM_034447912.1	5254	5155	3.14425	0.713641
XM_034447913.1	5374	5275	0	0
XM_034447914.1	4822	4723	0	0
XM_034447915.1	4675	4576	0	0
XM_034447916.1	4766	4667	0	0
XM_034447917.1	3120	3021	0	0
XM_034447918.1	3111	3012	0	0
XM_034447919.1	3108	3009	5.86488	2.28049
XM_034447920.1	3081	2982	6.13512	2.40717
XM_034447921.1	3069	2970	0	0
XM_034447922.1	3060	2961	0	0
XM_034447923.1	3349	3250	0	0
XM_034447924.1	2158	2059	0	0
XM_034447925.1	2134	2035	1.79069	1.02955
XM_034447926.1	1811	1712	4.20931	2.87672
XM_034447927.1	1402	1303	0	0
XM_034447928.1	2190	2091	0	0
XM_034447929.1	3598	3499	3	1.00316
XM_034447930.1	2457	2358	0	0
XM_034447931.1	777	678	0.138641	0.239251
XM_034447932.1	3715	3616	3.9664	1.28339
XM_034447933.1	2383	2284	0	0
XM_034447934.1	2276	2177	12.0964	6.5011
XM_034447935.1	1310	1211	20.1899	19.5065
XM_034447936.1	4679	4580	0	0
XM_034447937.1	860	761	2.2991	3.5348
XM_034447938.1	4589	4490	35.6962	9.30178
XM_034447939.1	3259	3160	0	0
XM_034447940.1	3193	3094	0	0
XM_034447941.1	3171	3072	0	0
XM_034447942.1	2611	2512	0	0
XM_034447943.1	2500	2401	5.35076e-08	2.60744e-08
XM_034447944.1	2526	2427	0	0
XM_034447945.1	2462	2363	7.16925	3.54978
XM_034447946.1	864	765	11.4432	17.5016
XM_034447947.1	1465	1366	0	0
XM_034447948.1	2284	2185	2.19212	1.17382
XM_034447949.1	441	342	0	0
XM_034447950.1	879	780	0	0
XM_034447951.1	951	852	0	0
XM_034447952.1	1587	1488	0	0
XM_034447953.1	1136	1037	5.25768	5.93207
XM_034447954.1	6468	6369	0.00363973	0.000668635
XM_034447955.1	6947	6848	0	0
XM_034447956.1	6944	6845	0	0
XM_034447957.1	6687	6588	0	0
XM_034447958.1	4720	4621	11.5947	2.93573
XM_034447959.1	4982	4883	0	0
XM_034447960.1	4754	4655	0	0
XM_034447961.1	4683	4584	1.10267e-05	2.81444e-06
XM_034447962.1	4629	4530	12	3.09937
XM_034447963.1	3970	3871	0	0
XM_034447964.1	3396	3297	3.28488	1.16571
XM_034447965.1	817	718	12	19.5545
XM_034447966.1	1126	1027	1	1.13925
XM_034447967.1	2076	1977	0	0
XM_034447968.1	1983	1884	9	5.58924
XM_034447969.1	2986	2887	0	0
XM_034447970.1	872	773	0	0
XM_034447971.1	839	740	0	0
XM_034447972.1	1049	950	0	0
XM_034447973.1	889	790	0	0
XM_034447974.1	768	669	0	0
XM_034447975.1	1647	1548	0	0
XM_034447976.1	1363	1264	0	0
XM_034447977.1	1602	1503	0	0
XM_034447978.1	1683	1584	0	0
XM_034447979.1	1261	1162	0	0
XM_034447980.1	1581	1482	0	0
XM_034447981.1	1553	1454	3	2.41406
XM_034447982.1	2432	2333	0	0
XM_034447983.1	1636	1537	11	8.37355
XM_034447984.1	1644	1545	0	0
XM_034447985.1	2786	2687	17.9133	7.80009
XM_034447986.1	1346	1247	2.44077	2.29009
XM_034447987.1	2336	2237	15.0867	7.89075
XM_034447988.1	2673	2574	0	0
XM_034447989.1	2497	2398	0	0
XM_034447990.1	838	739	11	17.4156
XM_034447991.1	4586	4487	0	0
XM_034447992.1	3903	3804	0	0
XM_034447993.1	3963	3864	0	0
XM_034447994.1	880	781	0	0
XM_034447995.1	4166	4067	11.8209	3.40068
XM_034447996.1	886	787	0	0
XM_034447997.1	1638	1539	0	0
XM_034447998.1	1340	1241	20	18.856
XM_034447999.1	4616	4517	64	16.5776
XM_034448000.1	925	826	5	7.08241
XM_034448001.1	1914	1815	0	0
XM_034448002.1	1780	1681	0	0
XM_034448003.1	1909	1810	0	0
XM_034448004.1	1774	1675	0	0
XM_034448005.1	852	753	261	405.542
XM_034448006.1	1608	1509	0	0
XM_034448007.1	1972	1873	0	0
XM_034448008.1	2072	1973	0	0
XM_034448009.1	2287	2188	0	0
XM_034448010.1	2291	2192	0	0
XM_034448011.1	2285	2186	57	30.5081
XM_034448012.1	2310	2211	0	0
XM_034448013.1	2314	2215	0	0
XM_034448014.1	2150	2051	0	0
XM_034448015.1	7938	7839	11.411	1.70315
XM_034448016.1	950	851	2	2.74974
XM_034448017.1	15192	15093	92.589	7.17753
XM_034448018.1	1224	1125	0.260546	0.270971
XM_034448019.1	1223	1124	0.739454	0.769725
XM_034448020.1	8046	7947	0	0
XM_034448021.1	7952	7853	0	0
XM_034448022.1	7937	7838	4.95057	0.738993
XM_034448023.1	4563	4464	1.29299	0.338891
XM_034448024.1	4548	4449	67.0289	17.6275
XM_034448025.1	6281	6182	0	0
XM_034448026.1	6363	6264	0	0
XM_034448027.1	6139	6040	5.32518e-07	1.03155e-07
XM_034448028.1	6041	5942	114.728	22.5905
XM_034448029.1	6138	6039	6.46671e-07	1.25288e-07
XM_034448030.1	6143	6044	2.4495e-07	4.7418e-08
XM_034448031.1	10363	10264	0	0
XM_034448032.1	10145	10046	63.7403	7.42356
XM_034448033.1	10283	10184	0	0
XM_034448034.1	10360	10261	0	0
XM_034448035.1	10354	10255	0	0
XM_034448036.1	10185	10086	1.77004	0.205331
XM_034448037.1	10177	10078	4.48963	0.521227
XM_034448038.1	4121	4022	0	0
XM_034448039.1	516	417	2.20909	6.19824
XM_034448040.1	982	883	0	0
XM_034448041.1	591	492	0	0
XM_034448042.1	2271	2172	8	4.30944
XM_034448043.1	1622	1523	0	0
XM_034448044.1	4490	4391	51.973	13.8486
XM_034448045.1	2798	2699	0	0
XM_034448046.1	2853	2754	0	0
XM_034448047.1	2791	2692	0	0
XM_034448048.1	2804	2705	0	0
XM_034448049.1	3301	3202	2.53284	0.925501
XM_034448050.1	2832	2733	0	0
XM_034448051.1	2862	2763	0	0
XM_034448052.1	2771	2672	0	0
XM_034448053.1	2823	2724	0	0
XM_034448054.1	2803	2704	0	0
XM_034448055.1	2783	2684	0	0
XM_034448056.1	2812	2713	0	0
XM_034448057.1	2765	2666	0	0
XM_034448058.1	3279	3180	0	0
XM_034448059.1	2861	2762	0	0
XM_034448060.1	2818	2719	0	0
XM_034448061.1	2753	2654	0	0
XM_034448062.1	2804	2705	0	0
XM_034448063.1	2784	2685	0	0
XM_034448064.1	2793	2694	0	0
XM_034448065.1	2747	2648	0	0
XM_034448066.1	2729	2630	0	0
XM_034448067.1	2811	2712	0	0
XM_034448068.1	2732	2633	0	0
XM_034448069.1	3518	3419	0.00360924	0.00123511
XM_034448070.1	2819	2720	0	0
XM_034448071.1	2717	2618	0	0
XM_034448072.1	2711	2612	0	0
XM_034448073.1	3499	3400	2.49053	0.857044
XM_034448074.1	2801	2702	0	0
XM_034448075.1	2699	2600	0	0
XM_034448076.1	2711	2612	0	0
XM_034448077.1	2705	2606	0	0
XM_034448078.1	2892	2793	0	0
XM_034448079.1	2687	2588	0	0
XM_034448080.1	2846	2747	0	0
XM_034448081.1	1733	1634	2	1.43208
XM_034448082.1	8070	7971	80.4123	11.8032
XM_034448083.1	7916	7817	0.635007	0.0950451
XM_034448084.1	6685	6586	0	0
XM_034448085.1	4184	4085	2.13108	0.610378
XM_034448086.1	3825	3726	36	11.3045
XM_034448087.1	4094	3995	0	0
XM_034448088.1	4067	3968	1.27693e-07	3.76519e-08
XM_034448089.1	4589	4490	24	6.25397
XM_034448090.1	4099	4000	0	0
XM_034448091.1	3926	3827	6	1.83436
XM_034448092.1	4179	4080	0	0
XM_034448093.1	3855	3756	12	3.73806
XM_034448094.1	1000	901	0	0
XM_034448095.1	3361	3262	27	9.68435
XM_034448096.1	3234	3135	0	0
XM_034448097.1	3203	3104	0	0
XM_034448098.1	3244	3145	0	0
XM_034448099.1	3253	3154	0	0
XM_034448100.1	3483	3384	0	0
XM_034448101.1	5234	5135	0	0
XM_034448102.1	5159	5060	1.86293e-07	4.30761e-08
XM_034448103.1	5130	5031	0.000157848	3.67092e-05
XM_034448104.1	5077	4978	39.207	9.21509
XM_034448105.1	4780	4681	55.7928	13.9454
XM_034448106.1	2272	2173	0	0
XM_034448107.1	2241	2142	0	0
XM_034448108.1	2726	2627	6.27861	2.79637
XM_034448109.1	2127	2028	0	0
XM_034448110.1	1644	1545	0	0
XM_034448111.1	2333	2234	0.00249791	0.00130823
XM_034448112.1	2318	2219	6.75488	3.56165
XM_034448113.1	2765	2666	0.146632	0.0643518
XM_034448114.1	3210	3111	2.051	0.771358
XM_034448115.1	938	839	1	1.39453
XM_034448116.1	3050	2951	0.523777	0.207667
XM_034448117.1	4150	4051	1.64778	0.475912
XM_034448118.1	3151	3052	0	0
XM_034448119.1	3045	2946	3.82845	1.52048
XM_034448120.1	4672	4573	62.8323	16.0758
XM_034448121.1	1046	947	0	0
XM_034448122.1	1040	941	0	0
XM_034448123.1	2849	2750	0	0
XM_034448124.1	2834	2735	0	0
XM_034448125.1	2828	2729	9.4236	4.04021
XM_034448126.1	2822	2723	9.60182	4.12569
XM_034448127.1	2823	2724	9.5716	4.1112
XM_034448128.1	2705	2606	0	0
XM_034448129.1	2689	2590	0	0
XM_034448130.1	2688	2589	21.144	9.55532
XM_034448131.1	2684	2585	0	0
XM_034448132.1	2669	2570	0	0
XM_034448133.1	2385	2286	0	0
XM_034448134.1	2364	2265	0	0
XM_034448135.1	2241	2142	0	0
XM_034448136.1	2226	2127	0	0
XM_034448137.1	2220	2121	0	0
XM_034448138.1	2205	2106	0	0
XM_034448139.1	1543	1444	9.25641	7.50009
XM_034448140.1	1387	1288	7.74359	7.03424
XM_034448141.1	2821	2722	45	19.3426
XM_034448142.1	3157	3058	0	0
XM_034448143.1	3153	3054	0	0
XM_034448144.1	2933	2834	0	0
XM_034448145.1	2933	2834	0	0
XM_034448146.1	2921	2822	0	0
XM_034448147.1	2912	2813	0	0
XM_034448148.1	2408	2309	0	0
XM_034448149.1	2747	2648	23	10.1625
XM_034448150.1	1569	1470	0	0
XM_034448151.1	1559	1460	0	0
XM_034448152.1	1432	1333	0	0
XM_034448153.1	656	557	0	0
XM_034448154.1	1862	1763	1.46245	0.970552
XM_034448155.1	1860	1761	5.53755	3.67917
XM_034448156.1	5262	5163	0.000112646	2.55274e-05
XM_034448157.1	5235	5136	0.0528162	0.0120319
XM_034448158.1	5205	5106	50.9471	11.6743
XM_034448159.1	5194	5095	18.0413	4.143
XM_034448160.1	862	763	0	0
XM_034448161.1	2521	2422	30.6053	14.7847
XM_034448162.1	1968	1869	0	0
XM_034448163.1	1935	1836	2	1.27452
XM_034448164.1	2802	2703	21	9.09
XM_034448165.1	10652	10553	0	0
XM_034448166.1	10654	10555	0	0
XM_034448167.1	10538	10439	0	0
XM_034448168.1	7398	7299	1	0.160298
XM_034448169.1	676	577	0	0
XM_034448170.1	3737	3638	1.23749	0.397986
XM_034448171.1	12616	12517	0	0
XM_034448172.1	8529	8430	0	0
XM_034448173.1	693	594	0	0
XM_034448174.1	1891	1792	6	3.91746
XM_034448175.1	1684	1585	0	0
XM_034448176.1	1559	1460	5	4.0069
XM_034448177.1	1716	1617	0	0
XM_034448178.1	1854	1755	55.0343	36.6899
XM_034448179.1	2104	2005	0	0
XM_034448180.1	3578	3479	0.000134106	4.51007e-05
XM_034448181.1	726	627	8.16168	15.2301
XM_034448182.1	1641	1542	3.41015	2.58749
XM_034448183.1	1462	1363	0	0
XM_034448184.1	1155	1056	0	0
XM_034448185.1	1152	1053	0	0
XM_034448186.1	8843	8744	0	0
XM_034448187.1	8840	8741	0	0
XM_034448188.1	6410	6311	0	0
XM_034448189.1	1035	936	12	15.0002
XM_034448190.1	3565	3466	0	0
XM_034448191.1	1799	1700	13.4727	9.27246
XM_034448192.1	3506	3407	0	0
XM_034448193.1	3491	3392	1.91603e-07	6.60901e-08
XM_034448194.1	3440	3341	10	3.50199
XM_034448195.1	1932	1833	0	0
XM_034448196.1	1928	1829	0	0
XM_034448197.1	2707	2608	9.07925	4.07317
XM_034448198.1	3237	3138	5.92075	2.20757
XM_034448199.1	662	563	1	2.07818
XM_034448200.1	640	541	0	0
XM_034448201.1	1429	1330	1	0.879709
XM_034448202.1	1005	906	0	0
XM_034448203.1	1469	1370	0	0
XM_034448204.1	1680	1581	0	0
XM_034448205.1	969	870	25	33.6211
XM_034448206.1	915	816	13	18.6399
XM_034448207.1	823	724	3	4.84812
XM_034448208.1	3007	2908	0	0
XM_034448209.1	2855	2756	0	0
XM_034448210.1	2903	2804	0	0
XM_034448211.1	1562	1463	0	0
XM_034448212.1	937	838	0	0
XM_034448213.1	866	767	0	0
XM_034448214.1	834	735	0	0
XM_034448215.1	1719	1620	10	7.22231
XM_034448216.1	1723	1624	0	0
XM_034448217.1	1664	1565	0	0
XM_034448218.1	2317	2218	37.8081	19.9441
XM_034448219.1	1031	932	1	1.25538
XM_034448220.1	769	670	11	19.2092
XM_034448221.1	3018	2919	17.4352	6.98848
XM_034448222.1	710	611	0	0
XM_034448223.1	1411	1312	0	0
XM_034448224.1	677	578	0	0
XM_034448225.1	1886	1787	0	0
XM_034448226.1	1505	1406	1	0.832157
XM_034448227.1	1528	1429	1	0.818764
XM_034448228.1	1626	1527	0	0
XM_034448229.1	2869	2770	0	0
XM_034448230.1	2845	2746	0	0
XM_034448231.1	3655	3556	13.0307	4.28742
XM_034448232.1	2010	1911	0	0
XM_034448233.1	1952	1853	0	0
XM_034448234.1	1990	1891	0	0
XM_034448235.1	2041	1942	0	0
XM_034448236.1	1913	1814	56.4684	36.4216
XM_034448237.1	2621	2522	6.53158	3.03015
XM_034448238.1	3475	3376	11	3.81225
XM_034448239.1	4710	4611	1.25804	0.31922
XM_034448240.1	4698	4599	26.742	6.80332
XM_034448241.1	3224	3125	0	0
XM_034448242.1	1860	1761	4	2.65761
XM_034448243.1	1206	1107	0	0
XM_034448244.1	1175	1076	0	0
XM_034448245.1	1157	1058	0	0
XM_034448246.1	1140	1041	0	0
XM_034448247.1	2597	2498	0	0
XM_034448248.1	1791	1692	6	4.14898
XM_034448249.1	981	882	0	0
XM_034448250.1	1892	1793	0	0
XM_034448251.1	2151	2052	0	0
XM_034448252.1	1637	1538	3	2.28221
XM_034448253.1	677	578	4	8.09698
XM_034448254.1	1111	1012	0	0
XM_034448255.1	1245	1146	0	0
XM_034448256.1	1195	1096	64	68.322
XM_034448257.1	747	648	0	0
XM_034448258.1	369	270	0	0
XM_034448259.1	1762	1663	0	0
XM_034448260.1	2559	2460	1	0.475615
XM_034448261.1	1261	1162	4	4.02758
XM_034448262.1	4181	4082	0	0
XM_034448263.1	4178	4079	0	0
XM_034448264.1	4100	4001	0	0
XM_034448265.1	2136	2037	0.640079	0.367649
XM_034448266.1	2137	2038	0.359921	0.20663
XM_034448267.1	1484	1385	0	0
XM_034448268.1	1424	1325	0	0
XM_034448269.1	1389	1290	0	0
XM_034448270.1	1362	1263	5	4.63188
XM_034448271.1	4514	4415	0.134554	0.035658
XM_034448272.1	1381	1282	1.23722e-07	1.12914e-07
XM_034448273.1	1430	1331	0	0
XM_034448274.1	2278	2179	0	0
XM_034448275.1	4493	4394	36.1223	9.61847
XM_034448276.1	1346	1247	0	0
XM_034448277.1	1346	1247	0	0
XM_034448278.1	3544	3445	2.88647	0.980321
XM_034448279.1	7037	6938	2.24648e-05	3.78843e-06
XM_034448280.1	2641	2542	0	0
XM_034448281.1	2630	2531	0	0
XM_034448282.1	4599	4500	0	0
XM_034448283.1	4843	4744	0	0
XM_034448284.1	4565	4466	0	0
XM_034448285.1	4576	4477	0	0
XM_034448286.1	4427	4328	0	0
XM_034448287.1	4261	4162	0	0
XM_034448288.1	4704	4605	155.065	39.3981
XM_034448289.1	1433	1334	0	0
XM_034448290.1	4246	4147	0	0
XM_034448291.1	4236	4137	0	0
XM_034448292.1	1873	1774	0	0
XM_034448293.1	5027	4928	0.0254273	0.006037
XM_034448294.1	5001	4902	12.5934	3.0058
XM_034448295.1	5067	4968	1.93655e-06	4.56077e-07
XM_034448296.1	5042	4943	0.000719523	0.000170312
XM_034448297.1	2032	1933	0	0
XM_034448298.1	2250	2151	4.99994	2.71967
XM_034448299.1	2160	2061	0	0
XM_034448300.1	4533	4434	0	0
XM_034448301.1	4509	4410	8.56301	2.27185
XM_034448302.1	4509	4410	0	0
XM_034448303.1	4509	4410	8.56301	2.27185
XM_034448304.1	4500	4401	0	0
XM_034448305.1	4494	4395	159.731	42.5228
XM_034448306.1	4494	4395	0	0
XM_034448307.1	4494	4395	70.3192	18.72
XM_034448308.1	4485	4386	0	0
XM_034448309.1	4479	4380	81.8234	21.8572
XM_034448310.1	4476	4377	0	0
XM_034448311.1	4476	4377	0	0
XM_034448312.1	4452	4353	0	0
XM_034448313.1	4537	4438	0	0
XM_034448314.1	621	522	0	0
XM_034448315.1	4108	4009	0	0
XM_034448316.1	4067	3968	0	0
XM_034448317.1	4018	3919	0	0
XM_034448318.1	3859	3760	78	24.2716
XM_034448319.1	12251	12152	10.2713	0.988936
XM_034448320.1	12239	12140	32.7287	3.15429
XM_034448321.1	2190	2091	33	18.4651
XM_034448322.1	2907	2808	37.5567	15.6488
XM_034448323.1	4942	4843	0	0
XM_034448324.1	1770	1671	0	0
XM_034448325.1	2754	2655	6.53404	2.87944
XM_034448326.1	1535	1436	13.466	10.9717
XM_034448327.1	1686	1587	0	0
XM_034448328.1	919	820	5	7.13423
XM_034448329.1	1413	1314	0	0
XM_034448330.1	3061	2962	5.77399	2.28077
XM_034448331.1	2117	2018	2	1.15958
XM_034448332.1	2628	2529	0.0201492	0.00932182
XM_034448333.1	3598	3499	0	0
XM_034448334.1	1312	1213	3.79089	3.65655
XM_034448335.1	1627	1528	4	3.06286
XM_034448336.1	3385	3286	0	0
XM_034448337.1	3593	3494	0	0
XM_034448338.1	3374	3275	112	40.0127
XM_034448339.1	1518	1419	0	0
XM_034448340.1	1504	1405	0	0
XM_034448341.1	856	757	0	0
XM_034448342.1	3595	3496	0	0
XM_034448343.1	2494	2395	0	0
XM_034448344.1	2091	1992	4	2.34942
XM_034448345.1	3518	3419	0	0
XM_034448346.1	2577	2478	0.977705	0.461633
XM_034448347.1	5605	5506	75.2244	15.985
XM_034448348.1	5266	5167	8.216	1.86043
XM_034448349.1	5717	5618	0	0
XM_034448350.1	3515	3416	0	0
XM_034448351.1	5709	5610	0	0
XM_034448352.1	5473	5374	0	0
XM_034448353.1	4644	4545	20.8084	5.35669
XM_034448354.1	2769	2670	0	0
XM_034448355.1	3259	3160	0	0
XM_034448356.1	2826	2727	0	0
XM_034448357.1	2390	2291	19	9.7033
XM_034448358.1	2446	2347	0	0
XM_034448359.1	1478	1379	0	0
XM_034448360.1	1442	1343	1	0.871194
XM_034448361.1	1932	1833	0	0
XM_034448362.1	1424	1325	30.5947	27.016
XM_034448363.1	7459	7360	0.225993	0.0359259
XM_034448364.1	7430	7331	23.1907	3.70119
XM_034448365.1	2107	2008	0	0
XM_034448366.1	2821	2722	0	0
XM_034448367.1	3022	2923	0	0
XM_034448368.1	3085	2986	0	0
XM_034448369.1	3014	2915	0	0
XM_034448370.1	2871	2772	7	2.95458
XM_034448371.1	2420	2321	0	0
XM_034448372.1	2052	1953	13	7.78811
XM_034448373.1	2754	2655	0	0
XM_034448374.1	2590	2491	0	0
XM_034448375.1	2853	2754	25.8704	10.9908
XM_034448376.1	1409	1310	9.12955	8.15397
XM_034448377.1	6696	6597	0	0
XM_034448378.1	6334	6235	0	0
XM_034448379.1	6553	6454	0	0
XM_034448380.1	6690	6591	5.07936	0.901672
XM_034448381.1	6663	6564	0	0
XM_034448382.1	3128	3029	4.35582	1.68252
XM_034448383.1	3119	3020	0	0
XM_034448384.1	1462	1363	1	0.85841
XM_034448385.1	19168	19069	7.50645e-05	4.60572e-06
XM_034448386.1	19165	19066	9.02787e-05	5.54009e-06
XM_034448387.1	19162	19063	0.00010858	6.66421e-06
XM_034448388.1	19156	19057	0.000157078	9.64386e-06
XM_034448389.1	19156	19057	0.000157078	9.64386e-06
XM_034448390.1	19147	19048	0.000273374	1.67919e-05
XM_034448391.1	19141	19042	0.000395594	2.43068e-05
XM_034448392.1	19135	19036	0.000572521	3.5189e-05
XM_034448393.1	19126	19027	126.692	7.79058
XM_034448394.1	19108	19009	0.00302593	0.000186247
XM_034448395.1	19108	19009	0.00302593	0.000186247
XM_034448396.1	19066	18967	0.0405204	0.00249957
XM_034448397.1	15733	15634	5.25965	0.39362
XM_034448398.1	8465	8366	0	0
XM_034448399.1	2833	2734	0	0
XM_034448400.1	2410	2311	0	0
XM_034448401.1	2482	2383	0	0
XM_034448402.1	2503	2404	0	0
XM_034448403.1	8619	8520	0	0
XM_034448404.1	2532	2433	21	10.0988
XM_034448405.1	1582	1483	0	0
XM_034448406.1	1525	1426	0	0
XM_034448407.1	2620	2521	4	1.85643
XM_034448408.1	8644	8545	0	0
XM_034448409.1	1499	1400	6	5.01434
XM_034448410.1	56715	56616	1085	22.4224
XM_034448411.1	4090	3991	0	0
XM_034448412.1	4045	3946	0	0
XM_034448413.1	8459	8360	0	0
XM_034448414.1	7011	6912	47.8947	8.10727
XM_034448415.1	952	853	3.08938	4.23753
XM_034448416.1	12611	12512	261.016	24.4079
XM_034448417.1	1061	962	0	0
XM_034448418.1	919	820	0	0
XM_034448419.1	984	885	8.80597	11.6419
XM_034448420.1	8450	8351	35.5975	4.98737
XM_034448421.1	336	237	0	0
XM_034448422.1	1842	1743	0	0
XM_034448423.1	1787	1688	0	0
XM_034448424.1	940	841	3.44843	4.79752
XM_034448425.1	462	363	0	0
XM_034448426.1	5107	5008	0	0
XM_034448427.1	8435	8336	0	0
XM_034448428.1	5002	4903	0	0
XM_034448429.1	4982	4883	0	0
XM_034448430.1	4948	4849	20.9989	5.06682
XM_034448431.1	4876	4777	0	0
XM_034448432.1	4843	4744	0	0
XM_034448433.1	4717	4618	10.0011	2.53387
XM_034448434.1	2198	2099	0	0
XM_034448435.1	780	681	0	0
XM_034448436.1	6033	5934	0	0
XM_034448437.1	8420	8321	1.38611e-05	1.94901e-06
XM_034448438.1	726	627	0	0
XM_034448439.1	1380	1281	1.60453e-05	1.46551e-05
XM_034448440.1	1368	1269	0.999984	0.921982
XM_034448441.1	4711	4612	0	0
XM_034448442.1	3874	3775	0	0
XM_034448443.1	4316	4217	31.7729	8.81545
XM_034448444.1	4708	4609	0	0
XM_034448445.1	8411	8312	0	0
XM_034448446.1	4708	4609	0	0
XM_034448447.1	4705	4606	0	0
XM_034448448.1	4705	4606	0	0
XM_034448449.1	4705	4606	0	0
XM_034448450.1	4702	4603	0	0
XM_034448451.1	4702	4603	0	0
XM_034448452.1	4702	4603	0	0
XM_034448453.1	4462	4363	0	0
XM_034448454.1	4456	4357	0	0
XM_034448455.1	4456	4357	0	0
XM_034448456.1	8363	8264	0	0
XM_034448457.1	4453	4354	3.3552	0.901614
XM_034448458.1	4453	4354	0	0
XM_034448459.1	4450	4351	0	0
XM_034448460.1	4447	4348	0	0
XM_034448461.1	4201	4102	0	0
XM_034448462.1	2847	2748	3.53278	1.50415
XM_034448463.1	324	225	0	0
XM_034448464.1	8357	8258	0	0
XM_034448465.1	765	666	0	0
XM_034448466.1	786	687	0	0
XM_034448467.1	3755	3656	62	19.8416
XM_034448468.1	3334	3235	1	0.361673
XM_034448469.1	1314	1215	0	0
XM_034448470.1	8351	8252	0.00578377	0.000820055
XM_034448471.1	2037	1938	0	0
XM_034448472.1	6192	6093	0	0
XM_034448473.1	6154	6055	0	0
XM_034448474.1	6465	6366	0	0
XM_034448475.1	6493	6394	0	0
XM_034448476.1	6363	6264	0	0
XM_034448477.1	6874	6775	0	0
XM_034448478.1	4873	4774	2	0.490161
XM_034448479.1	8333	8234	0	0
XM_034448480.1	5265	5166	32	7.24747
XM_034448481.1	3056	2957	13	5.14379
XM_034448482.1	6304	6205	0	0
XM_034448483.1	1256	1157	0	0
XM_034448484.1	8318	8219	26.6086	3.78786
XM_034448485.1	1337	1238	2.60745	2.46426
XM_034448486.1	1339	1240	0.39255	0.370395
XM_034448487.1	8297	8198	12.7877	1.82505
XM_034448488.1	8279	8180	0.000386468	5.52778e-05
XM_034448489.1	3983	3884	0	0
XM_034448490.1	3684	3585	0	0
XM_034448491.1	1694	1595	9	6.60196
XM_034448492.1	1251	1152	0	0
XM_034448493.1	1656	1557	12	9.01744
XM_034448494.1	2876	2777	107.172	45.1541
XM_034448495.1	3575	3476	0	0
XM_034448496.1	4149	4050	2.20431	0.636807
XM_034448497.1	2771	2672	14.829	6.49331
XM_034448498.1	6974	6875	0	0
XM_034448499.1	3543	3444	0	0
XM_034448500.1	3076	2977	0	0
XM_034448501.1	3108	3009	0	0
XM_034448502.1	3064	2965	0	0
XM_034448503.1	3528	3429	0	0
XM_034448504.1	3006	2907	24	9.65955
XM_034448505.1	3106	3007	0	0
XM_034448506.1	3483	3384	0	0
XM_034448507.1	2571	2472	1	0.473306
XM_034448508.1	3091	2992	0	0
XM_034448509.1	2914	2815	0	0
XM_034448510.1	2811	2712	0	0
XM_034448511.1	2813	2714	0	0
XM_034448512.1	2782	2683	0	0
XM_034448513.1	2863	2764	0	0
XM_034448514.1	1266	1167	1	1.00258
XM_034448515.1	752	653	0	0
XM_034448516.1	1304	1205	0	0
XM_034448517.1	4789	4690	20	4.9894
XM_034448518.1	2390	2291	0	0
XM_034448519.1	2357	2258	0	0
XM_034448520.1	2357	2258	0	0
XM_034448521.1	2324	2225	0	0
XM_034448522.1	2324	2225	0	0
XM_034448523.1	2291	2192	0	0
XM_034448524.1	1735	1636	0	0
XM_034448525.1	2108	2009	14	8.1534
XM_034448526.1	2224	2125	0	0
XM_034448527.1	3919	3820	12.8702	3.94198
XM_034448528.1	12400	12301	137.524	13.0807
XM_034448529.1	3585	3486	0.0547265	0.018368
XM_034448530.1	2881	2782	0	0
XM_034448531.1	4078	3979	13	3.82261
XM_034448532.1	2331	2232	27	14.1534
XM_034448533.1	2433	2334	0	0
XM_034448534.1	2042	1943	1.25469e-06	7.55535e-07
XM_034448535.1	2015	1916	16.8735	10.3039
XM_034448536.1	1766	1667	2.12652	1.49254
XM_034448537.1	2433	2334	13.5644	6.7997
XM_034448538.1	5069	4970	9.13819	2.15127
XM_034448539.1	2802	2703	0	0
XM_034448540.1	3086	2987	0	0
XM_034448541.1	5030	4931	0	0
XM_034448542.1	5314	5215	0	0
XM_034448543.1	2793	2694	0.783023	0.340069
XM_034448544.1	1558	1459	0	0
XM_034448545.1	4699	4600	0	0
XM_034448546.1	4576	4477	13	3.3974
XM_034448547.1	1267	1168	0	0
XM_034448548.1	1177	1078	0	0
XM_034448549.1	1145	1046	0	0
XM_034448550.1	1060	961	0	0
XM_034448551.1	2735	2636	8.7206	3.87072
XM_034448552.1	3177	3078	0	0
XM_034448553.1	3174	3075	0	0
XM_034448554.1	1395	1296	2	1.80558
XM_034448555.1	1653	1554	3	2.25871
XM_034448556.1	1364	1265	0	0
XM_034448557.1	3169	3070	17.0622	6.50261
XM_034448558.1	8886	8787	43.8457	5.83818
XM_034448559.1	8871	8772	159.154	21.2281
XM_034448560.1	5971	5872	344	68.543
XM_034448561.1	1130	1031	3	3.4045
XM_034448562.1	5238	5139	11	2.50441
XM_034448563.1	1662	1563	0	0
XM_034448564.1	14728	14629	0	0
XM_034448565.1	14719	14620	0	0
XM_034448566.1	14713	14614	0	0
XM_034448567.1	14707	14608	0	0
XM_034448568.1	14707	14608	0	0
XM_034448569.1	14704	14605	0	0
XM_034448570.1	14704	14605	0	0
XM_034448571.1	14698	14599	0	0
XM_034448572.1	14695	14596	0	0
XM_034448573.1	14683	14584	0	0
XM_034448574.1	14656	14557	0	0
XM_034448575.1	14650	14551	0	0
XM_034448576.1	14635	14536	0	0
XM_034448577.1	14620	14521	0	0
XM_034448578.1	14596	14497	0	0
XM_034448579.1	14574	14475	0	0
XM_034448580.1	13060	12961	0	0
XM_034448581.1	14102	14003	14	1.16976
XM_034448582.1	14542	14443	0	0
XM_034448583.1	2067	1968	0	0
XM_034448584.1	1907	1808	5.58217	3.6124
XM_034448585.1	1470	1371	0	0
XM_034448586.1	1340	1241	2.73951	2.5828
XM_034448587.1	2482	2383	0	0
XM_034448588.1	1986	1887	1	0.620039
XM_034448589.1	2386	2287	0	0
XM_034448590.1	2445	2346	0	0
XM_034448591.1	2364	2265	0	0
XM_034448592.1	2148	2049	0	0
XM_034448593.1	2165	2066	0	0
XM_034448594.1	1818	1719	1	0.680636
XM_034448595.1	1768	1669	8	5.60821
XM_034448596.1	1775	1676	0	0
XM_034448597.1	2293	2194	7.89657	4.21107
XM_034448598.1	940	841	18.5109	25.7527
XM_034448599.1	941	842	4.59249	6.38156
XM_034448600.1	1704	1605	0	0
XM_034448601.1	1671	1572	64	47.6341
XM_034448602.1	855	756	0	0
XM_034448603.1	2680	2581	1	0.453318
XM_034448604.1	658	559	0	0
XM_034448605.1	5299	5200	7	1.57502
XM_034448606.1	2784	2685	2	0.871518
XM_034448607.1	2243	2144	0	0
XM_034448608.1	1985	1886	15	9.30551
XM_034448609.1	2159	2060	0	0
XM_034448610.1	2228	2129	0	0
XM_034448611.1	3025	2926	11	4.39855
XM_034448612.1	1938	1839	0	0
XM_034448613.1	3177	3078	7	2.66085
XM_034448614.1	1984	1885	2	1.24139
XM_034448615.1	1823	1724	3.67544	2.49438
XM_034448616.1	475	376	0	0
XM_034448617.1	2195	2096	0	0
XM_034448618.1	3088	2989	12	4.69728
XM_034448619.1	2473	2374	0	0
XM_034448620.1	4741	4642	0	0
XM_034448621.1	1049	950	1	1.23159
XM_034448622.1	4778	4679	0	0
XM_034448623.1	1718	1619	14	10.1175
XM_034448624.1	1987	1888	0	0
XM_034448625.1	1569	1470	8	6.36742
XM_034448626.1	2308	2209	0	0
XM_034448627.1	1057	958	0	0
XM_034448628.1	1342	1243	0	0
XM_034448629.1	1221	1122	0	0
XM_034448630.1	1099	1000	3.89263	4.55443
XM_034448631.1	4397	4298	0	0
XM_034448632.1	941	842	0	0
XM_034448633.1	5403	5304	41.7825	9.21684
XM_034448634.1	5403	5304	41.7825	9.21684
XM_034448635.1	1491	1392	20.435	17.1761
XM_034448636.1	1078	979	3.56937	4.26579
XM_034448637.1	1418	1319	12	10.6445
XM_034448638.1	4602	4503	4	1.03932
XM_034448639.1	3469	3370	0	0
XM_034448640.1	2943	2844	6.02092	2.47699
XM_034448641.1	2367	2268	12	6.19055
XM_034448642.1	1048	949	0	0
XM_034448643.1	907	808	0	0
XM_034448644.1	4776	4677	10	2.50163
XM_034448645.1	1649	1550	0	0
XM_034448646.1	1677	1578	0	0
XM_034448647.1	5006	4907	0	0
XM_034448648.1	4988	4889	0	0
XM_034448649.1	4979	4880	0	0
XM_034448650.1	4964	4865	0	0
XM_034448651.1	4940	4841	0	0
XM_034448652.1	4934	4835	0	0
XM_034448653.1	4631	4532	0	0
XM_034448654.1	4553	4454	0	0
XM_034448655.1	4532	4433	0	0
XM_034448656.1	4453	4354	0	0
XM_034448657.1	5217	5118	0	0
XM_034448658.1	3076	2977	0	0
XM_034448659.1	4795	4696	6	1.49491
XM_034448660.1	5204	5105	0	0
XM_034448661.1	1465	1366	0.0227537	0.0194891
XM_034448662.1	1459	1360	3.97725	3.42164
XM_034448663.1	1568	1469	5.65948	4.5076
XM_034448664.1	1757	1658	16	11.2908
XM_034448665.1	1814	1715	31	21.1489
XM_034448666.1	1321	1222	4	3.82983
XM_034448667.1	3150	3051	0	0
XM_034448668.1	3141	3042	0	0
XM_034448669.1	3111	3012	0.000150814	5.85838e-05
XM_034448670.1	3093	2994	0.170593	0.0666655
XM_034448671.1	3084	2985	5.82926	2.28486
XM_034448672.1	659	560	0	0
XM_034448673.1	597	498	0	0
XM_034448674.1	670	571	0	0
XM_034448675.1	679	580	0	0
XM_034448676.1	541	442	0	0
XM_034448677.1	1903	1804	2.06196	1.33731
XM_034448678.1	2321	2222	0	0
XM_034448679.1	2727	2628	7	3.11647
XM_034448680.1	1866	1767	0	0
XM_034448681.1	5743	5644	0	0
XM_034448682.1	5461	5362	0	0
XM_034448683.1	4787	4688	0	0
XM_034448684.1	3543	3444	0	0
XM_034448685.1	3547	3448	0	0
XM_034448686.1	3265	3166	0	0
XM_034448687.1	5047	4948	0	0
XM_034448688.1	1935	1836	0	0
XM_034448689.1	1081	982	0	0
XM_034448690.1	953	854	0	0
XM_034448691.1	1446	1347	8.33543	7.24021
XM_034448692.1	1469	1370	1.97648e-08	1.68796e-08
XM_034448693.1	1143	1044	1	1.1207
XM_034448694.1	666	567	0	0
XM_034448695.1	1241	1142	0	0
XM_034448696.1	1907	1808	0	0
XM_034448697.1	3435	3336	5	1.75362
XM_034448698.1	694	595	0	0
XM_034448699.1	669	570	0	0
XM_034448700.1	619	520	0	0
XM_034448701.1	859	760	0	0
XM_034448702.1	1141	1042	5.63693	6.32945
XM_034448703.1	1077	978	36.513	43.6816
XM_034448704.1	508	409	0	0
XM_034448705.1	863	764	2	3.06286
XM_034448706.1	1156	1057	0	0
XM_034448707.1	1511	1412	2.4694	2.0462
XM_034448708.1	2154	2055	0	0
XM_034448709.1	634	535	0	0
XM_034448710.1	1121	1022	0	0
XM_034448711.1	1207	1108	0	0
XM_034448712.1	1122	1023	0	0
XM_034448713.1	1065	966	8	9.68955
XM_034448714.1	1441	1342	0	0
XM_034448715.1	2054	1955	17.4792	10.4608
XM_034448716.1	1943	1844	13	8.24847
XM_034448717.1	1770	1671	29	20.3054
XM_034448718.1	2095	1996	3.52307	2.06515
XM_034448719.1	2093	1994	11.4189	6.70025
XM_034448720.1	2102	2003	0.0580066	0.0338834
XM_034448721.1	2330	2231	0	0
XM_034448722.1	2488	2389	0	0
XM_034448723.1	2282	2183	3.03052	1.62425
XM_034448724.1	562	463	13.4138	33.8971
XM_034448725.1	562	463	13.4138	33.8971
XM_034448726.1	1676	1577	0	0
XM_034448727.1	1042	943	14.3048	17.7484
XM_034448728.1	789	690	9.17232	15.5532
XM_034448729.1	876	777	4	6.02324
XM_034448730.1	8174	8075	0	0
XM_034448731.1	8127	8028	0	0
XM_034448732.1	8162	8063	0	0
XM_034448733.1	8159	8060	0	0
XM_034448734.1	8084	7985	4.91467e-07	7.20129e-08
XM_034448735.1	8069	7970	4.46031e-06	6.54783e-07
XM_034448736.1	7982	7883	1.74107	0.258413
XM_034448737.1	7967	7868	16.2589	2.41779
XM_034448738.1	1223	1124	0	0
XM_034448739.1	1112	1013	1	1.155
XM_034448740.1	1112	1013	1	1.155
XM_034448741.1	2563	2464	16.1626	7.6747
XM_034448742.1	3206	3107	18.1978	6.85281
XM_034448743.1	4482	4383	0	0
XM_034448744.1	4473	4374	0	0
XM_034448745.1	4299	4200	0	0
XM_034448746.1	4266	4167	1.03568e-05	2.908e-06
XM_034448747.1	4257	4158	0.000130825	3.68127e-05
XM_034448748.1	4227	4128	0.639054	0.181129
XM_034448749.1	4218	4119	8.26838	2.34866
XM_034448750.1	1669	1570	10	7.45231
XM_034448751.1	1572	1473	0	0
XM_034448752.1	1403	1304	1	0.89725
XM_034448753.1	3534	3435	5.88602	2.00487
XM_034448754.1	1933	1834	0	0
XM_034448755.1	1673	1574	9.42635	7.00696
XM_034448756.1	3522	3423	0	0
XM_034448757.1	2822	2723	7	3.00775
XM_034448758.1	5293	5194	0	0
XM_034448759.1	1120	1021	0	0
XM_034448760.1	3755	3656	13.5549	4.33791
XM_034448761.1	3832	3733	48.4451	15.1839
XM_034448762.1	2122	2023	5	2.89178
XM_034448763.1	5186	5087	0	0
XM_034448764.1	4961	4862	0	0
XM_034448765.1	5213	5114	5.47428e-05	1.25244e-05
XM_034448766.1	4791	4692	27	6.73281
XM_034448767.1	4798	4699	0	0
XM_034448768.1	3154	3055	17.5524	6.72228
XM_034448769.1	1959	1860	2.18622e-07	1.37522e-07
XM_034448770.1	5201	5102	0.000861198	0.000197494
XM_034448771.1	1929	1830	42	26.8528
XM_034448772.1	1931	1832	0	0
XM_034448773.1	1901	1802	0	0
XM_034448774.1	1484	1385	3	2.53433
XM_034448775.1	1666	1567	1	0.746658
XM_034448776.1	3706	3607	0	0
XM_034448777.1	1526	1427	0	0
XM_034448778.1	5275	5176	0	0
XM_034448779.1	2815	2716	0	0
XM_034448780.1	2059	1960	0	0
XM_034448781.1	2121	2022	0	0
XM_034448782.1	2169	2070	0	0
XM_034448783.1	2118	2019	0	0
XM_034448784.1	1433	1334	0	0
XM_034448785.1	2041	1942	0	0
XM_034448786.1	2092	1993	0	0
XM_034448787.1	2151	2052	0	0
XM_034448788.1	2038	1939	0	0
XM_034448789.1	2483	2384	0	0
XM_034448790.1	2483	2384	0	0
XM_034448791.1	2668	2569	0	0
XM_034448792.1	2612	2513	18.6433	8.68001
XM_034448793.1	2550	2451	0	0
XM_034448794.1	2590	2491	0	0
XM_034448795.1	2652	2553	0	0
XM_034448796.1	2534	2435	0	0
XM_034448797.1	2389	2290	0	0
XM_034448798.1	1976	1877	0	0
XM_034448799.1	2312	2213	3.526	1.8642
XM_034448800.1	1657	1558	0	0
XM_034448801.1	1433	1334	0	0
XM_034448802.1	2024	1925	0	0
XM_034448803.1	3706	3607	0	0
XM_034448804.1	3528	3429	1.74079	0.593976
XM_034448805.1	1526	1427	0	0
XM_034448806.1	2578	2479	0	0
XM_034448807.1	2493	2394	10.1511	4.96112
XM_034448808.1	2546	2447	9.84627e-05	4.70792e-05
XM_034448809.1	2630	2531	0	0
XM_034448810.1	2547	2448	6.09719e-05	2.91413e-05
XM_034448811.1	1893	1794	1.84939e-08	1.20614e-08
XM_034448812.1	2520	2421	27.2289	13.1591
XM_034448813.1	2567	2468	0	0
XM_034448814.1	2036	1937	18.1256	10.9485
XM_034448815.1	1912	1813	0	0
XM_034448816.1	8684	8585	0	0
XM_034448817.1	8663	8564	0	0
XM_034448818.1	1994	1895	0	0
XM_034448819.1	8651	8552	35	4.78841
XM_034448820.1	8629	8530	0	0
XM_034448821.1	2525	2426	0	0
XM_034448822.1	2126	2027	0	0
XM_034448823.1	2903	2804	0	0
XM_034448824.1	2664	2565	5.51756	2.51681
XM_034448825.1	742	643	0	0
XM_034448826.1	1554	1455	0	0
XM_034448827.1	1863	1764	7.20963	4.78195
XM_034448828.1	675	576	1	2.03127
XM_034448829.1	671	572	0	0
XM_034448830.1	576	477	0	0
XM_034448831.1	600	501	0	0
XM_034448832.1	622	523	0	0
XM_034448833.1	610	511	0	0
XM_034448834.1	590	491	0	0
XM_034448835.1	1919	1820	49.7904	32.0085
XM_034448836.1	1519	1420	4	3.29581
XM_034448837.1	765	666	23.0206	40.4421
XM_034448838.1	1430	1331	0	0
XM_034448839.1	3065	2966	0	0
XM_034448840.1	3341	3242	1	0.360892
XM_034448841.1	1836	1737	0	0
XM_034448842.1	2221	2122	0	0
XM_034448843.1	1963	1864	0	0
XM_034448844.1	1849	1750	8	5.34863
XM_034448845.1	5143	5044	18.9115	4.38673
XM_034448846.1	3300	3201	6.68127	2.4421
XM_034448847.1	3300	3201	6.68127	2.4421
XM_034448848.1	4860	4761	9.72602	2.39016
XM_034448849.1	2755	2656	0	0
XM_034448850.1	3546	3447	8.31679e-07	2.82296e-07
XM_034448851.1	940	841	0	0
XM_034448852.1	938	839	0	0
XM_034448853.1	936	837	0	0
XM_034448854.1	937	838	0	0
XM_034448855.1	3495	3396	32.6205	11.2386
XM_034448856.1	2092	1993	1.06322	0.624176
XM_034448857.1	2087	1988	20.2428	11.9137
XM_034448858.1	2189	2090	0	0
XM_034448859.1	2164	2065	0	0
XM_034448860.1	1537	1438	2	1.62728
XM_034448861.1	1575	1476	0	0
XM_034448862.1	1496	1397	0	0
XM_034448863.1	1754	1655	1	0.706957
XM_034448864.1	3540	3441	6.41889e-06	2.18256e-06
XM_034448865.1	2804	2705	7.10371e-05	3.07262e-05
XM_034448866.1	2774	2675	34.1107	14.9196
XM_034448867.1	2330	2231	1.46923	0.770517
XM_034448868.1	3030	2931	0	0
XM_034448869.1	2261	2162	6.93844	3.75489
XM_034448870.1	1530	1431	0	0
XM_034448871.1	1473	1374	1	0.851538
XM_034448872.1	1200	1101	1	1.06268
XM_034448873.1	3001	2902	0	0
XM_034448874.1	1942	1843	8	5.07873
XM_034448875.1	1082	983	0	0
XM_034448876.1	2565	2466	3.27549	1.55408
XM_034448877.1	2964	2865	0	0
XM_034448878.1	2079	1980	1.84242e-08	1.08871e-08
XM_034448879.1	2066	1967	4.17967e-05	2.48616e-05
XM_034448880.1	2087	1988	0	0
XM_034448881.1	2042	1943	75	45.1626
XM_034448882.1	2143	2044	0	0
XM_034448883.1	513	414	0	0
XM_034448884.1	7846	7747	8.05064	1.21587
XM_034448885.1	7857	7758	1.52407	0.229851
XM_034448886.1	7977	7878	0	0
XM_034448887.1	7921	7822	0	0
XM_034448888.1	3386	3287	1.07236e-07	3.8171e-08
XM_034448889.1	7903	7804	0	0
XM_034448890.1	7967	7868	0	0
XM_034448891.1	7935	7836	0	0
XM_034448892.1	7846	7747	1.19191e-05	1.80012e-06
XM_034448893.1	6255	6156	0.0948351	0.0180244
XM_034448894.1	6245	6146	0.638516	0.121554
XM_034448895.1	6231	6132	9.26665	1.76812
XM_034448896.1	2227	2128	6	3.29891
XM_034448897.1	2201	2102	6.79638	3.78299
XM_034448898.1	3338	3239	3.34467	1.20818
XM_034448899.1	2223	2124	3.37447e-05	1.85884e-05
XM_034448900.1	2252	2153	7.49676	4.07399
XM_034448901.1	2376	2277	0	0
XM_034448902.1	2195	2096	3.96486	2.21324
XM_034448903.1	2213	2114	0.000174603	9.66359e-05
XM_034448904.1	1740	1641	75	53.4741
XM_034448905.1	3339	3240	2.32862	0.840899
XM_034448906.1	3357	3258	0.382771	0.137461
XM_034448907.1	2416	2317	2.35195	1.18766
XM_034448908.1	3239	3140	9.21295e-08	3.43289e-08
XM_034448909.1	2972	2873	19.3644	7.88606
XM_034448910.1	3000	2901	0.000221926	8.95058e-05
XM_034448911.1	2817	2718	0	0
XM_034448912.1	1379	1280	0	0
XM_034448913.1	1025	926	5	6.31757
XM_034448914.1	3904	3805	56	17.2196
XM_034448915.1	3904	3805	1.85369e-08	5.69998e-09
XM_034448916.1	1914	1815	2.46576e-05	1.58951e-05
XM_034448917.1	2461	2362	12.4045	6.14455
XM_034448918.1	2417	2318	2.58821	1.3064
XM_034448919.1	2511	2412	0	0
XM_034448920.1	2335	2236	1.3337	0.697876
XM_034448921.1	2168	2069	1.26268	0.71404
XM_034448922.1	561	462	0	0
XM_034448923.1	1891	1792	77.4028	50.537
XM_034448924.1	1238	1139	0	0
XM_034448925.1	1888	1789	7.59296e-05	4.96583e-05
XM_034448926.1	2444	2345	0	0
XM_034448927.1	1212	1113	66.8713	70.2968
XM_034448928.1	1760	1661	0	0
XM_034448929.1	768	669	0	0
XM_034448930.1	1055	956	0	0
XM_034448931.1	979	880	1	1.32956
XM_034448932.1	2921	2822	0	0
XM_034448933.1	1825	1726	0	0
XM_034448934.1	2537	2438	0.0107598	0.00516369
XM_034448935.1	2480	2381	0	0
XM_034448936.1	2546	2447	0	0
XM_034448937.1	1826	1727	0	0
XM_034448938.1	2322	2223	1.66784	0.877822
XM_034448939.1	1985	1886	2.76442	1.71496
XM_034448940.1	1700	1601	0	0
XM_034448941.1	2880	2781	8.7045	3.66213
XM_034448942.1	1683	1584	0	0
XM_034448943.1	1590	1491	0	0
XM_034448944.1	3339	3240	0	0
XM_034448945.1	2687	2588	2.28949	1.03506
XM_034448946.1	1247	1148	0	0
XM_034448947.1	1834	1735	0.00127094	0.000857069
XM_034448948.1	1846	1747	3.91594e-07	2.62261e-07
XM_034448949.1	1679	1580	0	0
XM_034448950.1	1859	1760	0.00553616	0.00368033
XM_034448951.1	1872	1773	9.86782e-07	6.51184e-07
XM_034448952.1	1838	1739	34.9607	23.5219
XM_034448953.1	1864	1765	66.0325	43.7727
XM_034448954.1	1891	1792	0	0
XM_034448955.1	1904	1805	0	0
XM_034448956.1	1917	1818	0	0
XM_034448957.1	849	750	0	0
XM_034448958.1	1930	1831	0	0
XM_034448959.1	2096	1997	0	0
XM_034448960.1	835	736	0	0
XM_034448961.1	2107	2008	0	0
XM_034448962.1	2120	2021	0	0
XM_034448963.1	2133	2034	0	0
XM_034448964.1	1896	1797	0	0
XM_034448965.1	1922	1823	0	0
XM_034448966.1	2065	1966	0	0
XM_034448967.1	2091	1992	0	0
XM_034448968.1	578	479	0.981196	2.39669
XM_034448969.1	6675	6576	0	0
XM_034448970.1	6759	6660	0	0
XM_034448971.1	6747	6648	28.0188	4.93116
XM_034448972.1	6602	6503	0	0
XM_034448973.1	6369	6270	0	0
XM_034448974.1	7343	7244	5.81273	0.938843
XM_034448975.1	1997	1898	3.06584e-05	1.88992e-05
XM_034448976.1	1976	1877	14.2695	8.89479
XM_034448977.1	1586	1487	27.5916	21.7098
XM_034448978.1	1544	1445	8.32503	6.74076
XM_034448979.1	2677	2578	3.9462	1.79097
XM_034448980.1	1446	1347	0	0
XM_034448981.1	1139	1040	0	0
XM_034448982.1	1374	1275	15	13.7649
XM_034448983.1	1202	1103	0	0
XM_034448984.1	2563	2464	0	0
XM_034448985.1	1244	1145	3	3.06554
XM_034448986.1	2144	2045	57.9087	33.1315
XM_034448987.1	1123	1024	0	0
XM_034448988.1	2191	2092	0	0
XM_034448989.1	780	681	0	0
XM_034448990.1	792	693	0	0
XM_034448991.1	3363	3264	0	0
XM_034448992.1	3389	3290	0	0
XM_034448993.1	3272	3173	0.000132949	4.90235e-05
XM_034448994.1	3339	3240	0	0
XM_034448995.1	3245	3146	2.99987	1.11567
XM_034448996.1	1127	1028	0	0
XM_034448997.1	2071	1972	0	0
XM_034448998.1	2051	1952	0	0
XM_034448999.1	1395	1296	1.01786	0.91891
XM_034449000.1	2052	1953	0	0
XM_034449001.1	2106	2007	0	0
XM_034449002.1	2033	1934	0	0
XM_034449003.1	2052	1953	0	0
XM_034449004.1	2096	1997	0	0
XM_034449005.1	1954	1855	11	6.93808
XM_034449006.1	1478	1379	0	0
XM_034449007.1	1991	1892	8	4.9472
XM_034449008.1	3681	3582	0	0
XM_034449009.1	3354	3255	1	0.359451
XM_034449010.1	2998	2899	23	9.28262
XM_034449011.1	3150	3051	0	0
XM_034449012.1	3006	2907	0	0
XM_034449013.1	3000	2901	0	0
XM_034449014.1	1616	1517	0	0
XM_034449015.1	3709	3610	0	0
XM_034449016.1	1165	1066	0	0
XM_034449017.1	6003	5904	15	2.9726
XM_034449018.1	4965	4866	3	0.72134
XM_034449019.1	1554	1455	0	0
XM_034449020.1	4160	4061	3.307	0.95278
XM_034449021.1	2932	2833	5.693	2.35118
XM_034449022.1	4229	4130	5	1.41648
XM_034449023.1	6138	6039	0	0
XM_034449024.1	6111	6012	0	0
XM_034449025.1	6012	5913	0	0
XM_034449026.1	6009	5910	0	0
XM_034449027.1	5985	5886	0	0
XM_034449028.1	5874	5775	0	0
XM_034449029.1	5902	5803	0	0
XM_034449030.1	6576	6477	0	0
XM_034449031.1	5814	5715	0	0
XM_034449032.1	6066	5967	0	0
XM_034449033.1	14040	13941	94.0156	7.89036
XM_034449034.1	6229	6130	0	0
XM_034449035.1	6162	6063	0	0
XM_034449036.1	6403	6304	0	0
XM_034449037.1	5573	5474	38.3783	8.20297
XM_034449038.1	2028	1929	0	0
XM_034449039.1	2025	1926	1.27389	0.773865
XM_034449040.1	3305	3206	0	0
XM_034449041.1	1252	1153	0	0
XM_034449042.1	3192	3093	5	1.89139
XM_034449043.1	3791	3692	0	0
XM_034449044.1	11161	11062	16.3597	1.73035
XM_034449045.1	3281	3182	0	0
XM_034449046.1	3212	3113	0	0
XM_034449047.1	2003	1904	0	0
XM_034449048.1	12033	11934	0.0694556	0.00680945
XM_034449049.1	901	802	0	0
XM_034449050.1	860	761	0	0
XM_034449051.1	12023	11924	0.185676	0.018219
XM_034449052.1	1901	1802	0	0
XM_034449053.1	1868	1769	1	0.661398
XM_034449054.1	591	492	0	0
XM_034449055.1	882	783	7.82336	11.6902
XM_034449056.1	675	576	6.17664	12.5464
XM_034449057.1	11963	11864	68.9604	6.80079
XM_034449058.1	2125	2026	0	0
XM_034449059.1	12022	11923	0.204871	0.0201042
XM_034449060.1	2056	1957	0	0
XM_034449061.1	2023	1924	0	0
XM_034449062.1	2011	1912	0	0
XM_034449063.1	2011	1912	0	0
XM_034449064.1	1416	1317	0	0
XM_034449065.1	2467	2368	0	0
XM_034449066.1	2196	2097	7	3.90562
XM_034449067.1	1377	1278	0	0
XM_034449068.1	2624	2525	1	0.463372
XM_034449069.1	4127	4028	0	0
XM_034449070.1	4082	3983	0	0
XM_034449071.1	3996	3897	46	13.8108
XM_034449072.1	4742	4643	0	0
XM_034449073.1	3951	3852	0	0
XM_034449074.1	1579	1480	2.62464	2.07491
XM_034449075.1	4835	4736	9	2.22342
XM_034449076.1	4030	3931	2	0.595275
XM_034449077.1	1705	1606	0	0
XM_034449078.1	2278	2179	0	0
XM_034449079.1	3635	3536	24.2606	8.02749
XM_034449080.1	2460	2361	0	0
XM_034449081.1	2401	2302	0	0
XM_034449082.1	6383	6284	1.73611	0.323245
XM_034449083.1	6446	6347	1.43801e-05	2.65085e-06
XM_034449084.1	1348	1249	0	0
XM_034449085.1	1230	1131	4	4.13798
XM_034449086.1	4279	4180	16.7265	4.68188
XM_034449087.1	3806	3707	10.2735	3.24254
XM_034449088.1	3247	3148	10	3.71669
XM_034449089.1	1884	1785	0	0
XM_034449090.1	3115	3016	8.25655	3.20301
XM_034449091.1	3322	3223	0	0
XM_034449092.1	766	667	4	7.01657
XM_034449093.1	1600	1501	0	0
XM_034449094.1	1925	1826	0	0
XM_034449095.1	2889	2790	1	0.41936
XM_034449096.1	2991	2892	2	0.809138
XM_034449097.1	4375	4276	2.31546e-06	6.33564e-07
XM_034449098.1	1022	923	0	0
XM_034449099.1	4324	4225	3	0.830778
XM_034449100.1	1233	1134	0	0
XM_034449101.1	1593	1494	0	0
XM_034449102.1	862	763	0	0
XM_034449103.1	735	636	0	0
XM_034449104.1	1184	1085	0	0
XM_034449105.1	1028	929	0	0
XM_034449106.1	1051	952	4.36477	5.36433
XM_034449107.1	1693	1594	17	12.4782
XM_034449108.1	7855	7756	79	11.9174
XM_034449109.1	3781	3682	50.8918	16.1717
XM_034449110.1	3686	3587	0.640559	0.208939
XM_034449111.1	2928	2829	0	0
XM_034449112.1	3160	3061	18.837	7.20011
XM_034449113.1	2243	2144	3.40736	1.85945
XM_034449114.1	3075	2976	0	0
XM_034449115.1	3024	2925	0	0
XM_034449116.1	3169	3070	0	0
XM_034449117.1	2835	2736	7.86393	3.3629
XM_034449118.1	3229	3130	6.61647	2.47328
XM_034449119.1	3040	2941	2.5827	1.02747
XM_034449120.1	2198	2099	0	0
XM_034449121.1	2201	2102	19.9422	11.1002
XM_034449122.1	2034	1935	0	0
XM_034449123.1	2051	1952	10.0563	6.02767
XM_034449124.1	1955	1856	3.3861	2.13458
XM_034449125.1	1961	1862	0	0
XM_034449126.1	1903	1804	26.2188	17.0046
XM_034449127.1	1949	1850	0	0
XM_034449128.1	2060	1961	0	0
XM_034449129.1	2075	1976	0	0
XM_034449130.1	2085	1986	1.25036	0.736625
XM_034449131.1	2150	2051	10.2175	5.82866
XM_034449132.1	2097	1998	7.12717	4.17362
XM_034449133.1	3461	3362	1.04738	0.364501
XM_034449134.1	1867	1768	0	0
XM_034449135.1	2119	2020	1.57024	0.909508
XM_034449136.1	2065	1966	4.44109	2.643
XM_034449137.1	2006	1907	8.45181	5.18549
XM_034449138.1	1991	1892	2.99096	1.84961
XM_034449139.1	1830	1731	2.04881	1.38482
XM_034449140.1	2080	1981	6.05923	3.57869
XM_034449141.1	4345	4246	0	0
XM_034449142.1	1807	1708	0	0
XM_034449143.1	1842	1743	15.6254	10.4888
XM_034449144.1	2072	1973	17.9508	10.645
XM_034449145.1	1812	1713	0	0
XM_034449146.1	4482	4383	2	0.533887
XM_034449147.1	3964	3865	0	0
XM_034449148.1	3302	3203	1	0.365287
XM_034449149.1	3930	3831	0	0
XM_034449150.1	3195	3096	0	0
XM_034449151.1	3098	2999	1	0.390135
XM_034449152.1	1920	1821	5	3.21256
XM_034449153.1	2274	2175	0	0
XM_034449154.1	3453	3354	0	0
XM_034449155.1	3539	3440	0	0
XM_034449156.1	3442	3343	0	0
XM_034449157.1	3399	3300	1.39053e-05	4.9301e-06
XM_034449158.1	3365	3266	2.62452	0.940211
XM_034449159.1	3447	3348	0	0
XM_034449160.1	393	294	0	0
XM_034449161.1	1778	1679	19	13.2402
XM_034449162.1	3393	3294	0.000117558	4.17562e-05
XM_034449163.1	3359	3260	22.6874	8.14252
XM_034449164.1	3156	3057	3.79807	1.45364
XM_034449165.1	1708	1609	13	9.45318
XM_034449166.1	1808	1709	0	0
XM_034449167.1	1406	1307	0	0
XM_034449168.1	996	897	1	1.30436
XM_034449169.1	2311	2212	2.68944	1.42255
XM_034449170.1	2754	2655	0	0
XM_034449171.1	2766	2667	0	0
XM_034449172.1	2565	2466	6.5	3.08398
XM_034449173.1	2565	2466	6.5	3.08398
XM_034449174.1	1806	1707	0	0
XM_034449175.1	1924	1825	31.151	19.971
XM_034449176.1	940	841	1	1.39122
XM_034449177.1	4186	4087	26	7.4432
XM_034449178.1	998	899	0	0
XM_034449179.1	984	885	0	0
XM_034449180.1	930	831	3	4.22388
XM_034449181.1	2073	1974	25.5537	15.146
XM_034449182.1	1744	1645	0	0
XM_034449183.1	5906	5807	52.4629	10.5704
XM_034449184.1	1432	1333	0	0
XM_034449185.1	1213	1114	21	22.0559
XM_034449186.1	1422	1323	0	0
XM_034449187.1	2628	2529	0	0
XM_034449188.1	3158	3059	32	12.2394
XM_034449189.1	5100	5001	0	0
XM_034449190.1	5166	5067	0	0
XM_034449191.1	5052	4953	0	0
XM_034449192.1	4938	4839	54	13.0566
XM_034449193.1	2925	2826	15	6.21026
XM_034449194.1	937	838	0	0
XM_034449195.1	1873	1774	9.01276	5.94422
XM_034449196.1	1858	1759	0	0
XM_034449197.1	1872	1773	6.13469	4.04832
XM_034449198.1	1844	1745	0	0
XM_034449199.1	1800	1701	0	0
XM_034449200.1	1957	1858	4.10874	2.58734
XM_034449201.1	2067	1968	0	0
XM_034449202.1	2018	1919	14.9999	9.14544
XM_034449203.1	2046	1947	6.26287e-07	3.76355e-07
XM_034449204.1	2468	2369	0	0
XM_034449205.1	2038	1939	7.83907e-05	4.73018e-05
XM_034449206.1	2048	1949	1.87822e-07	1.12752e-07
XM_034449207.1	2002	1903	0	0
XM_034449208.1	1955	1856	2	1.26079
XM_034449209.1	1571	1472	2.46833	1.96194
XM_034449210.1	1014	915	1	1.2787
XM_034449211.1	867	768	0	0
XM_034449212.1	958	859	41	55.8446
XM_034449213.1	947	848	13.9291	19.2184
XM_034449214.1	953	854	1.07093	1.46721
XM_034449215.1	883	784	0	0
XM_034449216.1	712	613	0	0
XM_034449217.1	5736	5637	7.62205e-06	1.58203e-06
XM_034449218.1	5860	5761	3	0.609276
XM_034449219.1	299	200	0	0
XM_034449220.1	1852	1753	2	1.33487
XM_034449221.1	3174	3075	0	0
XM_034449222.1	2751	2652	32.3374	14.2666
XM_034449223.1	1949	1850	2.25709	1.42748
XM_034449224.1	1528	1429	0	0
XM_034449225.1	2333	2234	0	0
XM_034449226.1	2340	2241	1	0.522094
XM_034449227.1	2333	2234	0	0
XM_034449228.1	860	761	2	3.07494
XM_034449229.1	1030	931	0	0
XM_034449230.1	967	868	17	22.915
XM_034449231.1	2552	2453	6.11176	2.91514
XM_034449232.1	1458	1359	2	1.72187
XM_034449233.1	1404	1305	0	0
XM_034449234.1	1421	1322	0	0
XM_034449235.1	1447	1348	0	0
XM_034449236.1	1478	1379	0	0
XM_034449237.1	763	664	37.1736	65.5024
XM_034449238.1	802	703	0	0
XM_034449239.1	2986	2887	0	0
XM_034449240.1	730	631	65.2937	121.069
XM_034449241.1	647	548	2.5327	5.40747
XM_034449242.1	1780	1681	1	0.696022
XM_034449243.1	8988	8889	145	19.0856
XM_034449244.1	9057	8958	2.54367e-06	3.32231e-07
XM_034449245.1	9053	8954	4.29522e-06	5.61253e-07
XM_034449246.1	3633	3534	4	1.32429
XM_034449247.1	3077	2978	0	0
XM_034449248.1	2995	2896	1.85821e-06	7.50736e-07
XM_034449249.1	4283	4184	0	0
XM_034449250.1	4281	4182	0	0
XM_034449251.1	2641	2542	6	2.76164
XM_034449252.1	1388	1289	0	0
XM_034449253.1	2947	2848	0	0
XM_034449254.1	1054	955	0	0
XM_034449255.1	847	748	0	0
XM_034449256.1	636	537	0	0
XM_034449257.1	808	709	0	0
XM_034449258.1	2956	2857	15	6.14288
XM_034449259.1	3581	3482	36	12.0966
XM_034449260.1	1829	1730	1.08106	0.731128
XM_034449261.1	3366	3267	20.8879	7.48059
XM_034449262.1	1894	1795	4.10923	2.67847
XM_034449263.1	1918	1819	8.16667	5.25295
XM_034449264.1	2560	2461	3.83333	1.82245
XM_034449265.1	1960	1861	0	0
XM_034449266.1	2721	2622	0	0
XM_034449267.1	2372	2273	12	6.17693
XM_034449268.1	2033	1934	0	0
XM_034449269.1	1987	1888	6.49818e-08	4.02699e-08
XM_034449270.1	1958	1859	4.99346	3.14278
XM_034449271.1	1837	1738	0	0
XM_034449272.1	1795	1696	0	0
XM_034449273.1	1783	1684	8.69593e-06	6.04178e-06
XM_034449274.1	1766	1667	1.2827	0.900287
XM_034449275.1	1785	1686	2.161e-06	1.49964e-06
XM_034449276.1	1793	1694	0	0
XM_034449277.1	1760	1661	2.50233	1.76265
XM_034449278.1	1826	1727	1.93239e-05	1.30916e-05
XM_034449279.1	2008	1909	5.2762	3.23375
XM_034449280.1	1808	1709	4.20308	2.87751
XM_034449281.1	1977	1878	2.45409	1.52893
XM_034449282.1	1997	1898	9.84836e-06	6.07097e-06
XM_034449283.1	1818	1719	0	0
XM_034449284.1	1818	1719	0	0
XM_034449285.1	1867	1768	1.00647	0.666055
XM_034449286.1	1955	1856	0	0
XM_034449287.1	582	483	0	0
XM_034449288.1	584	485	0	0
XM_034449289.1	578	479	0	0
XM_034449290.1	1509	1410	0	0
XM_034449291.1	573	474	4	9.87353
XM_034449292.1	561	462	0	0
XM_034449293.1	574	475	0	0
XM_034449294.1	2144	2045	0	0
XM_034449295.1	1786	1687	2.29971	1.59496
XM_034449296.1	2056	1957	4.03385	2.41168
XM_034449297.1	1463	1364	0	0
XM_034449298.1	2862	2763	47.6452	20.1757
XM_034449299.1	1194	1095	4	4.27402
XM_034449300.1	2852	2753	60.7148	25.8035
XM_034449301.1	1412	1313	4.26574e-05	3.8012e-05
XM_034449302.1	2121	2022	0	0
XM_034449303.1	2236	2137	4	2.19001
XM_034449304.1	926	827	0	0
XM_034449305.1	2721	2622	1	0.446229
XM_034449306.1	1270	1171	4	3.99663
XM_034449307.1	1399	1300	4.99996	4.50001
XM_034449308.1	3695	3596	4	1.30146
XM_034449309.1	1432	1333	1	0.877729
XM_034449310.1	1744	1645	0	0
XM_034449311.1	1624	1525	0	0
XM_034449312.1	546	447	0	0
XM_034449313.1	1347	1248	13	12.1876
XM_034449314.1	3671	3572	6.20357	2.03199
XM_034449315.1	1948	1849	0	0
XM_034449316.1	1395	1296	3	2.70836
XM_034449317.1	865	766	0	0
XM_034449318.1	1735	1636	0	0
XM_034449319.1	1705	1606	0	0
XM_034449320.1	1519	1420	0	0
XM_034449321.1	1542	1443	0	0
XM_034449322.1	7540	7441	0.00264971	0.000416637
XM_034449323.1	7314	7215	0	0
XM_034449324.1	7516	7417	0.117205	0.0184888
XM_034449325.1	7507	7408	0.486941	0.076907
XM_034449326.1	7281	7182	2.18518e-08	3.55986e-09
XM_034449327.1	7507	7408	0.486941	0.076907
XM_034449328.1	7483	7384	21.9063	3.4711
XM_034449329.1	7257	7158	1.10837e-06	1.81169e-07
XM_034449330.1	2198	2099	0	0
XM_034449331.1	2598	2499	0	0
XM_034449332.1	2531	2432	5	2.40546
XM_034449333.1	725	626	0	0
XM_034449334.1	8375	8276	0	0
XM_034449335.1	8354	8255	0	0
XM_034449336.1	8354	8255	0	0
XM_034449337.1	7510	7411	11.1652	1.76271
XM_034449338.1	8194	8095	5.9174	0.855273
XM_034449339.1	1221	1122	0	0
XM_034449340.1	8233	8134	0	0
XM_034449341.1	8194	8095	5.9174	0.855273
XM_034449342.1	872	773	0	0
XM_034449343.1	1593	1494	1	0.783142
XM_034449344.1	5779	5680	3	0.617965
XM_034449345.1	6271	6172	0	0
XM_034449346.1	6262	6163	0	0
XM_034449347.1	6259	6160	0	0
XM_034449348.1	6250	6151	16	3.04344
XM_034449349.1	6247	6148	0	0
XM_034449350.1	6175	6076	0	0
XM_034449351.1	2891	2792	1.98712	0.832719
XM_034449352.1	2888	2789	7.01288	2.94197
XM_034449353.1	2813	2714	0	0
XM_034449354.1	2867	2768	0	0
XM_034449355.1	2907	2808	0	0
XM_034449356.1	2763	2664	0	0
XM_034449357.1	2994	2895	1.45261	0.587071
XM_034449358.1	2781	2682	10.5474	4.60126
XM_034449359.1	2782	2683	0	0
XM_034449360.1	2889	2790	0	0
XM_034449361.1	2631	2532	21	9.7039
XM_034449362.1	3354	3255	11	3.95396
XM_034449363.1	1928	1829	6.92161	4.42776
XM_034449364.1	5248	5149	35.1808	7.99418
XM_034449365.1	4692	4593	0.0108834	0.00277243
XM_034449366.1	4674	4575	1.08928	0.278572
XM_034449367.1	4662	4563	23.719	6.08186
XM_034449368.1	1301	1202	0	0
XM_034449369.1	1818	1719	0	0
XM_034449370.1	2395	2296	3.78254	1.92753
XM_034449371.1	1788	1689	6.21746	4.307
XM_034449372.1	1314	1215	0	0
XM_034449373.1	5170	5071	9	2.07654
XM_034449374.1	3503	3404	35.9612	12.3605
XM_034449375.1	2629	2530	0	0
XM_034449376.1	2659	2560	0	0
XM_034449377.1	2795	2696	0	0
XM_034449378.1	2588	2489	16	7.52118
XM_034449379.1	55073	54974	116	2.46883
XM_034449380.1	2610	2511	0	0
XM_034449381.1	4944	4845	4.95408e-07	1.19636e-07
XM_034449382.1	4923	4824	8.08736e-05	1.96151e-05
XM_034449383.1	4924	4825	6.34184e-05	1.53783e-05
XM_034449384.1	4872	4773	20.9999	5.14773
XM_034449385.1	4999	4900	0	0
XM_034449386.1	2024	1925	4	2.4312
XM_034449387.1	2666	2567	3.09952e-05	1.41273e-05
XM_034449388.1	2677	2578	2.0558e-07	9.33016e-08
XM_034449389.1	2663	2564	0.00012218	5.57535e-05
XM_034449390.1	2652	2553	0.0189336	0.00867705
XM_034449391.1	2638	2539	11.9809	5.521
XM_034449392.1	2467	2368	0	0
XM_034449393.1	2239	2140	0	0
XM_034449394.1	2050	1951	9.2405	5.54152
XM_034449395.1	1978	1879	13.0323	8.11491
XM_034449396.1	2312	2213	16	8.4592
XM_034449397.1	1705	1606	0	0
XM_034449398.1	1758	1659	0	0
XM_034449399.1	1703	1604	0	0
XM_034449400.1	1407	1308	0	0
XM_034449401.1	1895	1796	17.0824	11.1284
XM_034449402.1	2504	2405	1	0.486492
XM_034449403.1	2263	2164	0	0
XM_034449404.1	1830	1731	0	0
XM_034449405.1	2251	2152	0	0
XM_034449406.1	2237	2138	0	0
XM_034449407.1	2211	2112	0	0
XM_034449408.1	2174	2075	0	0
XM_034449409.1	1734	1635	0	0
XM_034449410.1	2770	2671	0	0
XM_034449411.1	1705	1606	0	0
XM_034449412.1	2203	2104	0	0
XM_034449413.1	5105	5006	2	0.467444
XM_034449414.1	1692	1593	2	1.46894
XM_034449415.1	1638	1539	0	0
XM_034449416.1	772	673	8.91696	15.5022
XM_034449417.1	2271	2172	0	0
XM_034449418.1	2046	1947	6	3.60559
XM_034449419.1	906	807	1	1.44983
XM_034449420.1	2582	2483	0	0
XM_034449421.1	2075	1976	0	0
XM_034449422.1	3023	2924	3	1.20042
XM_034449423.1	4084	3985	2	0.587209
XM_034449424.1	3824	3725	0	0
XM_034449425.1	3772	3673	0	0
XM_034449426.1	3680	3581	0	0
XM_034449427.1	3842	3743	0	0
XM_034449428.1	1380	1281	0	0
XM_034449429.1	4923	4824	0	0
XM_034449430.1	1315	1216	0	0
XM_034449431.1	3049	2950	0	0
XM_034449432.1	533	434	0	0
XM_034449433.1	5028	4929	0	0
XM_034449434.1	681	582	2.12843	4.27886
XM_034449435.1	4842	4743	0.0298453	0.0073623
XM_034449436.1	1974	1875	0	0
XM_034449437.1	3140	3041	0	0
XM_034449438.1	1010	911	1	1.28432
XM_034449439.1	1480	1381	0	0
XM_034449440.1	2213	2114	2	1.10692
XM_034449441.1	4821	4722	5.43768	1.34734
XM_034449442.1	3916	3817	20.2417	6.20462
XM_034449443.1	1404	1305	9	8.06906
XM_034449444.1	1295	1196	0	0
XM_034449445.1	1349	1250	0	0
XM_034449446.1	3069	2970	2	0.787888
XM_034449447.1	1724	1625	0	0
XM_034449448.1	1718	1619	0	0
XM_034449449.1	1027	928	4	5.04316
XM_034449450.1	911	812	0	0
XM_034449451.1	836	737	0	0
XM_034449452.1	753	654	0	0
XM_034449453.1	556	457	0	0
XM_034449454.1	1064	965	0	0
XM_034449455.1	995	896	0	0
XM_034449456.1	1128	1029	0.43625	0.496034
XM_034449457.1	2231	2132	0	0
XM_034449458.1	2281	2182	25	13.4053
XM_034449459.1	2372	2273	0	0
XM_034449460.1	1315	1216	0	0
XM_034449461.1	1157	1058	1	1.10587
XM_034449462.1	2831	2732	37.5	16.0598
XM_034449463.1	2831	2732	37.5	16.0598
XM_034449464.1	852	753	12	18.6456
XM_034449465.1	2270	2171	86	46.3478
XM_034449466.1	748	649	27	48.6754
XM_034449467.1	2178	2079	0	0
XM_034449468.1	2163	2064	68	38.547
XM_034449469.1	509	410	0	0
XM_034449470.1	1419	1320	9	7.97736
XM_034449471.1	2339	2240	0	0
XM_034449472.1	1756	1657	0	0
XM_034449473.1	5163	5064	20	4.62091
XM_034449474.1	1710	1611	0	0
XM_034449475.1	2721	2622	0	0
XM_034449476.1	909	810	53	76.5564
XM_034449477.1	3119	3020	0	0
XM_034449478.1	1000	901	0	0
XM_034449479.1	2948	2849	9.20089	3.77858
XM_034449480.1	1793	1694	1.58387e-07	1.09395e-07
XM_034449481.1	1767	1668	12	8.41736
XM_034449482.1	4553	4454	10.204	2.68047
XM_034449483.1	5728	5629	4.54252	0.944183
XM_034449484.1	5724	5625	10.4575	2.17518
XM_034449485.1	5547	5448	0	0
XM_034449486.1	5657	5558	0	0
XM_034449487.1	5391	5292	12	2.65309
XM_034449488.1	5252	5153	29	6.58459
XM_034449489.1	3758	3659	0	0
XM_034449490.1	3354	3255	76.506	27.5002
XM_034449491.1	2869	2770	0	0
XM_034449492.1	1642	1543	0	0
XM_034449493.1	2854	2755	0	0
XM_034449494.1	3375	3276	2.2483	0.802974
XM_034449495.1	3382	3283	0	0
XM_034449496.1	3013	2914	0	0
XM_034449497.1	3025	2926	0	0
XM_034449498.1	2766	2667	0	0
XM_034449499.1	3155	3056	0	0
XM_034449500.1	3154	3055	0	0
XM_034449501.1	2621	2522	0	0
XM_034449502.1	1066	967	0	0
XM_034449503.1	1012	913	0	0
XM_034449504.1	3799	3700	3	0.94866
XM_034449505.1	2943	2844	27	11.1077
XM_034449506.1	1549	1450	0	0
XM_034449507.1	5080	4981	21.2381	4.98872
XM_034449508.1	1467	1368	0	0
XM_034449509.1	1422	1323	2.1099	1.86592
XM_034449510.1	1694	1595	66.8901	49.0673
XM_034449511.1	7017	6918	4	0.676504
XM_034449512.1	6878	6779	0	0
XM_034449513.1	2561	2462	51.9999	24.7119
XM_034449514.1	3150	3051	12	4.60182
XM_034449515.1	3237	3138	0	0
XM_034449516.1	3898	3799	5	1.5399
XM_034449517.1	1971	1872	9.47792	5.92377
XM_034449518.1	2520	2421	0	0
XM_034449519.1	2377	2278	33	16.9493
XM_034449520.1	2390	2291	24	12.2568
XM_034449521.1	1516	1417	4.03167	3.32894
XM_034449522.1	3382	3283	0	0
XM_034449523.1	3306	3207	33	12.0394
XM_034449524.1	5176	5077	80	18.4363
XM_034449525.1	5603	5504	0	0
XM_034449526.1	2660	2561	0.000882035	0.000402965
XM_034449527.1	2660	2561	0.000882035	0.000402965
XM_034449528.1	2651	2552	0.0548145	0.0251308
XM_034449529.1	2645	2546	0.867	0.398429
XM_034449530.1	2645	2546	0.867	0.398429
XM_034449531.1	2636	2537	55.2094	25.4615
XM_034449532.1	2012	1913	7	4.28128
XM_034449533.1	2111	2012	0	0
XM_034449534.1	1848	1749	0	0
XM_034449535.1	2765	2666	105.93	46.489
XM_034449536.1	3091	2992	1	0.391047
XM_034449537.1	1907	1808	0	0
XM_034449538.1	2561	2462	5	2.37614
XM_034449539.1	1498	1399	31	25.926
XM_034449540.1	2516	2417	10.3068	4.98929
XM_034449541.1	1175	1076	0	0
XM_034449542.1	2288	2189	1	0.534497
XM_034449543.1	4101	4002	2.70907	0.792017
XM_034449544.1	4095	3996	15.7454	4.61018
XM_034449545.1	4121	4022	0.00782162	0.00227534
XM_034449546.1	3164	3065	0	0
XM_034449547.1	2265	2166	2.87776	1.55449
XM_034449548.1	2089	1990	5.63722	3.31439
XM_034449549.1	2123	2024	7.36462	4.25726
XM_034449550.1	2092	1993	11.5787	6.79739
XM_034449551.1	2115	2016	1.55696	0.903604
XM_034449552.1	1917	1818	1.58847	1.02229
XM_034449553.1	2045	1946	0	0
XM_034449554.1	3063	2964	5.03484	1.98746
XM_034449555.1	1397	1298	0	0
XM_034449556.1	782	683	1	1.71305
XM_034449557.1	901	802	8	11.671
XM_034449558.1	1496	1397	0	0
XM_034449559.1	2209	2110	0	0
XM_034449560.1	2168	2069	0	0
XM_034449561.1	2012	1913	32.3791	19.8034
XM_034449562.1	2151	2052	0	0
XM_034449563.1	1504	1405	1	0.83275
XM_034449564.1	2281	2182	0	0
XM_034449565.1	4443	4344	0	0
XM_034449566.1	1374	1275	1	0.917658
XM_034449567.1	3149	3050	1	0.383611
XM_034449568.1	5130	5031	0	0
XM_034449569.1	905	806	1	1.45163
XM_034449570.1	1150	1051	51	56.7752
XM_034449571.1	1329	1230	0	0
XM_034449572.1	903	804	0	0
XM_034449573.1	1029	930	1	1.25808
XM_034449574.1	2326	2227	27	14.1852
XM_034449575.1	1749	1650	5	3.5455
XM_034449576.1	1737	1638	0	0
XM_034449577.1	1693	1594	2	1.46802
XM_034449578.1	2048	1949	2.02531	1.21582
XM_034449579.1	1530	1431	0	0
XM_034449580.1	1508	1409	1	0.830386
XM_034449581.1	1262	1163	0	0
XM_034449582.1	4151	4052	0.000570557	0.000164748
XM_034449583.1	4113	4014	35.9994	10.4932
XM_034449584.1	1512	1413	2.73447e-07	2.26424e-07
XM_034449585.1	3068	2969	0	0
XM_034449586.1	811	712	1	1.64328
XM_034449587.1	2636	2537	0	0
XM_034449588.1	2597	2498	0	0
XM_034449589.1	1067	968	0	0
XM_034449590.1	1166	1067	0	0
XM_034449591.1	1125	1026	0	0
XM_034449592.1	1039	940	0	0
XM_034449593.1	1138	1039	4	4.50438
XM_034449594.1	4068	3969	44.4623	13.107
XM_034449595.1	1500	1401	3	2.50538
XM_034449596.1	2123	2024	2	1.15614
XM_034449597.1	1221	1122	0	0
XM_034449598.1	1305	1206	38.3215	37.178
XM_034449599.1	2483	2384	0	0
XM_034449600.1	1783	1684	0	0
XM_034449601.1	2284	2185	4.328	2.31754
XM_034449602.1	1314	1215	0	0
XM_034449603.1	1668	1569	0	0
XM_034449604.1	1893	1794	17	11.0871
XM_034449605.1	3208	3109	25.7451	9.6887
XM_034449606.1	3733	3634	34	10.9467
XM_034449607.1	1161	1062	1	1.10171
XM_034449608.1	2349	2250	0	0
XM_034449609.1	786	687	0	0
XM_034449610.1	650	551	0	0
XM_034449611.1	1487	1388	1	0.842949
XM_034449612.1	1445	1346	0	0
XM_034449613.1	4966	4867	0	0
XM_034449614.1	858	759	0	0
XM_034449615.1	2765	2666	0	0
XM_034449616.1	2390	2291	0	0
XM_034449617.1	3954	3855	0	0
XM_034449618.1	1102	1003	0	0
XM_034449619.1	4664	4565	9	2.30671
XM_034449620.1	3769	3670	0	0
XM_034449621.1	604	505	0	0
XM_034449622.1	2246	2147	0	0
XM_034449623.1	682	583	0	0
XM_034449624.1	983	884	0	0
XM_034449625.1	2399	2300	9	4.57831
XM_034449626.1	1643	1544	1	0.757781
XM_034449627.1	1515	1416	0	0
XM_034449628.1	2204	2105	0	0
XM_034449629.1	648	549	0	0
XM_034449630.1	938	839	0	0
XM_034449631.1	1316	1217	1.64829	1.58466
XM_034449632.1	4143	4044	0	0
XM_034449633.1	2239	2140	2.64805	1.44778
XM_034449634.1	3536	3437	6.05432	2.06099
XM_034449635.1	628	529	0	0
XM_034449636.1	2116	2017	0	0
XM_034449637.1	1035	936	6	7.50009
XM_034449638.1	7712	7613	17	2.61267
XM_034449639.1	4466	4367	0	0
XM_034449640.1	1659	1560	0	0
XM_034449641.1	1453	1354	2	1.72823
XM_034449642.1	693	594	0	0
XM_034449643.1	2210	2111	0	0
XM_034449644.1	1311	1212	0	0
XM_034449645.1	1032	933	0	0
XM_034449646.1	1461	1362	0	0
XM_034449647.1	2129	2030	1	0.576361
XM_034449648.1	2278	2179	6	3.2217
XM_034449649.1	2646	2547	0	0
XM_034449650.1	1050	951	0	0
XM_034449651.1	1025	926	0	0
XM_034449652.1	1371	1272	0	0
XM_034449653.1	1754	1655	0	0
XM_034449654.1	2513	2414	0	0
XM_034449655.1	1388	1289	572	519.199
XM_034449656.1	1460	1361	1.2642	1.08679
XM_034449657.1	2413	2314	1.46998	0.743257
XM_034449658.1	1839	1740	0	0
XM_034449659.1	2472	2373	14.53	7.16406
XM_034449660.1	2097	1998	0	0
XM_034449661.1	2231	2132	3.76e-08	2.06344e-08
XM_034449662.1	2558	2459	0	0
XM_034449663.1	2198	2099	3.32647	1.85422
XM_034449664.1	2669	2570	2.67722e-06	1.21883e-06
XM_034449665.1	2636	2537	10.2643	4.7337
XM_034449666.1	1153	1054	4.44631	4.93571
XM_034449667.1	3028	2929	0	0
XM_034449668.1	3053	2954	0	0
XM_034449669.1	2626	2527	0	0
XM_034449670.1	2350	2251	1	0.519775
XM_034449671.1	4297	4198	3.14678	0.87703
XM_034449672.1	2280	2181	0	0
XM_034449673.1	2408	2309	21.8532	11.0734
XM_034449674.1	1163	1064	0	0
XM_034449675.1	3081	2982	16.2357	6.37023
XM_034449676.1	3007	2908	0	0
XM_034449677.1	1992	1893	42.6474	26.3592
XM_034449678.1	1973	1874	0.0183525	0.0114582
XM_034449679.1	1004	905	0	0
XM_034449680.1	1854	1755	0	0
XM_034449681.1	2374	2275	0	0
XM_034449682.1	1157	1058	0.113532	0.125552
XM_034449683.1	905	806	0	0
XM_034449684.1	1759	1660	0	0
XM_034449685.1	5105	5006	27.9999	6.5442
XM_034449686.1	1762	1663	0	0
XM_034449687.1	1005	906	0	0
XM_034449688.1	2376	2277	0	0
XM_034449689.1	5604	5505	4.01825	0.854024
XM_034449690.1	664	565	0	0
XM_034449691.1	672	573	0	0
XM_034449692.1	734	635	0	0
XM_034449693.1	666	567	0	0
XM_034449694.1	968	869	13	17.5031
XM_034449695.1	1047	948	0	0
XM_034449696.1	663	564	19.8716	41.2234
XM_034449697.1	2334	2235	15.3652	8.0436
XM_034449698.1	783	684	0	0
XM_034449699.1	942	843	0	0
XM_034449700.1	2507	2408	0.00174405	0.000847412
XM_034449701.1	2246	2147	0	0
XM_034449702.1	2260	2161	0	0
XM_034449703.1	3828	3729	2	0.627521
XM_034449704.1	1105	1006	0	0
XM_034449705.1	5870	5771	0	0
XM_034449706.1	1161	1062	1	1.10171
XM_034449707.1	2262	2163	0	0
XM_034449708.1	4660	4561	3	0.769577
XM_034449709.1	3763	3664	0	0
XM_034449710.1	3538	3439	0	0
XM_034449711.1	2652	2553	0	0
XM_034449712.1	1434	1335	7	6.1349
XM_034449713.1	5412	5313	0	0
XM_034449714.1	5645	5546	5.43983	1.14761
XM_034449715.1	5650	5551	1.89024	0.398416
XM_034449716.1	5640	5541	15.6699	3.30879
XM_034449717.1	2329	2230	28	14.6908
XM_034449718.1	2669	2570	0.00624707	0.00284403
XM_034449719.1	2654	2555	5.99375	2.74472
XM_034449720.1	1071	972	0	0
XM_034449721.1	3936	3837	3.05251	0.930798
XM_034449722.1	3019	2920	16.3857	6.56557
XM_034449723.1	1314	1215	1	0.962974
XM_034449724.1	1841	1742	0	0
XM_034449725.1	921	822	0	0
XM_034449726.1	2981	2882	0	0
XM_034449727.1	1428	1329	0	0
XM_034449728.1	606	507	3	6.92316
XM_034449729.1	959	860	0	0
XM_034449730.1	927	828	0	0
XM_034449731.1	1385	1286	0	0
XM_034449732.1	992	893	0	0
XM_034449733.1	994	895	10.0659	13.1589
XM_034449734.1	3629	3530	1	0.331449
XM_034449735.1	972	873	0	0
XM_034449736.1	925	826	0	0
XM_034449737.1	2842	2743	0	0
XM_034449738.1	3706	3607	174	56.4409
XM_034449739.1	812	713	74	121.432
XM_034449740.1	989	890	0	0
XM_034449741.1	639	540	1	2.16669
XM_034449742.1	2115	2016	14.5674	8.45441
XM_034449743.1	652	553	0	0
XM_034449744.1	5545	5446	18.9097	4.06255
XM_034449745.1	2316	2217	0	0
XM_034449746.1	3211	3112	0	0
XM_034449747.1	3208	3109	0	0
XM_034449748.1	3205	3106	0	0
XM_034449749.1	3190	3091	0	0
XM_034449750.1	3187	3088	0	0
XM_034449751.1	3123	3024	0	0
XM_034449752.1	3130	3031	0	0
XM_034449753.1	3109	3010	0	0
XM_034449754.1	3100	3001	0	0
XM_034449755.1	4952	4853	0	0
XM_034449756.1	2936	2837	0	0
XM_034449757.1	3064	2965	0	0
XM_034449758.1	1604	1505	0	0
XM_034449759.1	1541	1442	1.47224e-08	1.19455e-08
XM_034449760.1	1612	1513	0	0
XM_034449761.1	1538	1439	1.69401e-07	1.37736e-07
XM_034449762.1	1537	1438	3.82873e-07	3.1152e-07
XM_034449763.1	1519	1420	0.999999	0.823953
XM_034449764.1	4956	4857	0	0
XM_034449765.1	6209	6110	32.8196	6.28468
XM_034449766.1	7005	6906	87.748	14.8662
XM_034449767.1	6339	6240	0	0
XM_034449768.1	5105	5006	0	0
XM_034449769.1	5915	5816	0	0
XM_034449770.1	3452	3353	4	1.39578
XM_034449771.1	909	810	0	0
XM_034449772.1	6504	6405	2	0.365344
XM_034449773.1	1942	1843	0	0
XM_034449774.1	1913	1814	0	0
XM_034449775.1	1853	1754	56	37.355
XM_034449776.1	1654	1555	4.72665	3.55643
XM_034449777.1	1556	1457	0	0
XM_034449778.1	1788	1689	0	0
XM_034449779.1	1707	1608	0	0
XM_034449780.1	1705	1606	36	26.227
XM_034449781.1	1814	1715	0	0
XM_034449782.1	2390	2291	0	0
XM_034449783.1	1232	1133	39.2076	40.4885
XM_034449784.1	5110	5011	0	0
XM_034449785.1	2038	1939	3	1.81023
XM_034449786.1	2905	2806	0	0
XM_034449787.1	1392	1293	0	0
XM_034449788.1	1668	1569	0	0
XM_034449789.1	1793	1694	0	0
XM_034449790.1	2593	2494	11.8405	5.55473
XM_034449791.1	2026	1927	0	0
XM_034449792.1	2193	2094	2.18762	1.22233
XM_034449793.1	2060	1961	7	4.17649
XM_034449794.1	2687	2588	4.5746	2.06814
XM_034449795.1	2520	2421	0	0
XM_034449796.1	1822	1723	0	0
XM_034449797.1	2607	2508	18	8.39723
XM_034449798.1	1657	1558	20.702	15.5466
XM_034449799.1	1662	1563	0.482784	0.361397
XM_034449800.1	1707	1608	0	0
XM_034449801.1	1655	1556	93.4076	70.2366
XM_034449802.1	1655	1556	93.4076	70.2366
XM_034449803.1	2966	2867	0	0
XM_034449804.1	2515	2416	0	0
XM_034449805.1	6128	6029	0	0
XM_034449806.1	6125	6026	0	0
XM_034449807.1	6122	6023	0	0
XM_034449808.1	6104	6005	0	0
XM_034449809.1	6101	6002	0	0
XM_034449810.1	6101	6002	0	0
XM_034449811.1	6098	5999	0	0
XM_034449812.1	6095	5996	0	0
XM_034449813.1	727	628	26.9026	50.1217
XM_034449814.1	6089	5990	0	0
XM_034449815.1	6083	5984	0	0
XM_034449816.1	6077	5978	0	0
XM_034449817.1	6074	5975	0	0
XM_034449818.1	6005	5906	0.00149303	0.000295778
XM_034449819.1	6002	5903	0	0
XM_034449820.1	5975	5876	0	0
XM_034449821.1	5960	5861	11.7611	2.34783
XM_034449822.1	5957	5858	0	0
XM_034449823.1	5930	5831	0	0
XM_034449824.1	5918	5819	0	0
XM_034449825.1	5888	5789	0	0
XM_034449826.1	5861	5762	0	0
XM_034449827.1	5843	5744	0	0
XM_034449828.1	5792	5693	17.2374	3.5426
XM_034449829.1	4976	4877	0.333694	0.0800546
XM_034449830.1	5747	5648	0	0
XM_034449831.1	5720	5621	0	0
XM_034449832.1	5621	5522	0	0
XM_034449833.1	5586	5487	0	0
XM_034449834.1	5576	5477	0	0
XM_034449835.1	5546	5447	0	0
XM_034449836.1	2684	2585	0	0
XM_034449837.1	2578	2479	2	0.94394
XM_034449838.1	1950	1851	0	0
XM_034449839.1	4967	4868	2.91281	0.700088
XM_034449840.1	1483	1384	0	0
XM_034449841.1	4960	4861	15.7535	3.79177
XM_034449842.1	683	584	0	0
XM_034449843.1	2789	2690	19.5119	8.4867
XM_034449844.1	2371	2272	0	0
XM_034449845.1	4969	4870	0	0
XM_034449846.1	5153	5054	0	0
XM_034449847.1	3465	3366	8	2.78078
XM_034449848.1	3567	3468	0	0
XM_034449849.1	1656	1557	0	0
XM_034449850.1	964	865	0	0
XM_034449851.1	890	791	0	0
XM_034449852.1	5251	5152	0	0
XM_034449853.1	490	391	0	0
XM_034449854.1	2274	2175	0	0
XM_034449855.1	5095	4996	0	0
XM_034449856.1	2228	2129	0	0
XM_034449857.1	2271	2172	0	0
XM_034449858.1	2271	2172	0	0
XM_034449859.1	3007	2908	0	0
XM_034449860.1	5031	4932	6.46356e-07	1.53334e-07
XM_034449861.1	2819	2720	4	1.72061
XM_034449862.1	3287	3188	0	0
XM_034449863.1	3212	3113	14	5.26187
XM_034449864.1	3304	3205	0	0
XM_034449865.1	3279	3180	0	0
XM_034449866.1	3321	3222	0	0
XM_034449867.1	3296	3197	0	0
XM_034449868.1	1591	1492	0	0
XM_034449869.1	2068	1969	0	0
XM_034449870.1	5028	4929	1.31958e-06	3.13234e-07
XM_034449871.1	2013	1914	9	5.50163
XM_034449872.1	3429	3330	14.0085	4.92198
XM_034449873.1	560	461	0	0
XM_034449874.1	652	553	1	2.11576
XM_034449875.1	3078	2979	0	0
XM_034449876.1	6793	6694	3	0.524356
XM_034449877.1	2373	2274	3	1.54355
XM_034449878.1	830	731	1.15435	1.84762
XM_034449879.1	745	646	5.58886	10.1223
XM_034449880.1	1146	1047	0	0
XM_034449881.1	2956	2857	0	0
XM_034449882.1	931	832	1	1.40627
XM_034449883.1	2086	1987	4.87018	2.86773
XM_034449884.1	1920	1821	1	0.642511
XM_034449885.1	2046	1947	6.63345	3.98625
XM_034449886.1	2122	2023	0	0
XM_034449887.1	2046	1947	0	0
XM_034449888.1	4735	4636	0	0
XM_034449889.1	1742	1643	38	27.0606
XM_034449890.1	1750	1651	0.999994	0.708665
XM_034449891.1	1767	1668	6.04438e-06	4.23981e-06
XM_034449892.1	2388	2289	0	0
XM_034449893.1	4921	4822	0	0
XM_034449894.1	2035	1936	9.27995	5.6083
XM_034449895.1	2061	1962	9.11312	5.43449
XM_034449896.1	1646	1547	0	0
XM_034449897.1	1478	1379	1	0.848451
XM_034449898.1	4738	4639	0	0
XM_034449899.1	1357	1258	58.2276	54.1551
XM_034449900.1	5184	5085	0	0
XM_034449901.1	2184	2085	16.8941	9.48023
XM_034449902.1	2126	2027	0	0
XM_034449903.1	2046	1947	0	0
XM_034449904.1	4625	4526	0	0
XM_034449905.1	1913	1814	0	0
XM_034449906.1	1011	912	2	2.56582
XM_034449907.1	3960	3861	14	4.24247
XM_034449908.1	2153	2054	21.8609	12.4525
XM_034449909.1	4735	4636	0	0
XM_034449910.1	2341	2242	0	0
XM_034449911.1	2277	2178	21.8617	11.744
XM_034449912.1	11682	11583	0.000493857	4.98851e-05
XM_034449913.1	11679	11580	0.000669207	6.76149e-05
XM_034449914.1	11670	11571	0.00166587	0.000168447
XM_034449915.1	11670	11571	0.00166587	0.000168447
XM_034449916.1	11702	11603	6.52751e-05	6.58215e-06
XM_034449917.1	11838	11739	0	0
XM_034449918.1	11655	11556	0.00762894	0.000772409
XM_034449919.1	4717	4618	0	0
XM_034449920.1	11652	11553	0.010345	0.00104768
XM_034449921.1	11619	11520	0.296444	0.0301079
XM_034449922.1	11598	11499	2.52019	0.256427
XM_034449923.1	11586	11487	8.57697	0.873611
XM_034449924.1	11586	11487	8.57697	0.873611
XM_034449925.1	11656	11557	0.00689259	0.000697796
XM_034449926.1	1902	1803	5.37013	3.48482
XM_034449927.1	606	507	38	87.6933
XM_034449928.1	4503	4404	0	0
XM_034449929.1	1831	1732	0	0
XM_034449930.1	3656	3557	0	0
XM_034449931.1	3457	3358	4.25386	1.48215
XM_034449932.1	14928	14829	25	1.97251
XM_034449933.1	993	894	89.5247	117.164
XM_034449934.1	1800	1701	0	0
XM_034449935.1	4641	4542	0	0
XM_034449936.1	4826	4727	0	0
XM_034449937.1	2196	2097	15.0112	8.37544
XM_034449938.1	1509	1410	3.3409	2.77227
XM_034449939.1	1507	1408	17.6591	14.6743
XM_034449940.1	4642	4543	0	0
XM_034449941.1	2075	1976	9	5.32901
XM_034449942.1	1927	1828	0	0
XM_034449943.1	2051	1952	0	0
XM_034449944.1	1285	1186	0	0
XM_034449945.1	1160	1061	0	0
XM_034449946.1	1044	945	7	8.66677
XM_034449947.1	1218	1119	0	0
XM_034449948.1	4539	4440	0	0
XM_034449949.1	1115	1016	4	4.60635
XM_034449950.1	2465	2366	11	5.43962
XM_034449951.1	1146	1047	3	3.35247
XM_034449952.1	1258	1159	0	0
XM_034449953.1	11631	11532	3.58023	0.363243
XM_034449954.1	4410	4311	9.81611	2.66411
XM_034449955.1	11628	11529	4.85796	0.493007
XM_034449956.1	1578	1479	0	0
XM_034449957.1	2089	1990	16.1825	9.51442
XM_034449958.1	5017	4918	2	0.475809
XM_034449959.1	5048	4949	0	0
XM_034449960.1	1296	1197	1	0.977455
XM_034449961.1	3442	3343	3	1.04997
XM_034449962.1	4618	4519	0	0
XM_034449963.1	2362	2263	9	4.65317
XM_034449964.1	1459	1360	31.9613	27.4965
XM_034449965.1	1321	1222	0	0
XM_034449966.1	1407	1308	23.0493	20.6177
XM_034449967.1	1138	1039	0	0
XM_034449968.1	4599	4500	0	0
XM_034449969.1	1546	1447	23.3646	18.8922
XM_034449970.1	1549	1450	7.97526	6.43529
XM_034449971.1	1529	1430	0	0
XM_034449972.1	1514	1415	13.6601	11.295
XM_034449973.1	1496	1397	0	0
XM_034449974.1	1186	1087	0	0
XM_034449975.1	2420	2321	2.70672	1.36445
XM_034449976.1	1050	951	0	0
XM_034449977.1	1168	1069	2	2.18899
XM_034449978.1	1917	1818	4	2.57429
XM_034449979.1	2421	2322	1.63307	0.822872
XM_034449980.1	1992	1893	0	0
XM_034449981.1	7189	7090	0	0
XM_034449982.1	6779	6680	82	14.3624
XM_034449983.1	4783	4684	0	0
XM_034449984.1	3053	2954	0.00499685	0.00197914
XM_034449985.1	3040	2941	0	0
XM_034449986.1	3019	2920	0	0
XM_034449987.1	3004	2905	0	0
XM_034449988.1	2983	2884	0	0
XM_034449989.1	725	626	0	0
XM_034449990.1	3655	3556	0	0
XM_034449991.1	3629	3530	9.75931	3.23471
XM_034449992.1	3986	3887	131.81	39.6756
XM_034449993.1	2027	1928	0	0
XM_034449994.1	1328	1229	8	7.61604
XM_034449995.1	1947	1848	0	0
XM_034449996.1	1509	1410	0	0
XM_034449997.1	3960	3861	0	0
XM_034449998.1	3944	3845	4	1.21718
XM_034449999.1	1590	1491	0	0
XM_034450000.1	4515	4416	35.3595	9.36846
XM_034450001.1	3270	3171	0	0
XM_034450002.1	3225	3126	0	0
XM_034450003.1	2303	2204	0	0
XM_034450004.1	4885	4786	0	0
XM_034450005.1	899	800	0	0
XM_034450006.1	2304	2205	0	0
XM_034450007.1	2808	2709	0	0
XM_034450008.1	2605	2506	0	0
XM_034450009.1	2708	2609	0	0
XM_034450010.1	2675	2576	0	0
XM_034450011.1	2556	2457	10.5688	5.03281
XM_034450012.1	2823	2724	0	0
XM_034450013.1	4466	4367	2.61262e-06	6.99977e-07
XM_034450014.1	2581	2482	0	0
XM_034450015.1	2924	2825	0	0
XM_034450016.1	2532	2433	2.35266	1.13138
XM_034450017.1	2915	2816	0	0
XM_034450018.1	1508	1409	16.7292	13.8917
XM_034450019.1	2500	2401	1.07857	0.525588
XM_034450020.1	1621	1522	4	3.07494
XM_034450021.1	2531	2432	79	38.0062
XM_034450022.1	2486	2387	16.3867	8.03213
XM_034450023.1	999	900	20	26.0003
XM_034450024.1	3421	3322	4	1.40881
XM_034450025.1	3352	3253	0.000118375	4.2576e-05
XM_034450026.1	3324	3225	2.99988	1.08834
XM_034450027.1	3890	3791	0	0
XM_034450028.1	3820	3721	10.9618	3.44679
XM_034450029.1	3960	3861	0	0
XM_034450030.1	12911	12812	0	0
XM_034450031.1	4429	4330	0	0
XM_034450032.1	3838	3739	0.0381519	0.0119385
XM_034450033.1	1189	1090	0	0
XM_034450034.1	1198	1099	1	1.06462
XM_034450035.1	533	434	0	0
XM_034450036.1	1267	1168	0.245936	0.24636
XM_034450037.1	2017	1918	12	7.32021
XM_034450038.1	1263	1164	13.7541	13.8251
XM_034450039.1	1908	1809	0	0
XM_034450040.1	1725	1626	0	0
XM_034450041.1	3052	2953	1	0.396212
XM_034450042.1	1274	1175	11	10.9533
XM_034450043.1	831	732	0	0
XM_034450044.1	3059	2960	8	3.1622
XM_034450045.1	2513	2414	0.0459879	0.0222893
XM_034450046.1	2510	2411	0.197756	0.0959671
XM_034450047.1	2502	2403	9.75626	4.75029
XM_034450048.1	2163	2064	9.99979	5.66855
XM_034450049.1	2182	2083	0.000214757	0.000120628
XM_034450050.1	4785	4686	5.61829e-05	1.40279e-05
XM_034450051.1	3636	3537	3.95548	1.30844
XM_034450052.1	3819	3720	0	0
XM_034450053.1	2672	2573	0	0
XM_034450054.1	1693	1594	0	0
XM_034450055.1	6833	6734	3.96503	0.688913
XM_034450056.1	6805	6706	0	0
XM_034450057.1	6800	6701	0	0
XM_034450058.1	6784	6685	0	0
XM_034450059.1	6760	6661	0	0
XM_034450060.1	6824	6725	19.035	3.3117
XM_034450061.1	6055	5956	0	0
XM_034450062.1	3175	3076	0	0
XM_034450063.1	4477	4378	10	2.67248
XM_034450064.1	1279	1180	7.62496	7.56043
XM_034450065.1	1803	1704	46	31.5849
XM_034450066.1	1883	1784	1.05124	0.689442
XM_034450067.1	2961	2862	0	0
XM_034450068.1	793	694	0	0
XM_034450069.1	3231	3132	8	2.98854
XM_034450070.1	951	852	0	0
XM_034450071.1	5449	5350	2.10688	0.460761
XM_034450072.1	5840	5741	18.8931	3.85041
XM_034450073.1	1396	1297	2.28709	2.06317
XM_034450074.1	1652	1553	1	0.753389
XM_034450075.1	621	522	0	0
XM_034450076.1	4564	4465	0	0
XM_034450077.1	4437	4338	28	7.55195
XM_034450078.1	4359	4260	0	0
XM_034450079.1	4390	4291	0	0
XM_034450080.1	3823	3724	0	0
XM_034450081.1	4785	4686	5.61829e-05	1.40279e-05
XM_034450082.1	3832	3733	0	0
XM_034450083.1	5336	5237	8	1.7873
XM_034450084.1	7994	7895	1	0.148197
XM_034450085.1	7534	7435	3	0.472097
XM_034450086.1	7532	7433	1	0.157408
XM_034450087.1	7906	7807	0.00143264	0.000214705
XM_034450088.1	7870	7771	0.324089	0.0487953
XM_034450089.1	7852	7753	4.92064	0.742579
XM_034450090.1	7877	7778	0.000495167	7.4486e-05
XM_034450091.1	7823	7724	1.75334	0.265593
XM_034450092.1	4398	4299	0	0
XM_034450093.1	4029	3930	11	3.27485
XM_034450094.1	4350	4251	0	0
XM_034450095.1	4350	4251	0	0
XM_034450096.1	4921	4822	0	0
XM_034450097.1	5490	5391	61.5547	13.3593
XM_034450098.1	2168	2069	0	0
XM_034450099.1	2060	1961	29.2257	17.4373
XM_034450100.1	3248	3149	45.7635	17.0035
XM_034450101.1	3428	3329	0	0
XM_034450102.1	1260	1161	1.83502e-06	1.84926e-06
XM_034450103.1	1247	1148	0.999998	1.01917
XM_034450104.1	1658	1559	0	0
XM_034450105.1	1666	1567	5	3.73329
XM_034450106.1	1553	1454	1	0.804686
XM_034450107.1	487	388	0	0
XM_034450108.1	1926	1827	0	0
XM_034450109.1	1865	1766	0	0
XM_034450110.1	1821	1722	0	0
XM_034450111.1	1823	1724	16	10.8586
XM_034450112.1	1714	1615	0	0
XM_034450113.1	1123	1024	1	1.14259
XM_034450114.1	1554	1455	0	0
XM_034450115.1	1529	1430	0	0
XM_034450116.1	1784	1685	3.16729	2.19927
XM_034450117.1	1454	1355	0	0
XM_034450118.1	731	632	0	0
XM_034450119.1	716	617	2.32485	4.40861
XM_034450120.1	961	862	0	0
XM_034450121.1	1085	986	8	9.49301
XM_034450122.1	5042	4943	0	0
XM_034450123.1	1419	1320	0	0
XM_034450124.1	835	736	30	47.6908
XM_034450125.1	2272	2173	0	0
XM_034450126.1	2806	2707	0	0
XM_034450127.1	3863	3764	2.27452	0.707018
XM_034450128.1	3859	3760	7.91672	2.46348
XM_034450129.1	2705	2606	0	0
XM_034450130.1	1264	1165	0	0
XM_034450131.1	1261	1162	0	0
XM_034450132.1	1270	1171	0.0470218	0.0469822
XM_034450133.1	1267	1168	0.952978	0.954621
XM_034450134.1	1757	1658	0	0
XM_034450135.1	1295	1196	1	0.978272
XM_034450136.1	3930	3831	4	1.22163
XM_034450137.1	3869	3770	0	0
XM_034450138.1	3699	3600	6	1.95002
XM_034450139.1	1843	1744	1	0.670879
XM_034450140.1	1576	1477	4	3.16862
XM_034450141.1	2301	2202	2	1.06268
XM_034450142.1	2751	2652	2	0.882363
XM_034450143.1	2240	2141	2	1.09296
XM_034450144.1	1219	1120	1	1.04465
XM_034450145.1	3376	3277	0.0800623	0.0285853
XM_034450146.1	3364	3265	5.91994	2.12141
XM_034450147.1	4244	4145	22.8749	6.45691
XM_034450148.1	3336	3237	0	0
XM_034450149.1	4444	4345	0	0
XM_034450150.1	4041	3942	0	0
XM_034450151.1	4032	3933	0	0
XM_034450152.1	5328	5229	6.93295e-07	1.55128e-07
XM_034450153.1	5479	5380	10.1218	2.20124
XM_034450154.1	5241	5142	0	0
XM_034450155.1	5277	5178	0	0
XM_034450156.1	5136	5037	19.9248	4.62822
XM_034450157.1	5233	5134	0	0
XM_034450158.1	5306	5207	0	0
XM_034450159.1	5253	5154	0	0
XM_034450160.1	5383	5284	0.0303497	0.00672021
XM_034450161.1	5258	5159	0	0
XM_034450162.1	5231	5132	0	0
XM_034450163.1	2634	2535	0	0
XM_034450164.1	5306	5207	9.74443e-05	2.18957e-05
XM_034450165.1	5306	5207	9.74443e-05	2.18957e-05
XM_034450166.1	5285	5186	0.0111544	0.00251655
XM_034450167.1	5277	5178	0.0682189	0.0154147
XM_034450168.1	5270	5171	0.333467	0.0754516
XM_034450169.1	5255	5156	10.068	2.28466
XM_034450170.1	5249	5150	39.4553	8.96374
XM_034450171.1	4868	4769	0.000342814	8.41049e-05
XM_034450172.1	6470	6371	15.7103	2.88514
XM_034450173.1	5734	5635	0	0
XM_034450174.1	5028	4929	0	0
XM_034450175.1	2631	2532	0	0
XM_034450176.1	5671	5572	6.22861	1.30789
XM_034450177.1	5556	5457	0	0
XM_034450178.1	4848	4749	0.0474201	0.0116829
XM_034450179.1	3399	3300	0	0
XM_034450180.1	2993	2894	4	1.61716
XM_034450181.1	2625	2526	0	0
XM_034450182.1	3348	3249	4.72066e-07	1.69998e-07
XM_034450183.1	3339	3240	1.22213e-05	4.41329e-06
XM_034450184.1	3314	3215	0.107926	0.0392769
XM_034450185.1	3305	3206	2.89206	1.05544
XM_034450186.1	3520	3421	16	5.47215
XM_034450187.1	1025	926	0	0
XM_034450188.1	2622	2523	0	0
XM_034450189.1	1065	966	7	8.47836
XM_034450190.1	2470	2371	6	2.96081
XM_034450191.1	1934	1835	0	0
XM_034450192.1	1938	1839	0	0
XM_034450193.1	1492	1393	0	0
XM_034450194.1	1636	1537	0	0
XM_034450195.1	1529	1430	0	0
XM_034450196.1	1541	1442	0	0
XM_034450197.1	1529	1430	0	0
XM_034450198.1	1541	1442	0	0
XM_034450199.1	2734	2635	0	0
XM_034450200.1	1897	1798	0	0
XM_034450201.1	649	550	2.01633	4.28932
XM_034450202.1	1232	1133	0	0
XM_034450203.1	1879	1780	0	0
XM_034450204.1	1809	1710	2	1.36844
XM_034450205.1	596	497	247	581.476
XM_034450206.1	788	689	0	0
XM_034450207.1	1299	1200	0	0
XM_034450208.1	1044	945	0	0
XM_034450209.1	1023	924	0	0
XM_034450210.1	6571	6472	26.1919	4.73499
XM_034450211.1	525	426	19.5813	53.7802
XM_034450212.1	555	456	0	0
XM_034450213.1	4513	4414	0	0
XM_034450214.1	2014	1915	63.1751	38.5983
XM_034450215.1	4890	4791	0	0
XM_034450216.1	3710	3611	0.0617315	0.0200019
XM_034450217.1	3698	3599	3.06369	0.995987
XM_034450218.1	1291	1192	0	0
XM_034450219.1	704	605	0	0
XM_034450220.1	4513	4414	0	0
XM_034450221.1	2345	2246	28.5579	14.8767
XM_034450222.1	651	552	0	0
XM_034450223.1	664	565	144.004	298.205
XM_034450224.1	4510	4411	0	0
XM_034450225.1	569	470	15.112	37.6197
XM_034450226.1	2932	2833	0	0
XM_034450227.1	2888	2789	0	0
XM_034450228.1	4507	4408	0	0
XM_034450229.1	2871	2772	0	0
XM_034450230.1	3333	3234	0	0
XM_034450231.1	3648	3549	0	0
XM_034450232.1	3149	3050	0	0
XM_034450233.1	3461	3362	0	0
XM_034450234.1	2756	2657	87.2958	38.4408
XM_034450235.1	2489	2390	0	0
XM_034450236.1	2492	2393	0	0
XM_034450237.1	4507	4408	0	0
XM_034450238.1	2477	2378	0	0
XM_034450239.1	2399	2300	0.0582888	0.0296516
XM_034450240.1	2387	2288	26.9417	13.7772
XM_034450241.1	2893	2794	26.7042	11.1826
XM_034450242.1	1319	1220	0	0
XM_034450243.1	2093	1994	3.14414	1.84488
XM_034450244.1	4503	4404	0	0
XM_034450245.1	2224	2125	0	0
XM_034450246.1	2175	2076	8	4.50872
XM_034450247.1	1336	1237	13.6967	12.955
XM_034450248.1	889	790	1	1.48103
XM_034450249.1	2014	1915	0	0
XM_034450250.1	2051	1952	3.57794	2.14459
XM_034450251.1	3020	2921	8.52175	3.41341
XM_034450252.1	4495	4396	0	0
XM_034450253.1	2710	2611	0	0
XM_034450254.1	648	549	8.85146	18.864
XM_034450255.1	1866	1767	4.17391	2.76374
XM_034450256.1	2062	1963	0	0
XM_034450257.1	1911	1812	3	1.93711
XM_034450258.1	3175	3076	2	0.760737
XM_034450259.1	4495	4396	0	0
XM_034450260.1	3263	3164	0	0
XM_034450261.1	2391	2292	0.00546204	0.00278825
XM_034450262.1	2376	2277	12.0854	6.20996
XM_034450263.1	4311	4212	8	2.22225
XM_034450264.1	4491	4392	0	0
XM_034450265.1	2043	1944	0	0
XM_034450266.1	1826	1727	0	0
XM_034450267.1	1500	1401	0	0
XM_034450268.1	4488	4389	0	0
XM_034450269.1	1800	1701	0	0
XM_034450270.1	1746	1647	3.05735	2.17192
XM_034450271.1	2711	2612	0	0
XM_034450272.1	2666	2567	3.69543e-05	1.68434e-05
XM_034450273.1	2636	2537	35.9999	16.6024
XM_034450274.1	1362	1263	1	0.926376
XM_034450275.1	1132	1033	15	16.9895
XM_034450276.1	4489	4390	0	0
XM_034450277.1	961	862	0	0
XM_034450278.1	680	581	0	0
XM_034450279.1	651	552	0	0
XM_034450280.1	676	577	0	0
XM_034450281.1	5022	4923	0	0
XM_034450282.1	676	577	0	0
XM_034450283.1	602	503	0	0
XM_034450284.1	664	565	0	0
XM_034450285.1	4485	4386	0	0
XM_034450286.1	2237	2138	0	0
XM_034450287.1	2260	2161	0	0
XM_034450288.1	2180	2081	0	0
XM_034450289.1	661	562	0	0
XM_034450290.1	630	531	0	0
XM_034450291.1	4484	4385	0	0
XM_034450292.1	608	509	0	0
XM_034450293.1	2230	2131	0	0
XM_034450294.1	2250	2151	0	0
XM_034450295.1	4483	4384	0	0
XM_034450296.1	668	569	0	0
XM_034450297.1	954	855	27	36.9478
XM_034450298.1	4477	4378	0	0
XM_034450299.1	1297	1198	0	0
XM_034450300.1	1257	1158	6.67373	6.74297
XM_034450301.1	1294	1195	0	0
XM_034450302.1	2528	2429	2.50065e-07	1.20453e-07
XM_034450303.1	2517	2418	5.13207e-05	2.48329e-05
XM_034450304.1	2495	2396	2.32539	1.13553
XM_034450305.1	4473	4374	0	0
XM_034450306.1	2865	2766	5	2.11499
XM_034450307.1	1888	1789	0	0
XM_034450308.1	767	668	0	0
XM_034450309.1	4471	4372	0	0
XM_034450310.1	2066	1967	1.71631	1.0209
XM_034450311.1	2063	1964	10.2837	6.1263
XM_034450312.1	1183	1084	25	26.9837
XM_034450313.1	4195	4096	9.95614	2.84395
XM_034450314.1	4192	4093	20.0439	5.72968
XM_034450315.1	2651	2552	2.34215e-06	1.0738e-06
XM_034450316.1	2618	2519	10	4.64475
XM_034450317.1	4467	4368	0	0
XM_034450318.1	1333	1234	0	0
XM_034450319.1	1245	1146	1	1.02095
XM_034450320.1	1427	1328	0	0
XM_034450321.1	4468	4369	0	0
XM_034450322.1	4373	4274	0	0
XM_034450323.1	4256	4157	37.4892	10.5516
XM_034450324.1	2268	2169	0	0
XM_034450325.1	2262	2163	0	0
XM_034450326.1	2277	2178	0	0
XM_034450327.1	2271	2172	0	0
XM_034450328.1	1844	1745	0	0
XM_034450329.1	3468	3369	0	0
XM_034450330.1	4466	4367	0	0
XM_034450331.1	3183	3084	1	0.379382
XM_034450332.1	1792	1693	5	3.45544
XM_034450333.1	1730	1631	0	0
XM_034450334.1	1899	1800	0	0
XM_034450335.1	1560	1461	0	0
XM_034450336.1	612	513	0	0
XM_034450337.1	4465	4366	0	0
XM_034450338.1	1173	1074	0	0
XM_034450339.1	1251	1152	98.8874	100.434
XM_034450340.1	5011	4912	0	0
XM_034450341.1	1959	1860	0	0
XM_034450342.1	1911	1812	0	0
XM_034450343.1	940	841	0	0
XM_034450344.1	4458	4359	0	0
XM_034450345.1	2074	1975	0	0
XM_034450346.1	3611	3512	0	0
XM_034450347.1	3587	3488	0	0
XM_034450348.1	3477	3378	0	0
XM_034450349.1	3578	3479	0	0
XM_034450350.1	2259	2160	1	0.541673
XM_034450351.1	1717	1618	0.509209	0.368221
XM_034450352.1	4457	4358	0	0
XM_034450353.1	1714	1615	4.49079	3.25343
XM_034450354.1	1624	1525	0	0
XM_034450355.1	961	862	0	0
XM_034450356.1	4455	4356	0	0
XM_034450357.1	2894	2795	13	5.44192
XM_034450358.1	4455	4356	0	0
XM_034450359.1	4911	4812	0.327535	0.0796385
XM_034450360.1	5344	5245	0.103266	0.0230357
XM_034450361.1	5321	5222	17.8967	4.00985
XM_034450362.1	5093	4994	19.6945	4.61411
XM_034450363.1	6892	6793	36	6.20057
XM_034450364.1	4453	4354	0	0
XM_034450365.1	1947	1848	0	0
XM_034450366.1	1324	1225	0	0
XM_034450367.1	1269	1170	0	0
XM_034450368.1	4449	4350	0	0
XM_034450369.1	4446	4347	0	0
XM_034450370.1	4440	4341	0	0
XM_034450371.1	3956	3857	0	0
XM_034450372.1	3833	3734	0	0
XM_034450373.1	2619	2520	7.41085e-06	3.44079e-06
XM_034450374.1	2587	2488	24	11.2863
XM_034450375.1	1105	1006	5.92228	6.88782
XM_034450376.1	1695	1596	7.77781	5.70184
XM_034450377.1	1151	1052	11.2228	12.4817
XM_034450378.1	1461	1362	15.0772	12.9519
XM_034450379.1	4434	4335	0	0
XM_034450380.1	569	470	4	9.95756
XM_034450381.1	509	410	0	0
XM_034450382.1	2445	2346	2	0.997454
XM_034450383.1	2571	2472	0	0
XM_034450384.1	4433	4334	0	0
XM_034450385.1	1197	1098	0	0
XM_034450386.1	1475	1376	0	0
XM_034450387.1	4936	4837	0	0
XM_034450388.1	1524	1425	1	0.821062
XM_034450389.1	1848	1749	31.1739	20.8541
XM_034450390.1	1473	1374	0	0
XM_034450391.1	4429	4330	0	0
XM_034450392.1	8892	8793	0	0
XM_034450393.1	8915	8816	49	6.50302
XM_034450394.1	8886	8787	0	0
XM_034450395.1	8886	8787	0	0
XM_034450396.1	8856	8757	0	0
XM_034450397.1	8850	8751	8.13823e-07	1.08809e-07
XM_034450398.1	8844	8745	1.81941e-06	2.43424e-07
XM_034450399.1	8832	8733	9.10866e-06	1.22034e-06
XM_034450400.1	8537	8438	0	0
XM_034450401.1	8537	8438	0	0
XM_034450402.1	4431	4332	0	0
XM_034450403.1	4425	4326	0	0
XM_034450404.1	927	828	0	0
XM_034450405.1	960	861	0	0
XM_034450406.1	1766	1667	2	1.40374
XM_034450407.1	2111	2012	0	0
XM_034450408.1	4419	4320	0	0
XM_034450409.1	4414	4315	1.80805e-07	4.90253e-08
XM_034450410.1	4664	4565	2.37229e-06	6.08019e-07
XM_034450411.1	4631	4532	0.0117801	0.00304124
XM_034450412.1	4600	4501	36.96	9.60758
XM_034450413.1	4573	4474	0	0
XM_034450414.1	4670	4571	0	0
XM_034450415.1	4630	4531	0	0
XM_034450416.1	4389	4290	0	0
XM_034450417.1	4565	4466	0	0
XM_034450418.1	4483	4384	0.874224	0.233315
XM_034450419.1	4384	4285	0	0
XM_034450420.1	3742	3643	0	0
XM_034450421.1	3628	3529	0	0
XM_034450422.1	3628	3529	0	0
XM_034450423.1	2787	2688	4.46005	1.94134
XM_034450424.1	3514	3415	0	0
XM_034450425.1	3514	3415	0	0
XM_034450426.1	3514	3415	0	0
XM_034450427.1	2674	2575	0.000268664	0.000122074
XM_034450428.1	3400	3301	44.5341	15.7848
XM_034450429.1	3400	3301	25.0056	8.86303
XM_034450430.1	3400	3301	0	0
XM_034450431.1	3286	3187	0	0
XM_034450432.1	4369	4270	0.0396088	0.0108531
XM_034450433.1	3219	3120	0	0
XM_034450434.1	3103	3004	2	0.77897
XM_034450435.1	3245	3146	1	0.371905
XM_034450436.1	2270	2171	0	0
XM_034450437.1	2760	2661	0	0
XM_034450438.1	2533	2434	0	0
XM_034450439.1	4915	4816	0	0
XM_034450440.1	2216	2117	0	0
XM_034450441.1	1897	1798	34.9062	22.7146
XM_034450442.1	1840	1741	0	0
XM_034450443.1	2167	2068	0	0
XM_034450444.1	1843	1744	0	0
XM_034450445.1	1842	1743	0	0
XM_034450446.1	2173	2074	0	0
XM_034450447.1	2091	1992	7	4.11149
XM_034450448.1	4556	4457	1	0.262511
XM_034450449.1	1364	1265	1	0.924912
XM_034450450.1	3019	2920	0	0
XM_034450451.1	2414	2315	0	0
XM_034450452.1	2361	2262	53	27.4141
XM_034450453.1	2415	2316	0	0
XM_034450454.1	2341	2242	0	0
XM_034450455.1	2429	2330	0	0
XM_034450456.1	2332	2233	0	0
XM_034450457.1	2411	2312	0	0
XM_034450458.1	760	661	0	0
XM_034450459.1	2513	2414	5	2.42339
XM_034450460.1	4593	4494	8.46741	2.20449
XM_034450461.1	4590	4491	18.5326	4.82818
XM_034450462.1	2200	2101	0	0
XM_034450463.1	1812	1713	2	1.36604
XM_034450464.1	1023	924	0	0
XM_034450465.1	2094	1995	0	0
XM_034450466.1	2091	1992	0	0
XM_034450467.1	1963	1864	0	0
XM_034450468.1	1912	1813	3	1.93604
XM_034450469.1	1310	1211	1.21358	1.1725
XM_034450470.1	939	840	0	0
XM_034450471.1	2388	2289	24	12.2675
XM_034450472.1	2707	2608	0	0
XM_034450473.1	1555	1456	2	1.60716
XM_034450474.1	3576	3477	0	0
XM_034450475.1	1048	949	0	0
XM_034450476.1	1303	1204	0	0
XM_034450477.1	2607	2508	0	0
XM_034450478.1	1904	1805	39	25.2801
XM_034450479.1	6886	6787	0	0
XM_034450480.1	6850	6751	0	0
XM_034450481.1	6838	6739	0	0
XM_034450482.1	1039	940	0	0
XM_034450483.1	6105	6006	29.2408	5.69633
XM_034450484.1	3606	3507	30	10.0087
XM_034450485.1	3684	3585	0	0
XM_034450486.1	1182	1083	0	0
XM_034450487.1	3083	2984	13	5.09724
XM_034450488.1	2812	2713	23	9.91902
XM_034450489.1	2760	2661	0	0
XM_034450490.1	1986	1887	0	0
XM_034450491.1	3496	3397	98.5434	33.9409
XM_034450492.1	4109	4010	2	0.583548
XM_034450493.1	1099	1000	16.4815	19.2836
XM_034450494.1	1099	1000	16.4815	19.2836
XM_034450495.1	3043	2944	3.63193e-08	1.44341e-08
XM_034450496.1	2988	2889	147	59.5334
XM_034450497.1	4828	4729	13	3.21636
XM_034450498.1	3186	3087	38.7769	14.697
XM_034450499.1	1759	1660	3.62964e-05	2.55827e-05
XM_034450500.1	1741	1642	13	9.26317
XM_034450501.1	2193	2094	0	0
XM_034450502.1	3032	2933	12	4.78696
XM_034450503.1	11229	11130	1.61315e-05	1.69579e-06
XM_034450504.1	11208	11109	0.000147831	1.55698e-05
XM_034450505.1	11202	11103	0	0
XM_034450506.1	11136	11037	0.30355	0.0321788
XM_034450507.1	11136	11037	0.30355	0.0321788
XM_034450508.1	11106	11007	7.39274	0.785827
XM_034450509.1	9173	9074	0	0
XM_034450510.1	1210	1111	0	0
XM_034450511.1	6121	6022	0	0
XM_034450512.1	5847	5748	9.71587	1.97768
XM_034450513.1	5847	5748	9.71587	1.97768
XM_034450514.1	3401	3302	0	0
XM_034450515.1	3395	3296	0	0
XM_034450516.1	1926	1827	3	1.9212
XM_034450517.1	1067	968	0	0
XM_034450518.1	2133	2034	0	0
XM_034450519.1	2690	2591	0	0
XM_034450520.1	2756	2657	0	0
XM_034450521.1	2315	2216	0	0
XM_034450522.1	2648	2549	0	0
XM_034450523.1	2701	2602	2	0.899319
XM_034450524.1	1099	1000	0	0
XM_034450525.1	2712	2613	0	0
XM_034450526.1	2691	2592	0	0
XM_034450527.1	2728	2629	3.76115	1.67386
XM_034450528.1	3683	3584	0	0
XM_034450529.1	3704	3605	1	0.324553
XM_034450530.1	2107	2008	0	0
XM_034450531.1	993	894	0	0
XM_034450532.1	1516	1417	1	0.825698
XM_034450533.1	2144	2045	1	0.572134
XM_034450534.1	3910	3811	0	0
XM_034450535.1	3121	3022	96.2231	37.2542
XM_034450536.1	4062	3963	0	0
XM_034450537.1	2444	2345	3.62303	1.80767
XM_034450538.1	2115	2016	2	1.16073
XM_034450539.1	2803	2704	0	0
XM_034450540.1	2062	1963	0	0
XM_034450541.1	2065	1966	0	0
XM_034450542.1	1153	1054	0	0
XM_034450543.1	1916	1817	0	0
XM_034450544.1	1911	1812	0	0
XM_034450545.1	2058	1959	2.49529	1.49031
XM_034450546.1	5532	5433	0	0
XM_034450547.1	2660	2561	0	0
XM_034450548.1	5536	5437	0	0
XM_034450549.1	5543	5444	0	0
XM_034450550.1	5431	5332	30.5275	6.69871
XM_034450551.1	5324	5225	0	0
XM_034450552.1	5441	5342	0	0
XM_034450553.1	2711	2612	14	6.27113
XM_034450554.1	3470	3371	0	0
XM_034450555.1	4585	4486	3	0.782443
XM_034450556.1	1905	1806	14.9991	9.71713
XM_034450557.1	3219	3120	16.5693	6.21357
XM_034450558.1	3088	2989	0	0
XM_034450559.1	2914	2815	5.04815	2.09819
XM_034450560.1	1980	1881	22.0339	13.7055
XM_034450561.1	1960	1861	5.73494	3.60557
XM_034450562.1	3172	3073	27.3104	10.3982
XM_034450563.1	7052	6953	0	0
XM_034450564.1	1766	1667	0	0
XM_034450565.1	7033	6934	0	0
XM_034450566.1	1818	1719	0	0
XM_034450567.1	676	577	0	0
XM_034450568.1	706	607	0.000356616	0.00068739
XM_034450569.1	700	601	40.9996	79.8172
XM_034450570.1	2493	2394	2	0.977455
XM_034450571.1	2138	2039	2.16255	1.24091
XM_034450572.1	2136	2037	6.83745	3.9273
XM_034450573.1	2191	2092	0	0
XM_034450574.1	1960	1861	4.14912	2.60856
XM_034450575.1	4849	4750	0	0
XM_034450576.1	1227	1128	0	0
XM_034450577.1	2020	1921	66	40.1983
XM_034450578.1	2181	2082	0	0
XM_034450579.1	1546	1447	1	0.808579
XM_034450580.1	2608	2509	15.479	7.21827
XM_034450581.1	2624	2525	0.00894164	0.0041433
XM_034450582.1	2795	2696	0	0
XM_034450583.1	734	635	0	0
XM_034450584.1	3513	3414	0	0
XM_034450585.1	1447	1348	0	0
XM_034450586.1	674	575	63	128.193
XM_034450587.1	655	556	1	2.10434
XM_034450588.1	2823	2724	0	0
XM_034450589.1	3296	3197	6.33069	2.31686
XM_034450590.1	2794	2695	13.1712	5.71819
XM_034450591.1	2152	2053	1	0.569904
XM_034450592.1	1947	1848	0	0
XM_034450593.1	3756	3657	0	0
XM_034450594.1	1504	1405	4.33196	3.60744
XM_034450595.1	1805	1706	4.43592	3.04226
XM_034450596.1	2406	2307	0	0
XM_034450597.1	1696	1597	0	0
XM_034450598.1	2286	2187	4	2.13994
XM_034450599.1	5350	5251	7.68533	1.71242
XM_034450600.1	1166	1067	0	0
XM_034450601.1	445	346	0	0
XM_034450602.1	2391	2292	0.0032727	0.00167064
XM_034450603.1	2373	2274	33.9967	17.4919
XM_034450604.1	1306	1207	0	0
XM_034450605.1	1634	1535	0	0
XM_034450606.1	1580	1481	1.96235	1.55029
XM_034450607.1	1585	1486	0.0376527	0.0296461
XM_034450608.1	1983	1884	58	36.0195
XM_034450609.1	3055	2956	0	0
XM_034450610.1	1190	1091	1.44609	1.55082
XM_034450611.1	1187	1088	36.5539	39.3093
XM_034450612.1	631	532	0	0
XM_034450613.1	2101	2002	19.7691	11.5535
XM_034450614.1	2956	2857	0	0
XM_034450615.1	14301	14202	100.91	8.31334
XM_034450616.1	14289	14190	0	0
XM_034450617.1	14283	14184	35.09	2.89451
XM_034450618.1	14262	14163	0	0
XM_034450619.1	14253	14154	0	0
XM_034450620.1	14193	14094	0	0
XM_034450621.1	14094	13995	1.64414e-07	1.37454e-08
XM_034450622.1	14085	13986	3.49664e-07	2.92515e-08
XM_034450623.1	4695	4596	79	20.1112
XM_034450624.1	3165	3066	0	0
XM_034450625.1	2636	2537	0	0
XM_034450626.1	2108	2009	0	0
XM_034450627.1	737	638	7	12.8371
XM_034450628.1	2858	2759	0.183256	0.0777136
XM_034450629.1	2855	2756	0.656576	0.278738
XM_034450630.1	2846	2747	30.4505	12.9696
XM_034450631.1	2843	2744	109.71	46.7791
XM_034450632.1	2795	2696	15	6.50972
XM_034450633.1	1685	1586	0	0
XM_034450634.1	1574	1475	29	23.0037
XM_034450635.1	5075	4976	0	0
XM_034450636.1	4795	4696	0	0
XM_034450637.1	4933	4834	0	0
XM_034450638.1	4588	4489	3.2689	0.852007
XM_034450639.1	5376	5277	1.4029	0.31105
XM_034450640.1	5370	5271	5.3282	1.18271
XM_034450641.1	5654	5555	2	0.421247
XM_034450642.1	5593	5494	0	0
XM_034450643.1	2787	2688	2.42161	1.05406
XM_034450644.1	3411	3312	0	0
XM_034450645.1	6794	6695	0	0
XM_034450646.1	6771	6672	0	0
XM_034450647.1	6695	6596	9.95846e-06	1.76645e-06
XM_034450648.1	6662	6563	0.00357496	0.000637323
XM_034450649.1	6617	6518	11.4354	2.05271
XM_034450650.1	2405	2306	13.6348	6.91802
XM_034450651.1	1796	1697	55377	38180.2
XM_034450652.1	4898	4799	0	0
XM_034450653.1	4866	4767	0	0
XM_034450654.1	4547	4448	29.2397	7.69129
XM_034450655.1	4693	4594	0	0
XM_034450656.1	4462	4363	0	0
XM_034450657.1	4271	4172	0.000567728	0.000159216
XM_034450658.1	4339	4240	0	0
XM_034450659.1	1760	1661	2.28346	1.60848
XM_034450660.1	447	348	0	0
XM_034450661.1	2236	2137	8.38999	4.59354
XM_034450662.1	2529	2430	34	16.3706
XM_034450663.1	1679	1580	0	0
XM_034450664.1	1749	1650	0	0
XM_034450665.1	1693	1594	0	0
XM_034450666.1	812	713	0	0
XM_034450667.1	1390	1291	3	2.71885
XM_034450668.1	1044	945	0	0
XM_034450669.1	540	441	0	0
XM_034450670.1	12976	12877	0.841879	0.0764937
XM_034450671.1	12970	12871	1.45436	0.132206
XM_034450672.1	12955	12856	5.71097	0.51975
XM_034450673.1	12949	12850	9.87459	0.899097
XM_034450674.1	3935	3836	19.0888	5.82226
XM_034450675.1	1228	1129	0	0
XM_034450676.1	1168	1069	0	0
XM_034450677.1	548	449	0	0
XM_034450678.1	1364	1265	0	0
XM_034450679.1	1074	975	0	0
XM_034450680.1	1224	1125	0	0
XM_034450681.1	1284	1185	0	0
XM_034450682.1	1263	1164	4	4.02066
XM_034450683.1	1124	1025	0	0
XM_034450684.1	1182	1083	0	0
XM_034450685.1	1138	1039	0	0
XM_034450686.1	2118	2019	0	0
XM_034450687.1	2239	2140	4	2.18694
XM_034450688.1	1115	1016	3.12135	3.59451
XM_034450689.1	875	776	0	0
XM_034450690.1	1815	1716	4	2.7273
XM_034450691.1	1809	1710	0	0
XM_034450692.1	1009	910	50.9771	65.5428
XM_034450693.1	1015	916	0.0228843	0.0292303
XM_034450694.1	2005	1906	0	0
XM_034450695.1	1974	1875	2	1.24801
XM_034450696.1	1155	1056	7	7.75577
XM_034450697.1	1098	999	0	0
XM_034450698.1	1851	1752	38	25.377
XM_034450699.1	2316	2217	0	0
XM_034450700.1	1679	1580	1	0.740515
XM_034450701.1	714	615	2.99851	5.70454
XM_034450702.1	718	619	0.00149377	0.00282348
XM_034450703.1	1055	956	1	1.22386
XM_034450704.1	1446	1347	14.6532	12.7279
XM_034450705.1	2510	2411	0	0
XM_034450706.1	780	681	1	1.71808
XM_034450707.1	3413	3314	5	1.76526
XM_034450708.1	4558	4459	15.0348	3.94502
XM_034450709.1	1245	1146	1	1.02095
XM_034450710.1	941	842	0	0
XM_034450711.1	951	852	0	0
XM_034450712.1	929	830	0	0
XM_034450713.1	2843	2744	11	4.69029
XM_034450714.1	786	687	0	0
XM_034450715.1	1884	1785	0	0
XM_034450716.1	4228	4129	0	0
XM_034450717.1	3179	3080	0	0
XM_034450718.1	2025	1926	1.17235	0.712184
XM_034450719.1	4449	4350	7	1.88278
XM_034450720.1	4823	4724	0	0
XM_034450721.1	4823	4724	0	0
XM_034450722.1	4344	4245	1.14854	0.316562
XM_034450723.1	2628	2529	0	0
XM_034450724.1	2078	1979	3.04758	1.80177
XM_034450725.1	2192	2093	1.0287	0.575059
XM_034450726.1	3053	2954	0	0
XM_034450727.1	2216	2117	0	0
XM_034450728.1	2067	1968	0	0
XM_034450729.1	3060	2961	0	0
XM_034450730.1	2094	1995	2.08824	1.22469
XM_034450731.1	2604	2505	4.91176	2.29414
XM_034450732.1	1154	1055	0	0
XM_034450733.1	2102	2003	0	0
XM_034450734.1	3142	3043	0	0
XM_034450735.1	4146	4047	0	0
XM_034450736.1	2166	2067	0	0
XM_034450737.1	2153	2054	60	34.1776
XM_034450738.1	1869	1770	0	0
XM_034450739.1	4563	4464	28.1308	7.37308
XM_034450740.1	4283	4184	0	0
XM_034450741.1	1988	1889	3	1.85815
XM_034450742.1	1470	1371	0	0
XM_034450743.1	1700	1601	17.6821	12.9221
XM_034450744.1	1606	1507	0	0
XM_034450745.1	1769	1670	7	4.90425
XM_034450746.1	3421	3322	0	0
XM_034450747.1	1959	1860	8.60793e-07	5.41473e-07
XM_034450748.1	1935	1836	3.55576	2.26595
XM_034450749.1	1960	1861	4.58233e-07	2.88092e-07
XM_034450750.1	1791	1692	0	0
XM_034450751.1	2051	1952	0	0
XM_034450752.1	1880	1781	7.7209	5.07218
XM_034450753.1	3503	3404	1.7478e-07	6.00748e-08
XM_034450754.1	3501	3402	0	0
XM_034450755.1	3482	3383	0.000248309	8.58777e-05
XM_034450756.1	3455	3356	2.99975	1.04581
XM_034450757.1	3453	3354	0	0
XM_034450758.1	3429	3330	0	0
XM_034450759.1	2828	2729	0	0
XM_034450760.1	2895	2796	0	0
XM_034450761.1	2271	2172	0	0
XM_034450762.1	699	600	21	40.9505
XM_034450763.1	4228	4129	7.36478	2.08692
XM_034450764.1	1899	1800	2	1.30001
XM_034450765.1	2121	2022	3.16432	1.83101
XM_034450766.1	2159	2060	0	0
XM_034450767.1	2146	2047	1.78575e-07	1.02069e-07
XM_034450768.1	2161	2062	1.19654	0.678937
XM_034450769.1	1426	1327	5	4.40849
XM_034450770.1	4854	4755	14	3.44483
XM_034450771.1	3544	3445	8.48666e-07	2.88229e-07
XM_034450772.1	3537	3438	9.22382e-06	3.13903e-06
XM_034450773.1	2491	2392	0	0
XM_034450774.1	3500	3401	2.99999	1.03206
XM_034450775.1	1962	1863	0	0
XM_034450776.1	1808	1709	6	4.10771
XM_034450777.1	3289	3190	0	0
XM_034450778.1	3266	3167	0	0
XM_034450779.1	5124	5025	0	0
XM_034450780.1	5061	4962	2.84797e-08	6.71536e-09
XM_034450781.1	2052	1953	0	0
XM_034450782.1	4982	4883	4.2696	1.02304
XM_034450783.1	3650	3551	0	0
XM_034450784.1	3630	3531	24.0394	7.96555
XM_034450785.1	2615	2516	0	0
XM_034450786.1	2524	2425	0	0
XM_034450787.1	2527	2428	0	0
XM_034450788.1	2437	2338	10.3958	5.20241
XM_034450789.1	2871	2772	0	0
XM_034450790.1	2398	2299	15.6042	7.94133
XM_034450791.1	2268	2169	0	0
XM_034450792.1	1622	1523	0	0
XM_034450793.1	1753	1654	0	0
XM_034450794.1	1632	1533	0	0
XM_034450795.1	1580	1481	0	0
XM_034450796.1	1490	1391	0	0
XM_034450797.1	1358	1259	0	0
XM_034450798.1	3496	3397	0.0852409	0.0293591
XM_034450799.1	3487	3388	1.91476	0.661244
XM_034450800.1	2230	2131	0	0
XM_034450801.1	1929	1830	3.93548	2.51616
XM_034450802.1	1069	970	0	0
XM_034450803.1	999	900	0.0645161	0.0838719
XM_034450804.1	1524	1425	0	0
XM_034450805.1	1647	1548	1	0.755823
XM_034450806.1	1171	1072	0	0
XM_034450807.1	1589	1490	0	0
XM_034450808.1	1997	1898	32	19.7263
XM_034450809.1	2049	1950	0	0
XM_034450810.1	1732	1633	0	0
XM_034450811.1	6516	6417	0	0
XM_034450812.1	6516	6417	0	0
XM_034450813.1	6489	6390	0	0
XM_034450814.1	6489	6390	0	0
XM_034450815.1	6471	6372	31	5.69216
XM_034450816.1	2249	2150	0	0
XM_034450817.1	2246	2147	0	0
XM_034450818.1	2978	2879	0	0
XM_034450819.1	2979	2880	0	0
XM_034450820.1	2941	2842	0	0
XM_034450821.1	2932	2833	0	0
XM_034450822.1	2978	2879	0	0
XM_034450823.1	2286	2187	0	0
XM_034450824.1	3461	3362	2.03175	0.707073
XM_034450825.1	2050	1951	55.0942	33.04
XM_034450826.1	4391	4292	0	0
XM_034450827.1	4108	4009	9.3134	2.71808
XM_034450828.1	1840	1741	0	0
XM_034450829.1	703	604	0	0
XM_034450830.1	15515	15416	22.5164	1.7089
XM_034450831.1	483	384	0	0
XM_034450832.1	2832	2733	9.40375	4.0258
XM_034450833.1	4750	4651	5	1.25781
XM_034450834.1	2007	1908	0	0
XM_034450835.1	5062	4963	0	0
XM_034450836.1	4923	4824	0.54855	0.133045
XM_034450837.1	5209	5110	0	0
XM_034450838.1	5534	5435	0	0
XM_034450839.1	4919	4820	1.45145	0.352327
XM_034450840.1	4349	4250	0	0
XM_034450841.1	4345	4246	0	0
XM_034450842.1	2623	2524	1	0.463555
XM_034450843.1	1665	1566	7.55393e-08	5.64381e-08
XM_034450844.1	2386	2287	0	0
XM_034450845.1	1889	1790	0	0
XM_034450846.1	5972	5873	0	0
XM_034450847.1	5790	5691	14.341	2.94836
XM_034450848.1	5920	5821	0	0
XM_034450849.1	5788	5689	21.659	4.45445
XM_034450850.1	4333	4234	0	0
XM_034450851.1	2434	2335	17.1147	8.57579
XM_034450852.1	926	827	0	0
XM_034450853.1	923	824	0	0
XM_034450854.1	1094	995	0	0
XM_034450855.1	888	789	4	5.93163
XM_034450856.1	5206	5107	60	13.746
XM_034450857.1	5179	5080	0	0
XM_034450858.1	5122	5023	0	0
XM_034450859.1	5095	4996	0	0
XM_034450860.1	5229	5130	0	0
XM_034450861.1	1284	1185	0	0
XM_034450862.1	1429	1330	0	0
XM_034450863.1	841	742	0	0
XM_034450864.1	1918	1819	1	0.643218
XM_034450865.1	2257	2158	1	0.542175
XM_034450866.1	2051	1952	0	0
XM_034450867.1	2852	2753	0	0
XM_034450868.1	1710	1611	0	0
XM_034450869.1	1504	1405	0	0
XM_034450870.1	2675	2576	8.60893	3.91016
XM_034450871.1	12308	12209	120	11.4998
XM_034450872.1	11742	11643	3.10634e-06	3.12158e-07
XM_034450873.1	11813	11714	0	0
XM_034450874.1	11739	11640	4.20269e-06	4.2244e-07
XM_034450875.1	2204	2105	0	0
XM_034450876.1	2410	2311	0	0
XM_034450877.1	2919	2820	0	0
XM_034450878.1	4327	4228	43	11.8994
XM_034450879.1	1385	1286	0	0
XM_034450880.1	2126	2027	3	1.73164
XM_034450881.1	1253	1154	8	8.11101
XM_034450882.1	1381	1282	0	0
XM_034450883.1	1293	1194	0	0
XM_034450884.1	1290	1191	0	0
XM_034450885.1	15544	15445	2.48361	0.188142
XM_034450886.1	4902	4803	0	0
XM_034450887.1	4893	4794	37	9.03014
XM_034450888.1	4892	4793	0	0
XM_034450889.1	2790	2691	41.1883	17.9082
XM_034450890.1	3604	3505	0	0
XM_034450891.1	2793	2694	0	0
XM_034450892.1	2667	2568	0	0
XM_034450893.1	1151	1052	22	24.468
XM_034450894.1	3703	3604	0	0
XM_034450895.1	7231	7132	57	9.35092
XM_034450896.1	1543	1444	2	1.62052
XM_034450897.1	1722	1623	7	5.04627
XM_034450898.1	2590	2491	1.95677	0.919087
XM_034450899.1	2587	2488	8.04323	3.78243
XM_034450900.1	1169	1070	0	0
XM_034450901.1	1913	1814	0	0
XM_034450902.1	587	488	4.67848	11.217
XM_034450903.1	633	534	0	0
XM_034450904.1	764	665	2	3.51884
XM_034450905.1	1272	1173	0	0
XM_034450906.1	1067	968	0	0
XM_034450907.1	1144	1045	0	0
XM_034450908.1	559	460	0	0
XM_034450909.1	4772	4673	0	0
XM_034450910.1	4715	4616	2.05572e-08	5.21062e-09
XM_034450911.1	4733	4634	0	0
XM_034450912.1	2979	2880	0	0
XM_034450913.1	2945	2846	0	0
XM_034450914.1	2630	2531	0	0
XM_034450915.1	2596	2497	0.0385281	0.018053
XM_034450916.1	2584	2485	10.9615	5.16099
XM_034450917.1	1513	1414	0	0
XM_034450918.1	1149	1050	0	0
XM_034450919.1	1264	1165	0	0
XM_034450920.1	1145	1046	0	0
XM_034450921.1	1508	1409	0	0
XM_034450922.1	1504	1405	0	0
XM_034450923.1	1121	1022	1.11607	1.27771
XM_034450924.1	997	898	0	0
XM_034450925.1	1432	1333	286.998	251.906
XM_034450926.1	1337	1238	6.82677	6.45187
XM_034450927.1	3432	3333	0	0
XM_034450928.1	3535	3436	6	2.0431
XM_034450929.1	1434	1335	19	16.6519
XM_034450930.1	1354	1255	7.69912e-07	7.17775e-07
XM_034450931.1	1173	1074	4	4.35759
XM_034450932.1	2399	2300	0	0
XM_034450933.1	1140	1041	0	0
XM_034450934.1	1163	1064	0	0
XM_034450935.1	1034	935	0	0
XM_034450936.1	1593	1494	0	0
XM_034450937.1	1810	1711	0	0
XM_034450938.1	2484	2385	6	2.94343
XM_034450939.1	6500	6401	3.17626e-08	5.80576e-09
XM_034450940.1	3023	2924	79	31.6112
XM_034450941.1	6494	6395	9.54232e-08	1.74584e-08
XM_034450942.1	6491	6392	1.65459e-07	3.02862e-08
XM_034450943.1	6488	6389	2.86972e-07	5.2553e-08
XM_034450944.1	6485	6386	4.97853e-07	9.12144e-08
XM_034450945.1	6482	6383	8.63923e-07	1.58358e-07
XM_034450946.1	6476	6377	2.60352e-06	4.77678e-07
XM_034450947.1	6473	6374	4.52139e-06	8.29948e-07
XM_034450948.1	6473	6374	4.52139e-06	8.29948e-07
XM_034450949.1	6464	6365	2.37184e-05	4.35991e-06
XM_034450950.1	6464	6365	2.37184e-05	4.35991e-06
XM_034450951.1	12217	12118	230	22.2069
XM_034450952.1	6461	6362	4.12334e-05	7.58309e-06
XM_034450953.1	6458	6359	7.17011e-05	1.31925e-05
XM_034450954.1	6452	6353	0.00021698	3.99606e-05
XM_034450955.1	6446	6347	0.000657308	0.000121169
XM_034450956.1	6440	6341	0.0019933	0.000367795
XM_034450957.1	6436	6337	0.00417858	0.000771501
XM_034450958.1	6400	6301	3.33655	0.619554
XM_034450959.1	6419	6320	0.0976079	0.01807
XM_034450960.1	6412	6313	0.358127	0.0663731
XM_034450961.1	6394	6295	10.2005	1.8959
XM_034450962.1	2190	2091	4.61281	2.58108
XM_034450963.1	4327	4228	0	0
XM_034450964.1	1946	1847	103.774	65.7377
XM_034450965.1	1943	1844	0	0
XM_034450966.1	4093	3994	0	0
XM_034450967.1	1931	1832	9.22557	5.89194
XM_034450968.1	1928	1829	2.52693e-08	1.61648e-08
XM_034450969.1	797	698	257.176	431.088
XM_034450970.1	808	709	0	0
XM_034450971.1	778	679	0	0
XM_034450972.1	745	646	826.608	1497.12
XM_034450973.1	777	678	49.2159	84.9311
XM_034450974.1	1837	1738	0	0
XM_034450975.1	1906	1807	0	0
XM_034450976.1	1110	1011	0	0
XM_034450977.1	736	637	1	1.83676
XM_034450978.1	514	415	0	0
XM_034450979.1	1656	1557	0	0
XM_034450980.1	1168	1069	15	16.4174
XM_034450981.1	1132	1033	3.86139	4.37356
XM_034450982.1	12949	12850	2.33102	0.212243
XM_034450983.1	12925	12826	20.8879	1.90544
XM_034450984.1	4245	4146	19.9112	5.61899
XM_034450985.1	3057	2958	0.620862	0.245577
XM_034450986.1	3054	2955	2.04135	0.808261
XM_034450987.1	1094	995	0	0
XM_034450988.1	1531	1432	0	0
XM_034450989.1	4169	4070	0	0
XM_034450990.1	2089	1990	0	0
XM_034450991.1	3412	3313	0.591942	0.209049
XM_034450992.1	3398	3299	85.029	30.1561
XM_034450993.1	3400	3301	41.766	14.8036
XM_034450994.1	3844	3745	1	0.31242
XM_034450995.1	2773	2674	0.084282	0.0368777
XM_034450996.1	2755	2656	232.559	102.446
XM_034450997.1	4056	3957	3.75977e-08	1.1117e-08
XM_034450998.1	1651	1552	0	0
XM_034450999.1	2040	1941	55.8802	33.684
XM_034451000.1	2433	2334	0	0
XM_034451001.1	2340	2241	0	0
XM_034451002.1	2395	2296	0	0
XM_034451003.1	2198	2099	8	4.45932
XM_034451004.1	1661	1562	6.11979	4.58402
XM_034451005.1	1664	1565	1	0.747612
XM_034451006.1	1683	1584	2	1.47729
XM_034451007.1	3051	2952	1	0.396346
XM_034451008.1	1788	1689	0	0
XM_034451009.1	1981	1882	13	8.08192
XM_034451010.1	2815	2716	3	1.29236
XM_034451011.1	4032	3933	4.72443e-05	1.40545e-05
XM_034451012.1	1586	1487	4	3.14731
XM_034451013.1	1653	1554	0	0
XM_034451014.1	1576	1477	1.17663	0.932073
XM_034451015.1	1413	1314	3	2.67126
XM_034451016.1	3085	2986	12.1023	4.74207
XM_034451017.1	3051	2952	0	0
XM_034451018.1	1838	1739	5	3.36404
XM_034451019.1	1786	1687	0	0
XM_034451020.1	1890	1791	9	5.87946
XM_034451021.1	1974	1875	0	0
XM_034451022.1	2102	2003	0	0
XM_034451023.1	1986	1887	0	0
XM_034451024.1	4017	3918	0.00417792	0.00124763
XM_034451025.1	2305	2206	78.4905	41.6296
XM_034451026.1	1921	1822	0	0
XM_034451027.1	1947	1848	2.12038	1.34246
XM_034451028.1	5459	5360	0	0
XM_034451029.1	5389	5290	10.0831	2.23011
XM_034451030.1	5456	5357	0	0
XM_034451031.1	5272	5173	12.7377	2.88098
XM_034451032.1	2466	2367	0.0333894	0.0165045
XM_034451033.1	3992	3893	7.61962	2.29002
XM_034451034.1	3015	2916	7.31965	2.93693
XM_034451035.1	3088	2989	8.0054	3.13363
XM_034451036.1	1672	1573	1	0.74381
XM_034451037.1	6004	5905	0.0123517	0.00244736
XM_034451038.1	6005	5906	0.0101266	0.00200614
XM_034451039.1	5983	5884	0.806562	0.160382
XM_034451040.1	3335	3236	0.0192622	0.00696447
XM_034451041.1	3314	3215	39.9397	14.535
XM_034451042.1	4593	4494	0	0
XM_034451043.1	4974	4875	0	0
XM_034451044.1	2886	2787	0	0
XM_034451045.1	4950	4851	0	0
XM_034451046.1	4878	4779	0	0
XM_034451047.1	4833	4734	0	0
XM_034451048.1	4857	4758	0	0
XM_034451049.1	3830	3731	0	0
XM_034451050.1	4572	4473	0	0
XM_034451051.1	3752	3653	17.8296	5.71063
XM_034451052.1	5426	5327	0	0
XM_034451053.1	5424	5325	0	0
XM_034451054.1	5444	5345	0	0
XM_034451055.1	2294	2195	18	9.59464
XM_034451056.1	5427	5328	0	0
XM_034451057.1	5316	5217	3.19861	0.71735
XM_034451058.1	5316	5217	3.19861	0.71735
XM_034451059.1	5441	5342	0	0
XM_034451060.1	5452	5353	0	0
XM_034451061.1	5424	5325	0	0
XM_034451062.1	5547	5448	0	0
XM_034451063.1	5312	5213	7.86504	1.76524
XM_034451064.1	5530	5431	0	0
XM_034451065.1	5449	5350	0	0
XM_034451066.1	2402	2303	0	0
XM_034451067.1	2454	2355	12.9666	6.44208
XM_034451068.1	3042	2943	0	0
XM_034451069.1	2716	2617	0	0
XM_034451070.1	2658	2559	3	1.37165
XM_034451071.1	3412	3313	17.6746	6.24194
XM_034451072.1	1914	1815	35.9452	23.1716
XM_034451073.1	2211	2112	0	0
XM_034451074.1	1709	1610	1.95831e-07	1.42313e-07
XM_034451075.1	1700	1601	0.000140476	0.00010266
XM_034451076.1	1687	1588	1.99986	1.47346
XM_034451077.1	1943	1844	0	0
XM_034451078.1	1903	1804	18	11.6742
XM_034451079.1	1260	1161	0	0
XM_034451080.1	6369	6270	9.66267	1.8031
XM_034451081.1	6539	6440	0	0
XM_034451082.1	6459	6360	5.3055e-07	9.76022e-08
XM_034451083.1	1964	1865	4.28804	2.69012
XM_034451084.1	1751	1652	0	0
XM_034451085.1	2062	1963	1.53995	0.917859
XM_034451086.1	2209	2110	0	0
XM_034451087.1	1632	1533	7.50934	5.73126
XM_034451088.1	792	693	0	0
XM_034451089.1	833	734	0	0
XM_034451090.1	2031	1932	0	0
XM_034451091.1	3018	2919	3	1.20248
XM_034451092.1	4621	4522	0	0
XM_034451093.1	4606	4507	0	0
XM_034451094.1	4603	4504	0	0
XM_034451095.1	4588	4489	0	0
XM_034451096.1	4192	4093	121.845	34.8303
XM_034451097.1	1154	1055	0	0
XM_034451098.1	4530	4431	0	0
XM_034451099.1	4515	4416	0	0
XM_034451100.1	4512	4413	0	0
XM_034451101.1	4497	4398	0	0
XM_034451102.1	4101	4002	1.03947	0.303895
XM_034451103.1	3134	3035	0	0
XM_034451104.1	1154	1055	0	0
XM_034451105.1	10419	10320	139.058	15.7655
XM_034451106.1	10257	10158	0	0
XM_034451107.1	1661	1562	0	0
XM_034451108.1	3695	3596	53.9336	17.5481
XM_034451109.1	1667	1568	0	0
XM_034451110.1	1865	1766	4.51211	2.98937
XM_034451111.1	1138	1039	0	0
XM_034451112.1	486	387	0	0
XM_034451113.1	450	351	0	0
XM_034451114.1	481	382	22.3642	68.4986
XM_034451115.1	527	428	0	0
XM_034451116.1	484	385	109.636	333.183
XM_034451117.1	485	386	0	0
XM_034451118.1	471	372	0	0
XM_034451119.1	478	379	0	0
XM_034451120.1	421	322	1	3.63358
XM_034451121.1	2335	2236	0	0
XM_034451122.1	2263	2164	0	0
XM_034451123.1	5005	4906	7.91695	1.88808
XM_034451124.1	11436	11337	8.81179	0.909404
XM_034451125.1	11420	11321	46.1882	4.7735
XM_034451126.1	5226	5127	0	0
XM_034451127.1	5000	4901	0	0
XM_034451128.1	4985	4886	0	0
XM_034451129.1	4940	4841	0	0
XM_034451130.1	5190	5091	62	14.2488
XM_034451131.1	5145	5046	0	0
XM_034451132.1	3599	3500	4.3163e-05	1.44289e-05
XM_034451133.1	3563	3464	7.98123	2.69577
XM_034451134.1	3057	2958	1.8503	0.731872
XM_034451135.1	2707	2608	11	4.93487
XM_034451136.1	1993	1894	0	0
XM_034451137.1	3808	3709	26.178	8.25791
XM_034451138.1	2150	2051	33	18.8252
XM_034451139.1	2709	2610	54.3229	24.3519
XM_034451140.1	2914	2815	4.59083	1.90811
XM_034451141.1	2700	2601	0	0
XM_034451142.1	2092	1993	1.94284	1.14057
XM_034451143.1	2098	1999	0.0571598	0.0334556
XM_034451144.1	1669	1570	3	2.23569
XM_034451145.1	969	870	1	1.34484
XM_034451146.1	3436	3337	15.822	5.54749
XM_034451147.1	1611	1512	0	0
XM_034451148.1	850	751	0	0
XM_034451149.1	882	783	1	1.49427
XM_034451150.1	990	891	0	0
XM_034451151.1	2815	2716	2.40917	1.03784
XM_034451152.1	8440	8341	3.29822	0.462649
XM_034451153.1	8431	8332	11.7018	1.64321
XM_034451154.1	3507	3408	5	1.71657
XM_034451155.1	1380	1281	0	0
XM_034451156.1	802	703	0	0
XM_034451157.1	789	690	0	0
XM_034451158.1	826	727	3	4.82812
XM_034451159.1	720	621	0	0
XM_034451160.1	724	625	0	0
XM_034451161.1	1447	1348	3	2.60389
XM_034451162.1	1431	1332	6	5.27033
XM_034451163.1	1040	941	1	1.24337
XM_034451164.1	1997	1898	0.00377565	0.00232748
XM_034451165.1	8363	8264	1.99789	0.28286
XM_034451166.1	8354	8255	7.17251	1.01659
XM_034451167.1	8348	8249	16.8296	2.38706
XM_034451168.1	1618	1519	1	0.770252
XM_034451169.1	2283	2184	11	5.89292
XM_034451170.1	2017	1918	1.72597e-08	1.05287e-08
XM_034451171.1	5093	4994	0	0
XM_034451172.1	1010	911	0	0
XM_034451173.1	2868	2769	0	0
XM_034451174.1	2862	2763	0	0
XM_034451175.1	3180	3081	0	0
XM_034451176.1	1988	1889	0.996224	0.617044
XM_034451177.1	2790	2691	32.0734	13.9451
XM_034451178.1	3564	3465	23	7.76632
XM_034451179.1	1580	1481	0	0
XM_034451180.1	1989	1890	22	13.6192
XM_034451181.1	2234	2135	0	0
XM_034451182.1	3994	3895	13.8294	4.15418
XM_034451183.1	3981	3882	7.0544	2.12616
XM_034451184.1	4353	4254	124.535	34.2519
XM_034451185.1	7303	7204	5.58119	0.90645
XM_034451186.1	1636	1537	0	0
XM_034451187.1	1270	1171	7.72029	7.71378
XM_034451188.1	1958	1859	26.7855	16.8582
XM_034451189.1	753	654	6	10.7341
XM_034451190.1	556	457	0	0
XM_034451191.1	2056	1957	3	1.79358
XM_034451192.1	2375	2276	1.02127	0.524999
XM_034451193.1	1321	1222	1	0.957458
XM_034451194.1	2412	2313	0	0
XM_034451195.1	1378	1279	0	0
XM_034451196.1	1942	1843	3.50311	2.22392
XM_034451197.1	2177	2078	0	0
XM_034451198.1	1746	1647	2.2725	1.61436
XM_034451199.1	1497	1398	0	0
XM_034451200.1	1508	1409	0	0
XM_034451201.1	1427	1328	0	0
XM_034451202.1	1340	1241	0	0
XM_034451203.1	1340	1241	0	0
XM_034451204.1	1416	1317	0	0
XM_034451205.1	6247	6148	0.884355	0.1683
XM_034451206.1	5281	5182	11.0355	2.49163
XM_034451207.1	1718	1619	3	2.16803
XM_034451208.1	1240	1141	0	0
XM_034451209.1	1205	1106	0	0
XM_034451210.1	2415	2316	4.19484	2.11918
XM_034451211.1	691	592	0	0
XM_034451212.1	679	580	1	2.01726
XM_034451213.1	586	487	0	0
XM_034451214.1	3903	3804	0	0
XM_034451215.1	718	619	0	0
XM_034451216.1	710	611	0	0
XM_034451217.1	681	582	3.21326	6.45973
XM_034451218.1	2552	2453	1.81384e-05	8.65152e-06
XM_034451219.1	2527	2428	2.99998	1.44564
XM_034451220.1	2116	2017	2	1.16015
XM_034451221.1	5749	5650	3.22427	0.667689
XM_034451222.1	5535	5436	0	0
XM_034451223.1	857	758	0	0
XM_034451224.1	2800	2701	0	0
XM_034451225.1	1915	1816	3	1.93284
XM_034451226.1	1950	1851	0	0
XM_034451227.1	2183	2084	4	2.24571
XM_034451228.1	1853	1754	0	0
XM_034451229.1	1506	1407	0	0
XM_034451230.1	2630	2531	0	0
XM_034451231.1	1958	1859	452.374	284.714
XM_034451232.1	692	593	0	0
XM_034451233.1	1299	1200	0	0
XM_034451234.1	1357	1258	0	0
XM_034451235.1	1757	1658	1	0.705678
XM_034451236.1	1279	1180	0	0
XM_034451237.1	1215	1116	10.5108	11.0196
XM_034451238.1	2307	2208	0	0
XM_034451239.1	2302	2203	0	0
XM_034451240.1	2302	2203	0	0
XM_034451241.1	2297	2198	0	0
XM_034451242.1	1483	1384	0	0
XM_034451243.1	1380	1281	11	10.047
XM_034451244.1	1248	1149	0	0
XM_034451245.1	1965	1866	11.5266	7.22738
XM_034451246.1	1791	1692	0	0
XM_034451247.1	1793	1694	0	0
XM_034451248.1	1540	1441	4	3.24778
XM_034451249.1	1736	1637	0.295339	0.211088
XM_034451250.1	512	413	427.924	1212.29
XM_034451251.1	1733	1634	2.5396	1.81846
XM_034451252.1	1244	1145	0	0
XM_034451253.1	1091	992	10.097	11.909
XM_034451254.1	890	791	0	0
XM_034451255.1	802	703	1	1.66431
XM_034451256.1	868	769	0	0
XM_034451257.1	2043	1944	6	3.61115
XM_034451258.1	1611	1512	0	0
XM_034451259.1	1248	1149	0	0
XM_034451260.1	1576	1477	0	0
XM_034451261.1	1088	989	1	1.18303
XM_034451262.1	2523	2424	7	3.37875
XM_034451263.1	1845	1746	2.80827	1.88185
XM_034451264.1	1653	1554	0	0
XM_034451265.1	1597	1498	15.3625	11.9989
XM_034451266.1	2256	2157	67.5572	36.6448
XM_034451267.1	2807	2708	3.99954	1.72803
XM_034451268.1	1841	1742	0.117206	0.0787212
XM_034451269.1	1838	1739	0.885157	0.595541
XM_034451270.1	3446	3347	3	1.04871
XM_034451271.1	2839	2740	0	0
XM_034451272.1	2956	2857	0	0
XM_034451273.1	1234	1135	13.8304	14.2571
XM_034451274.1	2782	2683	0	0
XM_034451275.1	1273	1174	0	0
XM_034451276.1	2904	2805	0	0
XM_034451277.1	1967	1868	1	0.626346
XM_034451278.1	2026	1927	2	1.21434
XM_034451279.1	2975	2876	0	0
XM_034451280.1	2775	2676	0	0
XM_034451281.1	1011	912	0	0
XM_034451282.1	2384	2285	2	1.02408
XM_034451283.1	2415	2316	2.73038e-07	1.37935e-07
XM_034451284.1	2396	2297	0	0
XM_034451285.1	2371	2272	0	0
XM_034451286.1	831	732	1	1.59838
XM_034451287.1	2757	2658	0	0
XM_034451288.1	657	558	2	4.1936
XM_034451289.1	825	726	14.7867	23.8301
XM_034451290.1	1518	1419	0	0
XM_034451291.1	1788	1689	25.1147	17.3976
XM_034451292.1	1271	1172	0	0
XM_034451293.1	1493	1394	0	0
XM_034451294.1	2751	2652	0	0
XM_034451295.1	788	689	0	0
XM_034451296.1	3680	3581	4	1.30691
XM_034451297.1	1756	1657	19.5294	13.7898
XM_034451298.1	2944	2845	4.47056	1.83853
XM_034451299.1	3207	3108	0	0
XM_034451300.1	2692	2593	0	0
XM_034451301.1	3056	2957	0	0
XM_034451302.1	2895	2796	5	2.0923
XM_034451303.1	3266	3167	2	0.738878
XM_034451304.1	2686	2587	0	0
XM_034451305.1	1828	1729	0.000283078	0.000191559
XM_034451306.1	1816	1717	0.999717	0.681236
XM_034451307.1	1746	1647	122.984	87.3664
XM_034451308.1	1723	1624	2.01636	1.45269
XM_034451309.1	2676	2577	0	0
XM_034451310.1	2487	2388	0	0
XM_034451311.1	2564	2465	0	0
XM_034451312.1	2487	2388	0	0
XM_034451313.1	2487	2388	0	0
XM_034451314.1	2439	2340	2	1.00001
XM_034451315.1	2676	2577	0	0
XM_034451316.1	740	641	0	0
XM_034451317.1	1001	902	9	11.6742
XM_034451318.1	824	725	50	80.6906
XM_034451319.1	2676	2577	0	0
XM_034451320.1	5009	4910	0	0
XM_034451321.1	4981	4882	0	0
XM_034451322.1	2661	2562	0	0
XM_034451323.1	4978	4879	0	0
XM_034451324.1	3862	3763	5	1.55463
XM_034451325.1	2645	2546	0	0
XM_034451326.1	2647	2548	0	0
XM_034451327.1	2026	1927	0	0
XM_034451328.1	1697	1598	28.7692	21.0641
XM_034451329.1	1745	1646	10	7.10822
XM_034451330.1	2402	2303	0	0
XM_034451331.1	1637	1538	9	6.84663
XM_034451332.1	1753	1654	0	0
XM_034451333.1	1613	1514	0	0
XM_034451334.1	1499	1400	0	0
XM_034451335.1	2623	2524	0	0
XM_034451336.1	1418	1319	0	0
XM_034451337.1	1388	1289	1.39263	1.26407
XM_034451338.1	1386	1287	8.60737	7.82498
XM_034451339.1	534	435	0	0
XM_034451340.1	743	644	0	0
XM_034451341.1	4053	3954	0	0
XM_034451342.1	4098	3999	0	0
XM_034451343.1	2570	2471	0	0
XM_034451344.1	4345	4246	0	0
XM_034451345.1	4276	4177	0	0
XM_034451346.1	4122	4023	0	0
XM_034451347.1	3911	3812	0	0
XM_034451348.1	4236	4137	6	1.6969
XM_034451349.1	4028	3929	0	0
XM_034451350.1	2570	2471	23.0935	10.9347
XM_034451351.1	2121	2022	0	0
XM_034451352.1	2118	2019	0	0
XM_034451353.1	1330	1231	1	0.950458
XM_034451354.1	2615	2516	0	0
XM_034451355.1	2570	2471	0	0
XM_034451356.1	2480	2381	0	0
XM_034451357.1	2396	2297	2	1.01873
XM_034451358.1	3065	2966	0	0
XM_034451359.1	2920	2821	0	0
XM_034451360.1	2905	2806	5.80566	2.42077
XM_034451361.1	2511	2412	0	0
XM_034451362.1	11633	11534	7.87581	0.798925
XM_034451363.1	2504	2405	0	0
XM_034451364.1	11630	11531	10.686	1.08427
XM_034451365.1	1867	1768	19	12.5737
XM_034451366.1	963	864	33	44.688
XM_034451367.1	969	870	0	0
XM_034451368.1	646	547	0	0
XM_034451369.1	2557	2458	0	0
XM_034451370.1	2257	2158	1	0.542175
XM_034451371.1	3250	3151	0	0
XM_034451372.1	807	708	127.984	211.502
XM_034451373.1	3383	3284	7	2.49394
XM_034451374.1	2539	2440	0	0
XM_034451375.1	565	466	0	0
XM_034451376.1	3697	3598	18.1383	5.8983
XM_034451377.1	2487	2388	0	0
XM_034451378.1	3161	3062	12	4.58529
XM_034451379.1	1250	1151	2	2.03304
XM_034451380.1	2539	2440	0	0
XM_034451381.1	833	734	0	0
XM_034451382.1	572	473	0	0
XM_034451383.1	1851	1752	9	6.01034
XM_034451384.1	2262	2163	1	0.540922
XM_034451385.1	2533	2434	0	0
XM_034451386.1	2615	2516	0	0
XM_034451387.1	1483	1384	0	0
XM_034451388.1	1509	1410	0	0
XM_034451389.1	2729	2630	0	0
XM_034451390.1	2463	2364	93.6349	46.3427
XM_034451391.1	2792	2693	2.2977	0.998271
XM_034451392.1	1180	1081	0	0
XM_034451393.1	4999	4900	0	0
XM_034451394.1	3779	3680	0	0
XM_034451395.1	4165	4066	1	0.287755
XM_034451396.1	2866	2767	0	0
XM_034451397.1	2909	2810	26.6011	11.076
XM_034451398.1	2945	2846	0	0
XM_034451399.1	4453	4354	8.01678	2.15428
XM_034451400.1	4375	4276	0	0
XM_034451401.1	4333	4234	0	0
XM_034451402.1	4447	4348	54.9832	14.7956
XM_034451403.1	2098	1999	0	0
XM_034451404.1	2650	2551	0	0
XM_034451405.1	2653	2554	8.92025	4.08646
XM_034451406.1	2544	2445	0	0
XM_034451407.1	2537	2438	0	0
XM_034451408.1	2614	2515	20.124	9.36196
XM_034451409.1	2636	2537	0	0
XM_034451410.1	2527	2428	11.9558	5.76128
XM_034451411.1	1854	1755	10.302	6.8681
XM_034451412.1	1804	1705	3.69797	2.53764
XM_034451413.1	1980	1881	0	0
XM_034451414.1	1345	1246	1	0.939016
XM_034451415.1	1433	1334	0	0
XM_034451416.1	1332	1233	0	0
XM_034451417.1	1274	1175	0	0
XM_034451418.1	975	876	0	0
XM_034451419.1	828	729	1	1.60496
XM_034451420.1	2234	2135	2	1.09603
XM_034451421.1	967	868	0	0
XM_034451422.1	1170	1071	0	0
XM_034451423.1	1411	1312	0	0
XM_034451424.1	2127	2028	4.31489	2.48939
XM_034451425.1	717	618	0.216197	0.409309
XM_034451426.1	751	652	0	0
XM_034451427.1	2142	2043	4.46891	2.55932
XM_034451428.1	2034	1935	311	188.049
XM_034451429.1	1033	934	0	0
XM_034451430.1	1965	1866	0	0
XM_034451431.1	1957	1858	0	0
XM_034451432.1	2380	2281	0	0
XM_034451433.1	819	720	0	0
XM_034451434.1	2611	2512	0	0
XM_034451435.1	3623	3524	0	0
XM_034451436.1	3236	3137	0	0
XM_034451437.1	3528	3429	0	0
XM_034451438.1	2388	2289	5.39892	2.75963
XM_034451439.1	4236	4137	0	0
XM_034451440.1	5166	5067	6	1.38545
XM_034451441.1	1906	1807	14	9.06485
XM_034451442.1	1153	1054	0	0
XM_034451443.1	5560	5461	23.9189	5.1246
XM_034451444.1	2032	1933	0	0
XM_034451445.1	1911	1812	1	0.645703
XM_034451446.1	2050	1951	0	0
XM_034451447.1	2846	2747	0	0
XM_034451448.1	1484	1385	6.44759	5.44676
XM_034451449.1	1248	1149	0	0
XM_034451450.1	1802	1703	0	0
XM_034451451.1	1799	1700	0	0
XM_034451452.1	1996	1897	0	0
XM_034451453.1	3262	3163	1	0.369906
XM_034451454.1	1790	1691	0	0
XM_034451455.1	2644	2545	0	0
XM_034451456.1	3173	3074	0	0
XM_034451457.1	2641	2542	0	0
XM_034451458.1	2632	2533	32	14.7811
XM_034451459.1	1505	1406	12	9.98589
XM_034451460.1	4244	4145	2.96741	0.837615
XM_034451461.1	3035	2936	11	4.38357
XM_034451462.1	2046	1947	0	0
XM_034451463.1	1222	1123	0	0
XM_034451464.1	641	542	0	0
XM_034451465.1	1281	1182	0	0
XM_034451466.1	6079	5980	0	0
XM_034451467.1	1317	1218	1	0.960602
XM_034451468.1	1788	1689	6	4.15635
XM_034451469.1	1044	945	1	1.23811
XM_034451470.1	6334	6235	5	0.938263
XM_034451471.1	1503	1404	0	0
XM_034451472.1	1461	1362	9.10672e-05	7.82305e-05
XM_034451473.1	1448	1349	6.99991	6.07115
XM_034451474.1	1988	1889	0	0
XM_034451475.1	1976	1877	1.66888e-06	1.04029e-06
XM_034451476.1	1952	1853	6	3.78849
XM_034451477.1	1940	1841	0	0
XM_034451478.1	2263	2164	0	0
XM_034451479.1	1131	1032	0.485677	0.550629
XM_034451480.1	1130	1031	1.51432	1.7185
XM_034451481.1	3850	3751	0.860623	0.268446
XM_034451482.1	3836	3737	69.1394	21.6468
XM_034451483.1	1939	1840	0	0
XM_034451484.1	1823	1724	0	0
XM_034451485.1	1653	1554	1.00127	0.75386
XM_034451486.1	2378	2279	68.8175	35.3302
XM_034451487.1	1340	1241	1	0.942799
XM_034451488.1	2405	2306	0	0
XM_034451489.1	1525	1426	12.0463	9.8838
XM_034451490.1	4751	4652	0	0
XM_034451491.1	1147	1048	3	3.34928
XM_034451492.1	4454	4355	0	0
XM_034451493.1	4451	4352	0	0
XM_034451494.1	4445	4346	0	0
XM_034451495.1	1719	1620	5.85982e-08	4.23214e-08
XM_034451496.1	4442	4343	0	0
XM_034451497.1	4439	4340	0	0
XM_034451498.1	4430	4331	0	0
XM_034451499.1	4421	4322	0	0
XM_034451500.1	4271	4172	0	0
XM_034451501.1	4247	4148	0	0
XM_034451502.1	4238	4139	0	0
XM_034451503.1	4214	4115	0	0
XM_034451504.1	4006	3907	38.0924	11.4074
XM_034451505.1	4736	4637	0	0
XM_034451506.1	4531	4432	14	3.69589
XM_034451507.1	4383	4284	1.38013	0.376931
XM_034451508.1	758	659	0	0
XM_034451509.1	5523	5424	0	0
XM_034451510.1	5650	5551	0	0
XM_034451511.1	5555	5456	0	0
XM_034451512.1	5647	5548	0	0
XM_034451513.1	5511	5412	0	0
XM_034451514.1	5460	5361	0	0
XM_034451515.1	5457	5358	0	0
XM_034451516.1	3319	3220	0	0
XM_034451517.1	5433	5334	0	0
XM_034451518.1	5422	5323	0	0
XM_034451519.1	5271	5172	82.0969	18.572
XM_034451520.1	5208	5109	208.903	47.8409
XM_034451521.1	7249	7150	0.330726	0.0541194
XM_034451522.1	7219	7120	45.8588	7.53588
XM_034451523.1	1989	1890	1	0.619055
XM_034451524.1	745	646	0	0
XM_034451525.1	3069	2970	0	0
XM_034451526.1	515	416	0	0
XM_034451527.1	2261	2162	8.99842	4.86969
XM_034451528.1	2032	1933	0	0
XM_034451529.1	1114	1015	0	0
XM_034451530.1	9340	9241	2	0.253222
XM_034451531.1	1157	1058	3.45279e-08	3.81835e-08
XM_034451532.1	1316	1217	0	0
XM_034451533.1	1141	1042	1.99997	2.24568
XM_034451534.1	3219	3120	0	0
XM_034451535.1	2865	2766	0	0
XM_034451536.1	3141	3042	0	0
XM_034451537.1	3137	3038	0	0
XM_034451538.1	2211	2112	0	0
XM_034451539.1	4113	4014	0	0
XM_034451540.1	1503	1404	0	0
XM_034451541.1	1174	1075	2	2.17677
XM_034451542.1	601	502	0.00176655	0.00411731
XM_034451543.1	598	499	1.99823	4.68529
XM_034451544.1	638	539	0	0
XM_034451545.1	635	536	0	0
XM_034451546.1	632	533	0	0
XM_034451547.1	965	866	0	0
XM_034451548.1	684	585	0	0
XM_034451549.1	703	604	3	5.81132
XM_034451550.1	694	595	15.6833	30.8397
XM_034451551.1	2867	2768	5	2.11346
XM_034451552.1	957	858	0	0
XM_034451553.1	892	793	0	0
XM_034451554.1	858	759	0	0
XM_034451555.1	654	555	5.38579	11.354
XM_034451556.1	730	631	0	0
XM_034451557.1	706	607	0	0
XM_034451558.1	615	516	6.17602	14.0039
XM_034451559.1	723	624	10	18.7502
XM_034451560.1	645	546	0	0
XM_034451561.1	636	537	0	0
XM_034451562.1	633	534	0	0
XM_034451563.1	630	531	6.69316e-08	1.47478e-07
XM_034451564.1	706	607	0	0
XM_034451565.1	692	593	0.0439404	0.0866963
XM_034451566.1	679	580	0	0
XM_034451567.1	664	565	7.94539	16.4535
XM_034451568.1	590	491	4	9.53168
XM_034451569.1	748	649	0	0
XM_034451570.1	709	610	0	0
XM_034451571.1	609	510	4.35251	9.98529
XM_034451572.1	582	483	0	0
XM_034451573.1	711	612	2.61057	4.99086
XM_034451574.1	897	798	7	10.2633
XM_034451575.1	613	514	0	0
XM_034451576.1	618	519	0	0
XM_034451577.1	711	612	2.61057	4.99086
XM_034451578.1	5761	5662	0	0
XM_034451579.1	5749	5650	0	0
XM_034451580.1	5710	5611	52	10.8431
XM_034451581.1	5689	5590	1.48275e-07	3.10347e-08
XM_034451582.1	967	868	0	0
XM_034451583.1	4922	4823	14.301	3.46927
XM_034451584.1	5792	5693	0	0
XM_034451585.1	665	566	0	0
XM_034451586.1	675	576	0	0
XM_034451587.1	686	587	2.0924	4.17059
XM_034451588.1	613	514	0	0
XM_034451589.1	2959	2860	19	7.77282
XM_034451590.1	1119	1020	2.9116	3.33982
XM_034451591.1	2881	2782	0	0
XM_034451592.1	2990	2891	0	0
XM_034451593.1	2878	2779	0	0
XM_034451594.1	2364	2265	16	8.265
XM_034451595.1	4465	4366	11	2.94781
XM_034451596.1	1608	1509	0	0
XM_034451597.1	1615	1516	0	0
XM_034451598.1	3015	2916	0	0
XM_034451599.1	2897	2798	3	1.25448
XM_034451600.1	1759	1660	16.4238	11.5759
XM_034451601.1	2536	2437	0	0
XM_034451602.1	3137	3038	0	0
XM_034451603.1	3131	3032	0	0
XM_034451604.1	2552	2453	0.597075	0.284789
XM_034451605.1	2546	2447	10.5586	5.04852
XM_034451606.1	1500	1401	0	0
XM_034451607.1	2175	2076	37.7027	21.2489
XM_034451608.1	607	508	0	0
XM_034451609.1	843	744	0	0
XM_034451610.1	1516	1417	3	2.47709
XM_034451611.1	1472	1373	6	5.11295
XM_034451612.1	1445	1346	0	0
XM_034451613.1	2284	2185	0	0
XM_034451614.1	1665	1566	0	0
XM_034451615.1	1677	1578	3.54232	2.62647
XM_034451616.1	2452	2353	4.45768	2.21655
XM_034451617.1	1614	1515	17	13.1289
XM_034451618.1	1168	1069	10	10.9449
XM_034451619.1	1988	1889	0	0
XM_034451620.1	1539	1440	0	0
XM_034451621.1	6242	6143	0	0
XM_034451622.1	1158	1059	12	13.2579
XM_034451623.1	1729	1630	0	0
XM_034451624.1	1171	1072	0	0
XM_034451625.1	4392	4293	1.70696	0.465214
XM_034451626.1	1877	1778	108.474	71.3814
XM_034451627.1	1601	1502	0	0
XM_034451628.1	830	731	0	0
XM_034451629.1	3029	2930	0	0
XM_034451630.1	2998	2899	38	15.3365
XM_034451631.1	1855	1756	1	0.666295
XM_034451632.1	4395	4296	0	0
XM_034451633.1	4383	4284	0	0
XM_034451634.1	4341	4242	0	0
XM_034451635.1	4166	4067	26	7.4798
XM_034451636.1	3441	3342	57.0765	19.9821
XM_034451637.1	3444	3345	19.9235	6.96885
XM_034451638.1	3467	3368	1	0.347391
XM_034451639.1	2745	2646	0	0
XM_034451640.1	3478	3379	0.414063	0.143373
XM_034451641.1	8115	8016	15.5274	2.26637
XM_034451642.1	6050	5951	25.4726	5.00812
XM_034451643.1	1443	1344	0	0
XM_034451644.1	547	448	0	0
XM_034451645.1	581	482	1	2.42741
XM_034451646.1	562	463	5	12.6351
XM_034451647.1	744	645	2	3.62795
XM_034451648.1	6462	6363	0	0
XM_034451649.1	6245	6146	0	0
XM_034451650.1	5984	5885	3	0.596438
XM_034451651.1	2339	2240	0	0
XM_034451652.1	3316	3217	0	0
XM_034451653.1	1494	1395	0	0
XM_034451654.1	1602	1503	3	2.33536
XM_034451655.1	3539	3440	0	0
XM_034451656.1	3814	3715	19.7082	6.20697
XM_034451657.1	3437	3338	19.4866	6.8303
XM_034451658.1	610	511	0	0
XM_034451659.1	4911	4812	21.3623	5.19413
XM_034451660.1	2316	2217	0	0
XM_034451661.1	2249	2150	0	0
XM_034451662.1	1036	937	0	0
XM_034451663.1	2618	2519	25.5442	11.8647
XM_034451664.1	2109	2010	0	0
XM_034451665.1	1846	1747	0	0
XM_034451666.1	3488	3389	6	2.07143
XM_034451667.1	1549	1450	1.93219	1.55909
XM_034451668.1	2510	2411	3	1.45584
XM_034451669.1	2852	2753	6	2.54997
XM_034451670.1	2168	2069	4	2.26199
XM_034451671.1	832	733	0	0
XM_034451672.1	1944	1845	0	0
XM_034451673.1	1165	1066	1.99177	2.18611
XM_034451674.1	1213	1114	0	0
XM_034451675.1	813	714	0	0
XM_034451676.1	698	599	124	242.206
XM_034451677.1	2813	2714	15	6.46654
XM_034451678.1	9875	9776	0	0
XM_034451679.1	9368	9269	3.10987	0.392554
XM_034451680.1	5404	5305	0.00199111	0.000439138
XM_034451681.1	5433	5334	3.32563e-06	7.29476e-07
XM_034451682.1	5356	5257	84.998	18.9174
XM_034451683.1	617	518	0	0
XM_034451684.1	689	590	7	13.8815
XM_034451685.1	2345	2246	19	9.89771
XM_034451686.1	2432	2333	0	0
XM_034451687.1	2255	2156	1	0.542678
XM_034451688.1	567	468	0	0
XM_034451689.1	483	384	0	0
XM_034451690.1	663	564	10.2305	21.2232
XM_034451691.1	4136	4037	30.9855	8.9803
XM_034451692.1	4393	4294	16.7082	4.55258
XM_034451693.1	1448	1349	0	0
XM_034451694.1	4673	4574	26	6.65071
XM_034451695.1	4038	3939	0	0
XM_034451696.1	4302	4203	10.5756	2.94399
XM_034451697.1	4613	4514	0	0
XM_034451698.1	1456	1357	1	0.862206
XM_034451699.1	4679	4580	0	0
XM_034451700.1	4645	4546	0	0
XM_034451701.1	3237	3138	0	0
XM_034451702.1	3163	3064	0.596863	0.227917
XM_034451703.1	4438	4339	3.40314	0.917658
XM_034451704.1	937	838	0	0
XM_034451705.1	2411	2312	2	1.01212
XM_034451706.1	588	489	0	0
XM_034451707.1	1239	1140	1	1.02633
XM_034451708.1	1610	1511	33.6066	26.0226
XM_034451709.1	923	824	0	0
XM_034451710.1	892	793	1	1.47543
XM_034451711.1	1469	1370	7	5.97817
XM_034451712.1	3515	3416	8.18987	2.80511
XM_034451713.1	3301	3202	18.7801	6.86225
XM_034451714.1	2960	2861	12.486	5.10618
XM_034451715.1	1550	1451	0	0
XM_034451716.1	1805	1706	0	0
XM_034451717.1	1820	1721	0	0
XM_034451718.1	550	451	0	0
XM_034451719.1	1892	1793	61	39.8053
XM_034451720.1	1456	1357	4.22216e-06	3.64037e-06
XM_034451721.1	1445	1346	0.0591344	0.0514027
XM_034451722.1	1441	1342	1.94086	1.69213
XM_034451723.1	1376	1277	0	0
XM_034451724.1	1268	1169	0	0
XM_034451725.1	1184	1085	0	0
XM_034451726.1	1316	1217	2	1.92278
XM_034451727.1	1264	1165	0	0
XM_034451728.1	5402	5303	0	0
XM_034451729.1	5295	5196	66.1212	14.8889
XM_034451730.1	1769	1670	0	0
XM_034451731.1	985	886	0	0
XM_034451732.1	1402	1303	2	1.79588
XM_034451733.1	980	881	0	0
XM_034451734.1	1559	1460	0	0
XM_034451735.1	2180	2081	5	2.81118
XM_034451736.1	1069	970	2	2.4124
XM_034451737.1	1258	1159	0	0
XM_034451738.1	1881	1782	0	0
XM_034451739.1	1881	1782	0	0
XM_034451740.1	1807	1708	6	4.11012
XM_034451741.1	1465	1366	10.6667	9.13627
XM_034451742.1	1181	1082	3	3.24403
XM_034451743.1	4227	4128	0	0
XM_034451744.1	4174	4075	1.63336e-07	4.68971e-08
XM_034451745.1	1465	1366	10.6667	9.13627
XM_034451746.1	1312	1213	0	0
XM_034451747.1	1276	1177	0	0
XM_034451748.1	1198	1099	0	0
XM_034451749.1	3753	3654	1.73306	0.554928
XM_034451750.1	919	820	0	0
XM_034451751.1	1544	1445	0	0
XM_034451752.1	3888	3789	0	0
XM_034451753.1	4026	3927	0	0
XM_034451754.1	3887	3788	0	0
XM_034451755.1	4064	3965	4	1.18034
XM_034451756.1	1130	1031	0	0
XM_034451757.1	1465	1366	10.6667	9.13627
XM_034451758.1	5356	5257	8.70655	1.93776
XM_034451759.1	5419	5320	4.29345	0.944247
XM_034451760.1	1275	1176	0	0
XM_034451761.1	2074	1975	7.90837	4.68501
XM_034451762.1	2024	1925	11.3008	6.86859
XM_034451763.1	3308	3209	0	0
XM_034451764.1	2050	1951	0	0
XM_034451765.1	1796	1697	0	0
XM_034451766.1	3835	3736	0	0
XM_034451767.1	3608	3509	0	0
XM_034451768.1	1731	1632	0	0
XM_034451769.1	3536	3437	0	0
XM_034451770.1	1842	1743	0	0
XM_034451771.1	2786	2687	6.77471	2.94995
XM_034451772.1	3284	3185	4.57217e-05	1.67959e-05
XM_034451773.1	2393	2294	7.42219	3.78555
XM_034451774.1	1330	1231	0	0
XM_034451775.1	2045	1946	4.76994	2.86788
XM_034451776.1	4085	3986	0	0
XM_034451777.1	2026	1927	4	2.42867
XM_034451778.1	1920	1821	0	0
XM_034451779.1	1262	1163	1	1.00603
XM_034451780.1	1314	1215	2.16792	2.08765
XM_034451781.1	2925	2826	0	0
XM_034451782.1	1301	1202	0	0
XM_034451783.1	1339	1240	0	0
XM_034451784.1	1248	1149	0	0
XM_034451785.1	1211	1112	9.83208	10.345
XM_034451786.1	6684	6585	0.0115181	0.00204653
XM_034451787.1	6646	6547	10.2246	1.82723
XM_034451788.1	6675	6576	0.0572948	0.010194
XM_034451789.1	3305	3206	0	0
XM_034451790.1	2037	1938	6	3.62233
XM_034451791.1	3711	3612	10.8378	3.51063
XM_034451792.1	3716	3617	2.13915	0.691965
XM_034451793.1	1893	1794	0	0
XM_034451794.1	1159	1060	0	0
XM_034451795.1	1155	1056	0	0
XM_034451796.1	865	766	2	3.05487
XM_034451797.1	1125	1026	0	0
XM_034451798.1	1116	1017	0	0
XM_034451799.1	1057	958	0	0
XM_034451800.1	3468	3369	26.9901	9.37333
XM_034451801.1	1093	994	0	0
XM_034451802.1	1086	987	6	7.11254
XM_034451803.1	1023	924	0	0
XM_034451804.1	1090	991	4.19818	4.95654
XM_034451805.1	2297	2198	2	1.06462
XM_034451806.1	2205	2106	0	0
XM_034451807.1	1288	1189	0	0
XM_034451808.1	1948	1849	0	0
XM_034451809.1	1157	1058	0	0
XM_034451810.1	2840	2741	0	0
XM_034451811.1	2910	2811	0	0
XM_034451812.1	2874	2775	0	0
XM_034451813.1	2825	2726	24	10.3009
XM_034451814.1	2833	2734	0	0
XM_034451815.1	2951	2852	0	0
XM_034451816.1	2662	2563	0	0
XM_034451817.1	3129	3030	4.56325	1.76207
XM_034451818.1	2492	2393	1.56432e-05	7.64847e-06
XM_034451819.1	2465	2366	9.43673	4.66657
XM_034451820.1	3632	3533	0	0
XM_034451821.1	3337	3238	0	0
XM_034451822.1	3828	3729	0	0
XM_034451823.1	2354	2255	0	0
XM_034451824.1	3553	3454	5.02456	1.70203
XM_034451825.1	1609	1510	1	0.774843
XM_034451826.1	890	791	0	0
XM_034451827.1	578	479	0	0
XM_034451828.1	1720	1621	3	2.16535
XM_034451829.1	1544	1445	61.0804	49.4567
XM_034451830.1	1587	1488	0	0
XM_034451831.1	7376	7277	6	0.964694
XM_034451832.1	6102	6003	0	0
XM_034451833.1	351	252	0	0
XM_034451834.1	5298	5199	0	0
XM_034451835.1	730	631	0	0
XM_034451836.1	339	240	0	0
XM_034451837.1	1415	1316	0	0
XM_034451838.1	725	626	12	22.4284
XM_034451839.1	520	421	1	2.77913
XM_034451840.1	6888	6789	3	0.517019
XM_034451841.1	2050	1951	8	4.79759
XM_034451842.1	5305	5206	0	0
XM_034451843.1	1338	1239	1.13717	1.07385
XM_034451844.1	2067	1968	0	0
XM_034451845.1	1760	1661	0	0
XM_034451846.1	411	312	1	3.75004
XM_034451847.1	1093	994	0	0
XM_034451848.1	987	888	0	0
XM_034451849.1	1216	1117	18	18.8543
XM_034451850.1	5406	5307	0	0
XM_034451851.1	1116	1017	0	0
XM_034451852.1	5907	5808	4	0.805794
XM_034451853.1	2142	2043	0	0
XM_034451854.1	966	867	0	0
XM_034451855.1	5440	5341	0	0
XM_034451856.1	3462	3363	0	0
XM_034451857.1	7640	7541	67	10.3953
XM_034451858.1	1679	1580	2.18779	1.62009
XM_034451859.1	5239	5140	0	0
XM_034451860.1	581	482	0	0
XM_034451861.1	1172	1073	0	0
XM_034451862.1	1931	1832	10.0863	6.44165
XM_034451863.1	1962	1863	0	0
XM_034451864.1	1431	1332	0	0
XM_034451865.1	5262	5163	0	0
XM_034451866.1	1505	1406	0	0
XM_034451867.1	1970	1871	0	0
XM_034451868.1	720	621	0	0
XM_034451869.1	474	375	0	0
XM_034451870.1	5303	5204	0	0
XM_034451871.1	402	303	0	0
XM_034451872.1	447	348	1	3.36211
XM_034451873.1	2336	2237	9	4.70725
XM_034451874.1	3045	2946	0	0
XM_034451875.1	2286	2187	0	0
XM_034451876.1	5275	5176	21	4.74696
XM_034451877.1	4647	4548	28.56	7.34731
XM_034451878.1	843	744	3.20382	5.03832
XM_034451879.1	843	744	3.20382	5.03832
XM_034451880.1	843	744	3.20382	5.03832
XM_034451881.1	702	603	0	0
XM_034451882.1	5192	5093	0	0
XM_034451883.1	2801	2702	0	0
XM_034451884.1	848	749	0	0
XM_034451885.1	712	613	0	0
XM_034451886.1	492	393	5.77573	17.1951
XM_034451887.1	569	470	1.16959	2.91156
XM_034451888.1	429	330	0	0
XM_034451889.1	1356	1257	0	0
XM_034451890.1	1078	979	2	2.39022
XM_034451891.1	628	529	0	0
XM_034451892.1	525	426	0	0
XM_034451893.1	630	531	0	0
XM_034451894.1	1888	1789	4.97213e-07	3.2518e-07
XM_034451895.1	580	481	0	0
XM_034451896.1	927	828	1	1.41306
XM_034451897.1	596	497	0	0
XM_034451898.1	732	633	0	0
XM_034451899.1	1879	1780	1	0.657311
XM_034451900.1	464	365	2.87865	9.22755
XM_034451901.1	606	507	0	0
XM_034451902.1	723	624	0	0
XM_034451903.1	663	564	0	0
XM_034451904.1	885	786	0	0
XM_034451905.1	888	789	0	0
XM_034451906.1	728	629	42.3895	78.8495
XM_034451907.1	1207	1108	8.51196	8.98836
XM_034451908.1	404	305	6	23.0167
XM_034451909.1	2629	2530	7	3.23719
XM_034451910.1	3065	2966	1	0.394475
XM_034451911.1	976	877	0	0
XM_034451912.1	2469	2370	0	0
XM_034451913.1	1312	1213	1.57658	1.52071
XM_034451914.1	6107	6008	0	0
XM_034451915.1	2636	2537	0	0
XM_034451916.1	1702	1603	0	0
XM_034451917.1	624	525	0	0
XM_034451918.1	2158	2059	0	0
XM_034451919.1	1179	1080	2	2.16669
XM_034451920.1	544	445	0	0
XM_034451921.1	1603	1504	1.04164	0.810326
XM_034451922.1	1021	922	2	2.53799
XM_034451923.1	513	414	4.60262	13.0075
XM_034451924.1	3459	3360	0	0
XM_034451925.1	1395	1296	4.83767	4.36739
XM_034451926.1	915	816	0	0
XM_034451927.1	414	315	0	0
XM_034451928.1	1669	1570	0	0
XM_034451929.1	2171	2072	2	1.12936
XM_034451930.1	788	689	0	0
XM_034451931.1	669	570	0	0
XM_034451932.1	2913	2814	0	0
XM_034451933.1	3831	3732	0	0
XM_034451934.1	1041	942	0	0
XM_034451935.1	2256	2157	0	0
XM_034451936.1	1647	1548	0	0
XM_034451937.1	819	720	0	0
XM_034451938.1	5037	4938	1	0.236941
XM_034451939.1	1597	1498	4	3.1242
XM_034451940.1	844	745	7.7636	12.1926
XM_034451941.1	633	534	0	0
XM_034451942.1	720	621	0	0
XM_034451943.1	996	897	0	0
XM_034451944.1	1110	1011	24	27.7748
XM_034451945.1	1412	1313	0	0
XM_034451946.1	1467	1368	0	0
XM_034451947.1	4212	4113	0	0
XM_034451948.1	1604	1505	0	0
XM_034451949.1	961	862	6	8.14394
XM_034451950.1	1283	1184	0.301776	0.298211
XM_034451951.1	2538	2439	1	0.47971
XM_034451952.1	1859	1760	3	1.99434
XM_034451953.1	1866	1767	1	0.662146
XM_034451954.1	1077	978	16	19.1413
XM_034451955.1	693	594	0	0
XM_034451956.1	917	818	4.7212	6.75289
XM_034451957.1	2142	2043	0	0
XM_034451958.1	5511	5412	4.01007	0.866933
XM_034451959.1	607	508	0	0
XM_034451960.1	2005	1906	6	3.68315
XM_034451961.1	948	849	0	0
XM_034451962.1	1383	1284	0	0
XM_034451963.1	751	652	8	14.356
XM_034451964.1	681	582	0	0
XM_034451965.1	604	505	0	0
XM_034451966.1	2229	2130	3.27223	1.79744
XM_034451967.1	339	240	4	19.5002
XM_034451968.1	542	443	0	0
XM_034451969.1	837	738	0	0
XM_034451970.1	702	603	0	0
XM_034451971.1	837	738	0	0
XM_034451972.1	2388	2289	0	0
XM_034451973.1	2647	2548	6	2.75513
XM_034451974.1	1597	1498	0	0
XM_034451975.1	1188	1089	32	34.3806
XM_034451976.1	1051	952	0	0
XM_034451977.1	580	481	0	0
XM_034451978.1	558	459	3.74345	9.54224
XM_034451979.1	3519	3420	2	0.684218
XM_034451980.1	1915	1816	0	0
XM_034451981.1	1027	928	0	0
XM_034451982.1	1672	1573	4.64507	3.45505
XM_034451983.1	1308	1209	0	0
XM_034451984.1	924	825	0	0
XM_034451985.1	381	282	0	0
XM_034451986.1	969	870	0	0
XM_034451987.1	900	801	0	0
XM_034451988.1	498	399	7	20.5266
XM_034451989.1	732	633	1	1.84836
XM_034451990.1	558	459	6.23945	15.9047
XM_034451991.1	818	719	0	0
XM_034451992.1	827	728	0	0
XM_034451993.1	3732	3633	0	0
XM_034451994.1	3426	3327	0	0
XM_034451995.1	4950	4851	2	0.48238
XM_034451996.1	875	776	4.7358	7.14041
XM_034451997.1	696	597	4.67515	9.16245
XM_034451998.1	3714	3615	0	0
XM_034451999.1	3757	3658	30	9.59552
XM_034452000.1	1905	1806	0	0
XM_034452001.1	2718	2619	0	0
XM_034452002.1	2785	2686	0	0
XM_034452003.1	2737	2638	0	0
XM_034452004.1	2599	2500	0	0
XM_034452005.1	2529	2430	18.4093	8.86385
XM_034452006.1	2443	2344	0.0197822	0.00987431
XM_034452007.1	2433	2334	2.98022	1.49396
XM_034452008.1	2570	2471	0	0
XM_034452009.1	636	537	0	0
XM_034452010.1	1172	1073	1.35174	1.47395
XM_034452011.1	2184	2085	0	0
XM_034452012.1	2112	2013	0	0
XM_034452013.1	715	616	0	0
XM_034452014.1	539	440	0	0
XM_034452015.1	4840	4741	0	0
XM_034452016.1	1130	1031	0	0
XM_034452017.1	2239	2140	0	0
XM_034452018.1	2093	1994	24.6669	14.4737
XM_034452019.1	3146	3047	0	0
XM_034452020.1	4485	4386	25.9999	6.93576
XM_034452021.1	1483	1384	0	0
XM_034452022.1	1576	1477	0	0
XM_034452023.1	1564	1465	1	0.798644
XM_034452024.1	4718	4619	20.2098	5.11922
XM_034452025.1	4820	4721	0	0
XM_034452026.1	4762	4663	0	0
XM_034452027.1	4836	4737	0	0
XM_034452028.1	4766	4667	0	0
XM_034452029.1	4723	4624	0	0
XM_034452030.1	4700	4601	0	0
XM_034452031.1	4778	4679	0	0
XM_034452032.1	4691	4592	0	0
XM_034452033.1	4651	4552	11.3668	2.92163
XM_034452034.1	4696	4597	0	0
XM_034452035.1	4983	4884	3.82236	0.915687
XM_034452036.1	4749	4650	3.4479	0.867545
XM_034452037.1	4638	4539	0	0
XM_034452038.1	4599	4500	0	0
XM_034452039.1	4886	4787	0	0
XM_034452040.1	4652	4553	0	0
XM_034452041.1	4611	4512	0	0
XM_034452042.1	4655	4556	0	0
XM_034452043.1	5749	5650	6.4189	1.32924
XM_034452044.1	2861	2762	0	0
XM_034452045.1	1857	1758	8	5.32429
XM_034452046.1	2823	2724	10	4.2952
XM_034452047.1	4133	4034	1	0.290038
XM_034452048.1	4532	4433	9.66124e-05	2.54992e-05
XM_034452049.1	5208	5109	42	9.61843
XM_034452050.1	2645	2546	9	4.13595
XM_034452051.1	3707	3608	7.02998	2.2797
XM_034452052.1	1125	1026	0	0
XM_034452053.1	2079	1980	4.14208	2.44762
XM_034452054.1	2099	2000	3	1.75502
XM_034452055.1	1897	1798	0	0
XM_034452056.1	2212	2113	45.5211	25.206
XM_034452057.1	4673	4574	3	0.76739
XM_034452058.1	4826	4727	0	0
XM_034452059.1	1836	1737	18.2139	12.2685
XM_034452060.1	758	659	0	0
XM_034452061.1	4595	4496	0	0
XM_034452062.1	2616	2517	0	0
XM_034452063.1	2646	2547	0	0
XM_034452064.1	2586	2487	5	2.35226
XM_034452065.1	1286	1187	4	3.94276
XM_034452066.1	4541	4442	5.33198e-05	1.40443e-05
XM_034452067.1	4188	4089	0	0
XM_034452068.1	4151	4052	0	0
XM_034452069.1	4286	4187	16	4.47103
XM_034452070.1	4497	4398	6.2828	1.67143
XM_034452071.1	3227	3128	0	0
XM_034452072.1	4099	4000	0	0
XM_034452073.1	3678	3579	31.4424	10.2789
XM_034452074.1	4098	3999	0	0
XM_034452075.1	3778	3679	0	0
XM_034452076.1	3765	3666	0	0
XM_034452077.1	4751	4652	0	0
XM_034452078.1	4065	3966	0	0
XM_034452079.1	5659	5560	0	0
XM_034452080.1	4053	3954	0	0
XM_034452081.1	4049	3950	0	0
XM_034452082.1	5130	5031	0	0
XM_034452083.1	4014	3915	0	0
XM_034452084.1	3954	3855	0	0
XM_034452085.1	3728	3629	0	0
XM_034452086.1	3812	3713	0	0
XM_034452087.1	3761	3662	0	0
XM_034452088.1	4689	4590	0	0
XM_034452089.1	4851	4752	0.00625991	0.00154128
XM_034452090.1	4812	4713	98.7929	24.5256
XM_034452091.1	995	896	1	1.30582
XM_034452092.1	3797	3698	2.71715	0.85968
XM_034452093.1	753	654	5.37288e-07	9.61214e-07
XM_034452094.1	1227	1128	11	11.4097
XM_034452095.1	518	419	0	0
XM_034452096.1	4392	4293	0	0
XM_034452097.1	7745	7646	101.451	15.5243
XM_034452098.1	3897	3798	4.60636	1.41904
XM_034452099.1	4918	4819	0	0
XM_034452100.1	4510	4411	0	0
XM_034452101.1	5256	5157	0	0
XM_034452102.1	4430	4331	0	0
XM_034452103.1	5152	5053	5.6541e-08	1.3092e-08
XM_034452104.1	4443	4344	0	0
XM_034452105.1	4505	4406	0	0
XM_034452106.1	5072	4973	7.62496	1.79395
XM_034452107.1	4794	4695	0	0
XM_034452108.1	4249	4150	0	0
XM_034452109.1	4362	4263	0	0
XM_034452110.1	4219	4120	0	0
XM_034452111.1	5084	4985	0.451289	0.105921
XM_034452112.1	4798	4699	0	0
XM_034452113.1	4690	4591	0	0
XM_034452114.1	4232	4133	0	0
XM_034452115.1	4241	4142	0	0
XM_034452116.1	4223	4124	0	0
XM_034452117.1	4694	4595	0	0
XM_034452118.1	4245	4146	0	0
XM_034452119.1	4236	4137	0	0
XM_034452120.1	4096	3997	0	0
XM_034452121.1	4152	4053	13.032	3.76207
XM_034452122.1	4726	4627	0	0
XM_034452123.1	4151	4052	0	0
XM_034452124.1	4173	4074	0	0
XM_034452125.1	4506	4407	0	0
XM_034452126.1	4568	4469	0	0
XM_034452127.1	4568	4469	0	0
XM_034452128.1	4555	4456	0	0
XM_034452129.1	4672	4573	0	0
XM_034452130.1	4401	4302	0	0
XM_034452131.1	4572	4473	0	0
XM_034452132.1	4419	4320	0	0
XM_034452133.1	4676	4577	0	0
XM_034452134.1	4504	4405	0.113026	0.0300208
XM_034452135.1	4500	4401	0.328079	0.0872203
XM_034452136.1	4488	4389	8.07062	2.15145
XM_034452137.1	4504	4405	0.113026	0.0300208
XM_034452138.1	3377	3278	0.107698	0.0384405
XM_034452139.1	4500	4401	0.328079	0.0872203
XM_034452140.1	4100	4001	6.76458	1.97817
XM_034452141.1	4121	4022	0	0
XM_034452142.1	4100	4001	0	0
XM_034452143.1	3369	3270	1.8923	0.67707
XM_034452144.1	2055	1956	0	0
XM_034452145.1	1213	1114	1.22365	1.28518
XM_034452146.1	907	808	40.3201	58.385
XM_034452147.1	1213	1114	0	0
XM_034452148.1	1204	1105	0	0
XM_034452149.1	1204	1105	0	0
XM_034452150.1	2657	2558	0	0
XM_034452151.1	2444	2345	0	0
XM_034452152.1	2013	1914	16.6653	10.1874
XM_034452153.1	2576	2477	4.3347	2.0475
XM_034452154.1	3381	3282	0	0
XM_034452155.1	2671	2572	0	0
XM_034452156.1	1214	1115	133.366	139.946
XM_034452157.1	2389	2290	3.66351	1.87177
XM_034452158.1	1205	1106	3.47319e-08	3.67421e-08
XM_034452159.1	2552	2453	0	0
XM_034452160.1	2405	2306	0	0
XM_034452161.1	2087	1988	0	0
XM_034452162.1	1214	1115	0	0
XM_034452163.1	2082	1983	4	2.36009
XM_034452164.1	2406	2307	0	0
XM_034452165.1	1241	1142	1	1.02453
XM_034452166.1	1611	1512	8	6.19054
XM_034452167.1	691	592	0	0
XM_034452168.1	1668	1569	1.87379	1.3973
XM_034452169.1	7695	7596	17	2.61851
XM_034452170.1	5623	5524	1.88001	0.398196
XM_034452171.1	4155	4056	0	0
XM_034452172.1	3679	3580	0	0
XM_034452173.1	5525	5426	12	2.58757
XM_034452174.1	4063	3964	0	0
XM_034452175.1	3899	3800	0	0
XM_034452176.1	3675	3576	0	0
XM_034452177.1	5358	5259	0	0
XM_034452178.1	4110	4011	0	0
XM_034452179.1	5351	5252	0	0
XM_034452180.1	3185	3086	0.0651467	0.0246995
XM_034452181.1	3178	3079	0.934853	0.355242
XM_034452182.1	2364	2265	11.4508	5.91507
XM_034452183.1	2374	2275	3.64983	1.87708
XM_034452184.1	2039	1940	0	0
XM_034452185.1	2181	2082	0	0
XM_034452186.1	2185	2086	0	0
XM_034452187.1	2188	2089	0	0
XM_034452188.1	3451	3352	0	0
XM_034452189.1	2862	2763	0	0
XM_034452190.1	2344	2245	3	1.56349
XM_034452191.1	3335	3236	41	14.824
XM_034452192.1	2397	2298	4.97047	2.53069
XM_034452193.1	2169	2070	2.02337	1.14366
XM_034452194.1	2025	1926	2.17953	1.32403
XM_034452195.1	2976	2877	0	0
XM_034452196.1	1967	1868	0	0
XM_034452197.1	2213	2114	0	0
XM_034452198.1	1868	1769	0	0
XM_034452199.1	2164	2065	0	0
XM_034452200.1	2249	2150	0	0
XM_034452201.1	2051	1952	0	0
XM_034452202.1	2290	2191	9.98504	5.3321
XM_034452203.1	3271	3172	0	0
XM_034452204.1	2434	2335	0	0
XM_034452205.1	1990	1891	3.06478	1.89627
XM_034452206.1	2068	1969	0	0
XM_034452207.1	3707	3608	19.1056	6.19564
XM_034452208.1	2286	2187	6.75708	3.61494
XM_034452209.1	1853	1754	0	0
XM_034452210.1	3840	3741	1.29224e-05	4.04153e-06
XM_034452211.1	3795	3696	18.8943	5.98123
XM_034452212.1	6588	6489	111.005	20.0149
XM_034452213.1	1872	1773	0	0
XM_034452214.1	2549	2450	17.1869	8.20774
XM_034452215.1	1735	1636	0	0
XM_034452216.1	1786	1687	0	0
XM_034452217.1	2616	2517	9.18691	4.27048
XM_034452218.1	2621	2522	7.19521	3.33802
XM_034452219.1	2656	2557	5	2.28786
XM_034452220.1	2629	2530	0	0
XM_034452221.1	1852	1753	0	0
XM_034452222.1	1675	1576	6.85846	5.09168
XM_034452223.1	2000	1901	2.96714	1.82619
XM_034452224.1	1496	1397	0	0
XM_034452225.1	1508	1409	3.31654	2.75401
XM_034452226.1	1511	1412	27.2415	22.5729
XM_034452227.1	1443	1344	0	0
XM_034452228.1	1227	1128	8	8.29797
XM_034452229.1	1477	1378	28.6976	24.3662
XM_034452230.1	1562	1463	46.7862	37.4166
XM_034452231.1	2466	2367	2	0.988604
XM_034452232.1	1782	1683	0	0
XM_034452233.1	1760	1661	0	0
XM_034452234.1	1732	1633	15.3819	11.0208
XM_034452235.1	1767	1668	0	0
XM_034452236.1	2095	1996	12	7.03415
XM_034452237.1	1949	1850	0	0
XM_034452238.1	1937	1838	0	0
XM_034452239.1	1673	1574	2	1.48668
XM_034452240.1	2461	2362	11.5547	5.72358
XM_034452241.1	2033	1934	0	0
XM_034452242.1	1986	1887	150.663	93.4166
XM_034452243.1	1880	1781	21.2951	13.9897
XM_034452244.1	1601	1502	0	0
XM_034452245.1	1805	1706	0	0
XM_034452246.1	1782	1683	0	0
XM_034452247.1	1774	1675	0	0
XM_034452248.1	1738	1639	1	0.713858
XM_034452249.1	1802	1703	0	0
XM_034452250.1	1813	1714	0	0
XM_034452251.1	1811	1712	0	0
XM_034452252.1	1168	1069	0	0
XM_034452253.1	1090	991	0	0
XM_034452254.1	1036	937	0	0
XM_034452255.1	2457	2358	0	0
XM_034452256.1	2430	2331	5	2.50968
XM_034452257.1	1724	1625	0	0
XM_034452258.1	2173	2074	0	0
XM_034452259.1	1536	1437	0	0
XM_034452260.1	2133	2034	0	0
XM_034452261.1	2096	1997	0	0
XM_034452262.1	1090	991	9	10.6258
XM_034452263.1	5627	5528	34.9823	7.40409
XM_034452264.1	1046	947	0	0
XM_034452265.1	960	861	0	0
XM_034452266.1	974	875	1	1.33716
XM_034452267.1	1010	911	0	0
XM_034452268.1	1706	1607	0	0
XM_034452269.1	1310	1211	0	0
XM_034452270.1	1221	1122	0	0
XM_034452271.1	1031	932	0	0
XM_034452272.1	1264	1165	0	0
XM_034452273.1	1430	1331	0	0
XM_034452274.1	791	692	0	0
XM_034452275.1	1387	1288	2	1.81679
XM_034452276.1	1395	1296	0	0
XM_034452277.1	1352	1253	1	0.93377
XM_034452278.1	1425	1326	0	0
XM_034452279.1	1382	1283	1	0.911936
XM_034452280.1	1053	954	0	0
XM_034452281.1	1637	1538	2.20226	1.67534
XM_034452282.1	1981	1882	0	0
XM_034452283.1	891	792	4.33496	6.40399
XM_034452284.1	1430	1331	12.6951	11.1596
XM_034452285.1	1284	1185	0	0
XM_034452286.1	1623	1524	0	0
XM_034452287.1	595	496	0	0
XM_034452288.1	590	491	0	0
XM_034452289.1	565	466	0	0
XM_034452290.1	580	481	0	0
XM_034452291.1	982	883	1	1.32504
XM_034452292.1	837	738	0	0
XM_034452293.1	773	674	0	0
XM_034452294.1	844	745	0	0
XM_034452295.1	853	754	0	0
XM_034452296.1	607	508	0	0
XM_034452297.1	1185	1086	17.499	18.8527
XM_034452298.1	2016	1917	0	0
XM_034452299.1	832	733	0	0
XM_034452300.1	2481	2382	5.097	2.50359
XM_034452301.1	6297	6198	0	0
XM_034452302.1	6232	6133	0	0
XM_034452303.1	6666	6567	0	0
XM_034452304.1	6224	6125	0	0
XM_034452305.1	6305	6206	0	0
XM_034452306.1	6224	6125	0	0
XM_034452307.1	6251	6152	0	0
XM_034452308.1	6544	6445	0	0
XM_034452309.1	6126	6027	6.39861e-06	1.24215e-06
XM_034452310.1	6045	5946	50	9.83866
XM_034452311.1	1213	1114	4	4.20113
XM_034452312.1	2764	2665	0	0
XM_034452313.1	1713	1614	0	0
XM_034452314.1	1183	1084	0	0
XM_034452315.1	1289	1190	0	0
XM_034452316.1	1499	1400	41.0522	34.3083
XM_034452317.1	1239	1140	30.5878	31.3931
XM_034452318.1	1207	1108	0	0
XM_034452319.1	1030	931	17	21.3644
XM_034452320.1	1074	975	0	0
XM_034452321.1	706	607	0	0
XM_034452322.1	1201	1102	0	0
XM_034452323.1	1197	1098	0	0
XM_034452324.1	667	568	0	0
XM_034452325.1	3379	3280	5.76131	2.05512
XM_034452326.1	1861	1762	0	0
XM_034452327.1	1090	991	0	0
XM_034452328.1	2136	2037	10.0807	5.79018
XM_034452329.1	2433	2334	6.37774e-08	3.1971e-08
XM_034452330.1	2139	2040	1.79384	1.02883
XM_034452331.1	4031	3932	0	0
XM_034452332.1	3826	3727	7.5	2.35447
XM_034452333.1	3826	3727	7.5	2.35447
XM_034452334.1	2507	2408	0	0
XM_034452335.1	3476	3377	24.9422	8.64162
XM_034452336.1	1637	1538	0	0
XM_034452337.1	2548	2449	0	0
XM_034452338.1	851	752	2	3.11174
XM_034452339.1	2467	2368	12.3686	6.11125
XM_034452340.1	978	879	9.63297	12.8222
XM_034452341.1	1355	1256	0	0
XM_034452342.1	1277	1178	4.59777	4.5666
XM_034452343.1	4573	4474	66	17.2599
XM_034452344.1	2985	2886	2.24958e-08	9.12003e-09
XM_034452345.1	3663	3564	0	0
XM_034452346.1	2596	2497	0	0
XM_034452347.1	1024	925	0	0
XM_034452348.1	1796	1697	1	0.68946
XM_034452349.1	1714	1615	0	0
XM_034452350.1	1849	1750	0	0
XM_034452351.1	1599	1500	3.80773	2.97006
XM_034452352.1	1607	1508	0	0
XM_034452353.1	1530	1431	0	0
XM_034452354.1	1169	1070	14.0059	15.315
XM_034452355.1	2968	2869	1.70746	0.696323
XM_034452356.1	2969	2870	1.13454	0.462517
XM_034452357.1	3090	2991	0	0
XM_034452358.1	1980	1881	0	0
XM_034452359.1	2864	2765	0.00178473	0.000755209
XM_034452360.1	2865	2766	107.578	45.5052
XM_034452361.1	2886	2787	0.0720923	0.0302652
XM_034452362.1	2878	2779	2.10033	0.884281
XM_034452363.1	1591	1492	6	4.70515
XM_034452364.1	1801	1702	12	8.24921
XM_034452365.1	1948	1849	0	0
XM_034452366.1	1687	1588	0	0
XM_034452367.1	2436	2337	0	0
XM_034452368.1	2278	2179	5	2.68475
XM_034452369.1	2132	2033	1	0.575511
XM_034452370.1	1849	1750	3.122	2.08731
XM_034452371.1	2128	2029	16.3799	9.4454
XM_034452372.1	4142	4043	18.6762	5.40474
XM_034452373.1	1867	1768	0	0
XM_034452374.1	3111	3012	0	0
XM_034452375.1	4156	4057	0.323819	0.0933874
XM_034452376.1	3113	3014	0	0
XM_034452377.1	3112	3013	0	0
XM_034452378.1	3142	3043	0	0
XM_034452379.1	3151	3052	0	0
XM_034452380.1	3154	3055	0	0
XM_034452381.1	3067	2968	0	0
XM_034452382.1	3102	3003	0	0
XM_034452383.1	2963	2864	0	0
XM_034452384.1	1846	1747	0	0
XM_034452385.1	2965	2866	0	0
XM_034452386.1	3116	3017	0	0
XM_034452387.1	2103	2004	10.2514	5.98519
XM_034452388.1	2197	2098	12.9682	7.23214
XM_034452389.1	3017	2918	1.23175	0.493886
XM_034452390.1	2741	2642	9	3.98566
XM_034452391.1	583	484	5	12.0869
XM_034452392.1	1642	1543	0	0
XM_034452393.1	541	442	0	0
XM_034452394.1	1989	1890	0	0
XM_034452395.1	2290	2191	12.0944	6.45853
XM_034452396.1	1443	1344	0	0
XM_034452397.1	2163	2064	0.000505848	0.000286748
XM_034452398.1	2144	2045	26.0156	14.8844
XM_034452399.1	695	596	1	1.96311
XM_034452400.1	1224	1125	0	0
XM_034452401.1	1785	1686	5.78874	4.01714
XM_034452402.1	2625	2526	0	0
XM_034452403.1	2330	2231	0	0
XM_034452404.1	2281	2182	0	0
XM_034452405.1	2329	2230	0	0
XM_034452406.1	2630	2531	85	39.2932
XM_034452407.1	2281	2182	0	0
XM_034452408.1	1378	1279	0	0
XM_034452409.1	2138	2039	0	0
XM_034452410.1	2100	2001	8.17413	4.77953
XM_034452411.1	1876	1777	0	0
XM_034452412.1	2527	2428	0	0
XM_034452413.1	1261	1162	4	4.02758
XM_034452414.1	1228	1129	0	0
XM_034452415.1	1366	1267	0	0
XM_034452416.1	3285	3186	8.85701e-06	3.25261e-06
XM_034452417.1	3260	3161	0.0912942	0.0337917
XM_034452418.1	3468	3369	74.8761	26.0036
XM_034452419.1	1330	1231	3	2.85137
XM_034452420.1	965	866	0	0
XM_034452421.1	1907	1808	4.12542	2.66969
XM_034452422.1	1159	1060	0	0
XM_034452423.1	2209	2110	0	0
XM_034452424.1	4930	4831	114.941	27.8374
XM_034452425.1	4414	4315	0	0
XM_034452426.1	2028	1929	2.28769	1.38757
XM_034452427.1	1182	1083	1	1.08034
XM_034452428.1	2105	2006	3.88403	2.26539
XM_034452429.1	5987	5888	0	0
XM_034452430.1	2885	2786	12.5495	5.27033
XM_034452431.1	2441	2342	7.37006	3.68193
XM_034452432.1	2756	2657	0	0
XM_034452433.1	3046	2947	1.12892e-05	4.48203e-06
XM_034452434.1	3183	3084	17.5798	6.66947
XM_034452435.1	2064	1965	4	2.38171
XM_034452436.1	2055	1956	3.14724	1.88257
XM_034452437.1	3914	3815	66.6453	20.4393
XM_034452438.1	1018	919	0	0
XM_034452439.1	920	821	0	0
XM_034452440.1	1368	1269	0	0
XM_034452441.1	1397	1298	0	0
XM_034452442.1	1307	1208	0	0
XM_034452443.1	1039	940	0	0
XM_034452444.1	1804	1705	60	41.1735
XM_034452445.1	5952	5853	0	0
XM_034452446.1	1738	1639	0	0
XM_034452447.1	1992	1893	1.13861	0.703742
XM_034452448.1	1406	1307	0	0
XM_034452449.1	2242	2143	0	0
XM_034452450.1	1469	1370	0	0
XM_034452451.1	1154	1055	0	0
XM_034452452.1	4851	4752	1.00745	0.248049
XM_034452453.1	1283	1184	27.4075	27.0838
XM_034452454.1	833	734	0	0
XM_034452455.1	1323	1224	0	0
XM_034452456.1	1337	1238	0	0
XM_034452457.1	1696	1597	0	0
XM_034452458.1	1330	1231	0	0
XM_034452459.1	4792	4693	30.586	7.6254
XM_034452460.1	2258	2159	20.9325	11.3438
XM_034452461.1	1147	1048	28.4526	31.7652
XM_034452462.1	3120	3021	0	0
XM_034452463.1	1935	1836	0	0
XM_034452464.1	1933	1834	0	0
XM_034452465.1	1944	1845	2.06782	1.31132
XM_034452466.1	2091	1992	70	41.1149
XM_034452467.1	2255	2156	0	0
XM_034452468.1	2218	2119	0	0
XM_034452469.1	1107	1008	0	0
XM_034452470.1	869	770	0	0
XM_034452471.1	853	754	24	37.2418
XM_034452472.1	527	428	0	0
XM_034452473.1	994	895	28.8123	37.6657
XM_034452474.1	966	867	80	107.96
XM_034452475.1	960	861	24.0985	32.7475
XM_034452476.1	980	881	21.9792	29.1895
XM_034452477.1	3625	3526	3.16233	1.04934
XM_034452478.1	1823	1724	0	0
XM_034452479.1	2780	2681	33	14.4015
XM_034452480.1	2826	2727	0	0
XM_034452481.1	2542	2443	0	0
XM_034452482.1	2511	2412	0	0
XM_034452483.1	2515	2416	0	0
XM_034452484.1	2507	2408	4.2519	2.06594
XM_034452485.1	2482	2383	0	0
XM_034452486.1	1252	1153	0	0
XM_034452487.1	1219	1120	0	0
XM_034452488.1	1219	1120	0	0
XM_034452489.1	1193	1094	0	0
XM_034452490.1	1186	1087	0	0
XM_034452491.1	1186	1087	0	0
XM_034452492.1	1160	1061	0.710996	0.784048
XM_034452493.1	1160	1061	0	0
XM_034452494.1	1153	1054	0	0
XM_034452495.1	1127	1028	0	0
XM_034452496.1	2164	2065	1	0.566592
XM_034452497.1	1028	929	0	0
XM_034452498.1	9510	9411	0.130515	0.0162261
XM_034452499.1	9501	9402	0.400934	0.0498934
XM_034452500.1	9524	9425	0.0228238	0.00283333
XM_034452501.1	9495	9396	0.847762	0.105565
XM_034452502.1	9486	9387	2.60894	0.325184
XM_034452503.1	9477	9378	8.03756	1.00278
XM_034452504.1	9474	9375	11.6981	1.45994
XM_034452505.1	7898	7799	44.1267	6.61993
XM_034452506.1	7898	7799	44.1267	6.61993
XM_034452507.1	2676	2577	0	0
XM_034452508.1	3030	2931	0.785995	0.313758
XM_034452509.1	3024	2925	8.69618	3.47851
XM_034452510.1	2561	2462	4.04078	1.9203
XM_034452511.1	395	296	24.5988	97.2329
XM_034452512.1	2866	2767	15.1067	6.38781
XM_034452513.1	2431	2332	0.000188547	9.45978e-05
XM_034452514.1	2425	2326	0.00387091	0.00194713
XM_034452515.1	2425	2326	0.00387091	0.00194713
XM_034452516.1	2425	2326	0.00387091	0.00194713
XM_034452517.1	2419	2320	0.0800934	0.0403924
XM_034452518.1	2413	2314	1.67028	0.844531
XM_034452519.1	2792	2693	0	0
XM_034452520.1	2162	2063	0	0
XM_034452521.1	2077	1978	0	0
XM_034452522.1	2011	1912	0	0
XM_034452523.1	2350	2251	0	0
XM_034452524.1	2006	1907	0	0
XM_034452525.1	2006	1907	0	0
XM_034452526.1	3296	3197	0	0
XM_034452527.1	2483	2384	23	11.2879
XM_034452528.1	2399	2300	0	0
XM_034452529.1	3272	3173	0	0
XM_034452530.1	7855	7756	0	0
XM_034452531.1	7053	6954	1.24334	0.209192
XM_034452532.1	7869	7770	3.18276	0.479262
XM_034452533.1	7786	7687	0	0
XM_034452534.1	7825	7726	0	0
XM_034452535.1	8023	7924	0.397234	0.0586533
XM_034452536.1	7860	7761	0	0
XM_034452537.1	8170	8071	0	0
XM_034452538.1	7880	7781	0.605503	0.0910483
XM_034452539.1	7942	7843	0	0
XM_034452540.1	7740	7641	0	0
XM_034452541.1	7887	7788	0	0
XM_034452542.1	4273	4174	27.2629	7.64206
XM_034452543.1	7814	7715	0	0
XM_034452544.1	8019	7920	0.718237	0.106104
XM_034452545.1	7919	7820	0	0
XM_034452546.1	7891	7792	0	0
XM_034452547.1	7832	7733	0	0
XM_034452548.1	7784	7685	0	0
XM_034452549.1	8030	7931	0.141	0.020801
XM_034452550.1	7736	7637	0	0
XM_034452551.1	7746	7647	0	0
XM_034452552.1	7877	7778	0	0
XM_034452553.1	7747	7648	0	0
XM_034452554.1	7603	7504	0	0
XM_034452555.1	7959	7860	0	0
XM_034452556.1	7859	7760	0	0
XM_034452557.1	7869	7770	0	0
XM_034452558.1	7881	7782	0	0
XM_034452559.1	7569	7470	0	0
XM_034452560.1	7884	7785	0	0
XM_034452561.1	7723	7624	0	0
XM_034452562.1	7437	7338	0	0
XM_034452563.1	7696	7597	0	0
XM_034452564.1	7700	7601	0	0
XM_034452565.1	3336	3237	2.13055	0.770088
XM_034452566.1	2935	2836	0	0
XM_034452567.1	1578	1479	0	0
XM_034452568.1	2844	2745	0	0
XM_034452569.1	3456	3357	0	0
XM_034452570.1	2963	2864	0	0
XM_034452571.1	1699	1600	0	0
XM_034452572.1	2108	2009	0	0
XM_034452573.1	2079	1980	0	0
XM_034452574.1	2142	2043	0	0
XM_034452575.1	1858	1759	1.28421	0.854201
XM_034452576.1	6002	5903	0	0
XM_034452577.1	2175	2076	0	0
XM_034452578.1	5898	5799	0	0
XM_034452579.1	5871	5772	0	0
XM_034452580.1	1968	1869	0	0
XM_034452581.1	2111	2012	3	1.74455
XM_034452582.1	4199	4100	16.1324	4.6037
XM_034452583.1	3995	3896	0	0
XM_034452584.1	6193	6094	0.0607508	0.0116638
XM_034452585.1	984	885	0	0
XM_034452586.1	339	240	0	0
XM_034452587.1	2163	2064	0	0
XM_034452588.1	2093	1994	0	0
XM_034452589.1	6172	6073	3.48399	0.67122
XM_034452590.1	2199	2100	0	0
XM_034452591.1	1476	1377	2	1.69937
XM_034452592.1	1548	1449	0	0
XM_034452593.1	385	286	12.5748	51.443
XM_034452594.1	361	262	10.4252	46.5558
XM_034452595.1	1005	906	2	2.58281
XM_034452596.1	614	515	0	0
XM_034452597.1	6160	6061	35.4553	6.84427
XM_034452598.1	687	588	0	0
XM_034452599.1	1579	1480	14	11.0677
XM_034452600.1	534	435	1	2.68969
XM_034452601.1	2093	1994	4.92015	2.88698
XM_034452602.1	1429	1330	0	0
XM_034452603.1	25754	25655	246.626	11.2475
XM_034452604.1	5490	5391	222	48.1809
XM_034452605.1	662	563	0	0
XM_034452606.1	993	894	0	0
XM_034452607.1	672	573	6.79025	13.8651
XM_034452608.1	915	816	0	0
XM_034452609.1	600	501	0	0
XM_034452610.1	2019	1920	1	0.609382
XM_034452611.1	733	634	0	0
XM_034452612.1	1345	1246	0	0
XM_034452613.1	1337	1238	0	0
XM_034452614.1	522	423	0	0
XM_034452615.1	504	405	3	8.66677
XM_034452616.1	963	864	1	1.35418
XM_034452617.1	2270	2171	0	0
XM_034452618.1	1983	1884	0	0
XM_034452619.1	1093	994	0	0
XM_034452620.1	1671	1572	0	0
XM_034452621.1	1564	1465	2	1.59729
XM_034452622.1	1422	1323	0	0
XM_034452623.1	793	694	0	0
XM_034452624.1	3415	3316	25.3637	8.94928
XM_034452625.1	1425	1326	2	1.76473
XM_034452626.1	1664	1565	2.35176	1.7582
XM_034452627.1	3573	3474	32.2491	10.8612
XM_034452628.1	1035	936	0	0
XM_034452629.1	720	621	0	0
XM_034452630.1	1647	1548	0	0
XM_034452631.1	680	581	0	0
XM_034452632.1	5301	5202	19	4.27341
XM_034452633.1	1427	1328	2	1.76207
XM_034452634.1	1929	1830	0	0
XM_034452635.1	1603	1504	3	2.3338
XM_034452636.1	1611	1512	0	0
XM_034452637.1	842	743	0	0
XM_034452638.1	7911	7812	0	0
XM_034452639.1	1224	1125	1	1.04001
XM_034452640.1	5072	4973	4	0.941093
XM_034452641.1	1491	1392	0	0
XM_034452642.1	558	459	1	2.54905
XM_034452643.1	1054	955	0	0
XM_034452644.1	609	510	0	0
XM_034452645.1	3424	3325	43.5016	15.3075
XM_034452646.1	2967	2868	29	11.8307
XM_034452647.1	3282	3183	25.8452	9.50024
XM_034452648.1	1522	1423	1	0.822216
XM_034452649.1	689	590	0	0
XM_034452650.1	1096	997	0	0
XM_034452651.1	6097	5998	0	0
XM_034452652.1	869	770	0	0
XM_034452653.1	1944	1845	0	0
XM_034452654.1	945	846	0	0
XM_034452655.1	3205	3106	0	0
XM_034452656.1	625	526	0	0
XM_034452657.1	715	616	0	0
XM_034452658.1	667	568	4	8.23953
XM_034452659.1	465	366	0	0
XM_034452660.1	453	354	0	0
XM_034452661.1	975	876	2	2.67126
XM_034452662.1	1443	1344	32.8499	28.5974
XM_034452663.1	1001	902	4	5.18853
XM_034452664.1	738	639	0	0
XM_034452665.1	1116	1017	2.23638	2.57286
XM_034452666.1	2388	2289	20.3339	10.3936
XM_034452667.1	642	543	0	0
XM_034452668.1	492	393	0	0
XM_034452669.1	1989	1890	0.230713	0.142824
XM_034452670.1	1985	1886	2.76929	1.71798
XM_034452671.1	1972	1873	0	0
XM_034452672.1	3027	2928	7.86183	3.14155
XM_034452673.1	2489	2390	0	0
XM_034452674.1	2740	2641	45	19.9359
XM_034452675.1	769	670	0	0
XM_034452676.1	1024	925	0	0
XM_034452677.1	710	611	0	0
XM_034452678.1	1031	932	2	2.51076
XM_034452679.1	5053	4954	106	25.0346
XM_034452680.1	7525	7426	0.000308195	4.8558e-05
XM_034452681.1	7262	7163	0	0
XM_034452682.1	8939	8840	0	0
XM_034452683.1	7519	7420	0.000795416	0.000125424
XM_034452684.1	7474	7375	0.998896	0.158471
XM_034452685.1	7211	7112	0	0
XM_034452686.1	9601	9502	0	0
XM_034452687.1	9356	9257	0	0
XM_034452688.1	9531	9432	0	0
XM_034452689.1	7243	7144	0	0
XM_034452690.1	7153	7054	8	1.32692
XM_034452691.1	5301	5202	0.0222873	0.00501278
XM_034452692.1	5274	5175	9.97771	2.25586
XM_034452693.1	4308	4209	75.119	20.8815
XM_034452694.1	3386	3287	0	0
XM_034452695.1	3263	3164	0	0
XM_034452696.1	1655	1556	71.9991	54.1387
XM_034452697.1	3629	3530	31.3649	10.3959
XM_034452698.1	1186	1087	0	0
XM_034452699.1	1171	1072	0	0
XM_034452700.1	3125	3026	0	0
XM_034452701.1	1709	1610	0	0
XM_034452702.1	4141	4042	0	0
XM_034452703.1	3020	2921	0	0
XM_034452704.1	1340	1241	1.54584	1.45741
XM_034452705.1	3852	3753	0	0
XM_034452706.1	3915	3816	0	0
XM_034452707.1	3897	3798	6	1.84836
XM_034452708.1	3961	3862	1.84216e-08	5.58093e-09
XM_034452709.1	3957	3858	6.21201e-08	1.88391e-08
XM_034452710.1	1670	1571	0.00093307	0.00069491
XM_034452711.1	6897	6798	0	0
XM_034452712.1	752	653	1	1.79175
XM_034452713.1	1528	1429	0	0
XM_034452714.1	841	742	2	3.15367
XM_034452715.1	3303	3204	31	11.3204
XM_034452716.1	2085	1986	0	0
XM_034452717.1	1808	1709	1.10626e-05	7.57367e-06
XM_034452718.1	2056	1957	0.118597	0.0709044
XM_034452719.1	2347	2248	0	0
XM_034452720.1	2051	1952	2.38391	1.4289
XM_034452721.1	1279	1180	1.49749	1.48482
XM_034452722.1	1560	1461	9.76374	7.8191
XM_034452723.1	1073	974	28.902	34.7184
XM_034452724.1	3063	2964	0	0
XM_034452725.1	2568	2469	24.4178	11.5712
XM_034452726.1	1668	1569	4.07669	3.04002
XM_034452727.1	3141	3042	16.8534	6.48214
XM_034452728.1	1787	1688	22	15.249
XM_034452729.1	2652	2553	0	0
XM_034452730.1	3010	2911	0	0
XM_034452731.1	2358	2259	0	0
XM_034452732.1	2340	2241	0	0
XM_034452733.1	2244	2145	0	0
XM_034452734.1	2263	2164	0	0
XM_034452735.1	2233	2134	0	0
XM_034452736.1	2233	2134	0	0
XM_034452737.1	2232	2133	0	0
XM_034452738.1	2225	2126	26.3524	14.5027
XM_034452739.1	2302	2203	0	0
XM_034452740.1	2267	2168	16.8213	9.07802
XM_034452741.1	1480	1381	1.23626	1.04738
XM_034452742.1	808	709	0	0
XM_034452743.1	1500	1401	0	0
XM_034452744.1	1573	1474	9	7.14391
XM_034452745.1	2035	1936	7	4.23042
XM_034452746.1	5148	5049	0	0
XM_034452747.1	5061	4962	0	0
XM_034452748.1	888	789	0	0
XM_034452749.1	7076	6977	25.9997	4.36004
XM_034452750.1	6766	6667	0	0
XM_034452751.1	6866	6767	6.59112e-05	1.1396e-05
XM_034452752.1	6863	6764	0.00011088	1.91796e-05
XM_034452753.1	6863	6764	0.00011088	1.91796e-05
XM_034452754.1	1881	1782	0.365106	0.239719
XM_034452755.1	1878	1779	2.63489	1.73292
XM_034452756.1	1416	1317	0	0
XM_034452757.1	509	410	0	0
XM_034452758.1	2519	2420	0	0
XM_034452759.1	2410	2311	10.4692	5.30036
XM_034452760.1	2528	2429	0	0
XM_034452761.1	2507	2408	0	0
XM_034452762.1	2504	2405	0	0
XM_034452763.1	2504	2405	16.5215	8.03758
XM_034452764.1	2495	2396	0	0
XM_034452765.1	2492	2393	0	0
XM_034452766.1	2486	2387	17.4784	8.56724
XM_034452767.1	2369	2270	6.80332e-05	3.5066e-05
XM_034452768.1	2357	2258	0	0
XM_034452769.1	2348	2249	0	0
XM_034452770.1	735	636	0	0
XM_034452771.1	4417	4318	2.74835	0.744698
XM_034452772.1	2215	2116	0	0
XM_034452773.1	2211	2112	0	0
XM_034452774.1	2189	2090	0	0
XM_034452775.1	2166	2067	0	0
XM_034452776.1	2191	2092	0	0
XM_034452777.1	2187	2088	0	0
XM_034452778.1	2179	2080	0	0
XM_034452779.1	2175	2076	0	0
XM_034452780.1	2176	2077	4.65589e-07	2.62275e-07
XM_034452781.1	2172	2073	0	0
XM_034452782.1	2173	2074	2.53716e-06	1.4313e-06
XM_034452783.1	2169	2070	0	0
XM_034452784.1	2152	2053	0	0
XM_034452785.1	2148	2049	0	0
XM_034452786.1	2148	2049	0	0
XM_034452787.1	2145	2046	0	0
XM_034452788.1	2145	2046	21.3162	12.1898
XM_034452789.1	2142	2043	0	0
XM_034452790.1	2125	2026	0	0
XM_034452791.1	2117	2018	29.6838	17.2103
XM_034452792.1	3292	3193	6.3041	2.31002
XM_034452793.1	1089	990	0	0
XM_034452794.1	562	463	2	5.05405
XM_034452795.1	2635	2536	0	0
XM_034452796.1	1288	1189	0	0
XM_034452797.1	4865	4766	2.001e-07	4.9123e-08
XM_034452798.1	1056	957	5.79114e-05	7.08015e-05
XM_034452799.1	1180	1081	0	0
XM_034452800.1	1831	1732	1	0.675527
XM_034452801.1	1676	1577	0	0
XM_034452802.1	1551	1452	4	3.22318
XM_034452803.1	2701	2602	0	0
XM_034452804.1	2659	2560	0	0
XM_034452805.1	2512	2413	887.552	430.356
XM_034452806.1	2835	2736	2	0.855273
XM_034452807.1	2360	2261	24	12.4194
XM_034452808.1	2955	2856	0	0
XM_034452809.1	2898	2799	0.000188174	7.8659e-05
XM_034452810.1	2966	2867	0	0
XM_034452811.1	2873	2774	6.99981	2.95237
XM_034452812.1	2995	2896	0	0
XM_034452813.1	2967	2868	0	0
XM_034452814.1	1266	1167	53	53.1369
XM_034452815.1	4694	4595	0	0
XM_034452816.1	1148	1049	0	0
XM_034452817.1	4203	4104	0	0
XM_034452818.1	4042	3943	0	0
XM_034452819.1	1125	1026	3	3.42109
XM_034452820.1	3986	3887	10.3639	3.1196
XM_034452821.1	3983	3884	25.6361	7.72261
XM_034452822.1	3889	3790	0	0
XM_034452823.1	696	597	324	634.982
XM_034452824.1	4134	4035	6	1.7398
XM_034452825.1	2774	2675	0	0
XM_034452826.1	2702	2603	7.40386	3.32794
XM_034452827.1	1671	1572	15	11.1643
XM_034452828.1	1087	988	0	0
XM_034452829.1	1684	1585	6.59385	4.86744
XM_034452830.1	3793	3694	42.2682	13.3878
XM_034452831.1	3972	3873	0	0
XM_034452832.1	5331	5232	1.93577	0.43289
XM_034452833.1	5314	5215	88.0642	19.7577
XM_034452834.1	3001	2902	0	0
XM_034452835.1	2485	2386	0	0
XM_034452836.1	2818	2719	0	0
XM_034452837.1	5540	5441	0.000342331	7.36137e-05
XM_034452838.1	5537	5438	0.000653743	0.000140656
XM_034452839.1	5483	5384	79.3172	17.2367
XM_034452840.1	1451	1352	0	0
XM_034452841.1	5480	5381	152.511	33.1612
XM_034452842.1	2725	2626	3	1.33665
XM_034452843.1	2707	2608	0	0
XM_034452844.1	2444	2345	0	0
XM_034452845.1	2409	2310	0	0
XM_034452846.1	2337	2238	3	1.56838
XM_034452847.1	2171	2072	0	0
XM_034452848.1	2328	2229	207.056	108.685
XM_034452849.1	3583	3484	51	17.1271
XM_034452850.1	1464	1365	0	0
XM_034452851.1	1445	1346	60	52.1551
XM_034452852.1	1315	1216	0	0
XM_034452853.1	1378	1279	0	0
XM_034452854.1	1393	1294	0	0
XM_034452855.1	1074	975	0	0
XM_034452856.1	1045	946	0	0
XM_034452857.1	963	864	1.07698	1.45843
XM_034452858.1	2392	2293	0	0
XM_034452859.1	2578	2479	270.258	127.553
XM_034452860.1	2241	2142	33.2706	18.1732
XM_034452861.1	2928	2829	0	0
XM_034452862.1	2879	2780	0	0
XM_034452863.1	2210	2111	0	0
XM_034452864.1	2205	2106	0	0
XM_034452865.1	4969	4870	2.6142	0.628058
XM_034452866.1	4966	4867	5.3858	1.29473
XM_034452867.1	2964	2865	0	0
XM_034452868.1	1108	1009	5	5.79789
XM_034452869.1	999	900	0	0
XM_034452870.1	888	789	6	8.89744
XM_034452871.1	3853	3754	5.44013	1.69553
XM_034452872.1	2353	2254	0	0
XM_034452873.1	2236	2137	5	2.73751
XM_034452874.1	2119	2020	4.91504	2.84686
XM_034452875.1	2126	2027	0.0849642	0.0490425
XM_034452876.1	8084	7985	22	3.22358
XM_034452877.1	6776	6677	2.34833e-07	4.11499e-08
XM_034452878.1	6820	6721	0	0
XM_034452879.1	6767	6668	1.14258e-06	2.00485e-07
XM_034452880.1	3934	3835	2.46506	0.752059
XM_034452881.1	6764	6665	1.93702e-06	3.40036e-07
XM_034452882.1	6758	6659	5.57108e-06	9.78862e-07
XM_034452883.1	6765	6666	1.62445e-06	2.85123e-07
XM_034452884.1	6755	6656	9.45143e-06	1.6614e-06
XM_034452885.1	6755	6656	9.45143e-06	1.6614e-06
XM_034452886.1	6737	6638	0.000226476	3.99186e-05
XM_034452887.1	6737	6638	0.000226476	3.99186e-05
XM_034452888.1	6734	6635	113.675	20.0455
XM_034452889.1	6778	6679	0.0488147	0.00855126
XM_034452890.1	6725	6626	0.00189141	0.000333983
XM_034452891.1	6707	6608	0.0459795	0.00814113
XM_034452892.1	6698	6599	0.227441	0.0403257
XM_034452893.1	5912	5813	0	0
XM_034452894.1	5916	5817	0	0
XM_034452895.1	5377	5278	1.14979	0.254883
XM_034452896.1	2070	1971	1.83409e-08	1.08874e-08
XM_034452897.1	2038	1939	4	2.41364
XM_034452898.1	2129	2030	0	0
XM_034452899.1	2581	2482	0	0
XM_034452900.1	2605	2506	0	0
XM_034452901.1	4791	4692	4.99993	1.2468
XM_034452902.1	1365	1266	0	0
XM_034452903.1	2953	2854	5	2.04978
XM_034452904.1	1974	1875	0	0
XM_034452905.1	2100	2001	0	0
XM_034452906.1	1255	1156	3	3.03637
XM_034452907.1	1597	1498	19	14.84
XM_034452908.1	1065	966	3.4699	4.20273
XM_034452909.1	1700	1601	5.10104e-07	3.72785e-07
XM_034452910.1	1677	1578	12	8.89744
XM_034452911.1	1863	1764	0	0
XM_034452912.1	1865	1766	0	0
XM_034452913.1	1842	1743	0	0
XM_034452914.1	1994	1895	0	0
XM_034452915.1	1837	1738	0	0
XM_034452916.1	1307	1208	1	0.968554
XM_034452917.1	1470	1371	0	0
XM_034452918.1	1226	1127	1	1.03817
XM_034452919.1	2369	2270	0	0
XM_034452920.1	2042	1943	0	0
XM_034452921.1	879	780	8.49702	12.7457
XM_034452922.1	2239	2140	0	0
XM_034452923.1	2140	2041	0	0
XM_034452924.1	2063	1964	3	1.78719
XM_034452925.1	1333	1234	12	11.3778
XM_034452926.1	3891	3792	13.0988	4.04162
XM_034452927.1	2872	2773	0	0
XM_034452928.1	3059	2960	0	0
XM_034452929.1	1884	1785	0	0
XM_034452930.1	1733	1634	0	0
XM_034452931.1	1697	1598	3	2.19652
XM_034452932.1	2122	2023	0	0
XM_034452933.1	2261	2162	11.2095	6.06628
XM_034452934.1	2352	2253	0	0
XM_034452935.1	2348	2249	0	0
XM_034452936.1	2329	2230	0	0
XM_034452937.1	1938	1839	1.79047	1.13914
XM_034452938.1	2133	2034	0	0
XM_034452939.1	2134	2035	0	0
XM_034452940.1	2012	1913	0	0
XM_034452941.1	2044	1945	0	0
XM_034452942.1	4580	4481	0	0
XM_034452943.1	868	769	0	0
XM_034452944.1	4970	4871	0	0
XM_034452945.1	1974	1875	0	0
XM_034452946.1	2063	1964	0	0
XM_034452947.1	2592	2493	0	0
XM_034452948.1	2510	2411	0	0
XM_034452949.1	1554	1455	1	0.804133
XM_034452950.1	898	799	14	20.5009
XM_034452951.1	965	866	36	48.638
XM_034452952.1	1304	1205	29	28.158
XM_034452953.1	1337	1238	0	0
XM_034452954.1	491	392	0	0
XM_034452955.1	1654	1555	22.6526	17.0443
XM_034452956.1	1639	1540	5.34735	4.06265
XM_034452957.1	3486	3387	41	14.1631
XM_034452958.1	2820	2721	0	0
XM_034452959.1	2835	2736	0	0
XM_034452960.1	2905	2806	11.4531	4.77558
XM_034452961.1	2802	2703	0	0
XM_034452962.1	2904	2805	0	0
XM_034452963.1	2801	2702	0.0214706	0.00929713
XM_034452964.1	2836	2737	0	0
XM_034452965.1	2835	2736	0	0
XM_034452966.1	2915	2816	0	0
XM_034452967.1	2660	2561	160.104	73.1449
XM_034452968.1	2745	2646	0	0
XM_034452969.1	2199	2100	0	0
XM_034452970.1	2284	2185	6	3.21285
XM_034452971.1	1267	1168	0	0
XM_034452972.1	1114	1015	0	0
XM_034452973.1	2724	2625	4	1.78288
XM_034452974.1	3086	2987	5.97521	2.3405
XM_034452975.1	3100	3001	0.0247889	0.00966455
XM_034452976.1	1138	1039	0	0
XM_034452977.1	2692	2593	8	3.60976
XM_034452978.1	517	418	0	0
XM_034452979.1	437	338	0	0
XM_034452980.1	1081	982	0	0
XM_034452981.1	1682	1583	0	0
XM_034452982.1	1729	1630	0	0
XM_034452983.1	2647	2548	0	0
XM_034452984.1	2132	2033	1	0.575511
XM_034452985.1	1075	976	0	0
XM_034452986.1	1469	1370	4	3.4161
XM_034452987.1	3549	3450	0	0
XM_034452988.1	3703	3604	0	0
XM_034452989.1	3454	3355	0	0
XM_034452990.1	3218	3119	0	0
XM_034452991.1	1332	1233	0	0
XM_034452992.1	3385	3286	6.49562e-05	2.31283e-05
XM_034452993.1	3355	3256	3.05401	1.09743
XM_034452994.1	3486	3387	0	0
XM_034452995.1	3391	3292	0	0
XM_034452996.1	1260	1161	0	0
XM_034452997.1	3218	3119	0	0
XM_034452998.1	3215	3116	0	0
XM_034452999.1	3212	3113	0	0
XM_034453000.1	3194	3095	1.07825e-06	4.07613e-07
XM_034453001.1	1411	1312	0	0
XM_034453002.1	3187	3088	1.53533e-05	5.81721e-06
XM_034453003.1	3172	3073	0.00464282	0.0017677
XM_034453004.1	3169	3070	0.0145999	0.0055642
XM_034453005.1	3145	3046	145.376	55.8411
XM_034453006.1	3499	3400	9.60462	3.30516
XM_034453007.1	3007	2908	0	0
XM_034453008.1	3198	3099	0	0
XM_034453009.1	1403	1304	0	0
XM_034453010.1	1547	1448	0	0
XM_034453011.1	1678	1579	0	0
XM_034453012.1	2268	2169	0.329407	0.17769
XM_034453013.1	2282	2183	0.000173842	9.31734e-05
XM_034453014.1	2521	2422	0	0
XM_034453015.1	2265	2166	1.67041	0.902308
XM_034453016.1	2287	2188	1.18764e-05	6.35078e-06
XM_034453017.1	1219	1120	3	3.13396
XM_034453018.1	3173	3074	0	0
XM_034453019.1	3164	3065	0	0
XM_034453020.1	3083	2984	0	0
XM_034453021.1	3391	3292	5.19787	1.84738
XM_034453022.1	4318	4219	38.8021	10.7606
XM_034453023.1	3382	3283	0	0
XM_034453024.1	3649	3550	0	0
XM_034453025.1	1065	966	0	0
XM_034453026.1	3619	3520	0	0
XM_034453027.1	2490	2391	6	2.93604
XM_034453028.1	2790	2691	4	1.73915
XM_034453029.1	3448	3349	20.4495	7.14427
XM_034453030.1	3589	3490	49.5035	16.5959
XM_034453031.1	2548	2449	0	0
XM_034453032.1	2795	2696	5.1417	2.2314
XM_034453033.1	2789	2690	2.57989	1.12212
XM_034453034.1	2783	2684	0	0
XM_034453035.1	2800	2701	0	0
XM_034453036.1	4322	4223	6.8975	1.911
XM_034453037.1	2793	2694	0	0
XM_034453038.1	2715	2616	14.2784	6.38606
XM_034453039.1	2752	2653	0	0
XM_034453040.1	2689	2590	0	0
XM_034453041.1	2743	2644	0	0
XM_034453042.1	2644	2545	0.000726426	0.00033396
XM_034453043.1	2626	2527	2.99927	1.38868
XM_034453044.1	4429	4330	0	0
XM_034453045.1	2173	2074	0	0
XM_034453046.1	2173	2074	0	0
XM_034453047.1	2253	2154	0	0
XM_034453048.1	2247	2148	0	0
XM_034453049.1	2137	2038	1	0.574099
XM_034453050.1	2155	2056	0	0
XM_034453051.1	2155	2056	0	0
XM_034453052.1	4331	4232	0.567757	0.156967
XM_034453053.1	2078	1979	0	0
XM_034453054.1	2025	1926	4	2.42993
XM_034453055.1	2968	2869	6	2.44687
XM_034453056.1	1745	1646	0	0
XM_034453057.1	1519	1420	0	0
XM_034453058.1	1616	1517	0	0
XM_034453059.1	1957	1858	11	6.92688
XM_034453060.1	1993	1894	1	0.617747
XM_034453061.1	2234	2135	1.51781e-05	8.31783e-06
XM_034453062.1	1480	1381	2	1.69444
XM_034453063.1	4268	4169	0	0
XM_034453064.1	1820	1721	0	0
XM_034453065.1	1774	1675	28	19.5584
XM_034453066.1	2976	2877	3	1.22003
XM_034453067.1	4293	4194	1	0.278973
XM_034453068.1	4367	4268	0	0
XM_034453069.1	3849	3750	0.00106423	0.000332044
XM_034453070.1	3821	3722	6.99894	2.20012
XM_034453071.1	1956	1857	4	2.52022
XM_034453072.1	4371	4272	0	0
XM_034453073.1	1555	1456	78.5925	63.1554
XM_034453074.1	1390	1291	82.829	75.0666
XM_034453075.1	1417	1318	9.97961e-08	8.85909e-08
XM_034453076.1	1397	1298	6.14717	5.54104
XM_034453077.1	1320	1221	0.00616863	0.00591104
XM_034453078.1	1314	1215	1.99383	1.92001
XM_034453079.1	1394	1295	0	0
XM_034453080.1	1369	1270	34.8528	32.1089
XM_034453081.1	1367	1268	0	0
XM_034453082.1	4169	4070	7.53474	2.16603
XM_034453083.1	1016	917	0	0
XM_034453084.1	2722	2623	16	7.13695
XM_034453085.1	3739	3640	0	0
XM_034453086.1	3344	3245	0	0
XM_034453087.1	3600	3501	0	0
XM_034453088.1	4105	4006	13	3.79685
XM_034453089.1	3307	3208	0	0
XM_034453090.1	2133	2034	29	16.6816
XM_034453091.1	3725	3626	1.20225	0.387935
XM_034453092.1	2202	2103	0	0
XM_034453093.1	707	608	1	1.92436
XM_034453094.1	630	531	0	0
XM_034453095.1	634	535	0	0
XM_034453096.1	610	511	47	107.614
XM_034453097.1	514	415	0	0
XM_034453098.1	621	522	1	2.24141
XM_034453099.1	629	530	0	0
XM_034453100.1	1738	1639	7	4.99701
XM_034453101.1	1300	1201	0	0
XM_034453102.1	1961	1862	7	4.39855
XM_034453103.1	3458	3359	338.63	117.952
XM_034453104.1	1322	1223	0	0
XM_034453105.1	1052	953	2.88913e-08	3.54703e-08
XM_034453106.1	1038	939	1	1.24602
XM_034453107.1	4055	3956	0.291136	0.0861055
XM_034453108.1	4052	3953	0.708864	0.20981
XM_034453109.1	1663	1564	0.097693	0.0730832
XM_034453110.1	1660	1561	0.92889	0.696229
XM_034453111.1	1115	1016	2	2.30318
XM_034453112.1	2398	2299	1.01703	0.517588
XM_034453113.1	2438	2339	0	0
XM_034453114.1	1974	1875	0	0
XM_034453115.1	2097	1998	0	0
XM_034453116.1	2273	2174	0	0
XM_034453117.1	3126	3027	0	0
XM_034453118.1	1888	1789	0	0
XM_034453119.1	2187	2088	0	0
XM_034453120.1	1815	1716	0	0
XM_034453121.1	3605	3506	14.8196	4.94555
XM_034453122.1	1501	1402	3.27263	2.73111
XM_034453123.1	1501	1402	3.27263	2.73111
XM_034453124.1	1614	1515	0	0
XM_034453125.1	1587	1488	9.49131	7.46301
XM_034453126.1	3686	3587	0	0
XM_034453127.1	816	717	2.24699	3.66667
XM_034453128.1	2784	2685	3	1.30728
XM_034453129.1	3013	2914	0	0
XM_034453130.1	3116	3017	2.93308	1.13747
XM_034453131.1	3203	3104	0	0
XM_034453132.1	3200	3101	0	0
XM_034453133.1	2154	2055	10.5308	5.99569
XM_034453134.1	3514	3415	4.52318	1.54969
XM_034453135.1	3321	3222	27	9.80458
XM_034453136.1	1858	1759	0	0
XM_034453137.1	3541	3442	0	0
XM_034453138.1	3302	3203	0	0
XM_034453139.1	3472	3373	0	0
XM_034453140.1	3352	3253	0	0
XM_034453141.1	3425	3326	0	0
XM_034453142.1	3233	3134	0	0
XM_034453143.1	3145	3046	15.3162	5.88316
XM_034453144.1	3588	3489	0	0
XM_034453145.1	3128	3029	0	0
XM_034453146.1	3535	3436	0	0
XM_034453147.1	2527	2428	0	0
XM_034453148.1	2478	2379	0	0
XM_034453149.1	2473	2374	0	0
XM_034453150.1	2234	2135	0	0
XM_034453151.1	1901	1802	0	0
XM_034453152.1	1554	1455	27.5839	22.1811
XM_034453153.1	5509	5410	7	1.51388
XM_034453154.1	2759	2660	26.4768	11.646
XM_034453155.1	1804	1705	5.6457	3.87422
XM_034453156.1	900	801	0	0
XM_034453157.1	835	736	5	7.94846
XM_034453158.1	818	719	23	37.4274
XM_034453159.1	777	678	0	0
XM_034453160.1	1024	925	0	0
XM_034453161.1	2095	1996	4.94297	2.89747
XM_034453162.1	2843	2744	0	0
XM_034453163.1	2033	1934	0	0
XM_034453164.1	2132	2033	0	0
XM_034453165.1	2145	2046	0	0
XM_034453166.1	2248	2149	0	0
XM_034453167.1	2072	1973	16	9.4882
XM_034453168.1	2028	1929	0	0
XM_034453169.1	2018	1919	0	0
XM_034453170.1	796	697	3	5.03593
XM_034453171.1	2517	2418	13.5414	6.55235
XM_034453172.1	699	600	0	0
XM_034453173.1	1232	1133	0	0
XM_034453174.1	2792	2693	1	0.434465
XM_034453175.1	5874	5775	36.4497	7.3847
XM_034453176.1	5915	5816	0.00907315	0.00182526
XM_034453177.1	4472	4373	0	0
XM_034453178.1	4513	4414	0	0
XM_034453179.1	1345	1246	0	0
XM_034453180.1	1308	1209	0	0
XM_034453181.1	1478	1379	0	0
XM_034453182.1	2013	1914	2	1.22258
XM_034453183.1	2399	2300	0	0
XM_034453184.1	1946	1847	0	0
XM_034453185.1	1964	1865	13	8.15559
XM_034453186.1	2028	1929	0	0
XM_034453187.1	1138	1039	0	0
XM_034453188.1	2671	2572	1.82865	0.831859
XM_034453189.1	1546	1447	5.93445	4.79847
XM_034453190.1	2687	2588	0.0012673	0.000572937
XM_034453191.1	769	670	0	0
XM_034453192.1	2631	2532	0	0
XM_034453193.1	1495	1396	0	0
XM_034453194.1	3203	3104	85	32.0397
XM_034453195.1	2567	2468	3	1.42222
XM_034453196.1	1371	1272	0	0
XM_034453197.1	1718	1619	0	0
XM_034453198.1	1670	1571	0	0
XM_034453199.1	1621	1522	1	0.768734
XM_034453200.1	2611	2512	0	0
XM_034453201.1	2342	2243	0	0
XM_034453202.1	1885	1786	0	0
XM_034453203.1	3319	3220	2	0.726716
XM_034453204.1	2582	2483	7.30154e-06	3.44055e-06
XM_034453205.1	3230	3131	0	0
XM_034453206.1	3133	3034	34	13.1116
XM_034453207.1	1521	1422	0	0
XM_034453208.1	1832	1733	49	33.0817
XM_034453209.1	2554	2455	4.37221	2.08372
XM_034453210.1	2868	2769	9	3.80286
XM_034453211.1	667	568	0	0
XM_034453212.1	628	529	0	0
XM_034453213.1	2396	2297	0	0
XM_034453214.1	1982	1883	0	0
XM_034453215.1	1800	1701	0	0
XM_034453216.1	2611	2512	0	0
XM_034453217.1	663	564	0	0
XM_034453218.1	889	790	3	4.44309
XM_034453219.1	2555	2456	0	0
XM_034453220.1	2379	2280	34.5398	17.7246
XM_034453221.1	5578	5479	27	5.76572
XM_034453222.1	3431	3332	0	0
XM_034453223.1	3336	3237	3	1.08435
XM_034453224.1	1106	1007	1	1.16188
XM_034453225.1	1929	1830	2	1.2787
XM_034453226.1	915	816	0	0
XM_034453227.1	3818	3719	0	0
XM_034453228.1	2151	2052	4	2.28073
XM_034453229.1	1202	1103	1	1.06076
XM_034453230.1	4795	4696	5	1.24576
XM_034453231.1	4720	4621	0	0
XM_034453232.1	1139	1040	0	0
XM_034453233.1	2630	2531	0.00377842	0.00174666
XM_034453234.1	856	757	13	20.0927
XM_034453235.1	664	565	1	2.07082
XM_034453236.1	570	471	1	2.4841
XM_034453237.1	1149	1050	8	8.91439
XM_034453238.1	2500	2401	1	0.487303
XM_034453239.1	2583	2484	2	0.94204
XM_034453240.1	2629	2530	0	0
XM_034453241.1	3138	3039	13.4643	5.18375
XM_034453242.1	1924	1825	0	0
XM_034453243.1	1991	1892	0	0
XM_034453244.1	2022	1923	0.517685	0.314976
XM_034453245.1	1986	1887	0	0
XM_034453246.1	2017	1918	10.9738	6.69418
XM_034453247.1	1923	1824	0	0
XM_034453248.1	1047	948	0	0
XM_034453249.1	1081	982	52.0195	61.9791
XM_034453250.1	4816	4717	20	4.96084
XM_034453251.1	1391	1292	0	0
XM_034453252.1	1389	1290	0	0
XM_034453253.1	1731	1632	3592.93	2575.85
XM_034453254.1	1780	1681	9.63297	6.70476
XM_034453255.1	1697	1598	83.2481	60.9521
XM_034453256.1	8626	8527	0.0141059	0.00193551
XM_034453257.1	8665	8566	6.67946e-05	9.12335e-06
XM_034453258.1	8567	8468	48.5827	6.71261
XM_034453259.1	8623	8524	0	0
XM_034453260.1	8605	8506	3.24337e-08	4.4613e-09
XM_034453261.1	8572	8473	2.00125e-06	2.76347e-07
XM_034453262.1	8623	8524	0	0
XM_034453263.1	8520	8421	0.00273755	0.000380355
XM_034453264.1	8883	8784	27.8001	3.70293
XM_034453265.1	8698	8599	0	0
XM_034453266.1	5278	5179	0	0
XM_034453267.1	5501	5402	0	0
XM_034453268.1	5352	5253	0	0
XM_034453269.1	5269	5170	0	0
XM_034453270.1	5417	5318	0	0
XM_034453271.1	5261	5162	0	0
XM_034453272.1	4497	4398	41	10.9074
XM_034453273.1	6017	5918	66.7269	13.1922
XM_034453274.1	1683	1584	0	0
XM_034453275.1	1930	1831	69	44.0912
XM_034453276.1	2644	2545	0	0
XM_034453277.1	1890	1791	0	0
XM_034453278.1	2687	2588	0	0
XM_034453279.1	2722	2623	0	0
XM_034453280.1	2599	2500	0	0
XM_034453281.1	2552	2453	7	3.33881
XM_034453282.1	3149	3050	0	0
XM_034453283.1	1579	1480	0	0
XM_034453284.1	3811	3712	0	0
XM_034453285.1	1483	1384	1.97982	1.67371
XM_034453286.1	1061	962	0	0
XM_034453287.1	1188	1089	0	0
XM_034453288.1	787	688	7.4587	12.6843
XM_034453289.1	2705	2606	0	0
XM_034453290.1	883	784	6	8.95418
XM_034453291.1	3373	3274	20.4602	7.31177
XM_034453292.1	4351	4252	15	4.12752
XM_034453293.1	2727	2628	0	0
XM_034453294.1	4375	4276	5	1.36812
XM_034453295.1	3124	3025	0	0
XM_034453296.1	2942	2843	0	0
XM_034453297.1	2804	2705	1	0.432537
XM_034453298.1	870	771	4	6.07011
XM_034453299.1	2651	2552	3.16827	1.45255
XM_034453300.1	807	708	0	0
XM_034453301.1	1508	1409	0	0
XM_034453302.1	1553	1454	0	0
XM_034453303.1	1501	1402	0	0
XM_034453304.1	839	740	0	0
XM_034453305.1	3693	3594	4	1.30219
XM_034453306.1	1810	1711	0	0
XM_034453307.1	1309	1210	2.5103e-05	2.42734e-05
XM_034453308.1	1297	1198	2.99997	2.92989
XM_034453309.1	1143	1044	0	0
XM_034453310.1	3731	3632	0	0
XM_034453311.1	1459	1360	0	0
XM_034453312.1	3722	3623	3.18646	1.02904
XM_034453313.1	2053	1954	7	4.19145
XM_034453314.1	6434	6335	61	11.2661
XM_034453315.1	4978	4879	0	0
XM_034453316.1	3347	3248	3	1.08068
XM_034453317.1	4837	4738	0	0
XM_034453318.1	1651	1552	1.99605	1.50477
XM_034453319.1	1753	1654	0	0
XM_034453320.1	1651	1552	1.99605	1.50477
XM_034453321.1	1638	1539	4.56723	3.47221
XM_034453322.1	1386	1287	0	0
XM_034453323.1	1653	1554	0.440671	0.331783
XM_034453324.1	3226	3127	2.88645	1.08001
XM_034453325.1	3224	3125	6.11355	2.28894
XM_034453326.1	760	661	0	0
XM_034453327.1	6199	6100	151.58	29.074
XM_034453328.1	756	657	0	0
XM_034453329.1	3026	2927	1	0.399731
XM_034453330.1	705	606	7	13.515
XM_034453331.1	2422	2323	28	14.1026
XM_034453332.1	3514	3415	0	0
XM_034453333.1	5557	5458	15	3.2155
XM_034453334.1	1250	1151	0	0
XM_034453335.1	1261	1162	1	1.0069
XM_034453336.1	2175	2076	0.000158627	8.94009e-05
XM_034453337.1	2094	1995	0	0
XM_034453338.1	2296	2197	15.9998	8.52072
XM_034453339.1	2227	2128	1	0.549818
XM_034453340.1	3060	2961	17.7463	7.01228
XM_034453341.1	1850	1751	1	0.668197
XM_034453342.1	1850	1751	1	0.668197
XM_034453343.1	2502	2403	0	0
XM_034453344.1	2203	2104	0	0
XM_034453345.1	2919	2820	0	0
XM_034453346.1	3086	2987	57.2365	22.4196
XM_034453347.1	1205	1106	2.25373	2.38417
XM_034453348.1	2335	2236	0	0
XM_034453349.1	2975	2876	4.26066	1.73332
XM_034453350.1	1829	1730	0	0
XM_034453351.1	4236	4137	0	0
XM_034453352.1	1842	1743	0	0
XM_034453353.1	1071	972	2	2.40744
XM_034453354.1	4169	4070	0	0
XM_034453355.1	776	677	0	0
XM_034453356.1	775	676	19	32.885
XM_034453357.1	3429	3330	5	1.75678
XM_034453358.1	1791	1692	5	3.45749
XM_034453359.1	871	772	0	0
XM_034453360.1	1371	1272	0	0
XM_034453361.1	4136	4037	3.72061e-05	1.07832e-05
XM_034453362.1	1264	1165	0	0
XM_034453363.1	2917	2818	0	0
XM_034453364.1	2922	2823	0	0
XM_034453365.1	2794	2695	118	51.2288
XM_034453366.1	1992	1893	0	0
XM_034453367.1	1298	1199	16	15.6132
XM_034453368.1	4095	3996	5.89983	1.72745
XM_034453369.1	3643	3544	5	1.6507
XM_034453370.1	1230	1131	2	2.06899
XM_034453371.1	3594	3495	0	0
XM_034453372.1	2868	2769	0	0
XM_034453373.1	1436	1337	0	0
XM_034453374.1	6645	6546	0.00252771	0.000451796
XM_034453375.1	6714	6615	1.15097e-08	2.03576e-09
XM_034453376.1	6596	6497	16.9975	3.06099
XM_034453377.1	6639	6540	0	0
XM_034453378.1	6564	6465	0	0
XM_034453379.1	4366	4267	0.00172483	0.000472949
XM_034453380.1	5606	5507	105	22.3082
XM_034453381.1	2053	1954	16.6572	9.97399
XM_034453382.1	2506	2407	0	0
XM_034453383.1	1367	1268	4	3.69089
XM_034453384.1	4716	4617	0.00079005	0.00020021
XM_034453385.1	4756	4657	12.0697	3.03237
XM_034453386.1	1596	1497	1.8929	1.47944
XM_034453387.1	1602	1503	0.0173546	0.0135097
XM_034453388.1	1593	1494	19.9089	15.5915
XM_034453389.1	1599	1500	0.180822	0.141043
XM_034453390.1	767	668	0	0
XM_034453391.1	4332	4233	20.5205	5.67191
XM_034453392.1	674	575	0	0
XM_034453393.1	1297	1198	0	0
XM_034453394.1	1267	1168	9	9.01551
XM_034453395.1	4661	4562	26.267	6.73668
XM_034453396.1	4649	4550	0	0
XM_034453397.1	2951	2852	0	0
XM_034453398.1	3374	3275	0	0
XM_034453399.1	2897	2798	8	3.34528
XM_034453400.1	1219	1120	0	0
XM_034453401.1	2456	2357	0	0
XM_034453402.1	1046	947	3.16576	3.91128
XM_034453403.1	2719	2620	16.733	7.47247
XM_034453404.1	2834	2735	0	0
XM_034453405.1	2831	2732	0	0
XM_034453406.1	2831	2732	0	0
XM_034453407.1	2828	2729	0	0
XM_034453408.1	2780	2681	0	0
XM_034453409.1	2777	2678	0	0
XM_034453410.1	2777	2678	0	0
XM_034453411.1	2777	2678	19	8.30107
XM_034453412.1	2774	2675	0	0
XM_034453413.1	2774	2675	0	0
XM_034453414.1	2774	2675	0	0
XM_034453415.1	2774	2675	0	0
XM_034453416.1	2771	2672	0	0
XM_034453417.1	2771	2672	0	0
XM_034453418.1	2732	2633	0	0
XM_034453419.1	2723	2624	0	0
XM_034453420.1	2720	2621	0	0
XM_034453421.1	2720	2621	0	0
XM_034453422.1	2720	2621	0	0
XM_034453423.1	2717	2618	0	0
XM_034453424.1	2717	2618	0	0
XM_034453425.1	2717	2618	0	0
XM_034453426.1	2717	2618	0	0
XM_034453427.1	1912	1813	0	0
XM_034453428.1	2717	2618	0	0
XM_034453429.1	2714	2615	0	0
XM_034453430.1	2714	2615	0	0
XM_034453431.1	2678	2579	0	0
XM_034453432.1	2675	2576	0	0
XM_034453433.1	2675	2576	0	0
XM_034453434.1	2675	2576	0	0
XM_034453435.1	2675	2576	1.06298e-07	4.82804e-08
XM_034453436.1	2672	2573	0	0
XM_034453437.1	2663	2564	0	0
XM_034453438.1	2660	2561	0	0
XM_034453439.1	2660	2561	0	0
XM_034453440.1	2660	2561	0	0
XM_034453441.1	2660	2561	0	0
XM_034453442.1	2657	2558	0	0
XM_034453443.1	2657	2558	0	0
XM_034453444.1	2621	2522	0	0
XM_034453445.1	2618	2519	0	0
XM_034453446.1	2606	2507	0	0
XM_034453447.1	2603	2504	0	0
XM_034453448.1	2603	2504	0	0
XM_034453449.1	2600	2501	0	0
XM_034453450.1	2600	2501	0	0
XM_034453451.1	2561	2462	0	0
XM_034453452.1	2558	2459	0	0
XM_034453453.1	2510	2411	0	0
XM_034453454.1	2507	2408	0	0
XM_034453455.1	3799	3700	11	3.47842
XM_034453456.1	1594	1495	0	0
XM_034453457.1	8877	8778	1.67192	0.222849
XM_034453458.1	8868	8769	5.56922	0.74308
XM_034453459.1	3867	3768	28	8.69437
XM_034453460.1	3975	3876	6.45863	1.94961
XM_034453461.1	1762	1663	0	0
XM_034453462.1	774	675	0	0
XM_034453463.1	1836	1737	0	0
XM_034453464.1	1381	1282	0	0
XM_034453465.1	833	734	0	0
XM_034453466.1	993	894	0	0
XM_034453467.1	2574	2475	3.07673	1.45447
XM_034453468.1	2273	2174	1.70034	0.915095
XM_034453469.1	1186	1087	0	0
XM_034453470.1	1088	989	1	1.18303
XM_034453471.1	2726	2627	2.66633	1.18753
XM_034453472.1	2463	2364	1.13315	0.56083
XM_034453473.1	1353	1254	0	0
XM_034453474.1	2783	2684	0	0
XM_034453475.1	2645	2546	0	0
XM_034453476.1	2548	2449	1.70652	0.815292
XM_034453477.1	4077	3978	8.79684	2.58733
XM_034453478.1	4187	4088	0.00749144	0.0021441
XM_034453479.1	4157	4058	42.3458	12.2092
XM_034453480.1	4163	4064	205.647	59.2051
XM_034453481.1	1294	1195	0	0
XM_034453482.1	2723	2624	1.33367	0.59467
XM_034453483.1	1415	1316	12.0183	10.6851
XM_034453484.1	1208	1109	0.199386	0.210356
XM_034453485.1	1234	1135	0	0
XM_034453486.1	1205	1106	4.78228	5.05907
XM_034453487.1	4603	4504	19	4.93567
XM_034453488.1	1238	1139	0	0
XM_034453489.1	1555	1456	3.29348	2.64658
XM_034453490.1	1215	1116	0	0
XM_034453491.1	1095	996	0	0
XM_034453492.1	848	749	0	0
XM_034453493.1	1108	1009	0	0
XM_034453494.1	2227	2128	5	2.74909
XM_034453495.1	1196	1097	0	0
XM_034453496.1	1109	1010	15	17.3764
XM_034453497.1	3298	3199	0	0
XM_034453498.1	5154	5055	13.2238	3.06074
XM_034453499.1	3048	2949	0	0
XM_034453500.1	1435	1336	0	0
XM_034453501.1	1270	1171	7	6.9941
XM_034453502.1	1372	1273	0	0
XM_034453503.1	5712	5613	0	0
XM_034453504.1	5801	5702	0	0
XM_034453505.1	5703	5604	0	0
XM_034453506.1	5598	5499	15	3.19153
XM_034453507.1	1862	1763	0	0
XM_034453508.1	1652	1553	4.50181	3.39162
XM_034453509.1	1653	1554	4.49819	3.38671
XM_034453510.1	862	763	12.5791	19.2893
XM_034453511.1	1885	1786	3	1.96531
XM_034453512.1	2065	1966	0	0
XM_034453513.1	1434	1335	1.07012	0.937869
XM_034453514.1	1033	934	1.0858e-06	1.36018e-06
XM_034453515.1	1020	921	15	19.0556
XM_034453516.1	1151	1052	0	0
XM_034453517.1	2136	2037	0	0
XM_034453518.1	871	772	6.03974	9.15359
XM_034453519.1	935	836	8.31526	11.6375
XM_034453520.1	994	895	0	0
XM_034453521.1	4315	4216	1.18846	0.329819
XM_034453522.1	940	841	0.574884	0.799789
XM_034453523.1	1350	1251	0	0
XM_034453524.1	2272	2173	102.949	55.4309
XM_034453525.1	1679	1580	0	0
XM_034453526.1	601	502	14	32.6299
XM_034453527.1	839	740	0	0
XM_034453528.1	801	702	0	0
XM_034453529.1	4044	3945	0	0
XM_034453530.1	496	397	0	0
XM_034453531.1	364	265	0.0906287	0.400139
XM_034453532.1	2117	2018	0	0
XM_034453533.1	622	523	0	0
XM_034453534.1	528	429	0	0
XM_034453535.1	2217	2118	1.41772	0.78317
XM_034453536.1	1670	1571	5	3.72379
XM_034453537.1	2246	2147	2.05282	1.11869
XM_034453538.1	2217	2118	0	0
XM_034453539.1	1499	1400	1.01097	0.844891
XM_034453540.1	4245	4146	0	0
XM_034453541.1	767	668	0	0
XM_034453542.1	2290	2191	6.07226	3.24264
XM_034453543.1	882	783	0	0
XM_034453544.1	436	337	0	0
XM_034453545.1	1125	1026	0	0
XM_034453546.1	1773	1674	0	0
XM_034453547.1	1041	942	7	8.69437
XM_034453548.1	2114	2015	1.009	0.585878
XM_034453549.1	3569	3470	1.18639	0.400026
XM_034453550.1	853	754	0	0
XM_034453551.1	2748	2649	10.726	4.73747
XM_034453552.1	594	495	4	9.45465
XM_034453553.1	1651	1552	0	0
XM_034453554.1	1023	924	0	0
XM_034453555.1	974	875	0	0
XM_034453556.1	614	515	0	0
XM_034453557.1	509	410	0	0
XM_034453558.1	3054	2955	1	0.395944
XM_034453559.1	1023	924	0	0
XM_034453560.1	1245	1146	15	15.3143
XM_034453561.1	1218	1119	0	0
XM_034453562.1	441	342	0	0
XM_034453563.1	2780	2681	2	0.872819
XM_034453564.1	1691	1592	0	0
XM_034453565.1	315	216	0	0
XM_034453566.1	2899	2800	37	15.4609
XM_034453567.1	5623	5524	0	0
XM_034453568.1	585	486	0	0
XM_034453569.1	1240	1141	0	0
XM_034453570.1	483	384	0	0
XM_034453571.1	5410	5311	17	3.7451
XM_034453572.1	727	628	0	0
XM_034453573.1	2138	2039	0	0
XM_034453574.1	2774	2675	11.2353	4.91418
XM_034453575.1	2471	2372	0	0
XM_034453576.1	1507	1408	0	0
XM_034453577.1	351	252	0	0
XM_034453578.1	1785	1686	3	2.08187
XM_034453579.1	2439	2340	0	0
XM_034453580.1	2559	2460	0	0
XM_034453581.1	1080	981	0	0
XM_034453582.1	1039	940	1	1.2447
XM_034453583.1	4023	3924	0	0
XM_034453584.1	854	755	0	0
XM_034453585.1	1281	1182	3	2.96958
XM_034453586.1	430	331	0	0
XM_034453587.1	2316	2217	2	1.05549
XM_034453588.1	963	864	1	1.35418
XM_034453589.1	1828	1729	33	22.3311
XM_034453590.1	2652	2553	0	0
XM_034453591.1	1528	1429	3.19968	2.61978
XM_034453592.1	1935	1836	28	17.8433
XM_034453593.1	6687	6588	30	5.32793
XM_034453594.1	1747	1648	0	0
XM_034453595.1	2843	2744	28	11.9389
XM_034453596.1	1482	1383	1.49432	1.26419
XM_034453597.1	693	594	0	0
XM_034453598.1	687	588	4.50568	8.96548
XM_034453599.1	832	733	0	0
XM_034453600.1	982	883	1	1.32504
XM_034453601.1	678	579	2	4.0415
XM_034453602.1	1482	1383	0	0
XM_034453603.1	546	447	0	0
XM_034453604.1	399	300	0	0
XM_034453605.1	699	600	0	0
XM_034453606.1	2911	2812	0	0
XM_034453607.1	527	428	0	0
XM_034453608.1	565	466	0	0
XM_034453609.1	707	608	0	0
XM_034453610.1	1098	999	0	0
XM_034453611.1	631	532	0	0
XM_034453612.1	3954	3855	58	17.6033
XM_034453613.1	1231	1132	1	1.03358
XM_034453614.1	1231	1132	1	1.03358
XM_034453615.1	1487	1388	1	0.842949
XM_034453616.1	2261	2162	7	3.7882
XM_034453617.1	2703	2604	247.632	111.264
XM_034453618.1	2821	2722	0	0
XM_034453619.1	1663	1564	0	0
XM_034453620.1	2224	2125	5	2.75297
XM_034453621.1	3117	3018	4.63719	1.79774
XM_034453622.1	3116	3017	6.84036	2.65274
XM_034453623.1	2297	2198	33.6423	17.9081
XM_034453624.1	1200	1101	0.271828	0.288867
XM_034453625.1	1197	1098	6.67229	7.1099
XM_034453626.1	850	751	1	1.55794
XM_034453627.1	1619	1520	0	0
XM_034453628.1	1203	1104	21	22.2557
XM_034453629.1	2038	1939	25.3846	15.3174
XM_034453630.1	5143	5044	23	5.33511
XM_034453631.1	5103	5004	0	0
XM_034453632.1	695	596	0	0
XM_034453633.1	1277	1178	3.03754	3.01695
XM_034453634.1	2840	2741	9.04806	3.86222
XM_034453635.1	1086	987	96	113.801
XM_034453636.1	1395	1296	4.02573e-06	3.63438e-06
XM_034453637.1	1378	1279	21.4468	19.6193
XM_034453638.1	1139	1040	0	0
XM_034453639.1	1358	1259	6.5532	6.09002
XM_034453640.1	1713	1614	0	0
XM_034453641.1	1374	1275	0	0
XM_034453642.1	1332	1233	0	0
XM_034453643.1	1293	1194	2	1.95982
XM_034453644.1	1251	1152	0	0
XM_034453645.1	8245	8146	144.03	20.6871
XM_034453646.1	8272	8173	2.96991	0.42516
XM_034453647.1	6393	6294	0	0
XM_034453648.1	6384	6285	56.3304	10.4864
XM_034453649.1	6231	6132	0	0
XM_034453650.1	6222	6123	0	0
XM_034453651.1	1541	1442	4.9997	4.05667
XM_034453652.1	6135	6036	0.000729694	0.000141443
XM_034453653.1	6126	6027	235.669	45.7501
XM_034453654.1	6337	6238	0	0
XM_034453655.1	6298	6199	7.15722	1.35087
XM_034453656.1	6366	6267	0	0
XM_034453657.1	6279	6180	0	0
XM_034453658.1	6288	6189	0	0
XM_034453659.1	5270	5171	0	0
XM_034453660.1	6322	6223	0.0622261	0.0116994
XM_034453661.1	6310	6211	0	0
XM_034453662.1	6301	6202	0	0
XM_034453663.1	6295	6196	10.2107	1.92813
XM_034453664.1	6286	6187	56.1776	10.6237
XM_034453665.1	4060	3961	0	0
XM_034453666.1	4045	3946	7.38932e-05	2.19098e-05
XM_034453667.1	4965	4866	0	0
XM_034453668.1	4109	4010	0	0
XM_034453669.1	4009	3910	3.44766	1.03166
XM_034453670.1	4916	4817	5.94448	1.44387
XM_034453671.1	4129	4030	134	38.9037
XM_034453672.1	4259	4160	0	0
XM_034453673.1	2589	2490	0	0
XM_034453674.1	2583	2484	0	0
XM_034453675.1	2572	2473	0	0
XM_034453676.1	2461	2362	1	0.495349
XM_034453677.1	4123	4024	0	0
XM_034453678.1	4299	4200	12	3.3429
XM_034453679.1	5544	5445	60	12.8927
XM_034453680.1	2252	2153	0	0
XM_034453681.1	2210	2111	18	9.97643
XM_034453682.1	2719	2620	2.66371	1.18953
XM_034453683.1	6996	6897	0	0
XM_034453684.1	5189	5090	0	0
XM_034453685.1	2580	2481	0	0
XM_034453686.1	3730	3631	0	0
XM_034453687.1	2705	2606	0.00592602	0.0026606
XM_034453688.1	2693	2594	1.33036	0.600056
XM_034453689.1	3018	2919	2	0.801654
XM_034453690.1	2008	1909	0.000533701	0.000327102
XM_034453691.1	1994	1895	2.99947	1.85193
XM_034453692.1	1840	1741	1	0.672035
XM_034453693.1	2613	2514	10.2651	4.77738
XM_034453694.1	2384	2285	4.48371	2.29584
XM_034453695.1	856	757	20.1976	31.2173
XM_034453696.1	6417	6318	62	11.4816
XM_034453697.1	2392	2293	22	11.2256
XM_034453698.1	2100	2001	3.26554	1.90941
XM_034453699.1	1917	1818	4.2129	2.7113
XM_034453700.1	1546	1447	5.44155	4.39992
XM_034453701.1	1822	1723	1.78287	1.21067
XM_034453702.1	4557	4458	0.358618	0.0941201
XM_034453703.1	1844	1745	1	0.670495
XM_034453704.1	1426	1327	0	0
XM_034453705.1	3369	3270	18	6.44044
XM_034453706.1	1159	1060	42	46.359
XM_034453707.1	733	634	0	0
XM_034453708.1	660	561	0	0
XM_034453709.1	2291	2192	0	0
XM_034453710.1	2156	2057	0	0
XM_034453711.1	2156	2057	0	0
XM_034453712.1	619	520	0	0
XM_034453713.1	706	607	0	0
XM_034453714.1	892	793	0	0
XM_034453715.1	2117	2018	0	0
XM_034453716.1	2261	2162	0	0
XM_034453717.1	988	889	0	0
XM_034453718.1	1020	921	0	0
XM_034453719.1	3045	2946	0	0
XM_034453720.1	717	618	0	0
XM_034453721.1	2053	1954	3	1.79634
XM_034453722.1	1651	1552	4.34188	3.27323
XM_034453723.1	1831	1732	0	0
XM_034453724.1	2049	1950	90	54.0006
XM_034453725.1	1177	1078	0	0
XM_034453726.1	2964	2865	16	6.53411
XM_034453727.1	1713	1614	0	0
XM_034453728.1	2012	1913	0	0
XM_034453729.1	3003	2904	0	0
XM_034453730.1	3033	2934	0	0
XM_034453731.1	1443	1344	0	0
XM_034453732.1	3951	3852	3.32193	1.00901
XM_034453733.1	3945	3846	20.6781	6.29059
XM_034453734.1	1167	1068	8	8.76415
XM_034453735.1	841	742	4	6.30735
XM_034453736.1	703	604	1	1.93711
XM_034453737.1	1144	1045	0	0
XM_034453738.1	2693	2594	6	2.70628
XM_034453739.1	1137	1038	0	0
XM_034453740.1	1887	1788	0	0
XM_034453741.1	2952	2853	2.99997	1.23029
XM_034453742.1	3088	2989	0	0
XM_034453743.1	2981	2882	2.11379e-05	8.5814e-06
XM_034453744.1	3112	3013	0	0
XM_034453745.1	4523	4424	23	6.0828
XM_034453746.1	2056	1957	0.000735088	0.00043948
XM_034453747.1	2044	1945	0.999265	0.601107
XM_034453748.1	3098	2999	2.04005	0.795895
XM_034453749.1	2946	2847	12.9599	5.32607
XM_034453750.1	2523	2424	14	6.7575
XM_034453751.1	3044	2945	14	5.56203
XM_034453752.1	1350	1251	4	3.74105
XM_034453753.1	8662	8563	5.38792	0.736184
XM_034453754.1	429	330	13.6667	48.4551
XM_034453755.1	2914	2815	15.7103	6.52975
XM_034453756.1	3217	3118	10.2777	3.85666
XM_034453757.1	3114	3015	0	0
XM_034453758.1	2398	2299	0	0
XM_034453759.1	429	330	13.6667	48.4551
XM_034453760.1	1872	1773	0	0
XM_034453761.1	1824	1725	3.38587	2.29653
XM_034453762.1	2528	2429	2.08364	1.00366
XM_034453763.1	2595	2496	0	0
XM_034453764.1	3060	2961	10.4249	4.11931
XM_034453765.1	2131	2032	11.9433	6.87691
XM_034453766.1	2448	2349	0	0
XM_034453767.1	2052	1953	0	0
XM_034453768.1	429	330	13.6667	48.4551
XM_034453769.1	2048	1949	0	0
XM_034453770.1	2393	2294	0.705909	0.360036
XM_034453771.1	2386	2287	25.4455	13.0178
XM_034453772.1	2041	1942	76.9184	46.3417
XM_034453773.1	3633	3534	1	0.331073
XM_034453774.1	2182	2083	2	1.12339
XM_034453775.1	2269	2170	3	1.61753
XM_034453776.1	2074	1975	0	0
XM_034453777.1	2520	2421	0	0
XM_034453778.1	2281	2182	1.18607	0.635984
XM_034453779.1	5741	5642	39.3873	8.16796
XM_034453780.1	2076	1977	10.0698	5.95945
XM_034453781.1	1967	1868	5.86133	3.67122
XM_034453782.1	2525	2426	1	0.482281
XM_034453783.1	1533	1434	11	8.975
XM_034453784.1	5610	5511	0	0
XM_034453785.1	771	672	0	0
XM_034453786.1	5739	5640	22.0398	4.57215
XM_034453787.1	2050	1951	0	0
XM_034453788.1	3316	3217	0	0
XM_034453789.1	1052	953	0	0
XM_034453790.1	5580	5481	0	0
XM_034453791.1	2336	2237	43.7338	22.874
XM_034453792.1	770	671	0	0
XM_034453793.1	448	349	0	0
XM_034453794.1	5571	5472	22.4273	4.79537
XM_034453795.1	836	737	0	0
XM_034453796.1	430	331	0	0
XM_034453797.1	966	867	1	1.3495
XM_034453798.1	2374	2275	3.03738	1.5621
XM_034453799.1	1618	1519	0	0
XM_034453800.1	3166	3067	0	0
XM_034453801.1	3308	3209	1.06389	0.387898
XM_034453802.1	2014	1915	0.735714	0.449501
XM_034453803.1	1875	1776	0	0
XM_034453804.1	2010	1911	8.5487	5.23396
XM_034453805.1	1866	1767	0	0
XM_034453806.1	1862	1763	0	0
XM_034453807.1	3454	3355	8	2.7899
XM_034453808.1	1664	1565	0	0
XM_034453809.1	2933	2834	0	0
XM_034453810.1	2926	2827	0	0
XM_034453811.1	2930	2831	0	0
XM_034453812.1	1425	1326	0	0
XM_034453813.1	2903	2804	0	0
XM_034453814.1	2783	2684	0.711951	0.310355
XM_034453815.1	2775	2676	23.6119	10.3237
XM_034453816.1	3191	3092	0	0
XM_034453817.1	1625	1526	0	0
XM_034453818.1	1108	1009	0	0
XM_034453819.1	1253	1154	0	0
XM_034453820.1	1216	1117	0	0
XM_034453821.1	985	886	3	3.96167
XM_034453822.1	1625	1526	0.962617	0.738057
XM_034453823.1	496	397	1	2.94714
XM_034453824.1	2512	2413	5	2.4244
XM_034453825.1	1325	1226	14	13.3607
XM_034453826.1	2945	2846	1.12468	0.462367
XM_034453827.1	2942	2843	3.87532	1.59485
XM_034453828.1	2861	2762	4	1.69444
XM_034453829.1	4925	4826	0	0
XM_034453830.1	4835	4736	0	0
XM_034453831.1	4835	4736	0	0
XM_034453832.1	4835	4736	0	0
XM_034453833.1	4786	4687	0	0
XM_034453834.1	4835	4736	0	0
XM_034453835.1	1038	939	1	1.24602
XM_034453836.1	4835	4736	0	0
XM_034453837.1	4835	4736	0	0
XM_034453838.1	4832	4733	0	0
XM_034453839.1	4745	4646	0	0
XM_034453840.1	4745	4646	0	0
XM_034453841.1	4745	4646	0	0
XM_034453842.1	4745	4646	0	0
XM_034453843.1	4745	4646	0	0
XM_034453844.1	4742	4643	0	0
XM_034453845.1	4655	4556	0	0
XM_034453846.1	4655	4556	0	0
XM_034453847.1	4655	4556	0	0
XM_034453848.1	4565	4466	0	0
XM_034453849.1	4533	4434	0	0
XM_034453850.1	4475	4376	0	0
XM_034453851.1	7784	7685	0	0
XM_034453852.1	4385	4286	0	0
XM_034453853.1	2150	2051	0	0
XM_034453854.1	2108	2009	0	0
XM_034453855.1	2048	1949	26	15.6082
XM_034453856.1	7768	7669	0	0
XM_034453857.1	2984	2885	0	0
XM_034453858.1	3481	3382	10.1867	3.52414
XM_034453859.1	6470	6371	1.70447	0.313021
XM_034453860.1	3610	3511	11	3.66566
XM_034453861.1	4056	3957	10	2.95682
XM_034453862.1	2335	2236	0	0
XM_034453863.1	2202	2103	0	0
XM_034453864.1	2313	2214	0	0
XM_034453865.1	6482	6383	0.187486	0.0343664
XM_034453866.1	2141	2042	0	0
XM_034453867.1	2145	2046	0	0
XM_034453868.1	2101	2002	0	0
XM_034453869.1	1918	1819	0	0
XM_034453870.1	2020	1921	0	0
XM_034453871.1	1746	1647	0	0
XM_034453872.1	1750	1651	0	0
XM_034453873.1	1848	1749	0	0
XM_034453874.1	1852	1753	0	0
XM_034453875.1	1706	1607	0	0
XM_034453876.1	6485	6386	0.108042	0.019795
XM_034453877.1	1808	1709	0	0
XM_034453878.1	1402	1303	0	0
XM_034453879.1	2077	1978	0	0
XM_034453880.1	1553	1454	0	0
XM_034453881.1	1557	1458	0	0
XM_034453882.1	1129	1030	0	0
XM_034453883.1	3198	3099	0.0796558	0.0300737
XM_034453884.1	3180	3081	73.9203	28.0713
XM_034453885.1	2328	2229	0	0
XM_034453886.1	2271	2172	11	5.92548
XM_034453887.1	2278	2179	1	0.53695
XM_034453888.1	784	685	44	75.1541
XM_034453889.1	791	692	7	11.8354
XM_034453890.1	1269	1170	14	14.0002
XM_034453891.1	1714	1615	2.13402	1.54603
XM_034453892.1	2583	2484	10	4.7102
XM_034453893.1	6330	6231	0	0
XM_034453894.1	6411	6312	0	0
XM_034453895.1	5598	5499	0	0
XM_034453896.1	5845	5746	0	0
XM_034453897.1	5174	5075	27.9993	6.45508
XM_034453898.1	5030	4931	0.000711475	0.000168817
XM_034453899.1	1893	1794	0	0
XM_034453900.1	1749	1650	0	0
XM_034453901.1	1445	1346	0	0
XM_034453902.1	2828	2729	0	0
XM_034453903.1	3552	3453	0.000681466	0.000230908
XM_034453904.1	3522	3423	18.9993	6.49414
XM_034453905.1	3376	3277	0	0
XM_034453906.1	3290	3191	7.61438e-07	2.79189e-07
XM_034453907.1	3244	3145	19	7.06844
XM_034453908.1	2615	2516	0	0
XM_034453909.1	2518	2419	0	0
XM_034453910.1	3120	3021	0.0185951	0.00720176
XM_034453911.1	3108	3009	1.9814	0.770445
XM_034453912.1	3430	3331	25	8.78125
XM_034453913.1	2562	2463	0	0
XM_034453914.1	3235	3136	11	4.104
XM_034453915.1	1907	1808	0	0
XM_034453916.1	1814	1715	6	4.09334
XM_034453917.1	2982	2883	6.49842	2.63727
XM_034453918.1	3028	2929	5.63239	2.24991
XM_034453919.1	3023	2924	41.7891	16.7215
XM_034453920.1	2519	2420	7.86624	3.80314
XM_034453921.1	2223	2124	0	0
XM_034453922.1	1500	1401	2.72737	2.2777
XM_034453923.1	1500	1401	2.72737	2.2777
XM_034453924.1	7631	7532	0	0
XM_034453925.1	7493	7394	0	0
XM_034453926.1	7410	7311	0	0
XM_034453927.1	7347	7248	3.40457e-08	5.49585e-09
XM_034453928.1	7341	7242	8.99391e-08	1.45305e-08
XM_034453929.1	7708	7609	0	0
XM_034453930.1	7411	7312	0	0
XM_034453931.1	7405	7306	16.3763	2.62256
XM_034453932.1	7393	7294	112.624	18.0657
XM_034453933.1	7288	7189	0	0
XM_034453934.1	7504	7405	0	0
XM_034453935.1	7444	7345	0	0
XM_034453936.1	7443	7344	0	0
XM_034453937.1	2278	2179	0	0
XM_034453938.1	3137	3038	4	1.5405
XM_034453939.1	669	570	13	26.6845
XM_034453940.1	679	580	0	0
XM_034453941.1	1293	1194	0	0
XM_034453942.1	4127	4028	69.1655	20.0905
XM_034453943.1	1965	1866	0	0
XM_034453944.1	1854	1755	29	19.3336
XM_034453945.1	1829	1730	0	0
XM_034453946.1	1359	1260	2	1.85716
XM_034453947.1	1323	1224	0	0
XM_034453948.1	1359	1260	2	1.85716
XM_034453949.1	1321	1222	0	0
XM_034453950.1	5422	5323	1.03762	0.228073
XM_034453951.1	5246	5147	2.01306	0.457608
XM_034453952.1	2428	2329	0	0
XM_034453953.1	2678	2579	0	0
XM_034453954.1	770	671	0	0
XM_034453955.1	1832	1733	0	0
XM_034453956.1	1875	1776	0	0
XM_034453957.1	1852	1753	0	0
XM_034453958.1	1953	1854	2	1.26215
XM_034453959.1	1913	1814	0	0
XM_034453960.1	1866	1767	0	0
XM_034453961.1	1823	1724	0	0
XM_034453962.1	1207	1108	1	1.05597
XM_034453963.1	1397	1298	0	0
XM_034453964.1	1317	1218	0	0
XM_034453965.1	2371	2272	7	3.60479
XM_034453966.1	2143	2044	0	0
XM_034453967.1	4577	4478	1	0.26128
XM_034453968.1	1698	1599	13.2117	9.66723
XM_034453969.1	1384	1285	2	1.82103
XM_034453970.1	611	512	0	0
XM_034453971.1	7174	7075	0.000583126	9.64332e-05
XM_034453972.1	7141	7042	0.140426	0.0233316
XM_034453973.1	7141	7042	0.140426	0.0233316
XM_034453974.1	5961	5862	18.8566	3.76365
XM_034453975.1	1900	1801	0	0
XM_034453976.1	5297	5198	33.2859	7.4923
XM_034453977.1	693	594	25	49.243
XM_034453978.1	927	828	2.61418e-06	3.694e-06
XM_034453979.1	1107	1008	0	0
XM_034453980.1	916	817	17	24.3454
XM_034453981.1	2318	2219	70.8951	37.3809
XM_034453982.1	2026	1927	2	1.21434
XM_034453983.1	2652	2553	0.0080406	0.00368492
XM_034453984.1	2640	2541	2.02033	0.930268
XM_034453985.1	2772	2673	0	0
XM_034453986.1	2637	2538	8.07656	3.72328
XM_034453987.1	1273	1174	4.38484	4.36995
XM_034453988.1	1274	1175	1.61516	1.6083
XM_034453989.1	2752	2653	6	2.64609
XM_034453990.1	2724	2625	3	1.33716
XM_034453991.1	8320	8221	0.618327	0.0880004
XM_034453992.1	2401	2302	3	1.52478
XM_034453993.1	3840	3741	0	0
XM_034453994.1	3837	3738	0	0
XM_034453995.1	3834	3735	0	0
XM_034453996.1	8297	8198	16.5367	2.3601
XM_034453997.1	3828	3729	0	0
XM_034453998.1	3741	3642	0	0
XM_034453999.1	3729	3630	0	0
XM_034454000.1	3729	3630	0	0
XM_034454001.1	3564	3465	0	0
XM_034454002.1	3482	3383	8.26766	2.85938
XM_034454003.1	1326	1227	1.73234	1.65188
XM_034454004.1	1241	1142	0	0
XM_034454005.1	8287	8188	69.22	9.8911
XM_034454006.1	1223	1124	0	0
XM_034454007.1	1193	1094	0	0
XM_034454008.1	1173	1074	0	0
XM_034454009.1	1779	1680	0	0
XM_034454010.1	1773	1674	0	0
XM_034454011.1	1793	1694	0	0
XM_034454012.1	7650	7551	7.92463e-08	1.22791e-08
XM_034454013.1	3662	3563	2.75698	0.905334
XM_034454014.1	2839	2740	53	22.6316
XM_034454015.1	2311	2212	0	0
XM_034454016.1	7703	7604	0	0
XM_034454017.1	1735	1636	0	0
XM_034454018.1	1706	1607	3	2.18422
XM_034454019.1	1238	1139	0	0
XM_034454020.1	1276	1177	0	0
XM_034454021.1	3526	3427	0	0
XM_034454022.1	3520	3421	0	0
XM_034454023.1	3520	3421	0	0
XM_034454024.1	3508	3409	0	0
XM_034454025.1	3502	3403	0	0
XM_034454026.1	3502	3403	0	0
XM_034454027.1	3496	3397	0	0
XM_034454028.1	3342	3243	10.1451	3.66017
XM_034454029.1	2743	2644	1.13817	0.503659
XM_034454030.1	3018	2919	0	0
XM_034454031.1	1696	1597	0	0
XM_034454032.1	2017	1918	48.983	29.8805
XM_034454033.1	3564	3465	3.47512e-05	1.17343e-05
XM_034454034.1	3549	3450	124	42.0526
XM_034454035.1	3926	3827	3	0.917178
XM_034454036.1	4055	3956	2	0.591513
XM_034454037.1	1520	1421	1	0.823373
XM_034454038.1	6138	6039	16	3.09989
XM_034454039.1	4124	4025	1	0.290687
XM_034454040.1	1666	1567	0	0
XM_034454041.1	2098	1999	0	0
XM_034454042.1	1280	1181	0	0
XM_034454043.1	1643	1544	2.00611	1.52019
XM_034454044.1	1416	1317	0	0
XM_034454045.1	818	719	0	0
XM_034454046.1	2515	2416	0	0
XM_034454047.1	2452	2353	0	0
XM_034454048.1	2371	2272	0	0
XM_034454049.1	2290	2191	0	0
XM_034454050.1	2209	2110	0	0
XM_034454051.1	2209	2110	0	0
XM_034454052.1	2128	2029	4.50996	2.60065
XM_034454053.1	2055	1956	0	0
XM_034454054.1	1980	1881	0	0
XM_034454055.1	18334	18235	7.55201e-05	4.8456e-06
XM_034454056.1	18370	18271	7.47015e-06	4.78363e-07
XM_034454057.1	18313	18214	0.000291792	1.87438e-05
XM_034454058.1	18313	18214	0.000291792	1.87438e-05
XM_034454059.1	18313	18214	47.9075	3.07744
XM_034454060.1	18301	18202	0.000632138	4.06334e-05
XM_034454061.1	18301	18202	0.000632138	4.06334e-05
XM_034454062.1	18295	18196	0.000930603	5.98383e-05
XM_034454063.1	18289	18190	0.00137016	8.81313e-05
XM_034454064.1	18202	18103	8.173e-05	5.28229e-06
XM_034454065.1	18127	18028	49.437	3.20845
XM_034454066.1	17019	16920	0	0
XM_034454067.1	16938	16839	0	0
XM_034454068.1	16651	16552	0	0
XM_034454069.1	16713	16614	0	0
XM_034454070.1	2036	1937	0	0
XM_034454071.1	16491	16392	1.83923e-06	1.31279e-07
XM_034454072.1	16506	16407	6.29046e-07	4.48584e-08
XM_034454073.1	17269	17170	0	0
XM_034454074.1	16257	16158	38.8373	2.81224
XM_034454075.1	16972	16873	4.2303e-07	2.93339e-08
XM_034454076.1	6983	6884	4	0.679845
XM_034454077.1	3768	3669	4.74578	1.51339
XM_034454078.1	2834	2735	3	1.28338
XM_034454079.1	4057	3958	0	0
XM_034454080.1	3577	3478	0	0
XM_034454081.1	2698	2599	0	0
XM_034454082.1	2558	2459	0	0
XM_034454083.1	2523	2424	0	0
XM_034454084.1	3399	3300	6.72589	2.38466
XM_034454085.1	2816	2717	0	0
XM_034454086.1	2560	2461	0	0
XM_034454087.1	1667	1568	0	0
XM_034454088.1	3301	3202	0	0
XM_034454089.1	1480	1381	0	0
XM_034454090.1	1057	958	0	0
XM_034454091.1	1842	1743	2.3614	1.58512
XM_034454092.1	3126	3027	5.15272	1.99166
XM_034454093.1	2519	2420	0	0
XM_034454094.1	3720	3621	0	0
XM_034454095.1	3717	3618	0	0
XM_034454096.1	3698	3599	0	0
XM_034454097.1	3694	3595	0	0
XM_034454098.1	2765	2666	7.99983	3.51085
XM_034454099.1	3734	3635	0.0038795	0.00124871
XM_034454100.1	3708	3609	17.6052	5.7075
XM_034454101.1	3813	3714	0	0
XM_034454102.1	3436	3337	0	0
XM_034454103.1	3677	3578	0	0
XM_034454104.1	2981	2882	1.01948	0.413883
XM_034454105.1	2030	1931	0	0
XM_034454106.1	1292	1193	77.3504	75.86
XM_034454107.1	3244	3145	0	0
XM_034454108.1	2790	2691	0.00014069	6.11703e-05
XM_034454109.1	3253	3154	0	0
XM_034454110.1	2154	2055	0	0
XM_034454111.1	3344	3245	0	0
XM_034454112.1	3281	3182	0	0
XM_034454113.1	3240	3141	0	0
XM_034454114.1	3251	3152	1.55755	0.578156
XM_034454115.1	2989	2890	1.57946	0.639444
XM_034454116.1	2991	2892	0.701595	0.283843
XM_034454117.1	3288	3189	1.76731e-06	6.48409e-07
XM_034454118.1	2482	2383	0	0
XM_034454119.1	1970	1871	0	0
XM_034454120.1	2385	2286	0	0
XM_034454121.1	1966	1867	0	0
XM_034454122.1	3800	3701	1.76643	0.55843
XM_034454123.1	3800	3701	1.76643	0.55843
XM_034454124.1	1559	1460	0	0
XM_034454125.1	1256	1157	1	1.01125
XM_034454126.1	2285	2186	0	0
XM_034454127.1	935	836	1	1.39954
XM_034454128.1	1054	955	3.06775e-08	3.75844e-08
XM_034454129.1	1130	1031	0	0
XM_034454130.1	3240	3141	21	7.82244
XM_034454131.1	899	800	0	0
XM_034454132.1	596	497	0	0
XM_034454133.1	2125	2026	3.60352	2.08103
XM_034454134.1	608	509	0	0
XM_034454135.1	2308	2209	37.1587	19.6814
XM_034454136.1	2382	2283	30.5245	15.6435
XM_034454137.1	3439	3340	5	1.75152
XM_034454138.1	3723	3624	13	4.19707
XM_034454139.1	3608	3509	0	0
XM_034454140.1	3602	3503	0	0
XM_034454141.1	3623	3524	0	0
XM_034454142.1	2359	2260	0	0
XM_034454143.1	2332	2233	0	0
XM_034454144.1	5178	5079	0	0
XM_034454145.1	3834	3735	0	0
XM_034454146.1	4720	4621	38	9.6214
XM_034454147.1	5765	5666	0	0
XM_034454148.1	11840	11741	72	7.17494
XM_034454149.1	11215	11116	0	0
XM_034454150.1	568	469	0	0
XM_034454151.1	581	482	0	0
XM_034454152.1	317	218	0	0
XM_034454153.1	474	375	0	0
XM_034454154.1	1760	1661	143.823	101.31
XM_034454155.1	873	774	0	0
XM_034454156.1	870	771	0	0
XM_034454157.1	3079	2980	6	2.35573
XM_034454158.1	871	772	17.238	26.1253
XM_034454159.1	854	755	0	0
XM_034454160.1	987	888	1	1.31758
XM_034454161.1	1054	955	0	0
XM_034454162.1	9191	9092	0	0
XM_034454163.1	7613	7514	0	0
XM_034454164.1	7632	7533	0	0
XM_034454165.1	9211	9112	0	0
XM_034454166.1	9146	9047	0	0
XM_034454167.1	3481	3382	6.12834	2.12012
XM_034454168.1	7583	7484	18	2.81404
XM_034454169.1	1503	1404	0	0
XM_034454170.1	1466	1367	0	0
XM_034454171.1	1038	939	0	0
XM_034454172.1	1130	1031	0.00665308	0.00755014
XM_034454173.1	4009	3910	96	28.7267
XM_034454174.1	3843	3744	0	0
XM_034454175.1	3873	3774	2	0.620039
XM_034454176.1	6184	6085	9.2577	1.78006
XM_034454177.1	6758	6659	5.12426e-05	9.00353e-06
XM_034454178.1	5855	5756	5.35647	1.0888
XM_034454179.1	6695	6596	3.56621	0.632582
XM_034454180.1	2527	2428	3	1.44565
XM_034454181.1	3360	3261	0	0
XM_034454182.1	2360	2261	0.392542	0.203131
XM_034454183.1	5492	5393	0	0
XM_034454184.1	5465	5366	0	0
XM_034454185.1	5366	5267	0	0
XM_034454186.1	5339	5240	0	0
XM_034454187.1	3847	3748	0.00927495	0.00289536
XM_034454188.1	5880	5781	0	0
XM_034454189.1	5278	5179	0.001539	0.000347683
XM_034454190.1	5244	5145	3.48853	0.793319
XM_034454191.1	5373	5274	0	0
XM_034454192.1	5395	5296	0	0
XM_034454193.1	5913	5814	0	0
XM_034454194.1	5775	5676	0	0
XM_034454195.1	7546	7447	228.132	35.8422
XM_034454196.1	4924	4825	0	0
XM_034454197.1	5426	5327	0	0
XM_034454198.1	3822	3723	23.8062	7.48149
XM_034454199.1	3680	3581	7	2.2871
XM_034454200.1	3509	3410	0	0
XM_034454201.1	3923	3824	38.5077	11.782
XM_034454202.1	1813	1714	0	0
XM_034454203.1	1300	1201	17.8225	17.3627
XM_034454204.1	1173	1074	0.520302	0.566816
XM_034454205.1	1173	1074	0.520302	0.566816
XM_034454206.1	1011	912	0	0
XM_034454207.1	1851	1752	28.2684	18.8781
XM_034454208.1	1023	924	0	0
XM_034454209.1	3821	3722	32.6243	10.2555
XM_034454210.1	1181	1082	0	0
XM_034454211.1	1244	1145	0	0
XM_034454212.1	1005	906	0	0
XM_034454213.1	684	585	0	0
XM_034454214.1	673	574	0	0
XM_034454215.1	410	311	1	3.7621
XM_034454216.1	3839	3740	0	0
XM_034454217.1	1955	1856	0.00148765	0.000937806
XM_034454218.1	1944	1845	1	0.634154
XM_034454219.1	2064	1965	0	0
XM_034454220.1	1229	1130	0	0
XM_034454221.1	1943	1844	2.99851	1.90255
XM_034454222.1	2177	2078	2	1.1261
XM_034454223.1	2478	2379	13	6.39352
XM_034454224.1	3112	3013	95	36.8906
XM_034454225.1	1475	1376	0	0
XM_034454226.1	1491	1392	0	0
XM_034454227.1	1977	1878	1	0.62301
XM_034454228.1	2927	2828	4	1.6549
XM_034454229.1	6754	6655	0	0
XM_034454230.1	6748	6649	0	0
XM_034454231.1	6738	6639	0.0653274	0.0115129
XM_034454232.1	6737	6638	0	0
XM_034454233.1	6734	6635	0	0
XM_034454234.1	6717	6618	0	0
XM_034454235.1	6701	6602	45.9347	8.14059
XM_034454236.1	3348	3249	0	0
XM_034454237.1	2400	2301	0	0
XM_034454238.1	3307	3208	0	0
XM_034454239.1	3291	3192	0.63201	0.231661
XM_034454240.1	2580	2481	0	0
XM_034454241.1	3285	3186	5.74375	2.10931
XM_034454242.1	2463	2364	0	0
XM_034454243.1	2911	2812	11.5648	4.81187
XM_034454244.1	925	826	0	0
XM_034454245.1	2280	2181	71	38.0885
XM_034454246.1	2711	2612	0	0
XM_034454247.1	2702	2603	13	5.84332
XM_034454248.1	1528	1429	0	0
XM_034454249.1	2570	2471	0	0
XM_034454250.1	3240	3141	14	5.21496
XM_034454251.1	3238	3139	0	0
XM_034454252.1	2749	2650	69.57	30.7162
XM_034454253.1	2722	2623	2	0.892118
XM_034454254.1	1714	1615	6.72349	4.87094
XM_034454255.1	2875	2776	0.0405721	0.0171001
XM_034454256.1	2860	2761	23.354	9.89659
XM_034454257.1	2865	2766	2.79675	1.18302
XM_034454258.1	1994	1895	4	2.46969
XM_034454259.1	3045	2946	0	0
XM_034454260.1	3030	2931	0	0
XM_034454261.1	2168	2069	4.44749	2.51504
XM_034454262.1	3027	2928	0	0
XM_034454263.1	3027	2928	0	0
XM_034454264.1	2845	2746	44	18.7475
XM_034454265.1	2978	2879	0	0
XM_034454266.1	2264	2165	0	0
XM_034454267.1	2974	2875	0	0
XM_034454268.1	2400	2301	0	0
XM_034454269.1	2260	2161	0	0
XM_034454270.1	2166	2067	13.829	7.82784
XM_034454271.1	2464	2365	0	0
XM_034454272.1	2368	2269	32	16.5009
XM_034454273.1	2282	2183	0	0
XM_034454274.1	2558	2459	104	49.4841
XM_034454275.1	2380	2281	0.0498722	0.0255814
XM_034454276.1	2063	1964	4	2.38292
XM_034454277.1	3334	3235	10.175	3.68002
XM_034454278.1	1709	1610	1	0.726716
XM_034454279.1	2539	2440	1.28818e-08	6.17701e-09
XM_034454280.1	1924	1825	57.7023	36.9932
XM_034454281.1	2262	2163	166.298	89.954
XM_034454282.1	791	692	0	0
XM_034454283.1	1549	1450	0	0
XM_034454284.1	1387	1288	0	0
XM_034454285.1	1443	1344	0	0
XM_034454286.1	1403	1304	0	0
XM_034454287.1	1529	1430	0	0
XM_034454288.1	1208	1109	0	0
XM_034454289.1	1314	1215	19	18.2965
XM_034454290.1	2112	2013	0	0
XM_034454291.1	1136	1037	0.0323467	0.0364958
XM_034454292.1	1156	1057	0	0
XM_034454293.1	1133	1034	0.967653	1.09494
XM_034454294.1	3315	3216	0	0
XM_034454295.1	1847	1748	11	7.36278
XM_034454296.1	1506	1407	0	0
XM_034454297.1	3289	3190	30.0201	11.0107
XM_034454298.1	2039	1940	0	0
XM_034454299.1	748	649	1	1.80279
XM_034454300.1	1601	1502	0	0
XM_034454301.1	2418	2319	10	5.04534
XM_034454302.1	2543	2444	10	4.78729
XM_034454303.1	1543	1444	3.5	2.8359
XM_034454304.1	1560	1461	3.81665e-06	3.05649e-06
XM_034454305.1	1543	1444	3.5	2.8359
XM_034454306.1	2972	2873	1	0.407244
XM_034454307.1	1112	1013	5.262e-07	6.0776e-07
XM_034454308.1	1099	1000	2	2.34003
XM_034454309.1	1133	1034	0	0
XM_034454310.1	3517	3418	87	29.7809
XM_034454311.1	1268	1169	14	14.0121
XM_034454312.1	2844	2745	27	11.5083
XM_034454313.1	3523	3424	46	15.7186
XM_034454314.1	2432	2333	0	0
XM_034454315.1	5022	4923	0	0
XM_034454316.1	4373	4274	0	0
XM_034454317.1	5016	4917	0	0
XM_034454318.1	4997	4898	0	0
XM_034454319.1	4970	4871	0	0
XM_034454320.1	4812	4713	7.3172e-08	1.81651e-08
XM_034454321.1	4806	4707	3.2606e-07	8.10482e-08
XM_034454322.1	4736	4637	14	3.5325
XM_034454323.1	4652	4553	39	10.0221
XM_034454324.1	3736	3637	0	0
XM_034454325.1	1006	907	15	19.3497
XM_034454326.1	3420	3321	2	0.704615
XM_034454327.1	4740	4641	1	0.252104
XM_034454328.1	3517	3418	37.8927	12.971
XM_034454329.1	4249	4150	0	0
XM_034454330.1	3626	3527	0	0
XM_034454331.1	3640	3541	0	0
XM_034454332.1	3657	3558	0	0
XM_034454333.1	3358	3259	0	0
XM_034454334.1	3498	3399	0	0
XM_034454335.1	3012	2913	0	0
XM_034454336.1	3258	3159	7.1445	2.64614
XM_034454337.1	2872	2773	0	0
XM_034454338.1	4410	4311	0	0
XM_034454339.1	4767	4668	0	0
XM_034454340.1	4702	4603	0	0
XM_034454341.1	4754	4655	0	0
XM_034454342.1	4160	4061	0	0
XM_034454343.1	3876	3777	12	3.71728
XM_034454344.1	2267	2168	0	0
XM_034454345.1	3423	3324	0	0
XM_034454346.1	4197	4098	0	0
XM_034454347.1	3477	3378	0	0
XM_034454348.1	1444	1345	0	0
XM_034454349.1	1489	1390	2.80232	2.35882
XM_034454350.1	786	687	0	0
XM_034454351.1	2462	2363	5	2.47569
XM_034454352.1	4763	4664	0	0
XM_034454353.1	893	794	0	0
XM_034454354.1	5329	5230	4.60996	1.0313
XM_034454355.1	1870	1771	0	0
XM_034454356.1	1805	1706	0	0
XM_034454357.1	1943	1844	0.000118495	7.5185e-05
XM_034454358.1	2489	2390	0	0
XM_034454359.1	4370	4271	0	0
XM_034454360.1	2333	2234	0	0
XM_034454361.1	1922	1823	81.0017	51.9875
XM_034454362.1	1843	1744	5	3.3544
XM_034454363.1	4349	4250	0	0
XM_034454364.1	791	692	0	0
XM_034454365.1	5770	5671	16	3.30104
XM_034454366.1	3160	3061	13	4.96902
XM_034454367.1	2305	2206	0	0
XM_034454368.1	2342	2243	0	0
XM_034454369.1	5050	4951	40	9.45274
XM_034454370.1	2275	2176	0	0
XM_034454371.1	2195	2096	0	0
XM_034454372.1	2193	2094	0	0
XM_034454373.1	2171	2072	0	0
XM_034454374.1	2323	2224	0	0
XM_034454375.1	2119	2020	18.9675	10.9863
XM_034454376.1	3096	2997	0	0
XM_034454377.1	2130	2031	0.0324659	0.0187029
XM_034454378.1	2209	2110	0	0
XM_034454379.1	4200	4101	4	1.1412
XM_034454380.1	5044	4945	0	0
XM_034454381.1	5185	5086	0	0
XM_034454382.1	4899	4800	0	0
XM_034454383.1	760	661	0	0
XM_034454384.1	3097	2998	0	0
XM_034454385.1	3683	3584	0	0
XM_034454386.1	3614	3515	0	0
XM_034454387.1	1170	1071	0	0
XM_034454388.1	2944	2845	0	0
XM_034454389.1	5415	5316	0	0
XM_034454390.1	3487	3388	0	0
XM_034454391.1	5338	5239	0	0
XM_034454392.1	2515	2416	8	3.87422
XM_034454393.1	1776	1677	1	0.697682
XM_034454394.1	3881	3782	23	7.11536
XM_034454395.1	6003	5904	0	0
XM_034454396.1	1887	1788	0	0
XM_034454397.1	2291	2192	2	1.06753
XM_034454398.1	1129	1030	0	0
XM_034454399.1	2267	2168	4	2.1587
XM_034454400.1	2270	2171	0	0
XM_034454401.1	1547	1448	0	0
XM_034454402.1	3377	3278	1	0.356929
XM_034454403.1	2343	2244	2	1.04279
XM_034454404.1	3131	3032	0	0
XM_034454405.1	2227	2128	1	0.549818
XM_034454406.1	2349	2250	5	2.60003
XM_034454407.1	947	848	2	2.75947
XM_034454408.1	2135	2036	3	1.72399
XM_034454409.1	2246	2147	0	0
XM_034454410.1	3214	3115	0.00118605	0.000445487
XM_034454411.1	2214	2115	0	0
XM_034454412.1	1578	1479	0.0372794	0.0294912
XM_034454413.1	1569	1470	47.9627	38.1748
XM_034454414.1	5587	5488	0	0
XM_034454415.1	5554	5455	0	0
XM_034454416.1	5548	5449	0	0
XM_034454417.1	5515	5416	0	0
XM_034454418.1	4599	4500	0	0
XM_034454419.1	4353	4254	0	0
XM_034454420.1	4270	4171	0	0
XM_034454421.1	4186	4087	0	0
XM_034454422.1	5343	5244	21	4.68541
XM_034454423.1	5067	4968	0	0
XM_034454424.1	5039	4940	9.96795	2.36086
XM_034454425.1	4999	4900	0	0
XM_034454426.1	4942	4843	0	0
XM_034454427.1	5591	5492	0.00138609	0.000295292
XM_034454428.1	1796	1697	0	0
XM_034454429.1	1725	1626	0	0
XM_034454430.1	1793	1694	0	0
XM_034454431.1	1303	1204	0	0
XM_034454432.1	1697	1598	1.99498	1.46067
XM_034454433.1	1689	1590	2.00502	1.47541
XM_034454434.1	1681	1582	0	0
XM_034454435.1	1751	1652	0	0
XM_034454436.1	1336	1237	0	0
XM_034454437.1	1709	1610	1	0.726716
XM_034454438.1	3805	3706	0	0
XM_034454439.1	4045	3946	0	0
XM_034454440.1	3769	3670	0	0
XM_034454441.1	3789	3690	0	0
XM_034454442.1	3798	3699	0	0
XM_034454443.1	3846	3747	0	0
XM_034454444.1	3733	3634	0	0
XM_034454445.1	4439	4340	3.46113	0.933081
XM_034454446.1	2200	2101	1.84589	1.02795
XM_034454447.1	2749	2650	0	0
XM_034454448.1	3021	2922	0	0
XM_034454449.1	2473	2374	2.09853	1.03425
XM_034454450.1	2447	2348	0	0
XM_034454451.1	2574	2475	0	0
XM_034454452.1	2583	2484	0	0
XM_034454453.1	2503	2404	0	0
XM_034454454.1	2141	2042	4.51157e-08	2.58501e-08
XM_034454455.1	3335	3236	0	0
XM_034454456.1	4442	4343	1.53887	0.414574
XM_034454457.1	2108	2009	9	5.24147
XM_034454458.1	1986	1887	19.7058	12.2184
XM_034454459.1	2311	2212	44.5347	23.5561
XM_034454460.1	1512	1413	6.59863	5.4639
XM_034454461.1	2129	2030	8.91786	5.13991
XM_034454462.1	1965	1866	0	0
XM_034454463.1	1202	1103	0	0
XM_034454464.1	2247	2148	4	2.1788
XM_034454465.1	1046	947	1.33956	1.65502
XM_034454466.1	776	677	0	0
XM_034454467.1	1073	974	0	0
XM_034454468.1	2420	2321	3.54713	1.7881
XM_034454469.1	513	414	0	0
XM_034454470.1	1244	1145	5.85737	5.98532
XM_034454471.1	1097	998	0	0
XM_034454472.1	1066	967	2.66044	3.21898
XM_034454473.1	3544	3445	13	4.41514
XM_034454474.1	3329	3230	0	0
XM_034454475.1	3439	3340	0	0
XM_034454476.1	1244	1145	5.85737	5.98532
XM_034454477.1	3046	2947	0	0
XM_034454478.1	3044	2945	0	0
XM_034454479.1	2029	1930	0	0
XM_034454480.1	1903	1804	1	0.648566
XM_034454481.1	1889	1790	0	0
XM_034454482.1	1656	1557	2	1.50291
XM_034454483.1	2330	2231	0	0
XM_034454484.1	1777	1678	0	0
XM_034454485.1	1479	1380	0	0
XM_034454486.1	3647	3548	1.44765	0.477387
XM_034454487.1	1973	1874	0.0010017	0.000625399
XM_034454488.1	1816	1717	0	0
XM_034454489.1	1962	1863	0.999499	0.627712
XM_034454490.1	1962	1863	0.999499	0.627712
XM_034454491.1	5258	5159	0	0
XM_034454492.1	5125	5026	0	0
XM_034454493.1	5131	5032	0.196418	0.04567
XM_034454494.1	5131	5032	16.8664	3.92169
XM_034454495.1	777	678	22	37.965
XM_034454496.1	1946	1847	1	0.633467
XM_034454497.1	1931	1832	2	1.27731
XM_034454498.1	2017	1918	4	2.44007
XM_034454499.1	2168	2069	0	0
XM_034454500.1	1924	1825	3.08084e-08	1.97514e-08
XM_034454501.1	1985	1886	40.4753	25.1096
XM_034454502.1	2115	2016	0	0
XM_034454503.1	1992	1893	0.524711	0.32431
XM_034454504.1	1923	1824	0	0
XM_034454505.1	598	499	0	0
XM_034454506.1	1026	927	2	2.5243
XM_034454507.1	4173	4074	1	0.28719
XM_034454508.1	1342	1243	0	0
XM_034454509.1	2381	2282	1.22093e-06	6.2599e-07
XM_034454510.1	3414	3315	23.7627	8.38694
XM_034454511.1	1823	1724	0	0
XM_034454512.1	1105	1006	0	0
XM_034454513.1	1101	1002	31	36.198
XM_034454514.1	1145	1046	0	0
XM_034454515.1	1166	1067	0	0
XM_034454516.1	662	563	7.31833	15.2088
XM_034454517.1	3049	2950	28.8269	11.4332
XM_034454518.1	6800	6701	12.1731	2.12546
XM_034454519.1	3519	3420	0	0
XM_034454520.1	3478	3379	0	0
XM_034454521.1	3456	3357	0	0
XM_034454522.1	3453	3354	0	0
XM_034454523.1	3510	3411	0	0
XM_034454524.1	3475	3376	0	0
XM_034454525.1	3511	3412	0	0
XM_034454526.1	3428	3329	0	0
XM_034454527.1	3510	3411	0	0
XM_034454528.1	3874	3775	1.56116	0.483863
XM_034454529.1	3508	3409	0	0
XM_034454530.1	3513	3414	0	0
XM_034454531.1	3455	3356	0	0
XM_034454532.1	3414	3315	0	0
XM_034454533.1	3499	3400	0	0
XM_034454534.1	3464	3365	0	0
XM_034454535.1	3499	3400	0	0
XM_034454536.1	4170	4071	5.03475	1.447
XM_034454537.1	3770	3671	6	1.91231
XM_034454538.1	4229	4130	2.35483e-07	6.67116e-08
XM_034454539.1	2549	2450	3	1.43267
XM_034454540.1	1273	1174	0	0
XM_034454541.1	2931	2832	5	2.0657
XM_034454542.1	3818	3719	1.44653e-06	4.55084e-07
XM_034454543.1	2506	2407	0	0
XM_034454544.1	1085	986	13.7655	16.3345
XM_034454545.1	3866	3767	0	0
XM_034454546.1	3799	3700	10	3.1622
XM_034454547.1	4091	3992	0	0
XM_034454548.1	3851	3752	0	0
XM_034454549.1	3675	3576	0	0
XM_034454550.1	3817	3718	1.98301e-06	6.24031e-07
XM_034454551.1	2214	2115	0	0
XM_034454552.1	2015	1916	1.15782	0.707026
XM_034454553.1	4735	4636	0	0
XM_034454554.1	4773	4674	0	0
XM_034454555.1	4927	4828	0	0
XM_034454556.1	4723	4624	0	0
XM_034454557.1	4648	4549	0.000605074	0.000155626
XM_034454558.1	4618	4519	1.42081	0.367861
XM_034454559.1	3974	3875	0	0
XM_034454560.1	6835	6736	17.9921	3.12515
XM_034454561.1	11888	11789	0.0016761	0.000166347
XM_034454562.1	11802	11703	8.99832	0.899612
XM_034454563.1	2596	2497	0	0
XM_034454564.1	2616	2517	16.9417	7.87525
XM_034454565.1	2398	2299	0	0
XM_034454566.1	2061	1962	0	0
XM_034454567.1	2097	1998	0	0
XM_034454568.1	1607	1508	0	0
XM_034454569.1	1894	1795	1	0.651818
XM_034454570.1	3690	3591	1.12991	0.368145
XM_034454571.1	4124	4025	0	0
XM_034454572.1	4246	4147	4.26415	1.20307
XM_034454573.1	4096	3997	0	0
XM_034454574.1	4075	3976	4.03245	1.18663
XM_034454575.1	4070	3971	0	0
XM_034454576.1	4042	3943	0	0
XM_034454577.1	3137	3038	0	0
XM_034454578.1	3089	2990	38.7034	15.145
XM_034454579.1	911	812	0	0
XM_034454580.1	890	791	0	0
XM_034454581.1	1201	1102	0	0
XM_034454582.1	3801	3702	0	0
XM_034454583.1	3795	3696	0	0
XM_034454584.1	3783	3684	0	0
XM_034454585.1	3777	3678	0	0
XM_034454586.1	3771	3672	0	0
XM_034454587.1	3732	3633	0	0
XM_034454588.1	3617	3518	20.8549	6.9359
XM_034454589.1	4690	4591	35.6206	9.0779
XM_034454590.1	4380	4281	17	4.64616
XM_034454591.1	2733	2634	1.37936	0.612708
XM_034454592.1	1540	1441	4	3.24778
XM_034454593.1	1314	1215	0	0
XM_034454594.1	1293	1194	0	0
XM_034454595.1	1003	904	0	0
XM_034454596.1	1322	1223	12	11.4801
XM_034454597.1	748	649	0	0
XM_034454598.1	928	829	0	0
XM_034454599.1	914	815	0.0465937	0.0668899
XM_034454600.1	952	853	0	0
XM_034454601.1	910	811	14.9534	21.573
XM_034454602.1	5663	5564	0	0
XM_034454603.1	2153	2054	0	0
XM_034454604.1	2027	1928	26	15.7782
XM_034454605.1	1178	1079	0	0
XM_034454606.1	5746	5647	0	0
XM_034454607.1	858	759	3	4.62456
XM_034454608.1	801	702	0	0
XM_034454609.1	922	823	0	0
XM_034454610.1	2009	1910	1.00292	0.614362
XM_034454611.1	2770	2671	0	0
XM_034454612.1	2593	2494	0	0
XM_034454613.1	2101	2002	0	0
XM_034454614.1	1929	1830	2.33399	1.49224
XM_034454615.1	2127	2028	2.17992e-06	1.25766e-06
XM_034454616.1	5760	5661	0	0
XM_034454617.1	2100	2001	14.666	8.57543
XM_034454618.1	17430	17331	38	2.56537
XM_034454619.1	3818	3719	1.82028e-07	5.72667e-08
XM_034454620.1	3800	3701	5.3921e-05	1.70463e-05
XM_034454621.1	3755	3656	91.9999	29.4423
XM_034454622.1	1347	1248	10	9.37511
XM_034454623.1	1020	921	0	0
XM_034454624.1	1017	918	0	0
XM_034454625.1	5471	5372	4.67093	1.01732
XM_034454626.1	1009	910	0	0
XM_034454627.1	917	818	4	5.72134
XM_034454628.1	1172	1073	0	0
XM_034454629.1	1006	907	0	0
XM_034454630.1	1696	1597	7.64228	5.59898
XM_034454631.1	991	892	8	10.4934
XM_034454632.1	4747	4648	0	0
XM_034454633.1	7734	7635	0	0
XM_034454634.1	7452	7353	0	0
XM_034454635.1	7647	7548	0	0
XM_034454636.1	7305	7206	14.4496	2.34614
XM_034454637.1	7302	7203	23.5497	3.82528
XM_034454638.1	7665	7566	0	0
XM_034454639.1	7367	7268	0.000624485	0.000100531
XM_034454640.1	621	522	2	4.48281
XM_034454641.1	4436	4337	0	0
XM_034454642.1	5493	5394	2.29342	0.497467
XM_034454643.1	3601	3502	0	0
XM_034454644.1	3621	3522	0	0
XM_034454645.1	3537	3438	1.00628	0.342457
XM_034454646.1	3213	3114	0	0
XM_034454647.1	2909	2810	0	0
XM_034454648.1	3792	3693	19.4232	6.15366
XM_034454649.1	5335	5236	0	0
XM_034454650.1	5245	5146	0	0
XM_034454651.1	4151	4052	0	0
XM_034454652.1	5016	4917	21.1556	5.03404
XM_034454653.1	5398	5299	0	0
XM_034454654.1	5329	5230	0	0
XM_034454655.1	1235	1136	0	0
XM_034454656.1	989	890	0	0
XM_034454657.1	871	772	0	0
XM_034454658.1	803	704	0	0
XM_034454659.1	886	787	0	0
XM_034454660.1	3610	3511	12.2991	4.09857
XM_034454661.1	830	731	0	0
XM_034454662.1	836	737	0	0
XM_034454663.1	4642	4543	16	4.12067
XM_034454664.1	4561	4462	0	0
XM_034454665.1	585	486	0	0
XM_034454666.1	616	517	0	0
XM_034454667.1	576	477	0	0
XM_034454668.1	749	650	0	0
XM_034454669.1	1771	1672	0	0
XM_034454670.1	1059	960	1	1.21876
XM_034454671.1	2217	2118	0	0
XM_034454672.1	2183	2084	0	0
XM_034454673.1	1831	1732	0	0
XM_034454674.1	1712	1613	4	2.90146
XM_034454675.1	3708	3609	0	0
XM_034454676.1	5395	5296	26.8374	5.92903
XM_034454677.1	3438	3339	62.1626	21.7823
XM_034454678.1	3283	3184	0	0
XM_034454679.1	2685	2586	0	0
XM_034454680.1	2667	2568	0.00130862	0.000596224
XM_034454681.1	2636	2537	0	0
XM_034454682.1	2588	2489	24	11.2818
XM_034454683.1	1167	1068	2	2.19104
XM_034454684.1	2773	2674	9	3.93797
XM_034454685.1	2651	2552	1.99869	0.916338
XM_034454686.1	915	816	0	0
XM_034454687.1	786	687	9	15.3277
XM_034454688.1	3655	3556	0	0
XM_034454689.1	4772	4673	2	0.500755
XM_034454690.1	3026	2927	8	3.19785
XM_034454691.1	1982	1883	8	4.97085
XM_034454692.1	2835	2736	7	2.99346
XM_034454693.1	2803	2704	0	0
XM_034454694.1	2665	2566	0	0
XM_034454695.1	2783	2684	0	0
XM_034454696.1	2785	2686	0	0
XM_034454697.1	2688	2589	0	0
XM_034454698.1	2627	2528	0	0
XM_034454699.1	2737	2638	0	0
XM_034454700.1	2609	2510	0	0
XM_034454701.1	2770	2671	0	0
XM_034454702.1	2628	2529	0	0
XM_034454703.1	2743	2644	0	0
XM_034454704.1	2744	2645	0	0
XM_034454705.1	2657	2558	0	0
XM_034454706.1	2854	2755	0	0
XM_034454707.1	2611	2512	8.66466	4.03574
XM_034454708.1	2470	2371	0	0
XM_034454709.1	2590	2491	0	0
XM_034454710.1	2493	2394	0	0
XM_034454711.1	2591	2492	0	0
XM_034454712.1	2417	2318	48.3353	24.3973
XM_034454713.1	2435	2336	0	0
XM_034454714.1	2551	2452	0	0
XM_034454715.1	4109	4010	0	0
XM_034454716.1	979	880	0	0
XM_034454717.1	1371	1272	0	0
XM_034454718.1	720	621	0	0
XM_034454719.1	1128	1029	3	3.41112
XM_034454720.1	2259	2160	0	0
XM_034454721.1	2240	2141	0	0
XM_034454722.1	2265	2166	0	0
XM_034454723.1	2087	1988	9	5.29684
XM_034454724.1	1827	1728	0	0
XM_034454725.1	2068	1969	0	0
XM_034454726.1	822	723	0	0
XM_034454727.1	2188	2089	2	1.12017
XM_034454728.1	466	367	904.767	2884.44
XM_034454729.1	20361	20262	0	0
XM_034454730.1	20358	20259	0	0
XM_034454731.1	20355	20256	0	0
XM_034454732.1	20337	20238	0	0
XM_034454733.1	20334	20235	0	0
XM_034454734.1	20331	20232	0	0
XM_034454735.1	20331	20232	0	0
XM_034454736.1	20331	20232	0	0
XM_034454737.1	20325	20226	0	0
XM_034454738.1	1371	1272	27	24.8352
XM_034454739.1	20325	20226	0	0
XM_034454740.1	20292	20193	0	0
XM_034454741.1	20280	20181	10	0.57976
XM_034454742.1	20280	20181	0	0
XM_034454743.1	20268	20169	0	0
XM_034454744.1	20262	20163	0	0
XM_034454745.1	20256	20157	0	0
XM_034454746.1	20253	20154	0	0
XM_034454747.1	20151	20052	0	0
XM_034454748.1	20121	20022	0	0
XM_034454749.1	20099	20000	0	0
XM_034454750.1	20022	19923	0	0
XM_034454751.1	17351	17252	0	0
XM_034454752.1	3927	3828	0	0
XM_034454753.1	3865	3766	1	0.310678
XM_034454754.1	2178	2079	0	0
XM_034454755.1	2313	2214	0	0
XM_034454756.1	6173	6074	0.00751286	0.00144718
XM_034454757.1	6146	6047	1.39749	0.270395
XM_034454758.1	6153	6054	0.35973	0.0695224
XM_034454759.1	6132	6033	21.1905	4.10959
XM_034454760.1	5898	5799	0	0
XM_034454761.1	5798	5699	0	0
XM_034454762.1	5819	5720	27.0448	5.53195
XM_034454763.1	1728	1629	0	0
XM_034454764.1	1476	1377	0	0
XM_034454765.1	1639	1540	0	0
XM_034454766.1	1710	1611	0	0
XM_034454767.1	1607	1508	0	0
XM_034454768.1	1538	1439	0	0
XM_034454769.1	1533	1434	0	0
XM_034454770.1	4950	4851	10.2156	2.46389
XM_034454771.1	4840	4741	4.09014	1.00939
XM_034454772.1	4830	4731	17.2144	4.25726
XM_034454773.1	4840	4741	4.09014	1.00939
XM_034454774.1	4834	4735	0.0081367	0.00201057
XM_034454775.1	4819	4720	0	0
XM_034454776.1	5392	5293	111.391	24.6229
XM_034454777.1	4007	3908	37.7134	11.291
XM_034454778.1	4573	4474	0.0107859	0.00282067
XM_034454779.1	3487	3388	5.40534	1.86668
XM_034454780.1	3616	3517	1.01643	0.33814
XM_034454781.1	1623	1524	0	0
XM_034454782.1	1613	1514	5	3.86398
XM_034454783.1	2273	2174	1.08721	0.585122
XM_034454784.1	3243	3144	5	1.86071
XM_034454785.1	3251	3152	0	0
XM_034454786.1	2534	2435	6.51697	3.13139
XM_034454787.1	4616	4517	1.44572e-07	3.74478e-08
XM_034454788.1	4558	4459	62.5065	16.4013
XM_034454789.1	4549	4450	5.92855	1.55876
XM_034454790.1	4747	4648	74.9164	18.8583
XM_034454791.1	1241	1142	2	2.04906
XM_034454792.1	1332	1233	0	0
XM_034454793.1	617	518	0	0
XM_034454794.1	684	585	0	0
XM_034454795.1	1443	1344	0	0
XM_034454796.1	2657	2558	0.0963726	0.0440803
XM_034454797.1	2604	2505	0	0
XM_034454798.1	2539	2440	19.5293	9.36458
XM_034454799.1	2606	2507	0	0
XM_034454800.1	3943	3844	12.8616	3.91472
XM_034454801.1	3656	3557	0	0
XM_034454802.1	4009	3910	3.19242	0.955288
XM_034454803.1	3816	3717	10.8076	3.40194
XM_034454804.1	3653	3554	0	0
XM_034454805.1	1918	1819	3	1.92965
XM_034454806.1	1938	1839	16	10.1796
XM_034454807.1	3940	3841	32.1384	9.78974
XM_034454808.1	2859	2760	0	0
XM_034454809.1	4201	4102	0	0
XM_034454810.1	2629	2530	0	0
XM_034454811.1	2706	2607	0	0
XM_034454812.1	3764	3665	0	0
XM_034454813.1	2647	2548	0	0
XM_034454814.1	3973	3874	28	8.45647
XM_034454815.1	5162	5063	50.4178	11.6511
XM_034454816.1	3168	3069	42.5822	16.2339
XM_034454817.1	2672	2573	0	0
XM_034454818.1	2731	2632	0	0
XM_034454819.1	2704	2605	0	0
XM_034454820.1	895	796	6.44751e-06	9.47697e-06
XM_034454821.1	1443	1344	0	0
XM_034454822.1	886	787	3.99999	5.94669
XM_034454823.1	1020	921	0	0
XM_034454824.1	1010	911	0	0
XM_034454825.1	1433	1334	0	0
XM_034454826.1	999	900	0	0
XM_034454827.1	3374	3275	0	0
XM_034454828.1	3362	3263	0	0
XM_034454829.1	3353	3254	0	0
XM_034454830.1	3325	3226	0	0
XM_034454831.1	3146	3047	0	0
XM_034454832.1	3031	2932	14.3989	5.74589
XM_034454833.1	2602	2503	0.159779	0.0746878
XM_034454834.1	2596	2497	2.66775	1.25002
XM_034454835.1	2515	2416	8.03991	3.89354
XM_034454836.1	2865	2766	4	1.69199
XM_034454837.1	3640	3541	25.0939	8.29148
XM_034454838.1	3315	3216	39	14.1886
XM_034454839.1	2354	2255	2.4162	1.25365
XM_034454840.1	2388	2289	0.0879854	0.0449734
XM_034454841.1	2382	2283	1.91201	0.979887
XM_034454842.1	2336	2237	17	8.89147
XM_034454843.1	2070	1971	0	0
XM_034454844.1	836	737	0	0
XM_034454845.1	1899	1800	0	0
XM_034454846.1	3981	3882	98	29.5367
XM_034454847.1	3041	2942	2	0.795386
XM_034454848.1	2052	1953	12.463	7.4664
XM_034454849.1	1453	1354	0	0
XM_034454850.1	1248	1149	2	2.03658
XM_034454851.1	834	735	0	0
XM_034454852.1	797	698	6	10.0574
XM_034454853.1	824	725	0	0
XM_034454854.1	1559	1460	0	0
XM_034454855.1	1309	1210	1	0.966953
XM_034454856.1	2046	1947	0	0
XM_034454857.1	7704	7605	0	0
XM_034454858.1	7701	7602	13.3302	2.05163
XM_034454859.1	2047	1948	0	0
XM_034454860.1	2167	2068	4.71998	2.67043
XM_034454861.1	4962	4863	317	76.2686
XM_034454862.1	1228	1129	0	0
XM_034454863.1	3404	3305	10.2524	3.62949
XM_034454864.1	3401	3302	29.7476	10.5406
XM_034454865.1	2622	2523	0	0
XM_034454866.1	2828	2729	0	0
XM_034454867.1	2822	2723	0	0
XM_034454868.1	2777	2678	0.940351	0.410838
XM_034454869.1	1698	1599	1	0.731716
XM_034454870.1	2771	2672	13.0596	5.71855
XM_034454871.1	6192	6093	0.000121589	2.33483e-05
XM_034454872.1	5096	4997	0	0
XM_034454873.1	4881	4782	0	0
XM_034454874.1	6133	6034	11.0114	2.13515
XM_034454875.1	5121	5022	0.00799333	0.00186227
XM_034454876.1	5121	5022	0.00799333	0.00186227
XM_034454877.1	4300	4201	0	0
XM_034454878.1	5097	4998	2.20345	0.51582
XM_034454879.1	5038	4939	2.25234	0.533564
XM_034454880.1	4226	4127	0	0
XM_034454881.1	5214	5115	0.0452047	0.0103402
XM_034454882.1	5183	5084	56.4959	13.0018
XM_034454883.1	4449	4350	2.71226	0.729514
XM_034454884.1	4013	3914	0	0
XM_034454885.1	5234	5135	605	137.85
XM_034454886.1	4008	3909	0	0
XM_034454887.1	4272	4173	0	0
XM_034454888.1	2204	2105	9.37504	5.21089
XM_034454889.1	2192	2093	0	0
XM_034454890.1	2196	2097	42.6407	23.7912
XM_034454891.1	1931	1832	3.98431	2.54459
XM_034454892.1	1963	1864	0	0
XM_034454893.1	1933	1834	6.30103e-05	4.01979e-05
XM_034454894.1	1858	1759	1.44974	0.964308
XM_034454895.1	2086	1987	6	3.533
XM_034454896.1	3274	3175	69.2633	25.5241
XM_034454897.1	2621	2522	2	0.927846
XM_034454898.1	926	827	0	0
XM_034454899.1	4022	3923	21.7601	6.48984
XM_034454900.1	4303	4204	0	0
XM_034454901.1	10861	10762	66	7.17533
XM_034454902.1	3739	3640	9.2475	2.97245
XM_034454903.1	3028	2929	0	0
XM_034454904.1	591	492	0.0360183	0.0856542
XM_034454905.1	3629	3530	0	0
XM_034454906.1	3305	3206	1	0.364945
XM_034454907.1	1176	1077	0	0
XM_034454908.1	1081	982	1	1.19146
XM_034454909.1	3560	3461	3.31924	1.12209
XM_034454910.1	2740	2641	0.157099	0.0695979
XM_034454911.1	4388	4289	6.52366	1.77962
XM_034454912.1	3260	3161	0	0
XM_034454913.1	3245	3146	0	0
XM_034454914.1	3230	3131	0	0
XM_034454915.1	3215	3116	0	0
XM_034454916.1	3380	3281	0	0
XM_034454917.1	3347	3248	0.000206166	7.42663e-05
XM_034454918.1	3317	3218	10.9998	3.99935
XM_034454919.1	1204	1105	76	80.4715
XM_034454920.1	1907	1808	0	0
XM_034454921.1	641	542	0	0
XM_034454922.1	643	544	27	58.0705
XM_034454923.1	695	596	0	0
XM_034454924.1	667	568	0	0
XM_034454925.1	1791	1692	1	0.691497
XM_034454926.1	1991	1892	0	0
XM_034454927.1	591	492	0	0
XM_034454928.1	811	712	0	0
XM_034454929.1	629	530	2	4.41514
XM_034454930.1	1968	1869	1	0.62601
XM_034454931.1	3238	3139	0.719575	0.26821
XM_034454932.1	1257	1158	0	0
XM_034454933.1	1958	1859	0	0
XM_034454934.1	1295	1196	0	0
XM_034454935.1	2095	1996	0	0
XM_034454936.1	4354	4255	10	2.74974
XM_034454937.1	12706	12607	5.99059	0.555966
XM_034454938.1	12706	12607	5.99059	0.555966
XM_034454939.1	12708	12609	5.32244	0.493879
XM_034454940.1	12708	12609	5.32244	0.493879
XM_034454941.1	12708	12609	5.32244	0.493879
XM_034454942.1	1779	1680	2	1.39287
XM_034454943.1	11944	11845	0	0
XM_034454944.1	11852	11753	0	0
XM_034454945.1	7127	7028	19.0515	3.17167
XM_034454946.1	6259	6160	0	0
XM_034454947.1	6383	6284	0	0
XM_034454948.1	1995	1896	0	0
XM_034454949.1	972	873	0	0
XM_034454950.1	1749	1650	0	0
XM_034454951.1	808	709	1	1.65023
XM_034454952.1	1368	1269	0	0
XM_034454953.1	923	824	0	0
XM_034454954.1	886	787	0	0
XM_034454955.1	540	441	1	2.65309
XM_034454956.1	1749	1650	0	0
XM_034454957.1	869	770	0	0
XM_034454958.1	2630	2531	0	0
XM_034454959.1	2629	2530	0	0
XM_034454960.1	2573	2474	0	0
XM_034454961.1	2624	2525	15	6.95057
XM_034454962.1	11003	10904	1.3862e-05	1.48741e-06
XM_034454963.1	2588	2489	0	0
XM_034454964.1	1922	1823	46	29.5231
XM_034454965.1	2283	2184	24.0324	12.8747
XM_034454966.1	2353	2254	4.29836	2.23121
XM_034454967.1	2366	2267	0	0
XM_034454968.1	5139	5040	0	0
XM_034454969.1	5139	5040	0	0
XM_034454970.1	5129	5030	0	0
XM_034454971.1	4718	4619	0	0
XM_034454972.1	4264	4165	30.9163	8.68487
XM_034454973.1	3736	3637	16.421	5.2826
XM_034454974.1	1576	1477	0	0
XM_034454975.1	4964	4865	43.579	10.4806
XM_034454976.1	2485	2386	12.9352	6.34299
XM_034454977.1	1459	1360	2.61223e-05	2.24731e-05
XM_034454978.1	1677	1578	6.34837	4.70702
XM_034454979.1	1441	1342	160.121	139.601
XM_034454980.1	1681	1582	0.325816	0.240966
XM_034454981.1	1440	1341	383.879	334.931
XM_034454982.1	3182	3083	27.9999	10.6261
XM_034454983.1	1735	1636	3034.24	2169.99
XM_034454984.1	1982	1883	10.9005	6.77307
XM_034454985.1	3046	2947	0	0
XM_034454986.1	11158	11059	0.137198	0.0145152
XM_034454987.1	11155	11056	0.188608	0.0199597
XM_034454988.1	11143	11044	0.674194	0.0714248
XM_034454989.1	4713	4614	0	0
XM_034454990.1	3633	3534	0	0
XM_034454991.1	4053	3954	132.837	39.3072
XM_034454992.1	4723	4624	2.06514	0.522544
XM_034454993.1	4701	4602	1.09829	0.27923
XM_034454994.1	3537	3438	0.0163435	0.005562
XM_034454995.1	2377	2278	46.3876	23.8254
XM_034454996.1	2451	2352	0.0134863	0.00670881
XM_034454997.1	2383	2284	2.12027	1.08614
XM_034454998.1	2435	2336	40.4786	20.2742
XM_034454999.1	2577	2478	0	0
XM_034455000.1	2449	2350	32	15.9321
XM_034455001.1	4382	4283	0	0
XM_034455002.1	2017	1918	0	0
XM_034455003.1	4037	3938	8.39548e-06	2.49437e-06
XM_034455004.1	4376	4277	0	0
XM_034455005.1	4031	3932	86	25.5903
XM_034455006.1	2212	2113	4.68417	2.59373
XM_034455007.1	3606	3507	0	0
XM_034455008.1	2777	2678	0.158768	0.0693657
XM_034455009.1	4420	4321	19.1444	5.18381
XM_034455010.1	2234	2135	0	0
XM_034455011.1	3025	2926	19	7.59749
XM_034455012.1	2766	2667	19.8412	8.70435
XM_034455013.1	1735	1636	5.31553	3.8015
XM_034455014.1	2520	2421	0	0
XM_034455015.1	2263	2164	0	0
XM_034455016.1	2483	2384	5.18412e-06	2.54425e-06
XM_034455017.1	2457	2358	1.99999	0.992375
XM_034455018.1	2374	2275	0	0
XM_034455019.1	1770	1671	4	2.80075
XM_034455020.1	2012	1913	0	0
XM_034455021.1	2068	1969	0	0
XM_034455022.1	2255	2156	0	0
XM_034455023.1	1738	1639	1	0.713858
XM_034455024.1	3112	3013	0	0
XM_034455025.1	729	630	10	18.5716
XM_034455026.1	2743	2644	0	0
XM_034455027.1	3099	3000	0	0
XM_034455028.1	1775	1676	9	6.28289
XM_034455029.1	2083	1984	1.82785	1.07793
XM_034455030.1	2087	1988	0.172149	0.101316
XM_034455031.1	2039	1940	0	0
XM_034455032.1	2519	2420	0	0
XM_034455033.1	2148	2049	0	0
XM_034455034.1	3196	3097	15.7248	5.94066
XM_034455035.1	3506	3407	0.48478	0.16648
XM_034455036.1	3307	3208	0	0
XM_034455037.1	3279	3180	0	0
XM_034455038.1	2036	1937	0	0
XM_034455039.1	4043	3944	22	6.52644
XM_034455040.1	1345	1246	0	0
XM_034455041.1	1744	1645	0	0
XM_034455042.1	1239	1140	0	0
XM_034455043.1	5231	5132	15.9591	3.63843
XM_034455044.1	9781	9682	2.99684e-05	3.6215e-06
XM_034455045.1	3134	3035	68.028	26.2252
XM_034455046.1	9760	9661	0.000382646	4.63411e-05
XM_034455047.1	1318	1219	0	0
XM_034455048.1	3326	3227	6.99778	2.53719
XM_034455049.1	4841	4742	20	4.93468
XM_034455050.1	9751	9652	0.0011418	0.000138409
XM_034455051.1	9745	9646	0.00236792	0.000287217
XM_034455052.1	1914	1815	0	0
XM_034455053.1	2035	1936	0	0
XM_034455054.1	2035	1936	0	0
XM_034455055.1	5149	5050	8	1.85349
XM_034455056.1	9699	9600	0.644976	0.0786073
XM_034455057.1	4523	4424	0	0
XM_034455058.1	4484	4385	0	0
XM_034455059.1	4481	4382	0	0
XM_034455060.1	4466	4367	0	0
XM_034455061.1	4415	4316	8.43097e-06	2.28553e-06
XM_034455062.1	4416	4317	6.42479e-06	1.74128e-06
XM_034455063.1	4389	4290	0.0100925	0.00275253
XM_034455064.1	4372	4273	1.06345	0.29119
XM_034455065.1	4359	4260	37.9264	10.4165
XM_034455066.1	9669	9570	25.3511	3.09939
XM_034455067.1	4857	4758	15	3.68857
XM_034455068.1	2691	2592	14	6.31952
XM_034455069.1	3611	3512	0	0
XM_034455070.1	3642	3543	0	0
XM_034455071.1	3577	3478	0	0
XM_034455072.1	1186	1087	0	0
XM_034455073.1	1272	1173	3	2.99236
XM_034455074.1	1534	1435	0	0
XM_034455075.1	1747	1648	14.1748	10.0636
XM_034455076.1	7207	7108	0	0
XM_034455077.1	7605	7506	21	3.27342
XM_034455078.1	919	820	0	0
XM_034455079.1	2726	2627	8	3.56304
XM_034455080.1	1239	1140	0	0
XM_034455081.1	1213	1114	0	0
XM_034455082.1	714	615	0	0
XM_034455083.1	1644	1545	3.22092	2.43917
XM_034455084.1	696	597	0	0
XM_034455085.1	2190	2091	0	0
XM_034455086.1	4422	4323	1	0.270648
XM_034455087.1	3817	3718	32	10.07
XM_034455088.1	3799	3700	0	0
XM_034455089.1	5029	4930	2.04734	0.485886
XM_034455090.1	3046	2947	0	0
XM_034455091.1	2985	2886	0.0086285	0.00349808
XM_034455092.1	2966	2867	19.9914	8.15841
XM_034455093.1	1132	1033	9	10.1937
XM_034455094.1	1045	946	0	0
XM_034455095.1	1023	924	0	0
XM_034455096.1	2019	1920	154.652	94.2419
XM_034455097.1	6515	6416	282	51.4252
XM_034455098.1	1229	1130	2	2.07082
XM_034455099.1	5406	5307	11.8061	2.60285
XM_034455100.1	4815	4716	0	0
XM_034455101.1	3654	3555	0	0
XM_034455102.1	3469	3370	0	0
XM_034455103.1	1779	1680	0	0
XM_034455104.1	1653	1554	0	0
XM_034455105.1	1541	1442	1	0.811382
XM_034455106.1	1221	1122	24	25.027
XM_034455107.1	5285	5186	0	0
XM_034455108.1	1835	1736	0	0
XM_034455109.1	1774	1675	0	0
XM_034455110.1	1732	1633	16	11.4637
XM_034455111.1	1683	1584	0.5	0.369322
XM_034455112.1	1683	1584	0.5	0.369322
XM_034455113.1	1904	1805	0	0
XM_034455114.1	1914	1815	0	0
XM_034455115.1	2101	2002	0	0
XM_034455116.1	3008	2909	1	0.402205
XM_034455117.1	3206	3107	0.000148051	5.5752e-05
XM_034455118.1	1662	1563	0	0
XM_034455119.1	1659	1560	0	0
XM_034455120.1	1641	1542	0	0
XM_034455121.1	1638	1539	0	0
XM_034455122.1	1620	1521	0	0
XM_034455123.1	1617	1518	0	0
XM_034455124.1	1599	1500	0	0
XM_034455125.1	1596	1497	0	0
XM_034455126.1	1512	1413	0	0
XM_034455127.1	1509	1410	0	0
XM_034455128.1	1470	1371	24.3433	20.7746
XM_034455129.1	1467	1368	25.6567	21.9435
XM_034455130.1	894	795	235	345.853
XM_034455131.1	1423	1324	0	0
XM_034455132.1	1433	1334	0	0
XM_034455133.1	1438	1339	0	0
XM_034455134.1	1477	1378	0	0
XM_034455135.1	2049	1950	0	0
XM_034455136.1	1941	1842	0	0
XM_034455137.1	1938	1839	0	0
XM_034455138.1	1936	1837	24	15.286
XM_034455139.1	9196	9097	1.15927e-05	1.491e-06
XM_034455140.1	9245	9146	0	0
XM_034455141.1	9092	8993	0	0
XM_034455142.1	9272	9173	0	0
XM_034455143.1	9180	9081	0	0
XM_034455144.1	9103	9004	0	0
XM_034455145.1	9048	8949	0	0
XM_034455146.1	9099	9000	3.352	0.435765
XM_034455147.1	9006	8907	0	0
XM_034455148.1	9188	9089	0	0
XM_034455149.1	9161	9062	0	0
XM_034455150.1	9136	9037	0	0
XM_034455151.1	8964	8865	1.73248e-08	2.28655e-09
XM_034455152.1	9180	9081	9.14042e-05	1.17767e-05
XM_034455153.1	9147	9048	0.00653999	0.000845698
XM_034455154.1	9141	9042	0.0142399	0.0018426
XM_034455155.1	9138	9039	0.0210162	0.00272035
XM_034455156.1	9138	9039	0.0210162	0.00272035
XM_034455157.1	9135	9036	0.0310212	0.00401674
XM_034455158.1	9120	9021	0.217783	0.0282462
XM_034455159.1	9102	9003	2.26737	0.294664
XM_034455160.1	9099	9000	3.352	0.435765
XM_034455161.1	9084	8985	23.7169	3.08838
XM_034455162.1	9024	8925	0	0
XM_034455163.1	1936	1837	0	0
XM_034455164.1	5332	5233	0	0
XM_034455165.1	1625	1526	0.00239582	0.00183692
XM_034455166.1	1880	1781	0	0
XM_034455167.1	1252	1153	2.93799	2.98135
XM_034455168.1	1226	1127	4.79492	4.97793
XM_034455169.1	1105	1006	28.2671	32.8756
XM_034455170.1	1147	1048	10	11.1643
XM_034455171.1	1645	1546	0	0
XM_034455172.1	3587	3488	6.23303e-06	2.0908e-06
XM_034455173.1	3635	3536	0	0
XM_034455174.1	3170	3071	14	5.33383
XM_034455175.1	2941	2842	0	0
XM_034455176.1	3001	2902	0	0
XM_034455177.1	2886	2787	6	2.51887
XM_034455178.1	2963	2864	1.74472	0.712762
XM_034455179.1	937	838	3	4.18859
XM_034455180.1	1416	1317	0	0
XM_034455181.1	2545	2446	36.7948	17.6003
XM_034455182.1	3496	3397	48.0903	16.5635
XM_034455183.1	1474	1375	0	0
XM_034455184.1	1818	1719	24	16.3353
XM_034455185.1	2637	2538	0.0393131	0.0181233
XM_034455186.1	2017	1918	0.000200112	0.000122072
XM_034455187.1	2002	1903	1.9998	1.22953
XM_034455188.1	2179	2080	0	0
XM_034455189.1	2321	2222	0	0
XM_034455190.1	905	806	0	0
XM_034455191.1	768	669	0	0
XM_034455192.1	5234	5135	31.24	7.11804
XM_034455193.1	4715	4616	0	0
XM_034455194.1	4818	4719	0	0
XM_034455195.1	4560	4461	0	0
XM_034455196.1	4692	4593	0	0
XM_034455197.1	4562	4463	0	0
XM_034455198.1	4758	4659	1.76005	0.442001
XM_034455199.1	4734	4635	0	0
XM_034455200.1	1985	1886	0	0
XM_034455201.1	5270	5171	0	0
XM_034455202.1	4119	4020	0.00016811	4.89282e-05
XM_034455203.1	8656	8557	0	0
XM_034455204.1	3851	3752	0	0
XM_034455205.1	3818	3719	0	0
XM_034455206.1	3800	3701	0	0
XM_034455207.1	3748	3649	21	6.73343
XM_034455208.1	3719	3620	0	0
XM_034455209.1	3669	3570	0	0
XM_034455210.1	4764	4665	6	1.50484
XM_034455211.1	3860	3761	0	0
XM_034455212.1	2355	2256	0	0
XM_034455213.1	3674	3575	0	0
XM_034455214.1	3562	3463	0	0
XM_034455215.1	4115	4016	6.20711	1.80837
XM_034455216.1	2110	2011	0	0
XM_034455217.1	2079	1980	3.56045	2.10392
XM_034455218.1	852	753	23	35.7375
XM_034455219.1	747	648	0	0
XM_034455220.1	3643	3544	16	5.28223
XM_034455221.1	9880	9781	4.01875e-08	4.80727e-09
XM_034455222.1	9730	9631	3	0.364452
XM_034455223.1	10390	10291	8	0.909543
XM_034455224.1	7791	7692	3.3903e-08	5.1569e-09
XM_034455225.1	7662	7563	14	2.16583
XM_034455226.1	1933	1834	0	0
XM_034455227.1	2134	2035	4.70863e-07	2.7072e-07
XM_034455228.1	2590	2491	0.997775	0.468651
XM_034455229.1	2254	2155	0	0
XM_034455230.1	2184	2085	8	4.48926
XM_034455231.1	1740	1641	19	13.5468
XM_034455232.1	1277	1178	1	0.99322
XM_034455233.1	1688	1589	0	0
XM_034455234.1	1669	1570	0	0
XM_034455235.1	1770	1671	0	0
XM_034455236.1	1752	1653	0	0
XM_034455237.1	4778	4679	43	10.7524
XM_034455238.1	1912	1813	0	0
XM_034455239.1	5337	5238	0	0
XM_034455240.1	6670	6571	0	0
XM_034455241.1	6581	6482	0	0
XM_034455242.1	6661	6562	14.5654	2.59703
XM_034455243.1	1380	1281	1	0.913359
XM_034455244.1	930	831	0	0
XM_034455245.1	1242	1143	0	0
XM_034455246.1	1284	1185	0	0
XM_034455247.1	1193	1094	3.15372e-08	3.37284e-08
XM_034455248.1	1176	1077	3	3.25909
XM_034455249.1	3850	3751	2	0.623841
XM_034455250.1	534	435	0	0
XM_034455251.1	438	339	0	0
XM_034455252.1	1524	1425	0	0
XM_034455253.1	4092	3993	0	0
XM_034455254.1	1059	960	0	0
XM_034455255.1	3124	3025	11	4.25459
XM_034455256.1	1733	1634	75.5081	54.067
XM_034455257.1	730	631	0	0
XM_034455258.1	955	856	1.17209	1.60206
XM_034455259.1	3275	3176	0	0
XM_034455260.1	1662	1563	1	0.748569
XM_034455261.1	3717	3618	1	0.323387
XM_034455262.1	1098	999	1	1.17118
XM_034455263.1	2668	2569	1	0.455435
XM_034455264.1	2188	2089	0	0
XM_034455265.1	1065	966	0	0
XM_034455266.1	1143	1044	9	10.0863
XM_034455267.1	4809	4710	0	0
XM_034455268.1	4111	4012	2	0.583257
XM_034455269.1	2427	2328	0	0
XM_034455270.1	2034	1935	0	0
XM_034455271.1	2795	2696	0	0
XM_034455272.1	3753	3654	0	0
XM_034455273.1	3732	3633	0	0
XM_034455274.1	3529	3430	0.00314886	0.00107411
XM_034455275.1	3523	3424	0.0245505	0.00838914
XM_034455276.1	3507	3408	5.9723	2.05037
XM_034455277.1	3667	3568	0	0
XM_034455278.1	3590	3491	0.374218	0.12542
XM_034455279.1	3654	3555	0	0
XM_034455280.1	3590	3491	0.374218	0.12542
XM_034455281.1	3578	3479	21.2448	7.14477
XM_034455282.1	3670	3571	0	0
XM_034455283.1	3614	3515	0.000121028	4.02857e-05
XM_034455284.1	4589	4490	11.4959	2.99561
XM_034455285.1	4583	4484	55.1755	14.397
XM_034455286.1	2856	2757	3.32868	1.41262
XM_034455287.1	821	722	2	3.24103
XM_034455288.1	789	690	0	0
XM_034455289.1	695	596	3	5.88933
XM_034455290.1	2623	2524	0	0
XM_034455291.1	3067	2968	69	27.2004
XM_034455292.1	1953	1854	0	0
XM_034455293.1	1788	1689	5	3.46363
XM_034455294.1	1223	1124	0	0
XM_034455295.1	1300	1201	0	0
XM_034455296.1	1187	1088	5	5.3769
XM_034455297.1	1283	1184	0	0
XM_034455298.1	1501	1402	23.4082	19.5349
XM_034455299.1	913	814	59	84.8044
XM_034455300.1	1690	1591	2	1.47079
XM_034455301.1	1690	1591	2	1.47079
XM_034455302.1	2689	2590	0	0
XM_034455303.1	2686	2587	0	0
XM_034455304.1	2681	2582	0	0
XM_034455305.1	2697	2598	0	0
XM_034455306.1	2608	2509	8	3.73061
XM_034455307.1	2431	2332	0	0
XM_034455308.1	5365	5266	1.97351	0.438478
XM_034455309.1	3119	3020	38.871	15.0595
XM_034455310.1	4914	4815	42	10.2057
XM_034455311.1	2262	2163	13	7.03198
XM_034455312.1	1499	1400	0	0
XM_034455313.1	1347	1248	434	406.88
XM_034455314.1	1249	1150	2.55159	2.59599
XM_034455315.1	1059	960	0	0
XM_034455316.1	1999	1900	1	0.615797
XM_034455317.1	2308	2209	89	47.1395
XM_034455318.1	1701	1602	11	8.0338
XM_034455319.1	6490	6391	1.54234e-06	2.82359e-07
XM_034455320.1	6515	6416	1.58239e-08	2.88563e-09
XM_034455321.1	6389	6290	201	37.3883
XM_034455322.1	1187	1088	12	12.9046
XM_034455323.1	2055	1956	1.06507e-05	6.3709e-06
XM_034455324.1	3732	3633	0	0
XM_034455325.1	2224	2125	3	1.65178
XM_034455326.1	1881	1782	0	0
XM_034455327.1	1761	1662	0	0
XM_034455328.1	2631	2532	0	0
XM_034455329.1	2991	2892	13	5.2594
XM_034455330.1	2794	2695	40	17.3657
XM_034455331.1	4524	4425	18	4.75938
XM_034455332.1	2496	2397	7	3.41681
XM_034455333.1	1492	1393	0	0
XM_034455334.1	923	824	4.2607	6.04985
XM_034455335.1	4610	4511	4.65752	1.20802
XM_034455336.1	4607	4508	10.1638	2.63794
XM_034455337.1	3236	3137	0	0
XM_034455338.1	764	665	4	7.03767
XM_034455339.1	1094	995	0	0
XM_034455340.1	1091	992	0	0
XM_034455341.1	1060	961	14	17.0449
XM_034455342.1	12563	12464	0.998462	0.0937271
XM_034455343.1	11217	11118	0	0
XM_034455344.1	1162	1063	2.99955	3.30151
XM_034455345.1	1170	1071	0.000454491	0.000496509
XM_034455346.1	5252	5153	0	0
XM_034455347.1	5256	5157	0	0
XM_034455348.1	4972	4873	4.12946	0.991488
XM_034455349.1	1531	1432	10	8.17048
XM_034455350.1	2200	2101	76.0427	42.347
XM_034455351.1	488	389	120	360.93
XM_034455352.1	1052	953	0	0
XM_034455353.1	2999	2900	5	2.01726
XM_034455354.1	1349	1250	0	0
XM_034455355.1	3070	2971	0	0
XM_034455356.1	12562	12463	0.0102196	0.000959404
XM_034455357.1	12017	11918	2.50768	0.246184
XM_034455358.1	2163	2064	2.09016e-06	1.18484e-06
XM_034455359.1	1618	1519	0	0
XM_034455360.1	2018	1919	12	7.31639
XM_034455361.1	3586	3487	7	2.34875
XM_034455362.1	3714	3615	0	0
XM_034455363.1	2957	2858	5	2.04691
XM_034455364.1	3134	3035	4	1.54203
XM_034455365.1	1145	1046	2	2.23712
XM_034455366.1	2992	2893	0	0
XM_034455367.1	2945	2846	7	2.87776
XM_034455368.1	2070	1971	1	0.593614
XM_034455369.1	4631	4532	1	0.258167
XM_034455370.1	3260	3161	2	0.740281
XM_034455371.1	1464	1365	0.5	0.428576
XM_034455372.1	1246	1147	0	0
XM_034455373.1	1246	1147	0	0
XM_034455374.1	1246	1147	0	0
XM_034455375.1	1209	1110	0	0
XM_034455376.1	1209	1110	0	0
XM_034455377.1	1209	1110	0	0
XM_034455378.1	1210	1111	0	0
XM_034455379.1	1172	1073	0	0
XM_034455380.1	1172	1073	0	0
XM_034455381.1	1163	1064	0	0
XM_034455382.1	1135	1036	0	0
XM_034455383.1	1114	1015	2	2.30545
XM_034455384.1	1662	1563	0	0
XM_034455385.1	7977	7878	21	3.11885
XM_034455386.1	1683	1584	0	0
XM_034455387.1	1042	943	0	0
XM_034455388.1	1079	980	0	0
XM_034455389.1	1083	984	0	0
XM_034455390.1	1128	1029	0	0
XM_034455391.1	1140	1041	0	0
XM_034455392.1	4193	4094	26	7.43047
XM_034455393.1	3308	3209	0	0
XM_034455394.1	936	837	2	2.79573
XM_034455395.1	3612	3513	5.73872	1.9113
XM_034455396.1	3510	3411	0	0
XM_034455397.1	3501	3402	0	0
XM_034455398.1	3547	3448	0	0
XM_034455399.1	3152	3053	0	0
XM_034455400.1	3116	3017	0	0
XM_034455401.1	3380	3281	17.2613	6.15542
XM_034455402.1	3105	3006	0	0
XM_034455403.1	4217	4118	37	10.5125
XM_034455404.1	1853	1754	7	4.66938
XM_034455405.1	1973	1874	6	3.74604
XM_034455406.1	1826	1727	0	0
XM_034455407.1	1859	1760	0	0
XM_034455408.1	2185	2086	6	3.36533
XM_034455409.1	4051	3952	13	3.84873
XM_034455410.1	3032	2933	8.99994	3.5902
XM_034455411.1	1568	1469	4	3.18588
XM_034455412.1	3313	3214	11	4.0044
XM_034455413.1	1432	1333	6	5.26638
XM_034455414.1	3779	3680	0	0
XM_034455415.1	3755	3656	0	0
XM_034455416.1	3710	3611	0	0
XM_034455417.1	3677	3578	0	0
XM_034455418.1	1135	1036	26	29.3633
XM_034455419.1	3658	3559	0	0
XM_034455420.1	3274	3175	26	9.58121
XM_034455421.1	3342	3243	0	0
XM_034455422.1	1306	1207	0	0
XM_034455423.1	508	409	3.84396	10.9963
XM_034455424.1	1896	1797	33	21.4861
XM_034455425.1	2017	1918	1	0.610017
XM_034455426.1	848	749	0	0
XM_034455427.1	2838	2739	0	0
XM_034455428.1	2941	2842	5.75479	2.36917
XM_034455429.1	2120	2021	7.65153	4.42969
XM_034455430.1	1687	1588	0	0
XM_034455431.1	1662	1563	0	0
XM_034455432.1	4134	4035	0	0
XM_034455433.1	1522	1423	4	3.28886
XM_034455434.1	3460	3361	11	3.82926
XM_034455435.1	1967	1868	0.0673519	0.0421856
XM_034455436.1	1961	1862	2.93265	1.84277
XM_034455437.1	571	472	0	0
XM_034455438.1	2589	2490	2	0.93977
XM_034455439.1	1252	1153	9	9.1328
XM_034455440.1	4566	4467	57	14.9297
XM_034455441.1	909	810	16	23.1114
XM_034455442.1	788	689	0	0
XM_034455443.1	958	859	14	19.0689
XM_034455444.1	819	720	1	1.62502
XM_034455445.1	2232	2133	2.26206	1.24081
XM_034455446.1	1584	1485	0	0
XM_034455447.1	5612	5513	9.30108	1.97395
XM_034455448.1	2714	2615	1	0.447424
XM_034455449.1	2823	2724	2	0.859041
XM_034455450.1	5287	5188	0	0
XM_034455451.1	5143	5044	0	0
XM_034455452.1	4775	4676	0	0
XM_034455453.1	4817	4718	30.7457	7.62459
XM_034455454.1	4478	4379	0	0
XM_034455455.1	5609	5510	17.6126	3.73992
XM_034455456.1	1393	1294	4	3.61673
XM_034455457.1	381	282	0	0
XM_034455458.1	999	900	0	0
XM_034455459.1	2754	2655	0	0
XM_034455460.1	1563	1464	0	0
XM_034455461.1	1543	1444	0	0
XM_034455462.1	1180	1081	0	0
XM_034455463.1	582	483	0	0
XM_034455464.1	678	579	0	0
XM_034455465.1	2176	2077	6	3.37991
XM_034455466.1	1758	1659	0	0
XM_034455467.1	752	653	0	0
XM_034455468.1	2819	2720	0	0
XM_034455469.1	1650	1551	0	0
XM_034455470.1	943	844	0	0
XM_034455471.1	1194	1095	4	4.27402
XM_034455472.1	810	711	0	0
XM_034455473.1	7172	7073	40	6.61679
XM_034455474.1	1622	1523	12	9.21875
XM_034455475.1	2459	2360	1	0.495768
XM_034455476.1	439	340	0	0
XM_034455477.1	3472	3373	4	1.3875
XM_034455478.1	1407	1308	6	5.36703
XM_034455479.1	1109	1010	0	0
XM_034455480.1	4023	3924	0	0
XM_034455481.1	976	877	0	0
XM_034455482.1	2533	2434	2	0.961391
XM_034455483.1	1246	1147	0	0
XM_034455484.1	4164	4065	7	2.01478
XM_034455485.1	3866	3767	0	0
XM_034455486.1	1855	1756	0	0
XM_034455487.1	2763	2664	0	0
XM_034455488.1	2617	2518	40.1042	18.6348
XM_034455489.1	1616	1517	14.5053	11.1875
XM_034455490.1	4226	4127	13	3.68553
XM_034455491.1	8914	8815	66	8.76017
XM_034455492.1	4406	4307	0	0
XM_034455493.1	3279	3180	0	0
XM_034455494.1	2662	2563	33.1014	15.1108
XM_034455495.1	9633	9534	104.466	12.8201
XM_034455496.1	9457	9358	0	0
XM_034455497.1	9647	9548	18.6838	2.28952
XM_034455498.1	13870	13771	4.23762	0.360038
XM_034455499.1	969	870	0	0
XM_034455500.1	780	681	0	0
XM_034455501.1	5500	5401	41	8.88179
XM_034455502.1	531	432	1	2.70836
XM_034455503.1	1702	1603	3	2.18967
XM_034455504.1	2453	2354	1.08634	0.539945
XM_034455505.1	470	371	0	0
XM_034455506.1	4536	4437	0	0
XM_034455507.1	4442	4343	0	0
XM_034455508.1	4375	4276	0	0
XM_034455509.1	4209	4110	0	0
XM_034455510.1	4135	4036	0	0
XM_034455511.1	4115	4016	0	0
XM_034455512.1	4049	3950	1	0.296206
XM_034455513.1	1590	1491	20	15.6943
XM_034455514.1	2020	1921	0.0222815	0.0135709
XM_034455515.1	2499	2400	4	1.95002
XM_034455516.1	3281	3182	4	1.47079
XM_034455517.1	2712	2613	1013.97	454.019
XM_034455518.1	2009	1910	1.12833e-05	6.91184e-06
XM_034455519.1	981	882	12.8279	17.0168
XM_034455520.1	1076	977	0	0
XM_034455521.1	1987	1888	8.99999	5.57739
XM_034455522.1	4993	4894	2.24535e-07	5.36797e-08
XM_034455523.1	814	715	59.163	96.8133
XM_034455524.1	1627	1528	0	0
XM_034455525.1	1513	1414	0	0
XM_034455526.1	2853	2754	3.05557	1.29813
XM_034455527.1	1874	1775	0	0
XM_034455528.1	1889	1790	0	0
XM_034455529.1	4577	4478	0	0
XM_034455530.1	2700	2601	0	0
XM_034455531.1	1039	940	0	0
XM_034455532.1	1729	1630	0	0
XM_034455533.1	2374	2275	0	0
XM_034455534.1	2148	2049	0	0
XM_034455535.1	2284	2185	0	0
XM_034455536.1	2151	2052	0	0
XM_034455537.1	2148	2049	0	0
XM_034455538.1	2145	2046	0	0
XM_034455539.1	2195	2096	0	0
XM_034455540.1	2444	2345	2.99679	1.49522
XM_034455541.1	2916	2817	1.56727	0.650952
XM_034455542.1	3606	3507	5.24408	1.74954
XM_034455543.1	2916	2817	0	0
XM_034455544.1	3969	3870	6.73949	2.03754
XM_034455545.1	2916	2817	1.56727	0.650952
XM_034455546.1	4635	4536	3	0.773818
XM_034455547.1	4178	4079	0	0
XM_034455548.1	3999	3900	0	0
XM_034455549.1	4594	4495	0	0
XM_034455550.1	1931	1832	5.3497	3.41661
XM_034455551.1	1927	1828	69.4756	44.468
XM_034455552.1	1451	1352	0	0
XM_034455553.1	1501	1402	0	0
XM_034455554.1	1392	1293	0	0
XM_034455555.1	1289	1190	0	0
XM_034455556.1	2425	2326	1.17843e-07	5.9277e-08
XM_034455557.1	2420	2321	55.4135	27.9339
XM_034455558.1	2448	2349	4.31297e-05	2.14825e-05
XM_034455559.1	1146	1047	3	3.35247
XM_034455560.1	1397	1298	0	0
XM_034455561.1	2210	2111	11	6.09671
XM_034455562.1	706	607	1	1.92753
XM_034455563.1	4107	4008	5	1.4596
XM_034455564.1	11029	10930	0	0
XM_034455565.1	2353	2254	0	0
XM_034455566.1	2082	1983	3	1.77007
XM_034455567.1	1432	1333	0	0
XM_034455568.1	1432	1333	10	8.77729
XM_034455569.1	5494	5395	8	1.73496
XM_034455570.1	2358	2259	0	0
XM_034455571.1	4835	4736	0	0
XM_034455572.1	1350	1251	0	0
XM_034455573.1	2458	2359	0	0
XM_034455574.1	1603	1504	10	7.77934
XM_034455575.1	2275	2176	18.947	10.1876
XM_034455576.1	2276	2177	11.053	5.94038
XM_034455577.1	1167	1068	4	4.38207
XM_034455578.1	7173	7074	5.9112e-06	9.7769e-07
XM_034455579.1	7077	6978	53.9962	9.05364
XM_034455580.1	7170	7071	9.72218e-06	1.60869e-06
XM_034455581.1	7146	7047	0.000524536	8.70887e-05
XM_034455582.1	7143	7044	0.000864353	0.00014357
XM_034455583.1	7137	7038	0.00234856	0.000390429
XM_034455584.1	6410	6311	4	0.741571
XM_034455585.1	3004	2905	10	4.02758
XM_034455586.1	1931	1832	1	0.638654
XM_034455587.1	4809	4710	0	0
XM_034455588.1	4496	4397	0.10512	0.0279717
XM_034455589.1	6337	6238	0	0
XM_034455590.1	3782	3683	0	0
XM_034455591.1	1430	1331	2	1.7581
XM_034455592.1	6431	6332	0	0
XM_034455593.1	1517	1418	0	0
XM_034455594.1	1514	1415	0	0
XM_034455595.1	6185	6086	0	0
XM_034455596.1	3129	3030	0	0
XM_034455597.1	3113	3014	0	0
XM_034455598.1	2756	2657	0	0
XM_034455599.1	2255	2156	2.22165	1.20564
XM_034455600.1	6274	6175	0	0
XM_034455601.1	3898	3799	7	2.15586
XM_034455602.1	2939	2840	0	0
XM_034455603.1	734	635	0	0
XM_034455604.1	6133	6034	35.8622	6.9538
XM_034455605.1	1203	1104	0	0
XM_034455606.1	6133	6034	7.17244	1.39076
XM_034455607.1	4032	3933	0	0
XM_034455608.1	3990	3891	0	0
XM_034455609.1	3921	3822	0	0
XM_034455610.1	5291	5192	4.58721	1.03372
XM_034455611.1	3906	3807	0	0
XM_034455612.1	3900	3801	0	0
XM_034455613.1	3900	3801	0	0
XM_034455614.1	3885	3786	0	0
XM_034455615.1	3642	3543	1.00538	0.33201
XM_034455616.1	3621	3522	0.00138582	0.00046037
XM_034455617.1	3606	3507	0.206996	0.0690585
XM_034455618.1	5806	5707	0.072321	0.0148268
XM_034455619.1	5781	5682	12.4669	2.56712
XM_034455620.1	5785	5686	5.46082	1.12368
XM_034455621.1	4477	4378	16.8949	4.51513
XM_034455622.1	2785	2686	0	0
XM_034455623.1	2329	2230	0	0
XM_034455624.1	3632	3533	0	0
XM_034455625.1	2338	2239	0	0
XM_034455626.1	2634	2535	0	0
XM_034455627.1	2625	2526	0	0
XM_034455628.1	2583	2484	4	1.88408
XM_034455629.1	3169	3070	0	0
XM_034455630.1	7528	7429	3.12866	0.492741
XM_034455631.1	2551	2452	0	0
XM_034455632.1	2595	2496	18	8.4376
XM_034455633.1	993	894	0	0
XM_034455634.1	993	894	0	0
XM_034455635.1	993	894	0	0
XM_034455636.1	2869	2770	0	0
XM_034455637.1	2797	2698	9.28442	4.02628
XM_034455638.1	2160	2061	8	4.54154
XM_034455639.1	7739	7640	0	0
XM_034455640.1	4408	4309	29.6168	8.04178
XM_034455641.1	7510	7411	53.8477	8.50122
XM_034455642.1	4424	4325	0.383227	0.103672
XM_034455643.1	4113	4014	8	2.33187
XM_034455644.1	1627	1528	1.50317	1.151
XM_034455645.1	2624	2525	0	0
XM_034455646.1	2694	2595	0	0
XM_034455647.1	2489	2390	0	0
XM_034455648.1	2253	2154	0	0
XM_034455649.1	2559	2460	0	0
XM_034455650.1	2421	2322	1.12445	0.566589
XM_034455651.1	2229	2130	0	0
XM_034455652.1	2192	2093	0	0
XM_034455653.1	5713	5614	0	0
XM_034455654.1	2181	2082	6.08039	3.41698
XM_034455655.1	5726	5627	0	0
XM_034455656.1	5519	5420	0	0
XM_034455657.1	5533	5434	0	0
XM_034455658.1	5560	5461	0	0
XM_034455659.1	5662	5563	11.8488	2.49204
XM_034455660.1	4723	4624	3.83754	0.971016
XM_034455661.1	1249	1150	0	0
XM_034455662.1	1216	1117	13.5204	14.1621
XM_034455663.1	1288	1189	0	0
XM_034455664.1	1289	1190	0	0
XM_034455665.1	807	708	0	0
XM_034455666.1	2867	2768	4.6029	1.94561
XM_034455667.1	1326	1227	0	0
XM_034455668.1	1393	1294	8.45259	7.64269
XM_034455669.1	807	708	0	0
XM_034455670.1	2586	2487	9	4.23407
XM_034455671.1	2788	2689	0	0
XM_034455672.1	2058	1959	0.0442182	0.0264094
XM_034455673.1	1564	1465	0	0
XM_034455674.1	3682	3583	0	0
XM_034455675.1	3563	3464	48.6985	16.4486
XM_034455676.1	3747	3648	18	5.77309
XM_034455677.1	5332	5233	0	0
XM_034455678.1	5434	5335	21.7755	4.77556
XM_034455679.1	5340	5241	0	0
XM_034455680.1	5292	5193	0	0
XM_034455681.1	2529	2430	1	0.481487
XM_034455682.1	3044	2945	1.01269	0.402328
XM_034455683.1	3093	2994	0	0
XM_034455684.1	3139	3040	0	0
XM_034455685.1	960	861	68.8703	93.5879
XM_034455686.1	1043	944	0	0
XM_034455687.1	14739	14640	57.9936	4.63479
XM_034455688.1	14660	14561	0	0
XM_034455689.1	14583	14484	0.00641807	0.00051845
XM_034455690.1	1904	1805	9.55226	6.19184
XM_034455691.1	14504	14405	0	0
XM_034455692.1	1813	1714	0	0
XM_034455693.1	1612	1513	0	0
XM_034455694.1	1788	1689	0	0
XM_034455695.1	2345	2246	41.286	21.5072
XM_034455696.1	7215	7116	0	0
XM_034455697.1	15274	15175	0	0
XM_034455698.1	3219	3120	2	0.750009
XM_034455699.1	15170	15071	0	0
XM_034455700.1	16093	15994	26	1.90199
XM_034455701.1	14701	14602	0	0
XM_034455702.1	14058	13959	0	0
XM_034455703.1	1353	1254	2	1.86605
XM_034455704.1	15299	15200	0	0
XM_034455705.1	2032	1933	0	0
XM_034455706.1	1924	1825	10.573	6.77839
XM_034455707.1	15091	14992	0	0
XM_034455708.1	3533	3434	0	0
XM_034455709.1	664	565	14	28.9915
XM_034455710.1	14986	14887	6.79361e-08	5.3393e-09
XM_034455711.1	625	526	0	0
XM_034455712.1	781	682	0	0
XM_034455713.1	745	646	0	0
XM_034455714.1	751	652	0	0
XM_034455715.1	607	508	0	0
XM_034455716.1	587	488	0	0
XM_034455717.1	14752	14653	8	0.638784
XM_034455718.1	1783	1684	0	0
XM_034455719.1	1749	1650	0	0
XM_034455720.1	1773	1674	0	0
XM_034455721.1	1062	963	0	0
XM_034455722.1	2657	2558	0	0
XM_034455723.1	2612	2513	0	0
XM_034455724.1	14342	14243	14.2993	1.17464
XM_034455725.1	2561	2462	0	0
XM_034455726.1	2642	2543	20	9.20184
XM_034455727.1	2673	2574	0	0
XM_034455728.1	2619	2520	0	0
XM_034455729.1	2642	2543	0	0
XM_034455730.1	13875	13776	0	0
XM_034455731.1	2619	2520	0	0
XM_034455732.1	2900	2801	0	0
XM_034455733.1	2317	2218	0	0
XM_034455734.1	1981	1882	0	0
XM_034455735.1	1981	1882	0	0
XM_034455736.1	2450	2351	0	0
XM_034455737.1	1813	1714	0	0
XM_034455738.1	2282	2183	3.44556	1.8467
XM_034455739.1	13869	13770	0	0
XM_034455740.1	2285	2186	0.688109	0.368297
XM_034455741.1	2219	2120	3.44155	1.89937
XM_034455742.1	1603	1504	5.61593	4.36883
XM_034455743.1	3223	3124	7.25331	2.71654
XM_034455744.1	2906	2807	46.43	19.353
XM_034455745.1	2372	2273	51.3316	26.4226
XM_034455746.1	3581	3482	0	0
XM_034455747.1	13641	13542	0	0
XM_034455748.1	2820	2721	13	5.58992
XM_034455749.1	2293	2194	22	11.7321
XM_034455750.1	2678	2579	5	2.26835
XM_034455751.1	2414	2315	0	0
XM_034455752.1	2286	2187	1	0.534986
XM_034455753.1	12818	12719	1.61901e-05	1.48931e-06
XM_034455754.1	3925	3826	0	0
XM_034455755.1	2556	2457	5.91963	2.8189
XM_034455756.1	3363	3264	35.4846	12.7198
XM_034455757.1	3898	3799	68.5957	21.1261
XM_034455758.1	2000	1901	7	4.30831
XM_034455759.1	2203	2104	0.275305	0.153094
XM_034455760.1	12803	12704	87	8.01253
XM_034455761.1	1742	1643	0	0
XM_034455762.1	2494	2395	50	24.4262
XM_034455763.1	4727	4628	94.3429	23.851
XM_034455764.1	2555	2456	13.3292	6.34991
XM_034455765.1	2504	2405	0	0
XM_034455766.1	2498	2399	60.5739	29.5424
XM_034455767.1	2381	2282	2.5426e-08	1.30363e-08
XM_034455768.1	5564	5465	0.00940319	0.00201315
XM_034455769.1	12233	12134	0	0
XM_034455770.1	5534	5435	5.9906	1.28962
XM_034455771.1	5672	5573	4	0.839773
XM_034455772.1	4443	4344	16.3342	4.39945
XM_034455773.1	2845	2746	0.0713718	0.0304101
XM_034455774.1	2839	2740	0.928628	0.396536
XM_034455775.1	2778	2679	0	0
XM_034455776.1	2772	2673	0	0
XM_034455777.1	1787	1688	0	0
XM_034455778.1	2736	2637	0	0
XM_034455779.1	12119	12020	0	0
XM_034455780.1	1781	1682	0	0
XM_034455781.1	1781	1682	0	0
XM_034455782.1	2730	2631	0	0
XM_034455783.1	1775	1676	0	0
XM_034455784.1	3754	3655	7	2.24079
XM_034455785.1	1108	1009	0	0
XM_034455786.1	1119	1020	0	0
XM_034455787.1	1495	1396	0	0
XM_034455788.1	12119	12020	0	0
XM_034455789.1	1216	1117	6.86569	7.19154
XM_034455790.1	2038	1939	4.42248	2.66857
XM_034455791.1	1230	1131	0	0
XM_034455792.1	1596	1497	0	0
XM_034455793.1	1712	1613	0	0
XM_034455794.1	12119	12020	0	0
XM_034455795.1	1645	1546	0	0
XM_034455796.1	1639	1540	0	0
XM_034455797.1	4844	4745	23.6658	5.83548
XM_034455798.1	2019	1920	4.57752	2.78946
XM_034455799.1	1186	1087	10.9031	11.7358
XM_034455800.1	1227	1128	123.134	127.721
XM_034455801.1	1285	1186	0	0
XM_034455802.1	12119	12020	0	0
XM_034455803.1	1649	1550	2	1.50969
XM_034455804.1	1714	1615	0	0
XM_034455805.1	1458	1359	0	0
XM_034455806.1	12119	12020	0	0
XM_034455807.1	2352	2253	1	0.519314
XM_034455808.1	12119	12020	0	0
XM_034455809.1	3733	3634	0	0
XM_034455810.1	12119	12020	0	0
XM_034455811.1	6220	6121	0	0
XM_034455812.1	6181	6082	0	0
XM_034455813.1	6163	6064	0	0
XM_034455814.1	4103	4004	0	0
XM_034455815.1	12119	12020	0	0
XM_034455816.1	3321	3222	14	5.08386
XM_034455817.1	3418	3319	0	0
XM_034455818.1	12119	12020	0	0
XM_034455819.1	3752	3653	9.53046e-08	3.0525e-08
XM_034455820.1	1587	1488	12	9.43559
XM_034455821.1	2618	2519	2.99996	1.39341
XM_034455822.1	2615	2516	0	0
XM_034455823.1	2726	2627	0	0
XM_034455824.1	12119	12020	0	0
XM_034455825.1	2724	2625	0	0
XM_034455826.1	2795	2696	0	0
XM_034455827.1	2512	2413	0	0
XM_034455828.1	2390	2291	0	0
XM_034455829.1	2166	2067	2.2278e-05	1.26103e-05
XM_034455830.1	12119	12020	0	0
XM_034455831.1	7069	6970	0	0
XM_034455832.1	6966	6867	0	0
XM_034455833.1	5752	5653	0	0
XM_034455834.1	6066	5967	0	0
XM_034455835.1	12119	12020	0	0
XM_034455836.1	5640	5541	0	0
XM_034455837.1	5467	5368	27	5.88494
XM_034455838.1	6000	5901	0	0
XM_034455839.1	1643	1544	0	0
XM_034455840.1	1225	1126	0	0
XM_034455841.1	1645	1546	0	0
XM_034455842.1	988	889	12	15.7932
XM_034455843.1	12119	12020	0	0
XM_034455844.1	3607	3508	0.0263874	0.00880091
XM_034455845.1	3607	3508	0	0
XM_034455846.1	3601	3502	0.196542	0.0656643
XM_034455847.1	12119	12020	0	0
XM_034455848.1	3583	3484	82.9131	27.8443
XM_034455849.1	3583	3484	0	0
XM_034455850.1	1844	1745	0	0
XM_034455851.1	12119	12020	0	0
XM_034455852.1	1364	1265	7	6.47438
XM_034455853.1	18599	18500	0	0
XM_034455854.1	12119	12020	0	0
XM_034455855.1	18591	18492	0	0
XM_034455856.1	18583	18484	0	0
XM_034455857.1	18600	18501	0	0
XM_034455858.1	18584	18485	0	0
XM_034455859.1	17881	17782	3.5	0.230292
XM_034455860.1	3555	3456	0	0
XM_034455861.1	17881	17782	3.5	0.230292
XM_034455862.1	16293	16194	0	0
XM_034455863.1	16277	16178	0	0
XM_034455864.1	12119	12020	0	0
XM_034455865.1	3285	3186	5.983	2.19717
XM_034455866.1	3341	3242	0	0
XM_034455867.1	1758	1659	0	0
XM_034455868.1	1667	1568	2.29964e-06	1.71595e-06
XM_034455869.1	1646	1547	17	12.8573
XM_034455870.1	1814	1715	0	0
XM_034455871.1	12119	12020	0	0
XM_034455872.1	1506	1407	0	0
XM_034455873.1	608	509	16	36.7784
XM_034455874.1	1319	1220	1	0.959027
XM_034455875.1	525	426	0	0
XM_034455876.1	12119	12020	0	0
XM_034455877.1	589	490	0	0
XM_034455878.1	3419	3320	8	2.81931
XM_034455879.1	3420	3321	0	0
XM_034455880.1	12119	12020	0	0
XM_034455881.1	6563	6464	0	0
XM_034455882.1	6474	6375	0	0
XM_034455883.1	6486	6387	0	0
XM_034455884.1	6483	6384	0	0
XM_034455885.1	6312	6213	54	10.1691
XM_034455886.1	1440	1341	79	68.927
XM_034455887.1	2253	2154	5.71844	3.10615
XM_034455888.1	2484	2385	0	0
XM_034455889.1	12119	12020	0	0
XM_034455890.1	3609	3510	15.723	5.24107
XM_034455891.1	3459	3360	0	0
XM_034455892.1	3576	3477	18.277	6.15022
XM_034455893.1	3532	3433	0	0
XM_034455894.1	2308	2209	0.00421364	0.00223179
XM_034455895.1	2292	2193	21.2773	11.3519
XM_034455896.1	1239	1140	0	0
XM_034455897.1	12005	11906	0	0
XM_034455898.1	1300	1201	1	0.974199
XM_034455899.1	1141	1042	1	1.12285
XM_034455900.1	2083	1984	0	0
XM_034455901.1	12005	11906	0	0
XM_034455902.1	2129	2030	0	0
XM_034455903.1	1535	1436	0	0
XM_034455904.1	12005	11906	0	0
XM_034455905.1	1498	1399	0	0
XM_034455906.1	1601	1502	0	0
XM_034455907.1	2297	2198	14	7.45231
XM_034455908.1	1706	1607	0	0
XM_034455909.1	1815	1716	0	0
XM_034455910.1	12005	11906	0	0
XM_034455911.1	2361	2262	0	0
XM_034455912.1	3924	3825	0	0
XM_034455913.1	1506	1407	0	0
XM_034455914.1	2615	2516	9	4.18526
XM_034455915.1	12005	11906	0	0
XM_034455916.1	2412	2313	0	0
XM_034455917.1	3491	3392	0	0
XM_034455918.1	739	640	1	1.82815
XM_034455919.1	12005	11906	0	0
XM_034455920.1	577	478	0	0
XM_034455921.1	1259	1160	1	1.00863
XM_034455922.1	1279	1180	0	0
XM_034455923.1	5038	4939	5.73591e-06	1.3588e-06
XM_034455924.1	4978	4879	9.6634	2.31734
XM_034455925.1	4852	4753	0	0
XM_034455926.1	12005	11906	0	0
XM_034455927.1	4884	4785	0	0
XM_034455928.1	6998	6899	6.84243	1.16042
XM_034455929.1	6393	6294	34.3854	6.39202
XM_034455930.1	12005	11906	0	0
XM_034455931.1	2676	2577	1.16708e-08	5.2988e-09
XM_034455932.1	2631	2532	11	5.083
XM_034455933.1	1452	1353	6	5.18853
XM_034455934.1	4692	4593	3	0.764215
XM_034455935.1	12005	11906	0	0
XM_034455936.1	4145	4046	4.06131	1.17444
XM_034455937.1	4140	4041	3.04604	0.881937
XM_034455938.1	4077	3978	0	0
XM_034455939.1	4077	3978	0	0
XM_034455940.1	4074	3975	0	0
XM_034455941.1	4023	3924	0	0
XM_034455942.1	3936	3837	0	0
XM_034455943.1	3792	3693	16	5.06911
XM_034455944.1	12005	11906	0	0
XM_034455945.1	3961	3862	11	3.33251
XM_034455946.1	4135	4036	0	0
XM_034455947.1	3799	3700	10	3.1622
XM_034455948.1	1546	1447	0	0
XM_034455949.1	2213	2114	0	0
XM_034455950.1	2076	1977	28.8926	17.099
XM_034455951.1	1255	1156	0	0
XM_034455952.1	1197	1098	0	0
XM_034455953.1	12005	11906	0	0
XM_034455954.1	1513	1414	25	20.6862
XM_034455955.1	773	674	0.206452	0.358385
XM_034455956.1	811	712	0	0
XM_034455957.1	866	767	0	0
XM_034455958.1	980	881	0.864849	1.14856
XM_034455959.1	1077	978	0	0
XM_034455960.1	747	648	0	0
XM_034455961.1	12005	11906	0	0
XM_034455962.1	1322	1223	1.21539	1.16273
XM_034455963.1	698	599	0	0
XM_034455964.1	1456	1357	0	0
XM_034455965.1	1316	1217	0	0
XM_034455966.1	12005	11906	0	0
XM_034455967.1	1214	1115	1	1.04934
XM_034455968.1	2640	2541	0.0306738	0.0141239
XM_034455969.1	2631	2532	1.96933	0.910007
XM_034455970.1	2628	2529	0	0
XM_034455971.1	12005	11906	0	0
XM_034455972.1	2501	2402	0	0
XM_034455973.1	2268	2169	0	0
XM_034455974.1	2225	2126	9	4.95302
XM_034455975.1	4689	4590	29.4366	7.50353
XM_034455976.1	1204	1105	0	0
XM_034455977.1	12005	11906	0	0
XM_034455978.1	2614	2515	1	0.465214
XM_034455979.1	1914	1815	1	0.644635
XM_034455980.1	3643	3544	0	0
XM_034455981.1	1017	918	0	0
XM_034455982.1	12005	11906	0	0
XM_034455983.1	1085	986	33.7671	40.069
XM_034455984.1	939	840	14.2329	19.8246
XM_034455985.1	12005	11906	0	0
XM_034455986.1	3762	3663	20.4447	6.53031
XM_034455987.1	2687	2588	24.5553	11.1013
XM_034455988.1	1503	1404	0	0
XM_034455989.1	12005	11906	0	0
XM_034455990.1	3847	3748	0	0
XM_034455991.1	12005	11906	0	0
XM_034455992.1	3218	3119	7	2.62587
XM_034455993.1	8083	7984	2	0.29309
XM_034455994.1	1402	1303	5	4.48969
XM_034455995.1	1461	1362	0	0
XM_034455996.1	11891	11792	0.000607281	6.0255e-05
XM_034455997.1	1819	1720	2	1.36048
XM_034455998.1	1926	1827	0	0
XM_034455999.1	2153	2054	8.41326	4.79242
XM_034456000.1	3661	3562	3.33993	1.09707
XM_034456001.1	5532	5433	0	0
XM_034456002.1	11891	11792	0.000607281	6.0255e-05
XM_034456003.1	5016	4917	16	3.80724
XM_034456004.1	4812	4713	0	0
XM_034456005.1	4983	4884	0	0
XM_034456006.1	3477	3378	0	0
XM_034456007.1	2702	2603	0	0
XM_034456008.1	11891	11792	0.000607281	6.0255e-05
XM_034456009.1	4127	4028	20	5.8094
XM_034456010.1	2102	2003	38	22.197
XM_034456011.1	2279	2180	0	0
XM_034456012.1	2308	2209	0	0
XM_034456013.1	11891	11792	0.000607281	6.0255e-05
XM_034456014.1	1613	1514	2	1.54559
XM_034456015.1	11891	11792	0.000607281	6.0255e-05
XM_034456016.1	3451	3352	21.895	7.64243
XM_034456017.1	2095	1996	0	0
XM_034456018.1	11891	11792	0.000607281	6.0255e-05
XM_034456019.1	2144	2045	0	0
XM_034456020.1	1187	1088	0	0
XM_034456021.1	3470	3371	0	0
XM_034456022.1	6485	6386	0	0
XM_034456023.1	6473	6374	0	0
XM_034456024.1	6466	6367	0	0
XM_034456025.1	5931	5832	0.0508389	0.0101993
XM_034456026.1	5939	5840	0.0101829	0.00204009
XM_034456027.1	11891	11792	0.000607281	6.0255e-05
XM_034456028.1	5905	5806	9.60249	1.93507
XM_034456029.1	5912	5813	2.33649	0.470277
XM_034456030.1	5969	5870	0	0
XM_034456031.1	5954	5855	0	0
XM_034456032.1	5836	5737	0	0
XM_034456033.1	5456	5357	4.78837e-07	1.04582e-07
XM_034456034.1	5914	5815	0	0
XM_034456035.1	11891	11792	0.000607281	6.0255e-05
XM_034456036.1	11777	11678	53.9854	5.40877
XM_034456037.1	6029	5930	0.0236469	0.00466563
XM_034456038.1	6025	5926	0	0
XM_034456039.1	6017	5918	0.254507	0.0503172
XM_034456040.1	5994	5895	24.5144	4.86551
XM_034456041.1	4092	3993	88.2075	25.8462
XM_034456042.1	7409	7310	0	0
XM_034456043.1	7217	7118	0	0
XM_034456044.1	7416	7317	0	0
XM_034456045.1	7593	7494	8.50685	1.32815
XM_034456046.1	7620	7521	0	0
XM_034456047.1	7398	7299	0	0
XM_034456048.1	7193	7094	14.7504	2.43278
XM_034456049.1	7396	7297	0	0
XM_034456050.1	11438	11339	131.312	13.5494
XM_034456051.1	7404	7305	0	0
XM_034456052.1	6964	6865	0	0
XM_034456053.1	7380	7281	0	0
XM_034456054.1	7292	7193	0	0
XM_034456055.1	7279	7180	0	0
XM_034456056.1	3293	3194	7.62937	2.79476
XM_034456057.1	5830	5731	0	0
XM_034456058.1	5818	5719	36.1134	7.38821
XM_034456059.1	3934	3835	0	0
XM_034456060.1	3920	3821	0	0
XM_034456061.1	3563	3464	7.9761e-05	2.69404e-05
XM_034456062.1	3530	3431	5.99992	2.04605
XM_034456063.1	3680	3581	0	0
XM_034456064.1	3841	3742	0	0
XM_034456065.1	3100	3001	0	0
XM_034456066.1	8087	7988	35.3882	5.18337
XM_034456067.1	5815	5716	43.2168	8.84608
XM_034456068.1	4731	4632	0	0
XM_034456069.1	3916	3817	0	0
XM_034456070.1	3363	3264	0	0
XM_034456071.1	3349	3250	0	0
XM_034456072.1	2944	2845	0	0
XM_034456073.1	6738	6639	0	0
XM_034456074.1	2842	2743	0	0
XM_034456075.1	4213	4114	32	9.10074
XM_034456076.1	2108	2009	0	0
XM_034456077.1	6356	6257	0	0
XM_034456078.1	2152	2053	0	0
XM_034456079.1	2001	1902	5	3.07575
XM_034456080.1	6349	6250	0	0
XM_034456081.1	6350	6251	0	0
XM_034456082.1	6169	6070	0	0
XM_034456083.1	4479	4380	8	2.13701
XM_034456084.1	6160	6061	0	0
XM_034456085.1	5779	5680	59	12.1533
XM_034456086.1	3465	3366	0	0
XM_034456087.1	3280	3181	0.895699	0.32945
XM_034456088.1	4487	4388	0	0
XM_034456089.1	3200	3101	22.0961	8.33689
XM_034456090.1	2698	2599	6	2.70107
XM_034456091.1	4059	3960	1.02391	0.302521
XM_034456092.1	4488	4389	0	0
XM_034456093.1	2152	2053	3	1.70971
XM_034456094.1	2014	1915	0	0
XM_034456095.1	5052	4953	0	0
XM_034456096.1	4262	4163	0	0
XM_034456097.1	1525	1426	24	19.6917
XM_034456098.1	4264	4165	0	0
XM_034456099.1	4882	4783	8.46952e-08	2.07181e-08
XM_034456100.1	4844	4745	0.000980219	0.000241701
XM_034456101.1	1190	1091	0	0
XM_034456102.1	4033	3934	18.0146	5.35774
XM_034456103.1	1940	1841	0	0
XM_034456104.1	2271	2172	0	0
XM_034456105.1	4036	3937	7.36703	2.18936
XM_034456106.1	1806	1707	31.0461	21.2796
XM_034456107.1	1906	1807	0	0
XM_034456108.1	4599	4500	0	0
XM_034456109.1	4431	4332	4.23047	1.14259
XM_034456110.1	4595	4496	0	0
XM_034456111.1	3407	3308	31.4348	11.1182
XM_034456112.1	2404	2305	0	0
XM_034456113.1	847	748	112	175.189
XM_034456114.1	1024	925	2	2.52976
XM_034456115.1	933	834	0	0
XM_034456116.1	658	559	1	2.09305
XM_034456117.1	703	604	1	1.93711
XM_034456118.1	1080	981	5.29124	6.31073
XM_034456119.1	919	820	0	0
XM_034456120.1	3392	3293	0.118478	0.0420955
XM_034456121.1	1087	988	0	0
XM_034456122.1	1818	1719	0	0
XM_034456123.1	1206	1107	0	0
XM_034456124.1	808	709	0	0
XM_034456125.1	1812	1713	1	0.68302
XM_034456126.1	874	775	0	0
XM_034456127.1	1769	1670	0	0
XM_034456128.1	1553	1454	22	17.7031
XM_034456129.1	1364	1265	0	0
XM_034456130.1	2195	2096	0	0
XM_034456131.1	2214	2115	8.39168	4.64226
XM_034456132.1	3051	2952	0	0
XM_034456133.1	1579	1480	0	0
XM_034456134.1	1166	1067	0	0
XM_034456135.1	2187	2088	0	0
XM_034456136.1	1936	1837	1.18605	0.755415
XM_034456137.1	1662	1563	0	0
XM_034456138.1	1584	1485	0	0
XM_034456139.1	2628	2529	20	9.25277
XM_034456140.1	1228	1129	0	0
XM_034456141.1	2183	2084	5	2.80713
XM_034456142.1	4932	4833	0	0
XM_034456143.1	4182	4083	0	0
XM_034456144.1	2533	2434	9.59562e-07	4.61257e-07
XM_034456145.1	2286	2187	0	0
XM_034456146.1	2453	2354	0	0
XM_034456147.1	2356	2257	0	0
XM_034456148.1	2190	2091	0	0
XM_034456149.1	2527	2428	1.46924	0.708
XM_034456150.1	2518	2419	114.531	55.3958
XM_034456151.1	1423	1324	0	0
XM_034456152.1	2040	1941	0	0
XM_034456153.1	1887	1788	0	0
XM_034456154.1	1307	1208	1.04126	1.00852
XM_034456155.1	1797	1698	126.725	87.3205
XM_034456156.1	1485	1386	2.99927	2.53188
XM_034456157.1	3934	3835	0	0
XM_034456158.1	3820	3721	0.000226411	7.11915e-05
XM_034456159.1	3790	3691	3.0111	0.954491
XM_034456160.1	1844	1745	0	0
XM_034456161.1	1720	1621	0	0
XM_034456162.1	1763	1664	7.02744	4.94122
XM_034456163.1	1147	1048	0	0
XM_034456164.1	1033	934	0	0
XM_034456165.1	1003	904	4.9894	6.45759
XM_034456166.1	2049	1950	119.703	71.8228
XM_034456167.1	4423	4324	0	0
XM_034456168.1	4413	4314	0	0
XM_034456169.1	4549	4450	0	0
XM_034456170.1	4913	4814	2.62294	0.637489
XM_034456171.1	4506	4407	12.3416	3.27656
XM_034456172.1	4541	4442	3.03551	0.799547
XM_034456173.1	4540	4441	0	0
XM_034456174.1	3376	3277	35.8815	12.8111
XM_034456175.1	1929	1830	0.72022	0.460474
XM_034456176.1	1929	1830	0.72022	0.460474
XM_034456177.1	1927	1828	5.23824	3.35274
XM_034456178.1	1927	1828	5.23824	3.35274
XM_034456179.1	3244	3145	0	0
XM_034456180.1	3074	2975	9.94379	3.91071
XM_034456181.1	3194	3095	0	0
XM_034456182.1	3078	2979	2.05621	0.807584
XM_034456183.1	2338	2239	1.09618	0.572823
XM_034456184.1	2160	2061	1.43973	0.817322
XM_034456185.1	2194	2095	0	0
XM_034456186.1	2550	2451	4	1.90945
XM_034456187.1	3568	3469	4	1.34911
XM_034456188.1	1975	1876	1	0.623675
XM_034456189.1	2030	1931	0	0
XM_034456190.1	7899	7800	0.302197	0.0453301
XM_034456191.1	2225	2126	0	0
XM_034456192.1	2479	2380	0	0
XM_034456193.1	2234	2135	0	0
XM_034456194.1	2234	2135	0	0
XM_034456195.1	2224	2125	0	0
XM_034456196.1	2230	2131	24	13.1771
XM_034456197.1	2239	2140	0	0
XM_034456198.1	2239	2140	0	0
XM_034456199.1	2235	2136	0	0
XM_034456200.1	1960	1861	0	0
XM_034456201.1	1918	1819	0	0
XM_034456202.1	2052	1953	7	4.1936
XM_034456203.1	2110	2011	0	0
XM_034456204.1	2134	2035	4.03151	2.3179
XM_034456205.1	1988	1889	0	0
XM_034456206.1	2126	2027	4	2.30886
XM_034456207.1	1945	1846	45	28.5215
XM_034456208.1	1918	1819	0	0
XM_034456209.1	1847	1748	0	0
XM_034456210.1	2065	1966	1	0.595124
XM_034456211.1	1454	1355	0.592174	0.511329
XM_034456212.1	1453	1354	1.40783	1.21653
XM_034456213.1	1974	1875	0.000285175	0.000177951
XM_034456214.1	1355	1256	23	21.4254
XM_034456215.1	1585	1486	7.67229	6.04083
XM_034456216.1	1796	1697	2	1.37892
XM_034456217.1	810	711	1	1.64559
XM_034456218.1	7400	7301	0	0
XM_034456219.1	7282	7183	0	0
XM_034456220.1	7324	7225	77.2501	12.5099
XM_034456221.1	7312	7213	0	0
XM_034456222.1	7304	7205	0	0
XM_034456223.1	7286	7187	0	0
XM_034456224.1	5879	5780	0	0
XM_034456225.1	671	572	0	0
XM_034456226.1	599	500	0	0
XM_034456227.1	2127	2028	2	1.15386
XM_034456228.1	2326	2227	2	1.05075
XM_034456229.1	2821	2722	2	0.859672
XM_034456230.1	10467	10368	3	0.338546
XM_034456231.1	1734	1635	40	28.6242
XM_034456232.1	1702	1603	0	0
XM_034456233.1	1702	1603	0	0
XM_034456234.1	3667	3568	0	0
XM_034456235.1	1015	916	6	7.66384
XM_034456236.1	3059	2960	3	1.18582
XM_034456237.1	1935	1836	1	0.637262
XM_034456238.1	1948	1849	13	8.22616
XM_034456239.1	2271	2172	0	0
XM_034456240.1	3286	3187	0	0
XM_034456241.1	3236	3137	0	0
XM_034456242.1	3106	3007	0	0
XM_034456243.1	3072	2973	0	0
XM_034456244.1	3049	2950	0	0
XM_034456245.1	3035	2936	0	0
XM_034456246.1	3332	3233	0	0
XM_034456247.1	3329	3230	0	0
XM_034456248.1	3021	2922	0	0
XM_034456249.1	3012	2913	0	0
XM_034456250.1	3299	3200	0	0
XM_034456251.1	2984	2885	0	0
XM_034456252.1	3281	3182	0	0
XM_034456253.1	4298	4199	0	0
XM_034456254.1	3272	3173	0	0
XM_034456255.1	2963	2864	0	0
XM_034456256.1	3251	3152	0	0
XM_034456257.1	3230	3131	0	0
XM_034456258.1	3228	3129	0	0
XM_034456259.1	3219	3120	0	0
XM_034456260.1	3209	3110	0	0
XM_034456261.1	4235	4136	0	0
XM_034456262.1	3266	3167	64.1747	23.7087
XM_034456263.1	3198	3099	0	0
XM_034456264.1	3191	3092	0	0
XM_034456265.1	3191	3092	0	0
XM_034456266.1	3182	3083	0	0
XM_034456267.1	3171	3072	0	0
XM_034456268.1	3158	3059	0	0
XM_034456269.1	3150	3051	0	0
XM_034456270.1	3140	3041	0	0
XM_034456271.1	3131	3032	0	0
XM_034456272.1	3110	3011	0	0
XM_034456273.1	3090	2991	0	0
XM_034456274.1	3060	2961	0	0
XM_034456275.1	3431	3332	0	0
XM_034456276.1	3389	3290	0	0
XM_034456277.1	3137	3038	3	1.15538
XM_034456278.1	2631	2532	0	0
XM_034456279.1	4151	4052	0	0
XM_034456280.1	4039	3940	0	0
XM_034456281.1	3973	3874	1.24341e-07	3.75531e-08
XM_034456282.1	4150	4051	47	13.5746
XM_034456283.1	3910	3811	28	8.59627
XM_034456284.1	756	657	0	0
XM_034456285.1	825	726	0	0
XM_034456286.1	660	561	0	0
XM_034456287.1	763	664	0	0
XM_034456288.1	4116	4017	5.65472e-06	1.64702e-06
XM_034456289.1	3154	3055	0	0
XM_034456290.1	2485	2386	27.4761	13.4734
XM_034456291.1	2538	2439	0	0
XM_034456292.1	2199	2100	0	0
XM_034456293.1	2194	2095	0	0
XM_034456294.1	2207	2108	0	0
XM_034456295.1	2273	2174	14.8512	7.99266
XM_034456296.1	2903	2804	0	0
XM_034456297.1	3845	3746	0	0
XM_034456298.1	1157	1058	0	0
XM_034456299.1	1142	1043	5.55799e-05	6.23482e-05
XM_034456300.1	1131	1032	13.9999	15.8722
XM_034456301.1	2188	2089	7.99035	4.47526
XM_034456302.1	1496	1397	3	2.51256
XM_034456303.1	3400	3301	0	0
XM_034456304.1	3321	3222	0	0
XM_034456305.1	3306	3207	9.08637e-08	3.31499e-08
XM_034456306.1	3303	3204	2.7237e-07	9.94621e-08
XM_034456307.1	3297	3198	0	0
XM_034456308.1	3294	3195	0	0
XM_034456309.1	3282	3183	0.000609668	0.000224103
XM_034456310.1	3610	3511	0	0
XM_034456311.1	3270	3171	0	0
XM_034456312.1	3268	3169	0	0
XM_034456313.1	3251	3152	58.9994	21.9004
XM_034456314.1	3338	3239	0	0
XM_034456315.1	3826	3727	0	0
XM_034456316.1	3387	3288	0	0
XM_034456317.1	3383	3284	0	0
XM_034456318.1	3318	3219	0	0
XM_034456319.1	3814	3715	0	0
XM_034456320.1	3381	3282	0	0
XM_034456321.1	3292	3193	1.53865e-05	5.63807e-06
XM_034456322.1	3799	3700	0	0
XM_034456323.1	3318	3219	0	0
XM_034456324.1	2306	2207	0	0
XM_034456325.1	2348	2249	9.23636	4.8051
XM_034456326.1	4668	4569	0	0
XM_034456327.1	2922	2823	0	0
XM_034456328.1	2536	2437	3	1.44031
XM_034456329.1	2104	2005	0	0
XM_034456330.1	1918	1819	61	39.2363
XM_034456331.1	2317	2218	30.8974	16.2986
XM_034456332.1	2382	2283	22	11.2748
XM_034456333.1	2072	1973	0	0
XM_034456334.1	1967	1868	0	0
XM_034456335.1	2997	2898	0	0
XM_034456336.1	2841	2742	4.85518	2.07171
XM_034456337.1	2840	2741	7.44777	3.17913
XM_034456338.1	1943	1844	0	0
XM_034456339.1	1765	1666	0	0
XM_034456340.1	3309	3210	0	0
XM_034456341.1	1850	1751	31.9067	21.32
XM_034456342.1	1928	1829	0	0
XM_034456343.1	1800	1701	0.0932718	0.064156
XM_034456344.1	1631	1532	0	0
XM_034456345.1	1566	1467	0	0
XM_034456346.1	1182	1083	0	0
XM_034456347.1	2645	2546	1	0.45955
XM_034456348.1	1274	1175	0	0
XM_034456349.1	817	718	4	6.51818
XM_034456350.1	826	727	1.80372e-06	2.90286e-06
XM_034456351.1	908	809	0	0
XM_034456352.1	2754	2655	4.15447	1.8308
XM_034456353.1	2215	2116	5.24468	2.89997
XM_034456354.1	2280	2181	0	0
XM_034456355.1	2204	2105	0	0
XM_034456356.1	2185	2086	0	0
XM_034456357.1	1675	1576	5.10032	3.78645
XM_034456358.1	1785	1686	0	0
XM_034456359.1	1394	1295	0	0
XM_034456360.1	1366	1267	11.8997	10.9888
XM_034456361.1	5018	4919	25	5.9464
XM_034456362.1	5991	5892	17.2003	3.41557
XM_034456363.1	5981	5882	126.147	25.0925
XM_034456364.1	5973	5874	0.0161824	0.00322328
XM_034456365.1	4414	4315	63.6361	17.2549
XM_034456366.1	1779	1680	0	0
XM_034456367.1	1698	1599	0	0
XM_034456368.1	1651	1552	0	0
XM_034456369.1	1513	1414	0	0
XM_034456370.1	4752	4653	11	2.76599
XM_034456371.1	3891	3792	10	3.08548
XM_034456372.1	4247	4148	102.854	29.0116
XM_034456373.1	9700	9601	90.3538	11.0108
XM_034456374.1	5013	4914	0	0
XM_034456375.1	5035	4936	0	0
XM_034456376.1	4852	4753	0	0
XM_034456377.1	4871	4772	0	0
XM_034456378.1	4722	4623	0	0
XM_034456379.1	4717	4618	0	0
XM_034456380.1	4970	4871	0	0
XM_034456381.1	4568	4469	27	7.06878
XM_034456382.1	5267	5168	0	0
XM_034456383.1	2762	2663	0	0
XM_034456384.1	2603	2504	0	0
XM_034456385.1	2884	2785	4	1.68045
XM_034456386.1	1688	1589	0	0
XM_034456387.1	2645	2546	2	0.919099
XM_034456388.1	969	870	0	0
XM_034456389.1	2760	2661	37.366	16.4294
XM_034456390.1	1967	1868	0	0
XM_034456391.1	1865	1766	4	2.65009
XM_034456392.1	2874	2775	7.69492	3.24438
XM_034456393.1	2822	2723	4.02018	1.72738
XM_034456394.1	2287	2188	76.7545	41.0438
XM_034456395.1	5632	5533	4.67541e-06	9.88666e-07
XM_034456396.1	5560	5461	22	4.71348
XM_034456397.1	5447	5348	0	0
XM_034456398.1	18828	18729	7	0.437295
XM_034456399.1	1851	1752	0	0
XM_034456400.1	1279	1180	90	89.2383
XM_034456401.1	4229	4130	0	0
XM_034456402.1	4202	4103	0	0
XM_034456403.1	4694	4595	0	0
XM_034456404.1	4173	4074	0	0
XM_034456405.1	4162	4063	0	0
XM_034456406.1	4145	4046	0	0
XM_034456407.1	2953	2854	12.2312	5.01426
XM_034456408.1	2268	2169	0	0
XM_034456409.1	4114	4015	0	0
XM_034456410.1	2926	2827	0	0
XM_034456411.1	3782	3683	0	0
XM_034456412.1	3674	3575	0	0
XM_034456413.1	3616	3517	5.00487	1.66499
XM_034456414.1	3601	3502	0	0
XM_034456415.1	3572	3473	0	0
XM_034456416.1	3543	3444	0	0
XM_034456417.1	3514	3415	0	0
XM_034456418.1	3483	3384	0	0
XM_034456419.1	3425	3326	28.7639	10.1185
XM_034456420.1	4421	4322	26	7.03849
XM_034456421.1	2108	2009	0	0
XM_034456422.1	2103	2004	0	0
XM_034456423.1	2102	2003	0	0
XM_034456424.1	2102	2003	0	0
XM_034456425.1	2102	2003	0	0
XM_034456426.1	2058	1959	0.0133296	0.00796113
XM_034456427.1	2046	1947	17.9867	10.8088
XM_034456428.1	2119	2020	0	0
XM_034456429.1	2196	2097	2	1.11589
XM_034456430.1	3358	3259	0.887403	0.318587
XM_034456431.1	3362	3263	0.210498	0.0754783
XM_034456432.1	2022	1923	0	0
XM_034456433.1	3354	3255	11	3.95396
XM_034456434.1	2346	2247	27.7147	14.4311
XM_034456435.1	2414	2315	0	0
XM_034456436.1	2058	1959	3.5227	2.10394
XM_034456437.1	1353	1254	0	0
XM_034456438.1	506	407	3	8.62418
XM_034456439.1	2694	2595	0	0
XM_034456440.1	1859	1760	0	0
XM_034456441.1	1773	1674	2	1.39787
XM_034456442.1	7802	7703	8.61876	1.30911
XM_034456443.1	4099	4000	0	0
XM_034456444.1	4015	3916	7.11674	2.12632
XM_034456445.1	3916	3817	0	0
XM_034456446.1	3913	3814	0	0
XM_034456447.1	3829	3730	2.83422e-07	8.89029e-08
XM_034456448.1	3738	3639	0	0
XM_034456449.1	2014	1915	0	0
XM_034456450.1	1940	1841	4	2.54213
XM_034456451.1	1980	1881	0	0
XM_034456452.1	7068	6969	0	0
XM_034456453.1	7012	6913	0.00690241	0.00116822
XM_034456454.1	7053	6954	0	0
XM_034456455.1	7050	6951	0	0
XM_034456456.1	7050	6951	0	0
XM_034456457.1	6820	6721	0	0
XM_034456458.1	6993	6894	477.997	81.1232
XM_034456459.1	6802	6703	4.51254	0.787667
XM_034456460.1	7032	6933	0	0
XM_034456461.1	7017	6918	0	0
XM_034456462.1	7104	7005	0	0
XM_034456463.1	7114	7015	22.4834	3.74996
XM_034456464.1	2965	2866	1	0.408239
XM_034456465.1	2291	2192	6.70097	3.57675
XM_034456466.1	3122	3023	0	0
XM_034456467.1	1438	1339	0	0
XM_034456468.1	1256	1157	1	1.01125
XM_034456469.1	2228	2129	0	0
XM_034456470.1	2118	2019	0	0
XM_034456471.1	1768	1669	1	0.701027
XM_034456472.1	441	342	820	2805.3
XM_034456473.1	2132	2033	20.6335	11.8748
XM_034456474.1	2121	2022	31.3665	18.1499
XM_034456475.1	719	620	0	0
XM_034456476.1	801	702	0	0
XM_034456477.1	718	619	2	3.78033
XM_034456478.1	5069	4970	0	0
XM_034456479.1	5510	5411	0	0
XM_034456480.1	6203	6104	1.68602e-07	3.23175e-08
XM_034456481.1	5528	5429	0	0
XM_034456482.1	4126	4027	2	0.581084
XM_034456483.1	1347	1248	0	0
XM_034456484.1	5475	5376	32	6.96437
XM_034456485.1	1907	1808	0	0
XM_034456486.1	2706	2607	8	3.59037
XM_034456487.1	1854	1755	0	0
XM_034456488.1	1781	1682	0	0
XM_034456489.1	1761	1662	2.58714e-08	1.82129e-08
XM_034456490.1	1732	1633	24	17.1955
XM_034456491.1	2591	2492	0	0
XM_034456492.1	2570	2471	0	0
XM_034456493.1	7001	6902	0	0
XM_034456494.1	6932	6833	44.8801	7.68481
XM_034456495.1	6902	6803	0	0
XM_034456496.1	6887	6788	0	0
XM_034456497.1	1178	1079	0	0
XM_034456498.1	6845	6746	0	0
XM_034456499.1	6776	6677	0	0
XM_034456500.1	6695	6596	0.000103715	1.83972e-05
XM_034456501.1	6509	6410	0	0
XM_034456502.1	6404	6305	0	0
XM_034456503.1	6323	6224	89.1198	16.7531
XM_034456504.1	3007	2908	0	0
XM_034456505.1	2866	2767	0	0
XM_034456506.1	2989	2890	0	0
XM_034456507.1	2918	2819	8.49213	3.52462
XM_034456508.1	2898	2799	0	0
XM_034456509.1	1520	1421	0	0
XM_034456510.1	1504	1405	0	0
XM_034456511.1	2944	2845	0.000178664	7.34761e-05
XM_034456512.1	2927	2828	0.201929	0.083543
XM_034456513.1	2926	2827	0.305751	0.126541
XM_034456514.1	1345	1246	0	0
XM_034456515.1	1327	1228	0	0
XM_034456516.1	1073	974	46	55.2573
XM_034456517.1	2048	1949	1	0.600315
XM_034456518.1	4019	3920	0	0
XM_034456519.1	2833	2734	0	0
XM_034456520.1	1392	1293	2	1.80977
XM_034456521.1	1666	1567	0	0
XM_034456522.1	5072	4973	0	0
XM_034456523.1	1485	1386	0	0
XM_034456524.1	1528	1429	0	0
XM_034456525.1	1677	1578	0	0
XM_034456526.1	1769	1670	0	0
XM_034456527.1	6889	6790	3.10587	0.535185
XM_034456528.1	2851	2752	0	0
XM_034456529.1	1528	1429	0	0
XM_034456530.1	1796	1697	0	0
XM_034456531.1	993	894	14	18.3224
XM_034456532.1	4542	4443	0.00123051	0.00032404
XM_034456533.1	4620	4521	0	0
XM_034456534.1	2445	2346	0	0
XM_034456535.1	1966	1867	0	0
XM_034456536.1	1298	1199	6	5.85495
XM_034456537.1	2486	2387	0	0
XM_034456538.1	2289	2190	0	0
XM_034456539.1	2234	2135	9.34619	5.12186
XM_034456540.1	4196	4097	0	0
XM_034456541.1	4133	4034	0	0
XM_034456542.1	4281	4182	34.5742	9.67294
XM_034456543.1	4234	4135	0	0
XM_034456544.1	2949	2850	3	1.23159
XM_034456545.1	3004	2905	0	0
XM_034456546.1	3591	3492	0	0
XM_034456547.1	3508	3409	0	0
XM_034456548.1	3134	3035	2.17136	0.837076
XM_034456549.1	2947	2848	0.322588	0.132526
XM_034456550.1	2943	2844	1.67741	0.690082
XM_034456551.1	894	795	20.7983	30.6092
XM_034456552.1	736	637	12	22.0411
XM_034456553.1	4456	4357	0.122616	0.032927
XM_034456554.1	4432	4333	79.8774	21.5688
XM_034456555.1	3397	3298	0	0
XM_034456556.1	3316	3217	0	0
XM_034456557.1	1175	1076	9	9.78636
XM_034456558.1	1990	1891	59	36.5049
XM_034456559.1	13693	13594	82.6611	7.1145
XM_034456560.1	12215	12116	0	0
XM_034456561.1	12197	12098	0	0
XM_034456562.1	10953	10854	31	3.34166
XM_034456563.1	1178	1079	0	0
XM_034456564.1	11111	11012	0.0390314	0.00414705
XM_034456565.1	11093	10994	0.265947	0.0283029
XM_034456566.1	11084	10985	0.695021	0.0740268
XM_034456567.1	6820	6721	8.33893	1.45167
XM_034456568.1	6094	5995	23.7777	4.64057
XM_034456569.1	1007	908	0	0
XM_034456570.1	2386	2287	2.52529	1.29192
XM_034456571.1	2526	2427	0	0
XM_034456572.1	2673	2574	6.47471	2.94309
XM_034456573.1	1749	1650	0	0
XM_034456574.1	1655	1556	7.23487e-08	5.44016e-08
XM_034456575.1	1631	1532	6	4.5823
XM_034456576.1	2350	2251	2	1.03955
XM_034456577.1	1054	955	0	0
XM_034456578.1	2299	2200	7	3.72277
XM_034456579.1	2573	2474	0	0
XM_034456580.1	2884	2785	7308.37	3070.34
XM_034456581.1	4834	4735	1.00064	0.247258
XM_034456582.1	1544	1445	0	0
XM_034456583.1	1006	907	1	1.28998
XM_034456584.1	2101	2002	0	0
XM_034456585.1	2386	2287	4	2.04637
XM_034456586.1	1764	1665	33	23.1895
XM_034456587.1	1215	1116	5	5.242
XM_034456588.1	1294	1195	0	0
XM_034456589.1	833	734	54	86.0773
XM_034456590.1	1563	1464	0	0
XM_034456591.1	987	888	0	0
XM_034456592.1	575	476	0	0
XM_034456593.1	971	872	0	0
XM_034456594.1	506	407	75.3919	216.731
XM_034456595.1	505	406	1350.61	3892.19
XM_034456596.1	533	434	0	0
XM_034456597.1	4706	4607	196	49.777
XM_034456598.1	4510	4411	0	0
XM_034456599.1	5356	5257	59.0943	13.1522
XM_034456600.1	10642	10543	31	3.44024
XM_034456601.1	2521	2422	1	0.483077
XM_034456602.1	2147	2048	20	11.4259
XM_034456603.1	3239	3140	5	1.86308
XM_034456604.1	2493	2394	15.6471	7.64715
XM_034456605.1	2340	2241	32.3529	16.8913
XM_034456606.1	1134	1035	5	5.65224
XM_034456607.1	2020	1921	0	0
XM_034456608.1	3914	3815	17.2332	5.28522
XM_034456609.1	3890	3791	0	0
XM_034456610.1	3860	3761	0.358588	0.111553
XM_034456611.1	3836	3737	0	0
XM_034456612.1	3089	2990	2.07626e-06	8.12459e-07
XM_034456613.1	3047	2948	33.4082	13.2592
XM_034456614.1	3035	2936	1.01618e-08	4.04952e-09
XM_034456615.1	4935	4836	0	0
XM_034456616.1	3736	3637	2.36564	0.76102
XM_034456617.1	381	282	71.2393	295.571
XM_034456618.1	1559	1460	0	0
XM_034456619.1	2942	2843	0	0
XM_034456620.1	3033	2934	13.8843	5.53676
XM_034456621.1	3045	2946	0.115672	0.0459393
XM_034456622.1	1761	1662	0	0
XM_034456623.1	1552	1453	0	0
XM_034456624.1	6397	6298	72.6444	13.4956
XM_034456625.1	1262	1163	9	9.05427
XM_034456626.1	1850	1751	1.0341	0.690981
XM_034456627.1	3083	2984	0	0
XM_034456628.1	2872	2773	42.9959	18.1413
XM_034456629.1	1064	965	3	3.63735
XM_034456630.1	3071	2972	0	0
XM_034456631.1	3916	3817	82.1077	25.1682
XM_034456632.1	1872	1773	1	0.659906
XM_034456633.1	1999	1900	0	0
XM_034456634.1	4655	4556	21.8424	5.6093
XM_034456635.1	4622	4523	0	0
XM_034456636.1	3060	2961	0	0
XM_034456637.1	1339	1240	0	0
XM_034456638.1	1213	1114	0	0
XM_034456639.1	6498	6399	2	0.365686
XM_034456640.1	5933	5834	0	0
XM_034456641.1	3059	2960	0	0
XM_034456642.1	3494	3395	0	0
XM_034456643.1	3491	3392	6.85904	2.36591
XM_034456644.1	3123	3024	0	0
XM_034456645.1	3120	3021	0	0
XM_034456646.1	3139	3040	0	0
XM_034456647.1	3173	3074	0	0
XM_034456648.1	3130	3031	0	0
XM_034456649.1	3127	3028	0	0
XM_034456650.1	3096	2997	0	0
XM_034456651.1	3172	3073	0	0
XM_034456652.1	3093	2994	47.2109	18.4494
XM_034456653.1	3078	2979	0	0
XM_034456654.1	3075	2976	1.47204e-07	5.78731e-08
XM_034456655.1	3378	3279	80.93	28.8775
XM_034456656.1	1598	1499	2	1.56106
XM_034456657.1	3108	3009	11.4888	4.46727
XM_034456658.1	1035	936	21	26.2503
XM_034456659.1	1159	1060	4	4.41514
XM_034456660.1	3006	2907	0	0
XM_034456661.1	5387	5288	1.0362e-06	2.29268e-07
XM_034456662.1	5357	5258	0.000819914	0.000182448
XM_034456663.1	5333	5234	0.175533	0.0392388
XM_034456664.1	4883	4784	0	0
XM_034456665.1	5303	5204	148.824	33.46
XM_034456666.1	2929	2830	0	0
XM_034456667.1	2661	2562	0	0
XM_034456668.1	4175	4076	0.0183159	0.00525756
XM_034456669.1	2625	2526	6.86677	3.18061
XM_034456670.1	1833	1734	0	0
XM_034456671.1	3487	3388	0	0
XM_034456672.1	3308	3209	5.7984	2.11412
XM_034456673.1	992	893	0	0
XM_034456674.1	3328	3229	0.00396433	0.00143646
XM_034456675.1	3307	3208	8.35762	3.04817
XM_034456676.1	3306	3207	12.0478	4.3954
XM_034456677.1	2378	2279	0	0
XM_034456678.1	2418	2319	0	0
XM_034456679.1	2319	2220	0	0
XM_034456680.1	2256	2157	0	0
XM_034456681.1	2443	2344	0	0
XM_034456682.1	1123	1024	0	0
XM_034456683.1	7443	7344	0	0
XM_034456684.1	7441	7342	0	0
XM_034456685.1	7435	7336	0	0
XM_034456686.1	7335	7236	8.53444	1.37996
XM_034456687.1	7332	7233	13.8811	2.24542
XM_034456688.1	3546	3447	6.95881	2.36203
XM_034456689.1	5299	5200	0	0
XM_034456690.1	3238	3139	0	0
XM_034456691.1	3212	3113	0	0
XM_034456692.1	3259	3160	0	0
XM_034456693.1	3231	3132	0	0
XM_034456694.1	4697	4598	0.00363444	0.000924825
XM_034456695.1	3229	3130	0	0
XM_034456696.1	4666	4567	10.1545	2.60147
XM_034456697.1	1475	1376	0	0
XM_034456698.1	1442	1343	13	11.3255
XM_034456699.1	1424	1325	0	0
XM_034456700.1	1392	1293	10	9.04883
XM_034456701.1	917	818	0	0
XM_034456702.1	2388	2289	15	7.66719
XM_034456703.1	1784	1685	0	0
XM_034456704.1	9657	9558	9.40628	1.15144
XM_034456705.1	9654	9555	13.5937	1.66456
XM_034456706.1	2801	2702	0	0
XM_034456707.1	1781	1682	0	0
XM_034456708.1	2656	2557	0	0
XM_034456709.1	2661	2562	0	0
XM_034456710.1	2713	2614	0	0
XM_034456711.1	1940	1841	0	0
XM_034456712.1	1767	1668	11	7.71592
XM_034456713.1	2908	2809	0	0
XM_034456714.1	2875	2776	7.22525e-05	3.04526e-05
XM_034456715.1	2870	2771	0.000598738	0.000252808
XM_034456716.1	4585	4486	1.72163e-07	4.49027e-08
XM_034456717.1	2868	2769	0.00139654	0.000590096
XM_034456718.1	2859	2760	0.0636104	0.0269656
XM_034456719.1	2850	2751	2.93372	1.24773
XM_034456720.1	2870	2771	0.000598738	0.000252808
XM_034456721.1	4029	3930	0	0
XM_034456722.1	1829	1730	64	43.2837
XM_034456723.1	2066	1967	96.6189	57.471
XM_034456724.1	534	435	9.72112	26.1467
XM_034456725.1	3882	3783	0	0
XM_034456726.1	13417	13318	197.887	17.3847
XM_034456727.1	9636	9537	18.1133	2.22217
XM_034456728.1	4720	4621	0.302227	0.0765223
XM_034456729.1	4705	4606	13.6978	3.4795
XM_034456730.1	3783	3684	10	3.17593
XM_034456731.1	3423	3324	3.34072	1.1759
XM_034456732.1	3420	3321	9.6343	3.39424
XM_034456733.1	3914	3815	0	0
XM_034456734.1	2006	1907	0.000126928	7.78747e-05
XM_034456735.1	1988	1889	8.60662	5.33079
XM_034456736.1	2414	2315	0	0
XM_034456737.1	1144	1045	0	0
XM_034456738.1	3915	3816	0	0
XM_034456739.1	3801	3702	8.70069	2.74984
XM_034456740.1	1643	1544	6.67794	5.06041
XM_034456741.1	1643	1544	6.67794	5.06041
XM_034456742.1	2243	2144	14	7.64001
XM_034456743.1	1467	1368	0	0
XM_034456744.1	2927	2828	0.993626	0.411088
XM_034456745.1	909	810	53	76.5564
XM_034456746.1	4110	4011	2.82457	0.82393
XM_034456747.1	4141	4042	0.000337951	9.78247e-05
XM_034456748.1	4113	4014	1.17509	0.34252
XM_034456749.1	2029	1930	0	0
XM_034456750.1	1642	1543	27	20.4733
XM_034456751.1	1082	983	0	0
XM_034456752.1	2958	2859	12	4.91086
XM_034456753.1	2839	2740	14.9133	6.36816
XM_034456754.1	2097	1998	2	1.17118
XM_034456755.1	2701	2602	4	1.79864
XM_034456756.1	4285	4186	0	0
XM_034456757.1	4050	3951	0.0125855	0.00372695
XM_034456758.1	4132	4033	0	0
XM_034456759.1	4026	3927	15.9874	4.7633
XM_034456760.1	3030	2931	0	0
XM_034456761.1	1124	1025	0	0
XM_034456762.1	2229	2130	4.50158	2.47273
XM_034456763.1	1287	1188	0	0
XM_034456764.1	1235	1136	8	8.23953
XM_034456765.1	1472	1373	49.6334	42.2955
XM_034456766.1	2694	2595	0	0
XM_034456767.1	2463	2364	0	0
XM_034456768.1	2463	2364	0	0
XM_034456769.1	2460	2361	0	0
XM_034456770.1	2039	1940	0	0
XM_034456771.1	2036	1937	0	0
XM_034456772.1	1519	1420	0	0
XM_034456773.1	1516	1417	0	0
XM_034456774.1	7837	7738	9	1.36083
XM_034456775.1	2233	2134	0.498415	0.273267
XM_034456776.1	672	573	0	0
XM_034456777.1	1798	1699	5	3.44324
XM_034456778.1	679	580	122	246.106
XM_034456779.1	4061	3962	0	0
XM_034456780.1	4078	3979	0	0
XM_034456781.1	4097	3998	0	0
XM_034456782.1	3731	3632	3.00232e-05	9.67167e-06
XM_034456783.1	3693	3594	6.84616	2.22874
XM_034456784.1	2908	2809	0	0
XM_034456785.1	3680	3581	0	0
XM_034456786.1	3367	3268	25.1868	9.01742
XM_034456787.1	3404	3305	6.9013	2.44315
XM_034456788.1	3064	2965	53.1573	20.9763
XM_034456789.1	2548	2449	1.55974e-05	7.45169e-06
XM_034456790.1	2788	2689	25	10.8778
XM_034456791.1	1416	1317	3	2.66518
XM_034456792.1	4980	4881	0.0919191	0.0220337
XM_034456793.1	4980	4881	0.0919191	0.0220337
XM_034456794.1	4956	4857	29.8162	7.18248
XM_034456795.1	2942	2843	9	3.70388
XM_034456796.1	2901	2802	0	0
XM_034456797.1	2892	2793	0	0
XM_034456798.1	2892	2793	0	0
XM_034456799.1	2886	2787	0	0
XM_034456800.1	2877	2778	0	0
XM_034456801.1	3941	3842	5.26874	1.6045
XM_034456802.1	7146	7047	0	0
XM_034456803.1	9673	9574	24.5161	2.99605
XM_034456804.1	7358	7259	0	0
XM_034456805.1	7352	7253	0	0
XM_034456806.1	7346	7247	0	0
XM_034456807.1	7334	7235	0	0
XM_034456808.1	7334	7235	0	0
XM_034456809.1	7310	7211	0	0
XM_034456810.1	7292	7193	0.386949	0.0629411
XM_034456811.1	7289	7190	0	0
XM_034456812.1	7280	7181	2.74306	0.446932
XM_034456813.1	7232	7133	6.35391	1.04222
XM_034456814.1	9604	9505	0	0
XM_034456815.1	4340	4241	0	0
XM_034456816.1	4548	4449	52.3312	13.7622
XM_034456817.1	4479	4380	0	0
XM_034456818.1	4416	4317	0	0
XM_034456819.1	4393	4294	27.7032	7.54847
XM_034456820.1	4390	4291	0	0
XM_034456821.1	4571	4472	13.4294	3.51355
XM_034456822.1	4327	4228	0	0
XM_034456823.1	5701	5602	13.8328	2.88906
XM_034456824.1	5405	5306	0	0
XM_034456825.1	5453	5354	0	0
XM_034456826.1	5358	5259	1.27604e-05	2.83891e-06
XM_034456827.1	5460	5361	0	0
XM_034456828.1	4277	4178	4.12122	1.15411
XM_034456829.1	2134	2035	0	0
XM_034456830.1	1068	969	12	14.4893
XM_034456831.1	2687	2588	0	0
XM_034456832.1	1990	1891	8.76825e-05	5.42516e-05
XM_034456833.1	2453	2354	0	0
XM_034456834.1	1961	1862	4.88043	3.06669
XM_034456835.1	2088	1989	0	0
XM_034456836.1	1975	1876	0.999912	0.62362
XM_034456837.1	3348	3249	0	0
XM_034456838.1	5095	4996	0	0
XM_034456839.1	5062	4963	6.04882e-08	1.42599e-08
XM_034456840.1	5000	4901	0.153373	0.0366147
XM_034456841.1	4990	4891	1.68363	0.402754
XM_034456842.1	4360	4261	25.1629	6.90941
XM_034456843.1	4351	4252	0	0
XM_034456844.1	4346	4247	0	0
XM_034456845.1	4252	4153	0	0
XM_034456846.1	2131	2032	0.0163186	0.00939617
XM_034456847.1	2119	2020	16.9837	9.8372
XM_034456848.1	5781	5682	39.3616	8.10517
XM_034456849.1	5801	5702	0.638402	0.130996
XM_034456850.1	5625	5526	0	0
XM_034456851.1	5628	5529	0	0
XM_034456852.1	5624	5525	0	0
XM_034456853.1	4540	4441	0.023546	0.00620336
XM_034456854.1	5616	5517	0	0
XM_034456855.1	5287	5188	0	0
XM_034456856.1	5287	5188	0	0
XM_034456857.1	2138	2039	0	0
XM_034456858.1	1536	1437	0	0
XM_034456859.1	1211	1112	18.7249	19.7018
XM_034456860.1	3315	3216	4	1.45524
XM_034456861.1	1543	1444	0	0
XM_034456862.1	7866	7767	0.0246589	0.00371459
XM_034456863.1	4401	4302	9.71106	2.64111
XM_034456864.1	7871	7772	0.0115914	0.00174499
XM_034456865.1	2247	2148	0	0
XM_034456866.1	2242	2143	0	0
XM_034456867.1	2237	2138	0	0
XM_034456868.1	2258	2159	0	0
XM_034456869.1	2677	2578	32	14.5231
XM_034456870.1	2044	1945	0	0
XM_034456871.1	2044	1945	0	0
XM_034456872.1	1958	1859	8	5.03502
XM_034456873.1	3362	3263	8	2.86856
XM_034456874.1	2072	1973	0	0
XM_034456875.1	1952	1853	5	3.15708
XM_034456876.1	631	532	625	1374.55
XM_034456877.1	2743	2644	0.000733717	0.000324682
XM_034456878.1	2285	2186	5.91848	3.16775
XM_034456879.1	1220	1121	1	1.04372
XM_034456880.1	4750	4651	0	0
XM_034456881.1	4741	4642	0	0
XM_034456882.1	4732	4633	0	0
XM_034456883.1	4717	4618	0	0
XM_034456884.1	4708	4609	0	0
XM_034456885.1	4699	4600	0	0
XM_034456886.1	4699	4600	0	0
XM_034456887.1	1358	1259	11.3423	10.5407
XM_034456888.1	4690	4591	0	0
XM_034456889.1	4681	4582	0	0
XM_034456890.1	4632	4533	0.19326	0.0498825
XM_034456891.1	4623	4524	279.641	72.3219
XM_034456892.1	4614	4515	0.165319	0.0428407
XM_034456893.1	4398	4299	0	0
XM_034456894.1	4362	4263	0	0
XM_034456895.1	4356	4257	0	0
XM_034456896.1	4356	4257	0	0
XM_034456897.1	4344	4245	0	0
XM_034456898.1	4344	4245	0	0
XM_034456899.1	1948	1849	0.00016291	0.000103086
XM_034456900.1	2490	2391	120	58.7209
XM_034456901.1	5863	5764	37.7122	7.65507
XM_034456902.1	5672	5573	0	0
XM_034456903.1	5758	5659	0	0
XM_034456904.1	6081	5982	0	0
XM_034456905.1	2782	2683	0	0
XM_034456906.1	2762	2663	0	0
XM_034456907.1	2780	2681	0	0
XM_034456908.1	2696	2597	128	57.6672
XM_034456909.1	3210	3111	0	0
XM_034456910.1	1425	1326	3.97032	3.50326
XM_034456911.1	1840	1741	1	0.672035
XM_034456912.1	1887	1788	0	0
XM_034456913.1	1835	1736	0	0
XM_034456914.1	4157	4058	2	0.576645
XM_034456915.1	3247	3148	1	0.371669
XM_034456916.1	3385	3286	0	0
XM_034456917.1	1947	1848	1	0.633124
XM_034456918.1	1298	1199	7	6.83077
XM_034456919.1	2985	2886	0	0
XM_034456920.1	2961	2862	4.0968e-07	1.67481e-07
XM_034456921.1	2922	2823	4	1.65783
XM_034456922.1	1157	1058	0	0
XM_034456923.1	2854	2755	5	2.12344
XM_034456924.1	4673	4574	0	0
XM_034456925.1	4325	4226	8	2.21489
XM_034456926.1	3893	3794	16	4.93416
XM_034456927.1	749	650	1125.36	2025.68
XM_034456928.1	2090	1991	0	0
XM_034456929.1	1341	1242	0	0
XM_034456930.1	6732	6633	25.0617	4.42071
XM_034456931.1	7370	7271	1.41641	0.227921
XM_034456932.1	7356	7257	13.5836	2.19002
XM_034456933.1	2144	2045	35.9383	20.5615
XM_034456934.1	2120	2021	0	0
XM_034456935.1	5062	4963	2.47895	0.584405
XM_034456936.1	5497	5398	0	0
XM_034456937.1	5472	5373	0	0
XM_034456938.1	5497	5398	0	0
XM_034456939.1	1850	1751	0	0
XM_034456940.1	1844	1745	0	0
XM_034456941.1	1368	1269	1	0.921996
XM_034456942.1	3910	3811	0.0172813	0.00530553
XM_034456943.1	3898	3799	0.698526	0.215131
XM_034456944.1	3889	3790	11.2842	3.48355
XM_034456945.1	6244	6145	0	0
XM_034456946.1	5998	5899	0	0
XM_034456947.1	6653	6554	0	0
XM_034456948.1	5929	5830	0	0
XM_034456949.1	3802	3703	0	0
XM_034456950.1	5782	5683	0	0
XM_034456951.1	2577	2478	22.644	10.6916
XM_034456952.1	2433	2334	6.8363e-06	3.42698e-06
XM_034456953.1	2404	2305	16	8.12156
XM_034456954.1	2719	2620	0	0
XM_034456955.1	2101	2002	0.249581	0.145861
XM_034456956.1	2125	2026	2.12083e-07	1.22478e-07
XM_034456957.1	2096	1997	4.68921	2.74734
XM_034456958.1	2678	2579	0	0
XM_034456959.1	1693	1594	3.20279	2.35088
XM_034456960.1	1908	1809	0	0
XM_034456961.1	1899	1800	0	0
XM_034456962.1	2342	2243	6.45735	3.36834
XM_034456963.1	2338	2239	52.4011	27.3827
XM_034456964.1	1967	1868	0	0
XM_034456965.1	1761	1662	0	0
XM_034456966.1	2699	2600	3.23607	1.45625
XM_034456967.1	4109	4010	0	0
XM_034456968.1	673	574	0	0
XM_034456969.1	3013	2914	5	2.00757
XM_034456970.1	1829	1730	10	6.76308
XM_034456971.1	894	795	0	0
XM_034456972.1	1776	1677	0	0
XM_034456973.1	510	411	1	2.84675
XM_034456974.1	1042	943	8	9.92588
XM_034456975.1	822	723	0	0
XM_034456976.1	1828	1729	0	0
XM_034456977.1	1764	1665	1	0.702711
XM_034456978.1	1189	1090	0	0
XM_034456979.1	4689	4590	11	2.80395
XM_034456980.1	927	828	0	0
XM_034456981.1	1446	1347	0	0
XM_034456982.1	2886	2787	0	0
XM_034456983.1	414	315	0	0
XM_034456984.1	558	459	1	2.54905
XM_034456985.1	2029	1930	0	0
XM_034456986.1	425	326	0	0
XM_034456987.1	936	837	0	0
XM_034456988.1	992	893	1	1.31021
XM_034456989.1	638	539	0	0
XM_034456990.1	648	549	3	6.39352
XM_034456991.1	1317	1218	12	11.5272
XM_034456992.1	489	390	0	0
XM_034456993.1	942	843	5	6.93958
XM_034456994.1	1209	1110	0	0
XM_034456995.1	4095	3996	0	0
XM_034456996.1	786	687	0	0
XM_034456997.1	1416	1317	0	0
XM_034456998.1	5171	5072	0	0
XM_034456999.1	1311	1212	3	2.89607
XM_034457000.1	5132	5033	0	0
XM_034457001.1	1528	1429	0	0
XM_034457002.1	2114	2015	5.4037	3.13767
XM_034457003.1	1001	902	0	0
XM_034457004.1	2649	2550	84.7544	38.8877
XM_034457005.1	5194	5095	5	1.1482
XM_034457006.1	1482	1383	0	0
XM_034457007.1	5057	4958	0.00159831	0.000377178
XM_034457008.1	422	323	0	0
XM_034457009.1	711	612	1.4288	2.73155
XM_034457010.1	1410	1311	0	0
XM_034457011.1	765	666	0	0
XM_034457012.1	4020	3921	6	1.79038
XM_034457013.1	5033	4934	0.473822	0.112359
XM_034457014.1	4287	4188	34	9.49868
XM_034457015.1	477	378	0	0
XM_034457016.1	1127	1028	0	0
XM_034457017.1	2629	2530	3	1.38737
XM_034457018.1	1545	1446	2	1.61828
XM_034457019.1	5805	5706	15	3.07575
XM_034457020.1	13465	13366	1	0.0875365
XM_034457021.1	2325	2226	0	0
XM_034457022.1	5013	4914	55.5621	13.2292
XM_034457023.1	453	354	0	0
XM_034457024.1	651	552	0	0
XM_034457025.1	465	366	0	0
XM_034457026.1	351	252	0	0
XM_034457027.1	2175	2076	1	0.56359
XM_034457028.1	903	804	1	1.45524
XM_034457029.1	6508	6409	73	13.3267
XM_034457030.1	4292	4193	5	1.3952
XM_034457031.1	1069	970	6	7.2372
XM_034457032.1	2077	1978	4	2.36605
XM_034457033.1	2833	2734	0	0
XM_034457034.1	1892	1793	0	0
XM_034457035.1	936	837	0	0
XM_034457036.1	531	432	0	0
XM_034457037.1	2826	2727	6	2.57429
XM_034457038.1	3423	3324	54	19.0074
XM_034457039.1	1349	1250	0	0
XM_034457040.1	1793	1694	0	0
XM_034457041.1	2427	2328	2	1.00517
XM_034457042.1	3116	3017	0	0
XM_034457043.1	450	351	0	0
XM_034457044.1	2155	2056	3	1.70722
XM_034457045.1	787	688	0	0
XM_034457046.1	1320	1221	0	0
XM_034457047.1	1172	1073	0	0
XM_034457048.1	997	898	0	0
XM_034457049.1	492	393	4.30178	12.807
XM_034457050.1	551	452	0	0
XM_034457051.1	975	876	0	0
XM_034457052.1	4031	3932	0	0
XM_034457053.1	1675	1576	0	0
XM_034457054.1	1526	1427	3.43203	2.81396
XM_034457055.1	1786	1687	8.72588	6.05181
XM_034457056.1	651	552	0	0
XM_034457057.1	3144	3045	52.7543	20.2704
XM_034457058.1	3117	3018	39.1696	15.1852
XM_034457059.1	409	310	0	0
XM_034457060.1	996	897	0	0
XM_034457061.1	3956	3857	0	0
XM_034457062.1	4163	4064	1	0.287897
XM_034457063.1	2861	2762	4	1.69444
XM_034457064.1	6120	6021	0.00060447	0.000117462
XM_034457065.1	6214	6115	0	0
XM_034457066.1	6131	6032	7.10446e-05	1.37804e-05
XM_034457067.1	6160	6061	2.55994e-07	4.9417e-08
XM_034457068.1	6142	6043	8.38266e-06	1.62301e-06
XM_034457069.1	6105	6006	0.0112742	0.00219629
XM_034457070.1	6099	6000	0.0364131	0.00710064
XM_034457071.1	6060	5961	76.4442	15.0043
XM_034457072.1	4655	4556	4.50738	1.15753
XM_034457073.1	5413	5314	0	0
XM_034457074.1	4658	4559	0	0
XM_034457075.1	1419	1320	0	0
XM_034457076.1	2810	2711	53.2862	22.9973
XM_034457077.1	876	777	0	0
XM_034457078.1	2176	2077	0	0
XM_034457079.1	2715	2616	3	1.34176
XM_034457080.1	4035	3936	0	0
XM_034457081.1	3925	3826	2.17756	0.665911
XM_034457082.1	3905	3806	0	0
XM_034457083.1	4159	4060	42.8224	12.3406
XM_034457084.1	3004	2905	0	0
XM_034457085.1	1870	1771	31.9099	21.0813
XM_034457086.1	1759	1660	26.0901	18.389
XM_034457087.1	1953	1854	0	0
XM_034457088.1	975	876	22	29.3839
XM_034457089.1	4590	4491	0.239687	0.0624443
XM_034457090.1	4196	4097	0.0456898	0.013048
XM_034457091.1	3390	3291	0	0
XM_034457092.1	2584	2485	0	0
XM_034457093.1	4586	4487	0.354116	0.0923379
XM_034457094.1	3312	3213	12.4874	4.54727
XM_034457095.1	3228	3129	0	0
XM_034457096.1	1213	1114	0	0
XM_034457097.1	1088	989	0	0
XM_034457098.1	890	791	0	0
XM_034457099.1	5677	5578	0	0
XM_034457100.1	5812	5713	0	0
XM_034457101.1	4487	4388	234.803	62.6076
XM_034457102.1	5576	5477	7.29612	1.55862
XM_034457103.1	4703	4604	0	0
XM_034457104.1	4477	4378	0	0
XM_034457105.1	4717	4618	0	0
XM_034457106.1	4628	4529	0	0
XM_034457107.1	4586	4487	0.0108206	0.00282153
XM_034457108.1	4853	4754	0	0
XM_034457109.1	4829	4730	0	0
XM_034457110.1	4770	4671	0	0
XM_034457111.1	4321	4222	0	0
XM_034457112.1	4586	4487	0.0108206	0.00282153
XM_034457113.1	1641	1542	5	3.79382
XM_034457114.1	2675	2576	54.7242	24.8556
XM_034457115.1	4586	4487	0.0108206	0.00282153
XM_034457116.1	4581	4482	204.367	53.3493
XM_034457117.1	3536	3437	4.53248	1.54293
XM_034457118.1	4482	4383	457.205	122.048
XM_034457119.1	2608	2509	0	0
XM_034457120.1	3026	2927	4	1.59893
XM_034457121.1	4979	4880	23.2365	5.57111
XM_034457122.1	5006	4907	0.0359241	0.00856566
XM_034457123.1	4201	4102	22.8482	6.51699
XM_034457124.1	4229	4130	0.00782251	0.00221609
XM_034457125.1	2207	2108	0	0
XM_034457126.1	4992	4893	1.0254	0.245194
XM_034457127.1	2067	1968	3.5994	2.13991
XM_034457128.1	7824	7725	1.69738	0.257082
XM_034457129.1	8070	7971	0	0
XM_034457130.1	1545	1446	0	0
XM_034457131.1	7968	7869	0	0
XM_034457132.1	7800	7701	65.3026	9.92143
XM_034457133.1	3140	3041	3	1.15424
XM_034457134.1	1738	1639	6	4.28315
XM_034457135.1	807	708	0	0
XM_034457136.1	828	729	1	1.60496
XM_034457137.1	2198	2099	17	9.47605
XM_034457138.1	4462	4363	17	4.55884
XM_034457139.1	2052	1953	1.80152e-05	1.07926e-05
XM_034457140.1	2028	1929	35.8647	21.7533
XM_034457141.1	2819	2720	0	0
XM_034457142.1	2537	2438	0	0
XM_034457143.1	2469	2370	4.86588	2.40217
XM_034457144.1	1907	1808	0	0
XM_034457145.1	3580	3481	0	0
XM_034457146.1	3593	3494	0	0
XM_034457147.1	3602	3503	0	0
XM_034457148.1	3589	3490	0	0
XM_034457149.1	3472	3373	0	0
XM_034457150.1	3318	3219	0	0
XM_034457151.1	3230	3131	0	0
XM_034457152.1	3243	3144	0	0
XM_034457153.1	2668	2569	0	0
XM_034457154.1	2688	2589	4.2098	1.90248
XM_034457155.1	2560	2461	0	0
XM_034457156.1	882	783	0	0
XM_034457157.1	1131	1032	20	22.6747
XM_034457158.1	5251	5152	4.72462	1.07295
XM_034457159.1	1976	1877	0	0
XM_034457160.1	1919	1820	188.331	121.071
XM_034457161.1	2476	2377	1	0.492223
XM_034457162.1	835	736	0	0
XM_034457163.1	599	500	0	0
XM_034457164.1	3371	3272	132.092	47.234
XM_034457165.1	4310	4211	0	0
XM_034457166.1	4305	4206	0	0
XM_034457167.1	4332	4233	0	0
XM_034457168.1	4152	4053	0	0
XM_034457169.1	3722	3623	0	0
XM_034457170.1	2124	2025	0	0
XM_034457171.1	2922	2823	28	11.6048
XM_034457172.1	4102	4003	55.9995	16.3678
XM_034457173.1	2668	2569	0	0
XM_034457174.1	4320	4221	0	0
XM_034457175.1	4159	4060	3.51111e-06	1.01183e-06
XM_034457176.1	2628	2529	0	0
XM_034457177.1	1306	1207	0	0
XM_034457178.1	755	656	1.47088	2.6234
XM_034457179.1	2647	2548	0	0
XM_034457180.1	3364	3265	0	0
XM_034457181.1	3313	3214	0	0
XM_034457182.1	3362	3263	0	0
XM_034457183.1	971	872	0	0
XM_034457184.1	2935	2836	0	0
XM_034457185.1	663	564	7.80504	16.1915
XM_034457186.1	1518	1419	0	0
XM_034457187.1	1302	1203	3	2.91774
XM_034457188.1	2592	2493	0	0
XM_034457189.1	1480	1381	0	0
XM_034457190.1	2258	2159	0	0
XM_034457191.1	3981	3882	0	0
XM_034457192.1	4611	4512	0.738741	0.191564
XM_034457193.1	1520	1421	2	1.64675
XM_034457194.1	1233	1134	0	0
XM_034457195.1	3343	3244	0	0
XM_034457196.1	4342	4243	0	0
XM_034457197.1	4305	4206	0	0
XM_034457198.1	4339	4240	0	0
XM_034457199.1	4095	3996	0	0
XM_034457200.1	3813	3714	5	1.57514
XM_034457201.1	4872	4773	3.55905	0.872436
XM_034457202.1	4869	4770	7.44095	1.82516
XM_034457203.1	927	828	0	0
XM_034457204.1	922	823	0	0
XM_034457205.1	3643	3544	0	0
XM_034457206.1	3619	3520	17	5.65063
XM_034457207.1	3673	3574	0	0
XM_034457208.1	3772	3673	0	0
XM_034457209.1	3430	3331	0	0
XM_034457210.1	3460	3361	0	0
XM_034457211.1	3761	3662	0	0
XM_034457212.1	3417	3318	0	0
XM_034457213.1	3509	3410	1.31308	0.450533
XM_034457214.1	3506	3407	3.68692	1.26614
XM_034457215.1	3121	3022	0	0
XM_034457216.1	2891	2792	0	0
XM_034457217.1	3467	3368	1.13818e-06	3.95394e-07
XM_034457218.1	3424	3325	4	1.40753
XM_034457219.1	1236	1137	0	0
XM_034457220.1	1225	1126	0	0
XM_034457221.1	1135	1036	0	0
XM_034457222.1	2672	2573	0	0
XM_034457223.1	2636	2537	0	0
XM_034457224.1	2636	2537	0	0
XM_034457225.1	2636	2537	0	0
XM_034457226.1	2630	2531	0	0
XM_034457227.1	2600	2501	0	0
XM_034457228.1	2597	2498	0	0
XM_034457229.1	2594	2495	0	0
XM_034457230.1	2366	2267	5	2.58053
XM_034457231.1	2564	2465	0	0
XM_034457232.1	2561	2462	0	0
XM_034457233.1	2525	2426	0	0
XM_034457234.1	2519	2420	37.6048	18.181
XM_034457235.1	2447	2348	19.3952	9.66469
XM_034457236.1	2403	2304	0	0
XM_034457237.1	2743	2644	3	1.32755
XM_034457238.1	1289	1190	0	0
XM_034457239.1	2078	1979	0	0
XM_034457240.1	1222	1123	6	6.25118
XM_034457241.1	1184	1085	0.00597699	0.0064453
XM_034457242.1	1172	1073	792	863.607
XM_034457243.1	1757	1658	13.9879	9.87095
XM_034457244.1	1178	1079	3.99402	4.33092
XM_034457245.1	418	319	689	2527.08
XM_034457246.1	478	379	0	0
XM_034457247.1	4632	4533	5	1.29055
XM_034457248.1	7008	6909	0	0
XM_034457249.1	6180	6081	9	1.73164
XM_034457250.1	6336	6237	0	0
XM_034457251.1	809	710	9	14.8312
XM_034457252.1	2512	2413	3	1.45464
XM_034457253.1	436	337	0	0
XM_034457254.1	430	331	0	0
XM_034457255.1	724	625	1803	3375.25
XM_034457256.1	2488	2389	0	0
XM_034457257.1	2484	2385	26.3628	12.9328
XM_034457258.1	1711	1612	0	0
XM_034457259.1	1376	1277	0	0
XM_034457260.1	2545	2446	0	0
XM_034457261.1	2922	2823	28	11.6048
XM_034457262.1	7330	7231	6.98307	1.1299
XM_034457263.1	4765	4666	21.7387	5.45105
XM_034457264.1	1145	1046	26	29.0826
XM_034457265.1	2629	2530	2	0.924912
XM_034457266.1	6995	6896	0	0
XM_034457267.1	1547	1448	5	4.0401
XM_034457268.1	2367	2268	1	0.515879
XM_034457269.1	1239	1140	5	5.13164
XM_034457270.1	3548	3449	29.5262	10.0163
XM_034457271.1	3815	3716	0	0
XM_034457272.1	1393	1294	0	0
XM_034457273.1	1398	1299	0	0
XM_034457274.1	3227	3128	0	0
XM_034457275.1	2930	2831	0	0
XM_034457276.1	2394	2295	6.93978	3.53797
XM_034457277.1	1021	922	3.70876	4.70639
XM_034457278.1	1181	1082	0	0
XM_034457279.1	1141	1042	2	2.24571
XM_034457280.1	1776	1677	1.13713	0.793352
XM_034457281.1	1181	1082	0	0
XM_034457282.1	5059	4960	25	5.89725
XM_034457283.1	983	884	4	5.29418
XM_034457284.1	3768	3669	103.691	33.0663
XM_034457285.1	1173	1074	4	4.35759
XM_034457286.1	3442	3343	7.5	2.62492
XM_034457287.1	3442	3343	7.5	2.62492
XM_034457288.1	2212	2113	65.6747	36.3655
XM_034457289.1	4278	4179	14.267	3.9944
XM_034457290.1	3257	3158	0	0
XM_034457291.1	3236	3137	35.7047	13.3168
XM_034457292.1	3233	3134	0	0
XM_034457293.1	3224	3125	0	0
XM_034457294.1	2836	2737	11.0283	4.71438
XM_034457295.1	2099	2000	4.32527	2.53031
XM_034457296.1	815	716	0	0
XM_034457297.1	966	867	0.311337	0.420148
XM_034457298.1	1883	1784	15.345	10.0638
XM_034457299.1	2336	2237	31	16.2139
XM_034457300.1	3268	3169	2.99031	1.10404
XM_034457301.1	4050	3951	0.0120393	0.00356521
XM_034457302.1	5778	5679	0	0
XM_034457303.1	5415	5316	1	0.220093
XM_034457304.1	4799	4700	11	2.73833
XM_034457305.1	4925	4826	4	0.969758
XM_034457306.1	2375	2276	0	0
XM_034457307.1	4055	3956	0	0
XM_034457308.1	4390	4291	0	0
XM_034457309.1	3670	3571	0	0
XM_034457310.1	1530	1431	0	0
XM_034457311.1	1010	911	0	0
XM_034457312.1	1846	1747	0	0
XM_034457313.1	1774	1675	0	0
XM_034457314.1	3948	3849	0	0
XM_034457315.1	4283	4184	0	0
XM_034457316.1	884	785	1	1.49046
XM_034457317.1	4979	4880	17.4868	4.19259
XM_034457318.1	4640	4541	0	0
XM_034457319.1	4611	4512	0	0
XM_034457320.1	4988	4889	0	0
XM_034457321.1	4467	4368	4.64257	1.24356
XM_034457322.1	4264	4165	0	0
XM_034457323.1	3937	3838	11.3574	3.46231
XM_034457324.1	3191	3092	4	1.5136
XM_034457325.1	3926	3827	0.000243693	7.45033e-05
XM_034457326.1	3923	3824	0.000611423	0.000187075
XM_034457327.1	3151	3052	0.0355829	0.0136411
XM_034457328.1	899	800	0	0
XM_034457329.1	797	698	0	0
XM_034457330.1	795	696	0	0
XM_034457331.1	1012	913	0	0
XM_034457332.1	7030	6931	0	0
XM_034457333.1	812	713	7	11.4868
XM_034457334.1	1887	1788	0	0
XM_034457335.1	4357	4258	0.40157	0.110343
XM_034457336.1	4351	4252	2.09946	0.577704
XM_034457337.1	4354	4255	0.917927	0.252406
XM_034457338.1	4351	4252	2.09946	0.577704
XM_034457339.1	5136	5037	2	0.464568
XM_034457340.1	2215	2116	0	0
XM_034457341.1	2179	2080	0.00728372	0.00409714
XM_034457342.1	2266	2167	0	0
XM_034457343.1	2167	2068	6.45458	3.65181
XM_034457344.1	2101	2002	0	0
XM_034457345.1	2287	2188	0	0
XM_034457346.1	2230	2131	0	0
XM_034457347.1	2256	2157	0	0
XM_034457348.1	2151	2052	0	0
XM_034457349.1	2211	2112	0	0
XM_034457350.1	2170	2071	0	0
XM_034457351.1	2217	2118	0	0
XM_034457352.1	2103	2004	4.28895	2.50405
XM_034457353.1	2162	2063	0	0
XM_034457354.1	3446	3347	0	0
XM_034457355.1	755	656	108.734	193.934
XM_034457356.1	3528	3429	0	0
XM_034457357.1	3204	3105	0.36126	0.136128
XM_034457358.1	3288	3189	0	0
XM_034457359.1	3200	3101	1.63874	0.6183
XM_034457360.1	1418	1319	0	0
XM_034457361.1	3182	3083	0	0
XM_034457362.1	1774	1675	0	0
XM_034457363.1	2351	2252	1.30565	0.678343
XM_034457364.1	1669	1570	0.0897553	0.0668885
XM_034457365.1	1901	1802	4.74826	3.08298
XM_034457366.1	1040	941	0	0
XM_034457367.1	1975	1876	0	0
XM_034457368.1	1930	1831	3.49519e-08	2.23344e-08
XM_034457369.1	938	839	0	0
XM_034457370.1	1003	904	0	0
XM_034457371.1	838	739	0	0
XM_034457372.1	593	494	0	0
XM_034457373.1	1541	1442	0	0
XM_034457374.1	639	540	0	0
XM_034457375.1	856	757	9.19411	14.2103
XM_034457376.1	622	523	0	0
XM_034457377.1	550	451	0	0
XM_034457378.1	1145	1046	0	0
XM_034457379.1	1680	1581	0	0
XM_034457380.1	1735	1636	0	0
XM_034457381.1	1450	1351	6.71924	5.8191
XM_034457382.1	1455	1356	0.0881919	0.0760956
XM_034457383.1	826	727	0	0
XM_034457384.1	5168	5069	169	39.0081
XM_034457385.1	8091	7992	0	0
XM_034457386.1	1796	1697	0	0
XM_034457387.1	1799	1700	0	0
XM_034457388.1	1715	1616	0	0
XM_034457389.1	1589	1490	0	0
XM_034457390.1	6625	6526	0	0
XM_034457391.1	6604	6505	0	0
XM_034457392.1	6598	6499	0	0
XM_034457393.1	6517	6418	0	0
XM_034457394.1	6496	6397	0	0
XM_034457395.1	6262	6163	20	3.7969
XM_034457396.1	2221	2122	3.76296	2.07479
XM_034457397.1	1946	1847	0	0
XM_034457398.1	1396	1297	0	0
XM_034457399.1	1151	1052	0.000176179	0.000195943
XM_034457400.1	1141	1042	12.9295	14.5179
XM_034457401.1	1258	1159	0	0
XM_034457402.1	1254	1155	0	0
XM_034457403.1	1451	1352	12	10.3847
XM_034457404.1	4020	3921	42.4432	12.6649
XM_034457405.1	2106	2007	0.00791633	0.00461495
XM_034457406.1	2121	2022	1.27439e-06	7.37413e-07
XM_034457407.1	2095	1996	4.99208	2.92625
XM_034457408.1	4213	4114	8.58516	2.4416
XM_034457409.1	4108	4009	0.378058	0.110335
XM_034457410.1	4102	4003	2.19056	0.640265
XM_034457411.1	2216	2117	0.45487	0.251395
XM_034457412.1	1822	1723	1	0.679056
XM_034457413.1	2212	2113	4.18161	2.31545
XM_034457414.1	8011	7912	0	0
XM_034457415.1	1847	1748	1	0.669344
XM_034457416.1	7907	7808	7.28479	1.09161
XM_034457417.1	6325	6226	2	0.375848
XM_034457418.1	6625	6526	0	0
XM_034457419.1	4001	3902	18.8428	5.65002
XM_034457420.1	1732	1633	0	0
XM_034457421.1	4789	4690	0	0
XM_034457422.1	4324	4225	1.41484	0.391807
XM_034457423.1	2467	2368	0	0
XM_034457424.1	2414	2315	6.64975e-06	3.36082e-06
XM_034457425.1	2489	2390	0	0
XM_034457426.1	2387	2288	6.29813	3.22067
XM_034457427.1	2739	2640	7.5	3.3239
XM_034457428.1	2496	2397	0	0
XM_034457429.1	2506	2407	7	3.40261
XM_034457430.1	1735	1636	0	0
XM_034457431.1	1725	1626	0	0
XM_034457432.1	1798	1699	0	0
XM_034457433.1	1676	1577	2.99622	2.22297
XM_034457434.1	2428	2329	0	0
XM_034457435.1	1685	1586	0.00378021	0.00278871
XM_034457436.1	2378	2279	2	1.02678
XM_034457437.1	1697	1598	5.46503e-07	4.00135e-07
XM_034457438.1	1183	1084	1.85387	2.00097
XM_034457439.1	1013	914	12	15.3612
XM_034457440.1	804	705	2	3.31919
XM_034457441.1	1595	1496	2	1.56419
XM_034457442.1	2689	2590	0	0
XM_034457443.1	3045	2946	0	0
XM_034457444.1	2724	2625	0	0
XM_034457445.1	2788	2689	0	0
XM_034457446.1	2541	2442	0	0
XM_034457447.1	2634	2535	0	0
XM_034457448.1	2513	2414	0	0
XM_034457449.1	3014	2915	0	0
XM_034457450.1	2932	2833	0	0
XM_034457451.1	2562	2463	0	0
XM_034457452.1	2695	2596	0	0
XM_034457453.1	2654	2555	0	0
XM_034457454.1	2991	2892	7	2.83198
XM_034457455.1	2536	2437	0	0
XM_034457456.1	2720	2621	0	0
XM_034457457.1	2628	2529	0	0
XM_034457458.1	2660	2561	0	0
XM_034457459.1	2495	2396	0	0
XM_034457460.1	2597	2498	0	0
XM_034457461.1	2432	2333	0.00710837	0.00356489
XM_034457462.1	2600	2501	0	0
XM_034457463.1	2842	2743	0	0
XM_034457464.1	2563	2464	0	0
XM_034457465.1	2485	2386	0	0
XM_034457466.1	2460	2361	0	0
XM_034457467.1	2653	2554	0	0
XM_034457468.1	2941	2842	0	0
XM_034457469.1	2613	2514	6	2.79239
XM_034457470.1	2638	2539	0	0
XM_034457471.1	2747	2648	0	0
XM_034457472.1	2419	2320	4.99289	2.518
XM_034457473.1	2491	2392	0	0
XM_034457474.1	2668	2569	0	0
XM_034457475.1	2620	2521	0	0
XM_034457476.1	2475	2376	0	0
XM_034457477.1	2643	2544	0	0
XM_034457478.1	1897	1798	26.3266	17.1315
XM_034457479.1	1920	1821	8.81316e-06	5.66256e-06
XM_034457480.1	1897	1798	26.3266	17.1315
XM_034457481.1	2104	2005	12.0661	7.04117
XM_034457482.1	2678	2579	0	0
XM_034457483.1	9228	9129	0	0
XM_034457484.1	8778	8679	0	0
XM_034457485.1	8697	8598	0	0
XM_034457486.1	8698	8599	0	0
XM_034457487.1	8697	8598	0	0
XM_034457488.1	8642	8543	0	0
XM_034457489.1	9205	9106	0	0
XM_034457490.1	9185	9086	0	0
XM_034457491.1	9186	9087	0	0
XM_034457492.1	9191	9092	39.3411	5.06265
XM_034457493.1	9160	9061	0	0
XM_034457494.1	9140	9041	0	0
XM_034457495.1	9103	9004	0	0
XM_034457496.1	8896	8797	0	0
XM_034457497.1	8050	7951	34.096	5.01732
XM_034457498.1	4583	4484	0	0
XM_034457499.1	4229	4130	6.64682e-05	1.88302e-05
XM_034457500.1	824	725	2.19333	3.53962
XM_034457501.1	4315	4216	0	0
XM_034457502.1	4182	4083	44.9999	12.8951
XM_034457503.1	1879	1780	0	0
XM_034457504.1	2508	2409	0	0
XM_034457505.1	3785	3686	0	0
XM_034457506.1	2190	2091	0	0
XM_034457507.1	1680	1581	0	0
XM_034457508.1	2320	2221	0	0
XM_034457509.1	2314	2215	0	0
XM_034457510.1	4721	4622	5.10023e-08	1.29107e-08
XM_034457511.1	1157	1058	0	0
XM_034457512.1	1172	1073	0	0
XM_034457513.1	1151	1052	34.9539	38.8751
XM_034457514.1	1300	1201	44	42.8648
XM_034457515.1	5409	5310	14	3.08478
XM_034457516.1	3234	3135	8.61553	3.2154
XM_034457517.1	1297	1198	0	0
XM_034457518.1	5957	5858	0	0
XM_034457519.1	2058	1959	8	4.778
XM_034457520.1	1924	1825	0	0
XM_034457521.1	2447	2348	0	0
XM_034457522.1	3321	3222	7.80029e-08	2.83254e-08
XM_034457523.1	3272	3173	5	1.8437
XM_034457524.1	1685	1586	0	0
XM_034457525.1	8323	8224	0	0
XM_034457526.1	8251	8152	0	0
XM_034457527.1	17659	17560	0	0
XM_034457528.1	1825	1726	0	0
XM_034457529.1	3970	3871	1.10929	0.335284
XM_034457530.1	17877	17778	0.800034	0.0526522
XM_034457531.1	1358	1259	0	0
XM_034457532.1	17656	17557	0	0
XM_034457533.1	1528	1429	0	0
XM_034457534.1	1340	1241	0	0
XM_034457535.1	1510	1411	0	0
XM_034457536.1	1310	1211	29	28.0185
XM_034457537.1	1480	1381	98	83.0277
XM_034457538.1	650	551	0	0
XM_034457539.1	1189	1090	7	7.51385
XM_034457540.1	17702	17603	0	0
XM_034457541.1	485	386	0	0
XM_034457542.1	885	786	81	120.574
XM_034457543.1	17647	17548	0	0
XM_034457544.1	17647	17548	0	0
XM_034457545.1	4718	4619	0	0
XM_034457546.1	4715	4616	0	0
XM_034457547.1	4625	4526	73	18.8712
XM_034457548.1	3977	3878	7.07015	2.1331
XM_034457549.1	17611	17512	0	0
XM_034457550.1	3973	3874	23.7221	7.16448
XM_034457551.1	16871	16772	176	12.2777
XM_034457552.1	1290	1191	0	0
XM_034457553.1	17817	17718	42.2	2.78669
XM_034457554.1	1166	1067	0	0
XM_034457555.1	1966	1867	2	1.25336
XM_034457556.1	1450	1351	4	3.46414
XM_034457557.1	17578	17479	0	0
XM_034457558.1	1537	1438	0	0
XM_034457559.1	1363	1264	0	0
XM_034457560.1	1841	1742	0	0
XM_034457561.1	1650	1551	1	0.754361
XM_034457562.1	1080	981	0	0
XM_034457563.1	17539	17440	0	0
XM_034457564.1	1016	917	3	3.82774
XM_034457565.1	1085	986	0	0
XM_034457566.1	17416	17317	0	0
XM_034457567.1	4053	3954	0	0
XM_034457568.1	4050	3951	0	0
XM_034457569.1	3961	3862	0	0
XM_034457570.1	3113	3014	29.8882	11.6024
XM_034457571.1	4662	4563	0	0
XM_034457572.1	4516	4417	0	0
XM_034457573.1	4143	4044	0	0
XM_034457574.1	2416	2317	3	1.51491
XM_034457575.1	17161	17062	0	0
XM_034457576.1	4130	4031	0	0
XM_034457577.1	3982	3883	9	2.71185
XM_034457578.1	3406	3307	7.9998	2.83032
XM_034457579.1	17077	16978	0	0
XM_034457580.1	3806	3707	23.9405	7.55616
XM_034457581.1	7315	7216	1	0.162142
XM_034457582.1	17029	16930	0	0
XM_034457583.1	3152	3053	0	0
XM_034457584.1	3163	3064	0	0
XM_034457585.1	3147	3048	0	0
XM_034457586.1	3158	3059	0	0
XM_034457587.1	2273	2174	10	5.38185
XM_034457588.1	2352	2253	0	0
XM_034457589.1	2587	2488	0	0
XM_034457590.1	2366	2267	0	0
XM_034457591.1	873	774	0	0
XM_034457592.1	2444	2345	0	0
XM_034457593.1	2102	2003	0	0
XM_034457594.1	1151	1052	0	0
XM_034457595.1	2071	1972	0	0
XM_034457596.1	2132	2033	0	0
XM_034457597.1	2094	1995	0	0
XM_034457598.1	2298	2199	16	8.51306
XM_034457599.1	5645	5546	70	14.7676
XM_034457600.1	2114	2015	1	0.580652
XM_034457601.1	2311	2212	0	0
XM_034457602.1	1922	1823	0	0
XM_034457603.1	1841	1742	0	0
XM_034457604.1	2200	2101	0	0
XM_034457605.1	2112	2013	8.05412	4.68129
XM_034457606.1	1817	1718	0	0
XM_034457607.1	1500	1401	0	0
XM_034457608.1	1541	1442	0	0
XM_034457609.1	3450	3351	0	0
XM_034457610.1	3443	3344	0	0
XM_034457611.1	3419	3320	0	0
XM_034457612.1	3355	3256	0.000215434	7.74143e-05
XM_034457613.1	3332	3233	0.880278	0.31857
XM_034457614.1	3325	3226	11.1896	4.05826
XM_034457615.1	3233	3134	17.9299	6.69377
XM_034457616.1	3871	3772	0	0
XM_034457617.1	3194	3095	9.96568	3.76736
XM_034457618.1	3209	3110	0.0343176	0.0129106
XM_034457619.1	2299	2200	0	0
XM_034457620.1	5399	5300	1.0055	0.221971
XM_034457621.1	2898	2799	11.5934	4.84616
XM_034457622.1	1285	1186	0	0
XM_034457623.1	1477	1378	0	0
XM_034457624.1	4056	3957	1.02222	0.302253
XM_034457625.1	1640	1541	0	0
XM_034457626.1	2174	2075	2	1.12772
XM_034457627.1	3856	3757	0.296191	0.0922405
XM_034457628.1	3836	3737	155.132	48.57
XM_034457629.1	2209	2110	14	7.76312
XM_034457630.1	2284	2185	0	0
XM_034457631.1	2703	2604	65.7149	29.5266
XM_034457632.1	920	821	13	18.5264
XM_034457633.1	2719	2620	0.0497873	0.0222335
XM_034457634.1	2992	2893	0	0
XM_034457635.1	2162	2063	1	0.567142
XM_034457636.1	2080	1981	0	0
XM_034457637.1	2136	2037	0	0
XM_034457638.1	2025	1926	8	4.85987
XM_034457639.1	5380	5281	0	0
XM_034457640.1	3864	3765	9.10371	2.82907
XM_034457641.1	2212	2113	0	0
XM_034457642.1	1442	1343	0	0
XM_034457643.1	2457	2358	2.6014e-05	1.29078e-05
XM_034457644.1	5281	5182	25	5.6446
XM_034457645.1	6628	6529	17	3.04644
XM_034457646.1	6574	6475	0	0
XM_034457647.1	5576	5477	10	2.13623
XM_034457648.1	3747	3648	0	0
XM_034457649.1	3738	3639	0	0
XM_034457650.1	3666	3567	17.1096	5.61214
XM_034457651.1	2225	2126	7	3.85235
XM_034457652.1	4232	4133	37.1252	10.5098
XM_034457653.1	2186	2087	0	0
XM_034457654.1	2183	2084	2	1.12285
XM_034457655.1	2375	2276	4.64587	2.38828
XM_034457656.1	2291	2192	1.5	0.800648
XM_034457657.1	2291	2192	1.5	0.800648
XM_034457658.1	2986	2887	0	0
XM_034457659.1	2869	2770	5	2.11194
XM_034457660.1	9366	9267	0.000282228	3.56329e-05
XM_034457661.1	3281	3182	0	0
XM_034457662.1	2367	2268	0.941769	0.485839
XM_034457663.1	1524	1425	0	0
XM_034457664.1	1600	1501	0	0
XM_034457665.1	9266	9167	94.9938	12.1244
XM_034457666.1	1125	1026	0	0
XM_034457667.1	1013	914	7	8.96072
XM_034457668.1	1413	1314	117	104.179
XM_034457669.1	754	655	0	0
XM_034457670.1	807	708	0.999998	1.65256
XM_034457671.1	9342	9243	0.00591077	0.000748207
XM_034457672.1	6022	5923	12	2.37045
XM_034457673.1	1736	1637	0	0
XM_034457674.1	4925	4826	0	0
XM_034457675.1	8581	8482	9.10486e-08	1.25593e-08
XM_034457676.1	8549	8450	7.67048e-06	1.06208e-06
XM_034457677.1	8423	8324	0	0
XM_034457678.1	2265	2166	0	0
XM_034457679.1	2309	2210	11.7732	6.23292
XM_034457680.1	2335	2236	16.2268	8.49088
XM_034457681.1	1811	1712	5	3.4171
XM_034457682.1	3997	3898	4.22084	1.26692
XM_034457683.1	6035	5936	313.726	61.8369
XM_034457684.1	3755	3656	2.27393e-07	7.27715e-08
XM_034457685.1	1247	1148	0	0
XM_034457686.1	1160	1061	2	2.20549
XM_034457687.1	3698	3599	23	7.47716
XM_034457688.1	2723	2624	14.5014	6.46602
XM_034457689.1	3626	3527	0.000348067	0.000115464
XM_034457690.1	3606	3507	0	0
XM_034457691.1	1813	1714	0	0
XM_034457692.1	1827	1728	0	0
XM_034457693.1	1065	966	0	0
XM_034457694.1	2167	2068	0	0
XM_034457695.1	883	784	7	10.4465
XM_034457696.1	665	566	0	0
XM_034457697.1	4448	4349	0	0
XM_034457698.1	4424	4325	5.42707e-06	1.46815e-06
XM_034457699.1	2908	2809	0	0
XM_034457700.1	3060	2961	2.49775	0.986963
XM_034457701.1	2252	2153	0	0
XM_034457702.1	1979	1880	0	0
XM_034457703.1	2149	2050	1.51298	0.863518
XM_034457704.1	1980	1881	0.000118564	7.37488e-05
XM_034457705.1	2424	2325	0	0
XM_034457706.1	2377	2278	1.07176	0.550474
XM_034457707.1	1817	1718	0	0
XM_034457708.1	3269	3170	2.50053	0.922917
XM_034457709.1	3246	3147	129.013	47.9654
XM_034457710.1	2926	2827	0	0
XM_034457711.1	1449	1350	0	0
XM_034457712.1	4980	4881	0	0
XM_034457713.1	8440	8341	0	0
XM_034457714.1	8426	8327	0	0
XM_034457715.1	8417	8318	0	0
XM_034457716.1	8414	8315	0	0
XM_034457717.1	8411	8312	0	0
XM_034457718.1	8396	8297	0	0
XM_034457719.1	8390	8291	0	0
XM_034457720.1	8343	8244	0	0
XM_034457721.1	8387	8288	0	0
XM_034457722.1	8384	8285	0	0
XM_034457723.1	3655	3556	0	0
XM_034457724.1	8381	8282	0	0
XM_034457725.1	8378	8279	0	0
XM_034457726.1	8378	8279	0	0
XM_034457727.1	8375	8276	0	0
XM_034457728.1	8366	8267	0	0
XM_034457729.1	8360	8261	0	0
XM_034457730.1	8360	8261	0	0
XM_034457731.1	8357	8258	0	0
XM_034457732.1	8345	8246	1.93347e-05	2.74337e-06
XM_034457733.1	8342	8243	0	0
XM_034457734.1	3739	3640	0	0
XM_034457735.1	8333	8234	0	0
XM_034457736.1	8333	8234	0	0
XM_034457737.1	8327	8228	0	0
XM_034457738.1	8327	8228	0	0
XM_034457739.1	8312	8213	0	0
XM_034457740.1	8312	8213	0	0
XM_034457741.1	8297	8198	0.018213	0.00259934
XM_034457742.1	8288	8189	0	0
XM_034457743.1	8255	8156	7.53335	1.08069
XM_034457744.1	8225	8126	0	0
XM_034457745.1	3660	3561	0	0
XM_034457746.1	8222	8123	0	0
XM_034457747.1	8204	8105	0	0
XM_034457748.1	8204	8105	0	0
XM_034457749.1	8429	8330	0	0
XM_034457750.1	8415	8316	0	0
XM_034457751.1	8412	8313	0	0
XM_034457752.1	8168	8069	0	0
XM_034457753.1	8162	8063	0	0
XM_034457754.1	8162	8063	0	0
XM_034457755.1	8162	8063	0	0
XM_034457756.1	3907	3808	0	0
XM_034457757.1	8117	8018	0	0
XM_034457758.1	8117	8018	0	0
XM_034457759.1	8027	7928	0	0
XM_034457760.1	7928	7829	0	0
XM_034457761.1	6500	6401	0	0
XM_034457762.1	6185	6086	4.10138e-06	7.88477e-07
XM_034457763.1	6095	5996	159.448	31.1135
XM_034457764.1	3237	3138	8	2.98283
XM_034457765.1	4577	4478	1.1332e-06	2.96083e-07
XM_034457766.1	3634	3535	0	0
XM_034457767.1	4711	4612	0	0
XM_034457768.1	4505	4406	205	54.4378
XM_034457769.1	3835	3736	42	13.1533
XM_034457770.1	3631	3532	0	0
XM_034457771.1	2225	2126	13.1035	7.2113
XM_034457772.1	557	458	0	0
XM_034457773.1	2498	2399	9	4.38938
XM_034457774.1	1536	1437	0	0
XM_034457775.1	1263	1164	13.9237	13.9956
XM_034457776.1	1198	1099	2.37324e-05	2.52659e-05
XM_034457777.1	1188	1089	1.0763	1.15636
XM_034457778.1	1426	1327	0	0
XM_034457779.1	1999	1900	0	0
XM_034457780.1	2085	1986	3	1.76739
XM_034457781.1	1982	1883	0	0
XM_034457782.1	1861	1762	3	1.99208
XM_034457783.1	1429	1330	0	0
XM_034457784.1	1235	1136	1	1.02994
XM_034457785.1	3298	3199	24.7148	9.03927
XM_034457786.1	6008	5909	0	0
XM_034457787.1	6005	5906	0	0
XM_034457788.1	5920	5821	0.0906645	0.0182234
XM_034457789.1	5897	5798	9.42497	1.90192
XM_034457790.1	5917	5818	0.165978	0.0333786
XM_034457791.1	6115	6016	0	0
XM_034457792.1	5724	5625	0	0
XM_034457793.1	5724	5625	0	0
XM_034457794.1	1370	1271	0	0
XM_034457795.1	1128	1029	0	0
XM_034457796.1	4408	4309	73.9294	20.0739
XM_034457797.1	758	659	0	0
XM_034457798.1	872	773	0	0
XM_034457799.1	818	719	0	0
XM_034457800.1	890	791	2.51181	3.71537
XM_034457801.1	544	445	0	0
XM_034457802.1	481	382	0	0
XM_034457803.1	550	451	0	0
XM_034457804.1	475	376	0	0
XM_034457805.1	4443	4344	0.00559358	0.00150658
XM_034457806.1	575	476	0	0
XM_034457807.1	2184	2085	7.84611	4.4029
XM_034457808.1	1543	1444	43	34.8411
XM_034457809.1	3923	3824	9.68687	2.96385
XM_034457810.1	3959	3860	4	1.21245
XM_034457811.1	2330	2231	5996.49	3144.76
XM_034457812.1	1118	1019	0	0
XM_034457813.1	1077	978	2	2.39267
XM_034457814.1	2557	2458	0	0
XM_034457815.1	2128	2029	0	0
XM_034457816.1	1638	1539	0	0
XM_034457817.1	2064	1965	0	0
XM_034457818.1	2015	1916	9	5.49589
XM_034457819.1	1334	1235	3	2.84214
XM_034457820.1	1743	1644	0	0
XM_034457821.1	5918	5819	1.06245	0.213625
XM_034457822.1	5903	5804	21.9375	4.42233
XM_034457823.1	28302	28203	203	8.42154
XM_034457824.1	2916	2817	6.63758	2.75685
XM_034457825.1	13916	13817	30	2.54038
XM_034457826.1	12935	12836	0	0
XM_034457827.1	1478	1379	0	0
XM_034457828.1	1330	1231	2.71776	2.58311
XM_034457829.1	1661	1562	2	1.4981
XM_034457830.1	1083	984	0	0
XM_034457831.1	866	767	0	0
XM_034457832.1	787	688	0	0
XM_034457833.1	747	648	0	0
XM_034457834.1	1781	1682	0	0
XM_034457835.1	1763	1664	0	0
XM_034457836.1	1161	1062	1	1.10171
XM_034457837.1	1281	1182	0	0
XM_034457838.1	1958	1859	0	0
XM_034457839.1	13716	13617	0	0
XM_034457840.1	13710	13611	32.0599	2.75589
XM_034457841.1	13716	13617	0	0
XM_034457842.1	13716	13617	0	0
XM_034457843.1	13716	13617	0	0
XM_034457844.1	13794	13695	42.4403	3.62583
XM_034457845.1	13794	13695	52.6229	4.49577
XM_034457846.1	1717	1618	0	0
XM_034457847.1	2793	2694	30.8768	13.4099
XM_034457848.1	1943	1844	1	0.634498
XM_034457849.1	2439	2340	1.34496	0.67249
XM_034457850.1	1220	1121	0	0
XM_034457851.1	965	866	0	0
XM_034457852.1	1122	1023	12	13.7245
XM_034457853.1	1063	964	0	0
XM_034457854.1	2888	2789	1.32334	0.555156
XM_034457855.1	1854	1755	3	2.00002
XM_034457856.1	2885	2786	4.67666	1.96402
XM_034457857.1	2515	2416	0	0
XM_034457858.1	2486	2387	0	0
XM_034457859.1	2485	2386	0	0
XM_034457860.1	2473	2374	0	0
XM_034457861.1	2470	2371	0	0
XM_034457862.1	2467	2368	0	0
XM_034457863.1	2439	2340	0	0
XM_034457864.1	2636	2537	1	0.46118
XM_034457865.1	7055	6956	0.00564808	0.000950019
XM_034457866.1	7044	6945	0.0361519	0.00609045
XM_034457867.1	7028	6929	0.540894	0.091334
XM_034457868.1	884	785	0	0
XM_034457869.1	7017	6918	3.48728	0.589789
XM_034457870.1	2719	2620	0	0
XM_034457871.1	3710	3611	0	0
XM_034457872.1	3485	3386	0	0
XM_034457873.1	824	725	1	1.61381
XM_034457874.1	3459	3360	8.62748e-06	3.00425e-06
XM_034457875.1	2686	2587	2.59865e-05	1.17528e-05
XM_034457876.1	3521	3422	0	0
XM_034457877.1	2685	2586	4.08983e-05	1.85041e-05
XM_034457878.1	3518	3419	0	0
XM_034457879.1	3676	3577	0	0
XM_034457880.1	3672	3573	0	0
XM_034457881.1	3452	3353	9.96089e-05	3.47581e-05
XM_034457882.1	3420	3321	7.64655	2.69394
XM_034457883.1	2655	2556	35.9818	16.4707
XM_034457884.1	3488	3389	0	0
XM_034457885.1	3421	3322	5.37146	1.89184
XM_034457886.1	4633	4534	31	7.99965
XM_034457887.1	1997	1898	0	0
XM_034457888.1	1530	1431	0	0
XM_034457889.1	2171	2072	1	0.564678
XM_034457890.1	1406	1307	0	0
XM_034457891.1	1360	1261	0	0
XM_034457892.1	561	462	4	10.13
XM_034457893.1	1385	1286	0	0
XM_034457894.1	6454	6355	0	0
XM_034457895.1	3371	3272	62	22.1702
XM_034457896.1	6358	6259	0	0
XM_034457897.1	5986	5887	50	9.93726
XM_034457898.1	631	532	15	32.9891
XM_034457899.1	5564	5465	0	0
XM_034457900.1	2038	1939	0	0
XM_034457901.1	4245	4146	4.15149	1.17156
XM_034457902.1	4224	4125	0	0
XM_034457903.1	2096	1997	0	0
XM_034457904.1	4787	4688	0	0
XM_034457905.1	893	794	5	7.36784
XM_034457906.1	13492	13393	3.45364	0.30171
XM_034457907.1	13486	13387	5.84183	0.510571
XM_034457908.1	13474	13375	16.7263	1.46318
XM_034457909.1	13462	13363	47.936	4.19709
XM_034457910.1	3217	3118	4.61822	1.73297
XM_034457911.1	3054	2955	0	0
XM_034457912.1	3058	2959	0	0
XM_034457913.1	9709	9610	0.000393073	4.78564e-05
XM_034457914.1	9671	9572	0	0
XM_034457915.1	9703	9604	0.000817773	9.96258e-05
XM_034457916.1	9684	9585	0.00834551	0.00101871
XM_034457917.1	9615	9516	39.9904	4.91691
XM_034457918.1	6614	6515	0.00453428	0.000814301
XM_034457919.1	6602	6503	0.0394176	0.00709197
XM_034457920.1	6584	6485	1.01793	0.183653
XM_034457921.1	6572	6473	8.93812	1.61559
XM_034457922.1	3027	2928	6	2.39757
XM_034457923.1	4425	4326	1.03095	0.278831
XM_034457924.1	4293	4194	44	12.2748
XM_034457925.1	4348	4249	0	0
XM_034457926.1	3341	3242	1.19853	0.432542
XM_034457927.1	3374	3275	8.30715e-06	2.96778e-06
XM_034457928.1	3021	2922	9.80146	3.92465
XM_034457929.1	2762	2663	0.00210348	0.000924185
XM_034457930.1	2744	2645	5.9979	2.65316
XM_034457931.1	2032	1933	8	4.84227
XM_034457932.1	3816	3717	0.0088527	0.0027866
XM_034457933.1	3820	3721	0.00250702	0.000788294
XM_034457934.1	3801	3702	1.01633	0.321211
XM_034457935.1	3792	3693	17.6613	5.59543
XM_034457936.1	2988	2889	0	0
XM_034457937.1	4222	4123	0.23555	0.0668436
XM_034457938.1	4235	4136	0.00586627	0.00165948
XM_034457939.1	4733	4634	0	0
XM_034457940.1	1627	1528	0	0
XM_034457941.1	3846	3747	2.56942e-08	8.02309e-09
XM_034457942.1	2703	2604	2.38177	1.07016
XM_034457943.1	3834	3735	1.10643e-06	3.46598e-07
XM_034457944.1	3778	3679	54.9244	17.4673
XM_034457945.1	1679	1580	9.26341	6.85969
XM_034457946.1	1806	1707	5.73659	3.93198
XM_034457947.1	1711	1612	0	0
XM_034457948.1	1768	1669	2.60856e-06	1.82867e-06
XM_034457949.1	1768	1669	2.60856e-06	1.82867e-06
XM_034457950.1	1746	1647	15	10.6559
XM_034457951.1	1104	1005	0	0
XM_034457952.1	2067	1968	0	0
XM_034457953.1	2106	2007	7.06264	4.11728
XM_034457954.1	3848	3749	7.65534	2.38913
XM_034457955.1	729	630	0	0
XM_034457956.1	718	619	1	1.89017
XM_034457957.1	2096	1997	0	0
XM_034457958.1	2154	2055	0	0
XM_034457959.1	9901	9802	19	2.26793
XM_034457960.1	1299	1200	0	0
XM_034457961.1	1026	927	0	0
XM_034457962.1	1012	913	2	2.56301
XM_034457963.1	761	662	0	0
XM_034457964.1	627	528	0	0
XM_034457965.1	2539	2440	47	22.5371
XM_034457966.1	2673	2574	0	0
XM_034457967.1	2749	2650	0	0
XM_034457968.1	6710	6611	0	0
XM_034457969.1	6259	6160	0	0
XM_034457970.1	6707	6608	0	0
XM_034457971.1	5911	5812	0	0
XM_034457972.1	5930	5831	0	0
XM_034457973.1	6699	6600	3.46998	0.61514
XM_034457974.1	6287	6188	0	0
XM_034457975.1	5888	5789	26.53	5.36198
XM_034457976.1	5825	5726	0	0
XM_034457977.1	2491	2392	5	2.44568
XM_034457978.1	2555	2456	3.2482	1.54741
XM_034457979.1	2551	2452	21.9789	10.4876
XM_034457980.1	4512	4413	22	5.83283
XM_034457981.1	1773	1674	3	2.0968
XM_034457982.1	988	889	1.09571e-05	1.44207e-05
XM_034457983.1	1127	1028	6.99999	7.967
XM_034457984.1	1356	1257	0	0
XM_034457985.1	775	676	1	1.73079
XM_034457986.1	806	707	0	0
XM_034457987.1	4840	4741	0	0
XM_034457988.1	1862	1763	37.9708	25.1993
XM_034457989.1	4448	4349	0	0
XM_034457990.1	3068	2969	0	0
XM_034457991.1	3005	2906	27.8441	11.2106
XM_034457992.1	1165	1066	0	0
XM_034457993.1	1145	1046	0	0
XM_034457994.1	4837	4738	0	0
XM_034457995.1	4445	4346	0	0
XM_034457996.1	14275	14176	0	0
XM_034457997.1	14168	14069	0	0
XM_034457998.1	13738	13639	66	5.66177
XM_034457999.1	4675	4576	27	6.90349
XM_034458000.1	4776	4677	0	0
XM_034458001.1	2754	2655	0	0
XM_034458002.1	3578	3479	1087.3	365.665
XM_034458003.1	2393	2294	10	5.10032
XM_034458004.1	1866	1767	0	0
XM_034458005.1	1960	1861	2.62967e-08	1.65328e-08
XM_034458006.1	1946	1847	0	0
XM_034458007.1	1872	1773	0	0
XM_034458008.1	1930	1831	4.99999	3.19501
XM_034458009.1	2440	2341	1	0.499792
XM_034458010.1	1449	1350	102	88.401
XM_034458011.1	3870	3771	0	0
XM_034458012.1	3849	3750	0	0
XM_034458013.1	3591	3492	0	0
XM_034458014.1	3677	3578	0	0
XM_034458015.1	3775	3676	0	0
XM_034458016.1	3397	3298	0	0
XM_034458017.1	3382	3283	9.76694	3.4808
XM_034458018.1	1965	1866	8	5.01613
XM_034458019.1	1840	1741	0	0
XM_034458020.1	2029	1930	0	0
XM_034458021.1	1532	1433	1.28101	1.04592
XM_034458022.1	3036	2937	0	0
XM_034458023.1	2673	2574	0.000135439	6.15639e-05
XM_034458024.1	2448	2349	26.9843	13.4406
XM_034458025.1	2909	2810	0	0
XM_034458026.1	2885	2786	0	0
XM_034458027.1	2649	2550	8.01554	3.67776
XM_034458028.1	3597	3498	0.122136	0.040852
XM_034458029.1	3585	3486	6.87786	2.30843
XM_034458030.1	3287	3188	2.99976	1.10093
XM_034458031.1	2648	2549	48	22.0324
XM_034458032.1	1682	1583	163	120.475
XM_034458033.1	3855	3756	1	0.311505
XM_034458034.1	1891	1792	0	0
XM_034458035.1	791	692	0	0
XM_034458036.1	2085	1986	0	0
XM_034458037.1	1876	1777	0	0
XM_034458038.1	2098	1999	0	0
XM_034458039.1	1598	1499	0	0
XM_034458040.1	1000	901	1.12243e-06	1.45756e-06
XM_034458041.1	691	592	0	0
XM_034458042.1	617	518	0	0
XM_034458043.1	3957	3858	37.1086	11.2539
XM_034458044.1	4063	3964	0	0
XM_034458045.1	4056	3957	0	0
XM_034458046.1	4008	3909	7.57409e-06	2.26702e-06
XM_034458047.1	3972	3873	0.391425	0.118247
XM_034458048.1	3957	3858	37.1086	11.2539
XM_034458049.1	3251	3152	19	7.05275
XM_034458050.1	680	581	0.000604678	0.0012177
XM_034458051.1	740	641	0	0
XM_034458052.1	676	577	1.9994	4.05428
XM_034458053.1	1331	1232	2	1.89937
XM_034458054.1	3247	3148	0	0
XM_034458055.1	3165	3066	0	0
XM_034458056.1	3079	2980	0	0
XM_034458057.1	2926	2827	0	0
XM_034458058.1	2702	2603	7	3.14641
XM_034458059.1	3508	3409	11	3.77534
XM_034458060.1	3399	3300	0	0
XM_034458061.1	2415	2316	46	23.2386
XM_034458062.1	2954	2855	0	0
XM_034458063.1	1519	1420	44	36.2539
XM_034458064.1	1415	1316	0	0
XM_034458065.1	1392	1293	0	0
XM_034458066.1	1349	1250	5.42169	5.07476
XM_034458067.1	7612	7513	0	0
XM_034458068.1	7609	7510	0	0
XM_034458069.1	978	879	0	0
XM_034458070.1	7162	7063	82	13.5836
XM_034458071.1	4389	4290	5.06716	1.38197
XM_034458072.1	3224	3125	12.6853	4.74941
XM_034458073.1	4253	4154	0	0
XM_034458074.1	3770	3671	5.97883	1.90556
XM_034458075.1	1928	1829	0.315372	0.201744
XM_034458076.1	2194	2095	3	1.67544
XM_034458077.1	4133	4034	1.07508	0.311815
XM_034458078.1	6761	6662	0	0
XM_034458079.1	6705	6606	0.00013874	2.45728e-05
XM_034458080.1	6637	6538	25.8975	4.63451
XM_034458081.1	3457	3358	0.974669	0.3396
XM_034458082.1	5073	4974	16.3294	3.8411
XM_034458083.1	4587	4488	0	0
XM_034458084.1	4587	4488	17.7248	4.62081
XM_034458085.1	3583	3484	13.4989	4.53325
XM_034458086.1	4299	4200	20	5.57149
XM_034458087.1	3329	3230	0	0
XM_034458088.1	2294	2195	1	0.533036
XM_034458089.1	2274	2175	1.14777	0.61743
XM_034458090.1	1881	1782	0	0
XM_034458091.1	2505	2406	0	0
XM_034458092.1	2671	2572	0	0
XM_034458093.1	2640	2541	0	0
XM_034458094.1	921	822	0	0
XM_034458095.1	689	590	0	0
XM_034458096.1	471	372	0	0
XM_034458097.1	2404	2305	33.7472	17.13
XM_034458098.1	1841	1742	0	0
XM_034458099.1	1421	1322	0	0
XM_034458100.1	811	712	0	0
XM_034458101.1	3198	3099	1	0.377545
XM_034458102.1	5381	5282	56.1028	12.4273
XM_034458103.1	1272	1173	1	0.997454
XM_034458104.1	5239	5140	285.423	64.9705
XM_034458105.1	3374	3275	12.9429	4.62394
XM_034458106.1	1550	1451	2	1.6127
XM_034458107.1	1587	1488	46.4155	36.4964
XM_034458108.1	2439	2340	0	0
XM_034458109.1	2439	2340	0	0
XM_034458110.1	2430	2331	0	0
XM_034458111.1	2429	2330	0	0
XM_034458112.1	2461	2362	0	0
XM_034458113.1	2452	2353	22	10.9394
XM_034458114.1	4138	4039	14.8972	4.31541
XM_034458115.1	4025	3926	0	0
XM_034458116.1	4019	3920	0	0
XM_034458117.1	2364	2265	0	0
XM_034458118.1	2265	2166	0	0
XM_034458119.1	3908	3809	29.896	9.18317
XM_034458120.1	6446	6347	0.012038	0.0022191
XM_034458121.1	6437	6338	0.0635962	0.01174
XM_034458122.1	6434	6335	0.11082	0.0204674
XM_034458123.1	6422	6323	1.0245	0.189574
XM_034458124.1	6422	6323	1.0245	0.189574
XM_034458125.1	6416	6317	3.11992	0.577862
XM_034458126.1	6410	6311	9.51124	1.76331
XM_034458127.1	4055	3956	0	0
XM_034458128.1	2358	2259	0	0
XM_034458129.1	2232	2133	31.5739	17.3192
XM_034458130.1	2232	2133	31.5739	17.3192
XM_034458131.1	5069	4970	2	0.47083
XM_034458132.1	5311	5212	2	0.448969
XM_034458133.1	2926	2827	1.03273	0.427416
XM_034458134.1	6848	6749	10.2137	1.77065
XM_034458135.1	6842	6743	28.9918	5.03052
XM_034458136.1	3911	3812	1	0.306929
XM_034458137.1	1805	1706	0	0
XM_034458138.1	2454	2355	0	0
XM_034458139.1	2366	2267	0	0
XM_034458140.1	1649	1550	6	4.52908
XM_034458141.1	1246	1147	0	0
XM_034458142.1	1028	929	14.8893	18.7521
XM_034458143.1	1665	1566	0	0
XM_034458144.1	3302	3203	14.592	5.33027
XM_034458145.1	745	646	479	867.549
XM_034458146.1	1137	1038	0	0
XM_034458147.1	1089	990	0	0
XM_034458148.1	6068	5969	53	10.3888
XM_034458149.1	2486	2387	0	0
XM_034458150.1	2281	2182	0	0
XM_034458151.1	1779	1680	0	0
XM_034458152.1	572	473	0	0
XM_034458153.1	1646	1547	20.0166	15.1387
XM_034458154.1	1105	1006	0	0
XM_034458155.1	964	865	0	0
XM_034458156.1	4569	4470	31	8.11419
XM_034458157.1	2329	2230	3	1.57401
XM_034458158.1	1223	1124	42.1794	43.9061
XM_034458159.1	3901	3802	0	0
XM_034458160.1	1167	1068	0.00269416	0.0029515
XM_034458161.1	3798	3699	20	6.32611
XM_034458162.1	4203	4104	0	0
XM_034458163.1	4204	4105	0	0
XM_034458164.1	4189	4090	0	0
XM_034458165.1	4179	4080	0	0
XM_034458166.1	4038	3939	0	0
XM_034458167.1	4029	3930	0	0
XM_034458168.1	4029	3930	0	0
XM_034458169.1	4014	3915	0	0
XM_034458170.1	4005	3906	0	0
XM_034458171.1	3995	3896	0	0
XM_034458172.1	1937	1838	0	0
XM_034458173.1	3952	3853	0	0
XM_034458174.1	1992	1893	14.7318	9.10531
XM_034458175.1	2577	2478	0	0
XM_034458176.1	3625	3526	0.83609	0.277435
XM_034458177.1	943	844	0.183358	0.254183
XM_034458178.1	3118	3019	0	0
XM_034458179.1	3392	3293	38	13.5015
XM_034458180.1	2645	2546	45	20.6797
XM_034458181.1	4807	4708	0	0
XM_034458182.1	4700	4601	0	0
XM_034458183.1	2177	2078	0	0
XM_034458184.1	3021	2922	0	0
XM_034458185.1	3226	3127	0	0
XM_034458186.1	1155	1056	19	21.0514
XM_034458187.1	2521	2422	33.1538	16.0159
XM_034458188.1	1187	1088	2.14752	2.30939
XM_034458189.1	1462	1363	0	0
XM_034458190.1	8911	8812	2.90568e-08	3.85802e-09
XM_034458191.1	8844	8745	0.000224575	3.00464e-05
XM_034458192.1	8841	8742	0	0
XM_034458193.1	8823	8724	0.0037684	0.000505397
XM_034458194.1	8820	8721	0.00564117	0.000756821
XM_034458195.1	8799	8700	0.0953981	0.0128295
XM_034458196.1	8799	8700	0.0953981	0.0128295
XM_034458197.1	8751	8652	62.7994	8.49239
XM_034458198.1	8472	8373	1.48785e-07	2.07906e-08
XM_034458199.1	8940	8841	0	0
XM_034458200.1	8424	8325	0.000126288	1.77488e-05
XM_034458201.1	2231	2132	0	0
XM_034458202.1	2253	2154	14	7.60454
XM_034458203.1	2485	2386	52	25.499
XM_034458204.1	4598	4499	0	0
XM_034458205.1	4725	4626	0	0
XM_034458206.1	4616	4517	0	0
XM_034458207.1	3936	3837	1.7826e-07	5.43568e-08
XM_034458208.1	4471	4372	0	0
XM_034458209.1	4400	4301	0	0
XM_034458210.1	4274	4175	0	0
XM_034458211.1	3880	3781	5.50558	1.70368
XM_034458212.1	7959	7860	0.0161608	0.00240565
XM_034458213.1	7947	7848	0.0970084	0.0144624
XM_034458214.1	7896	7797	0	0
XM_034458215.1	4130	4031	6	1.74152
XM_034458216.1	1951	1852	0.161067	0.101755
XM_034458217.1	1946	1847	3.83893	2.43184
XM_034458218.1	4337	4238	0.747274	0.206305
XM_034458219.1	4331	4232	304.954	84.3101
XM_034458220.1	4085	3986	0	0
XM_034458221.1	4076	3977	0	0
XM_034458222.1	4060	3961	0.00195856	0.000578527
XM_034458223.1	4054	3955	1.2967	0.383605
XM_034458224.1	2251	2152	2	1.08737
XM_034458225.1	683	584	0	0
XM_034458226.1	4165	4066	9	2.5898
XM_034458227.1	1156	1057	0	0
XM_034458228.1	1224	1125	0	0
XM_034458229.1	1289	1190	0	0
XM_034458230.1	1439	1340	8	6.98515
XM_034458231.1	7663	7564	0	0
XM_034458232.1	7526	7427	0	0
XM_034458233.1	5558	5459	0	0
XM_034458234.1	5551	5452	0	0
XM_034458235.1	5577	5478	1.27931e-07	2.73239e-08
XM_034458236.1	5549	5450	3.99375	0.857384
XM_034458237.1	5549	5450	0	0
XM_034458238.1	5542	5443	18.0348	3.87672
XM_034458239.1	5510	5411	0	0
XM_034458240.1	5513	5414	0.124081	0.0268149
XM_034458241.1	5494	5395	7.66731	1.66281
XM_034458242.1	5498	5399	0	0
XM_034458243.1	5477	5378	0	0
XM_034458244.1	1167	1068	2	2.19104
XM_034458245.1	6542	6443	0	0
XM_034458246.1	6422	6323	0.925456	0.171247
XM_034458247.1	6406	6307	18.0745	3.35301
XM_034458248.1	6118	6019	0	0
XM_034458249.1	1988	1889	0	0
XM_034458250.1	2128	2029	0	0
XM_034458251.1	3071	2972	10	3.93679
XM_034458252.1	2215	2116	1.12804e-05	6.23732e-06
XM_034458253.1	2199	2100	0.0829781	0.0462312
XM_034458254.1	2187	2088	68.917	38.6177
XM_034458255.1	2216	2117	6.48082e-06	3.58179e-06
XM_034458256.1	10800	10701	2.45546	0.268472
XM_034458257.1	6950	6851	0	0
XM_034458258.1	5135	5036	0	0
XM_034458259.1	2960	2861	0	0
XM_034458260.1	3933	3834	14.1831	4.32822
XM_034458261.1	10794	10695	4.74074	0.518628
XM_034458262.1	1361	1262	1	0.92711
XM_034458263.1	1452	1353	0	0
XM_034458264.1	2960	2861	0	0
XM_034458265.1	4204	4105	0	0
XM_034458266.1	1494	1395	1.16915	0.980589
XM_034458267.1	816	717	1	1.63182
XM_034458268.1	786	687	9	15.3277
XM_034458269.1	10773	10674	117.436	12.8726
XM_034458270.1	1708	1609	0	0
XM_034458271.1	1683	1584	0	0
XM_034458272.1	2599	2500	22	10.2961
XM_034458273.1	10975	10876	4.4414	0.477795
XM_034458274.1	1528	1429	2	1.63753
XM_034458275.1	728	629	0	0
XM_034458276.1	2371	2272	0	0
XM_034458277.1	2013	1914	1	0.611292
XM_034458278.1	1136	1037	9	10.1544
XM_034458279.1	1468	1369	0	0
XM_034458280.1	10975	10876	4.4414	0.477795
XM_034458281.1	2183	2084	1.29403	0.726504
XM_034458282.1	3595	3496	0	0
XM_034458283.1	3560	3461	0	0
XM_034458284.1	10969	10870	8.48467	0.913264
XM_034458285.1	2387	2288	7.26729	3.71627
XM_034458286.1	4115	4016	0	0
XM_034458287.1	3635	3536	19	6.28684
XM_034458288.1	981	882	2	2.65309
XM_034458289.1	4684	4585	0.3607	0.0920444
XM_034458290.1	4666	4567	36.3928	9.32341
XM_034458291.1	3083	2984	0	0
XM_034458292.1	3080	2981	0	0
XM_034458293.1	3077	2978	0	0
XM_034458294.1	1635	1536	1	0.761727
XM_034458295.1	1425	1326	25.2465	22.2766
XM_034458296.1	6819	6720	3	0.522327
XM_034458297.1	3588	3489	1.03428e-08	3.46838e-09
XM_034458298.1	3527	3428	10	3.41311
XM_034458299.1	3375	3276	0	0
XM_034458300.1	2832	2733	0	0
XM_034458301.1	2828	2729	0	0
XM_034458302.1	2805	2706	0	0
XM_034458303.1	2800	2701	0	0
XM_034458304.1	2733	2634	0	0
XM_034458305.1	2706	2607	1.77071e-07	7.9469e-08
XM_034458306.1	2701	2602	1.68315e-06	7.56845e-07
XM_034458307.1	2692	2593	9.79998e-05	4.42195e-05
XM_034458308.1	2665	2566	21.0632	9.60414
XM_034458309.1	2720	2621	0	0
XM_034458310.1	2636	2537	0	0
XM_034458311.1	2622	2523	0	0
XM_034458312.1	2834	2735	0	0
XM_034458313.1	2595	2496	6.51685e-06	3.05481e-06
XM_034458314.1	2482	2383	0	0
XM_034458315.1	2657	2558	0	0
XM_034458316.1	2568	2469	2.26304	1.07241
XM_034458317.1	2771	2672	0	0
XM_034458318.1	2654	2555	0	0
XM_034458319.1	2565	2466	9.42015	4.46946
XM_034458320.1	2585	2486	0.000722957	0.000340253
XM_034458321.1	2582	2483	0.00298016	0.00140428
XM_034458322.1	2560	2461	101.861	48.427
XM_034458323.1	2403	2304	11	5.586
XM_034458324.1	2745	2646	0	0
XM_034458325.1	2982	2883	3.15878	1.28193
XM_034458326.1	2692	2593	1	0.45122
XM_034458327.1	2776	2677	1	0.437061
XM_034458328.1	1821	1722	0	0
XM_034458329.1	1821	1722	0	0
XM_034458330.1	3633	3534	0	0
XM_034458331.1	3726	3627	0	0
XM_034458332.1	3839	3740	0	0
XM_034458333.1	3689	3590	0	0
XM_034458334.1	3526	3427	27.1017	9.25282
XM_034458335.1	3530	3431	6.89826	2.35239
XM_034458336.1	1749	1650	0	0
XM_034458337.1	1405	1306	0	0
XM_034458338.1	905	806	4	5.80652
XM_034458339.1	3787	3688	2	0.634498
XM_034458340.1	2076	1977	26	15.3871
XM_034458341.1	1818	1719	0	0
XM_034458342.1	806	707	16	26.4784
XM_034458343.1	801	702	1	1.66669
XM_034458344.1	699	600	0	0
XM_034458345.1	662	563	3.20864	6.66811
XM_034458346.1	669	570	1.62728e-06	3.34024e-06
XM_034458347.1	704	605	0	0
XM_034458348.1	699	600	0	0
XM_034458349.1	692	593	0	0
XM_034458350.1	676	577	5.33872	10.8256
XM_034458351.1	833	734	1	1.59402
XM_034458352.1	698	599	3.79114	7.40515
XM_034458353.1	540	441	2.6615	7.0612
XM_034458354.1	1492	1393	4	3.35969
XM_034458355.1	3545	3446	0	0
XM_034458356.1	2496	2397	0	0
XM_034458357.1	2296	2197	38	20.2369
XM_034458358.1	809	710	5.45602	8.99101
XM_034458359.1	1264	1165	0	0
XM_034458360.1	2735	2636	6	2.66316
XM_034458361.1	1650	1551	1	0.754361
XM_034458362.1	7054	6955	4	0.672905
XM_034458363.1	1386	1287	0	0
XM_034458364.1	1449	1350	0	0
XM_034458365.1	1669	1570	0	0
XM_034458366.1	2338	2239	0	0
XM_034458367.1	3505	3406	0	0
XM_034458368.1	3432	3333	0	0
XM_034458369.1	3427	3328	43	15.1174
XM_034458370.1	1960	1861	0	0
XM_034458371.1	1765	1666	3	2.10687
XM_034458372.1	2099	2000	0	0
XM_034458373.1	6133	6034	37.1477	7.20306
XM_034458374.1	1959	1860	12.8361	8.07439
XM_034458375.1	1494	1395	0	0
XM_034458376.1	1371	1272	0	0
XM_034458377.1	13867	13768	84.9101	7.21572
XM_034458378.1	10937	10838	15.0804	1.628
XM_034458379.1	3500	3401	0.00785635	0.00270275
XM_034458380.1	10928	10829	39.9598	4.31743
XM_034458381.1	10928	10829	39.9598	4.31743
XM_034458382.1	4550	4451	3.28237	0.862821
XM_034458383.1	2904	2805	15.4721	6.45369
XM_034458384.1	2251	2152	0	0
XM_034458385.1	2293	2194	1.67804	0.894862
XM_034458386.1	7142	7043	0	0
XM_034458387.1	6930	6831	2.53895	0.434871
XM_034458388.1	7539	7440	11.1787	1.75796
XM_034458389.1	6760	6661	3.38013	0.593725
XM_034458390.1	3636	3537	2	0.661585
XM_034458391.1	4327	4228	0	0
XM_034458392.1	1833	1734	128.711	86.8473
XM_034458393.1	1825	1726	0	0
XM_034458394.1	1765	1666	17.189	12.0716
XM_034458395.1	10927	10828	37	3.99801
XM_034458396.1	3328	3229	5.29448e-06	1.91843e-06
XM_034458397.1	3252	3153	0	0
XM_034458398.1	3315	3216	0.000601071	0.000218676
XM_034458399.1	3300	3201	0.144725	0.0528993
XM_034458400.1	3288	3189	11.8547	4.34936
XM_034458401.1	2841	2742	0	0
XM_034458402.1	2849	2750	0	0
XM_034458403.1	2736	2637	2	0.887382
XM_034458404.1	2814	2715	0	0
XM_034458405.1	2869	2770	0	0
XM_034458406.1	7924	7825	24.4726	3.6592
XM_034458407.1	3753	3654	3	0.960602
XM_034458408.1	3047	2948	0	0
XM_034458409.1	3044	2945	0	0
XM_034458410.1	2932	2833	2.40174	0.991905
XM_034458411.1	2928	2829	12.5983	5.21037
XM_034458412.1	7229	7130	0	0
XM_034458413.1	2292	2193	0	0
XM_034458414.1	2857	2758	8	3.3938
XM_034458415.1	2280	2181	0	0
XM_034458416.1	2271	2172	0	0
XM_034458417.1	2259	2160	0	0
XM_034458418.1	2231	2132	0	0
XM_034458419.1	2220	2121	0	0
XM_034458420.1	2208	2109	0	0
XM_034458421.1	2196	2097	0	0
XM_034458422.1	2187	2088	0	0
XM_034458423.1	6773	6674	0	0
XM_034458424.1	2175	2076	0	0
XM_034458425.1	2147	2048	0	0
XM_034458426.1	2135	2036	0	0
XM_034458427.1	6147	6048	0	0
XM_034458428.1	6132	6033	0	0
XM_034458429.1	5588	5489	2	0.426312
XM_034458430.1	6100	6001	21.5602	4.20358
XM_034458431.1	4350	4251	0	0
XM_034458432.1	4183	4084	0	0
XM_034458433.1	5154	5055	10.5	2.43029
XM_034458434.1	5154	5055	10.5	2.43029
XM_034458435.1	3326	3227	1.08294e-08	3.92641e-09
XM_034458436.1	3323	3224	3.22416e-08	1.17007e-08
XM_034458437.1	3486	3387	0.992144	0.342728
XM_034458438.1	4820	4721	0	0
XM_034458439.1	3272	3173	4.27953	1.57803
XM_034458440.1	2894	2795	7.25032	3.03505
XM_034458441.1	3146	3047	0	0
XM_034458442.1	2938	2839	8.00234e-08	3.29794e-08
XM_034458443.1	2775	2676	3.47016	1.51724
XM_034458444.1	4817	4718	0	0
XM_034458445.1	2837	2738	2.07233	0.885558
XM_034458446.1	2619	2520	121.834	56.5664
XM_034458447.1	3633	3534	0	0
XM_034458448.1	3546	3447	0	0
XM_034458449.1	4218	4119	17.5007	4.97113
XM_034458450.1	4225	4126	2.38808	0.677189
XM_034458451.1	5356	5257	2.2088	0.491598
XM_034458452.1	3099	3000	0	0
XM_034458453.1	4706	4607	0	0
XM_034458454.1	3299	3200	0	0
XM_034458455.1	3734	3635	4.79539	1.54351
XM_034458456.1	2976	2877	2.10701	0.856875
XM_034458457.1	3119	3020	0	0
XM_034458458.1	2774	2675	9	3.93649
XM_034458459.1	2288	2189	0	0
XM_034458460.1	2289	2190	0	0
XM_034458461.1	2321	2222	11	5.79215
XM_034458462.1	4706	4607	0	0
XM_034458463.1	1624	1525	0	0
XM_034458464.1	2212	2113	3	1.66116
XM_034458465.1	2234	2135	0	0
XM_034458466.1	4706	4607	0	0
XM_034458467.1	2153	2054	6.3103e-06	3.59452e-06
XM_034458468.1	2798	2699	4	1.734
XM_034458469.1	964	865	0	0
XM_034458470.1	1643	1544	0	0
XM_034458471.1	4592	4493	0	0
XM_034458472.1	707	608	0	0
XM_034458473.1	1520	1421	3	2.47012
XM_034458474.1	4592	4493	0	0
XM_034458475.1	3717	3618	0	0
XM_034458476.1	5393	5294	130	28.731
XM_034458477.1	3934	3835	8.21099	2.50508
XM_034458478.1	2497	2398	3	1.46374
XM_034458479.1	4478	4379	0	0
XM_034458480.1	1960	1861	0	0
XM_034458481.1	4478	4379	0	0
XM_034458482.1	2631	2532	0.94688	0.437544
XM_034458483.1	2643	2544	0.0036953	0.00169951
XM_034458484.1	3814	3715	20	6.29886
XM_034458485.1	1273	1174	14.0835	14.0356
XM_034458486.1	4311	4212	299.917	83.3111
XM_034458487.1	4250	4151	6	1.69118
XM_034458488.1	2501	2402	0.000317989	0.000154893
XM_034458489.1	2552	2453	0	0
XM_034458490.1	2073	1974	0	0
XM_034458491.1	4263	4164	0	0
XM_034458492.1	2545	2446	0	0
XM_034458493.1	2542	2443	0	0
XM_034458494.1	2442	2343	0	0
XM_034458495.1	2380	2281	0	0
XM_034458496.1	3979	3880	0	0
XM_034458497.1	6982	6883	2.90895	0.494481
XM_034458498.1	6976	6877	8.09105	1.37656
XM_034458499.1	4450	4351	0	0
XM_034458500.1	3837	3738	31.9673	10.0059
XM_034458501.1	4344	4245	0	0
XM_034458502.1	4344	4245	0	0
XM_034458503.1	4192	4093	3.86521	1.1049
XM_034458504.1	1140	1041	0	0
XM_034458505.1	1013	914	2	2.5602
XM_034458506.1	3209	3110	0	0
XM_034458507.1	3598	3499	82.2062	27.4885
XM_034458508.1	5688	5589	0	0
XM_034458509.1	1566	1467	30	23.9267
XM_034458510.1	5667	5568	0	0
XM_034458511.1	5652	5553	0	0
XM_034458512.1	880	781	0	0
XM_034458513.1	5581	5482	0	0
XM_034458514.1	3689	3590	0	0
XM_034458515.1	5571	5472	0.0165188	0.00353203
XM_034458516.1	5550	5451	1.50238	0.322474
XM_034458517.1	5464	5365	6.88281e-06	1.50102e-06
XM_034458518.1	693	594	0	0
XM_034458519.1	1558	1459	0	0
XM_034458520.1	1777	1678	4.89359	3.41214
XM_034458521.1	3898	3799	0	0
XM_034458522.1	1141	1042	72	80.8455
XM_034458523.1	2199	2100	0	0
XM_034458524.1	3028	2929	0	0
XM_034458525.1	2166	2067	0	0
XM_034458526.1	2154	2055	0	0
XM_034458527.1	2995	2896	2.09991e-06	8.48386e-07
XM_034458528.1	2983	2884	0	0
XM_034458529.1	2121	2022	0	0
XM_034458530.1	2965	2866	0.423587	0.172925
XM_034458531.1	2950	2851	199.606	81.9156
XM_034458532.1	3612	3513	10.8874	3.62607
XM_034458533.1	2644	2545	141.113	64.8737
XM_034458534.1	11901	11802	3.26174	0.323359
XM_034458535.1	11892	11793	7.98138	0.791853
XM_034458536.1	3353	3254	20.6385	7.4208
XM_034458537.1	3494	3395	1.40945e-08	4.85737e-09
XM_034458538.1	2880	2781	113.34	47.684
XM_034458539.1	2940	2841	0	0
XM_034458540.1	3435	3336	12.0216	4.21626
XM_034458541.1	3001	2902	0	0
XM_034458542.1	2700	2601	49	22.0418
XM_034458543.1	2867	2768	0	0
XM_034458544.1	2797	2698	0	0
XM_034458545.1	2695	2596	28	12.6196
XM_034458546.1	13279	13180	18.2054	1.61612
XM_034458547.1	3172	3073	0	0
XM_034458548.1	3185	3086	0	0
XM_034458549.1	3088	2989	1	0.39144
XM_034458550.1	4354	4255	8	2.19979
XM_034458551.1	3111	3012	0	0
XM_034458552.1	3111	3012	0	0
XM_034458553.1	3501	3402	15	5.15879
XM_034458554.1	6118	6019	0	0
XM_034458555.1	2846	2747	4	1.7037
XM_034458556.1	1488	1389	0	0
XM_034458557.1	1269	1170	6	6.00007
XM_034458558.1	1497	1398	0	0
XM_034458559.1	1180	1081	0	0
XM_034458560.1	4714	4615	40.2082	10.1937
XM_034458561.1	1489	1390	0	0
XM_034458562.1	1536	1437	0	0
XM_034458563.1	2359	2260	0	0
XM_034458564.1	1489	1390	0	0
XM_034458565.1	1414	1315	9	8.0077
XM_034458566.1	2276	2177	0	0
XM_034458567.1	2455	2356	0	0
XM_034458568.1	1323	1224	0	0
XM_034458569.1	1034	935	0	0
XM_034458570.1	4519	4420	25	6.61772
XM_034458571.1	3960	3861	0	0
XM_034458572.1	2383	2284	0	0
XM_034458573.1	2259	2160	0	0
XM_034458574.1	2369	2270	21	10.8239
XM_034458575.1	520	421	25	69.4782
XM_034458576.1	3958	3859	85	25.7712
XM_034458577.1	1224	1125	0	0
XM_034458578.1	1336	1237	0	0
XM_034458579.1	1315	1216	1.36239	1.31087
XM_034458580.1	2194	2095	0	0
XM_034458581.1	1111	1012	0	0
XM_034458582.1	2126	2027	0	0
XM_034458583.1	1199	1100	0	0
XM_034458584.1	4917	4818	0	0
XM_034458585.1	4595	4496	50.857	13.2347
XM_034458586.1	4250	4151	0.143006	0.040308
XM_034458587.1	2171	2072	1.22139	0.689695
XM_034458588.1	1727	1628	0	0
XM_034458589.1	2572	2473	0	0
XM_034458590.1	2228	2129	7.47741	4.10928
XM_034458591.1	1212	1113	0	0
XM_034458592.1	1841	1742	0	0
XM_034458593.1	750	651	0	0
XM_034458594.1	2527	2428	3	1.44565
XM_034458595.1	4638	4539	6.95635	1.79313
XM_034458596.1	4634	4535	19.5665	5.04808
XM_034458597.1	4644	4545	1.47715	0.380262
XM_034458598.1	2521	2422	0	0
XM_034458599.1	3726	3627	0	0
XM_034458600.1	3472	3373	0	0
XM_034458601.1	3462	3363	0	0
XM_034458602.1	1962	1863	0	0
XM_034458603.1	2001	1902	0	0
XM_034458604.1	1000	901	0	0
XM_034458605.1	936	837	0	0
XM_034458606.1	550	451	1.89072	4.90502
XM_034458607.1	503	404	2.10928	6.10864
XM_034458608.1	2146	2047	0	0
XM_034458609.1	2245	2146	0	0
XM_034458610.1	2208	2109	0	0
XM_034458611.1	1588	1489	2	1.57154
XM_034458612.1	1397	1298	0	0
XM_034458613.1	1118	1019	3.48836	4.00532
XM_034458614.1	2668	2569	21.2003	9.65535
XM_034458615.1	2875	2776	9	3.79327
XM_034458616.1	1777	1678	26	18.1289
XM_034458617.1	2840	2741	10	4.26856
XM_034458618.1	3097	2998	0	0
XM_034458619.1	1018	919	7.66897	9.76366
XM_034458620.1	1640	1541	169.695	128.842
XM_034458621.1	1019	920	2.14146	2.72341
XM_034458622.1	2784	2685	145	63.1851
XM_034458623.1	2378	2279	11.4919	5.89983
XM_034458624.1	3550	3451	2.58704	0.877099
XM_034458625.1	2609	2510	1.22946	0.573101
XM_034458626.1	2610	2511	0.770541	0.359037
XM_034458627.1	3307	3208	0	0
XM_034458628.1	770	671	0	0
XM_034458629.1	1753	1654	0	0
XM_034458630.1	1990	1891	6.63937	4.10796
XM_034458631.1	1962	1863	0.00392387	0.00246429
XM_034458632.1	1952	1853	2.16534	1.36723
XM_034458633.1	2000	1901	0	0
XM_034458634.1	2007	1908	0.208088	0.127602
XM_034458635.1	2085	1986	0	0
XM_034458636.1	2002	1903	4.51831	2.77797
XM_034458637.1	2657	2558	0	0
XM_034458638.1	2063	1964	0	0
XM_034458639.1	2015	1916	0	0
XM_034458640.1	1974	1875	3.71314	2.31703
XM_034458641.1	2057	1958	35.4947	21.21
XM_034458642.1	2042	1943	0.384817	0.231724
XM_034458643.1	1985	1886	0	0
XM_034458644.1	2037	1938	7.90448	4.77211
XM_034458645.1	2052	1953	0.000933507	0.00055925
XM_034458646.1	2625	2526	13.9856	6.47795
XM_034458647.1	2490	2391	19.486	9.5353
XM_034458648.1	3133	3034	9	3.47071
XM_034458649.1	1679	1580	4.45369	3.29802
XM_034458650.1	3377	3278	0	0
XM_034458651.1	1976	1877	0	0
XM_034458652.1	1368	1269	0	0
XM_034458653.1	1369	1270	1	0.92127
XM_034458654.1	1425	1326	3	2.64709
XM_034458655.1	1343	1244	0	0
XM_034458656.1	1037	938	0	0
XM_034458657.1	1045	946	0	0
XM_034458658.1	1560	1461	0	0
XM_034458659.1	1559	1460	0	0
XM_034458660.1	1052	953	0	0
XM_034458661.1	1264	1165	0	0
XM_034458662.1	1161	1062	0	0
XM_034458663.1	996	897	0	0
XM_034458664.1	1466	1367	0	0
XM_034458665.1	1878	1779	1	0.65768
XM_034458666.1	1595	1496	0	0
XM_034458667.1	1092	993	1	1.17826
XM_034458668.1	2366	2267	0	0
XM_034458669.1	5939	5840	0	0
XM_034458670.1	6098	5999	0	0
XM_034458671.1	6065	5966	0	0
XM_034458672.1	5853	5754	0	0
XM_034458673.1	5846	5747	0	0
XM_034458674.1	5772	5673	0	0
XM_034458675.1	5975	5876	0	0
XM_034458676.1	5774	5675	0	0
XM_034458677.1	5874	5775	0	0
XM_034458678.1	5703	5604	0	0
XM_034458679.1	5627	5528	1.18153e-08	2.50073e-09
XM_034458680.1	5538	5439	2.19226	0.471589
XM_034458681.1	5622	5523	3.41525e-08	7.235e-09
XM_034458682.1	5855	5756	0	0
XM_034458683.1	5818	5719	0	0
XM_034458684.1	2818	2719	0	0
XM_034458685.1	2783	2684	0	0
XM_034458686.1	2729	2630	0	0
XM_034458687.1	2692	2593	17	7.67074
XM_034458688.1	4143	4044	0	0
XM_034458689.1	4140	4041	0	0
XM_034458690.1	2345	2246	0	0
XM_034458691.1	4916	4817	142	34.4907
XM_034458692.1	1558	1459	0	0
XM_034458693.1	5475	5376	3	0.652909
XM_034458694.1	5250	5151	0	0
XM_034458695.1	4307	4208	2.89315	0.804425
XM_034458696.1	3523	3424	5.10685	1.74506
XM_034458697.1	1669	1570	7	5.21662
XM_034458698.1	1032	933	0	0
XM_034458699.1	2798	2699	16	6.93598
XM_034458700.1	1230	1131	10	10.3449
XM_034458701.1	2356	2257	0	0
XM_034458702.1	2274	2175	2	1.07587
XM_034458703.1	6477	6378	0	0
XM_034458704.1	6474	6375	0	0
XM_034458705.1	6224	6125	20.4898	3.91402
XM_034458706.1	6427	6328	0	0
XM_034458707.1	4936	4837	0	0
XM_034458708.1	4922	4823	0	0
XM_034458709.1	4835	4736	0	0
XM_034458710.1	3725	3626	0.000454792	0.000146749
XM_034458711.1	3723	3624	0.000868712	0.000280465
XM_034458712.1	3725	3626	0.000454792	0.000146749
XM_034458713.1	5494	5395	0	0
XM_034458714.1	5470	5371	0	0
XM_034458715.1	5446	5347	0	0
XM_034458716.1	5422	5323	0	0
XM_034458717.1	4802	4703	22	5.47317
XM_034458718.1	3522	3423	2	0.683619
XM_034458719.1	1140	1041	0	0
XM_034458720.1	2287	2188	1	0.534741
XM_034458721.1	5273	5174	0.0809292	0.0183008
XM_034458722.1	5273	5174	0.0809292	0.0183008
XM_034458723.1	5253	5154	7.60507	1.72643
XM_034458724.1	5261	5162	1.23307	0.279486
XM_034458725.1	2842	2743	0	0
XM_034458726.1	2644	2545	5	2.29865
XM_034458727.1	2724	2625	3	1.33716
XM_034458728.1	2657	2558	0	0
XM_034458729.1	2075	1976	1	0.592112
XM_034458730.1	2517	2418	0	0
XM_034458731.1	847	748	4	6.25676
XM_034458732.1	924	825	0	0
XM_034458733.1	1696	1597	0	0
XM_034458734.1	1693	1594	0	0
XM_034458735.1	1450	1351	2.99991	2.59802
XM_034458736.1	1579	1480	0	0
XM_034458737.1	1575	1476	0	0
XM_034458738.1	1462	1363	9.37979e-05	8.05171e-05
XM_034458739.1	3274	3175	162	59.6983
XM_034458740.1	1424	1325	21	18.5436
XM_034458741.1	1399	1300	0	0
XM_034458742.1	5988	5889	69	13.7088
XM_034458743.1	5664	5565	48.9489	10.2913
XM_034458744.1	5217	5118	0.0114252	0.00261188
XM_034458745.1	5222	5123	0.00363432	0.000830023
XM_034458746.1	5176	5077	142.985	32.9514
XM_034458747.1	1180	1081	0	0
XM_034458748.1	1973	1874	9	5.61906
XM_034458749.1	1258	1159	9	9.08552
XM_034458750.1	1680	1581	0	0
XM_034458751.1	1619	1520	0	0
XM_034458752.1	1372	1273	18	16.5438
XM_034458753.1	4147	4048	101	29.1925
XM_034458754.1	3980	3881	0	0
XM_034458755.1	3902	3803	0	0
XM_034458756.1	3815	3716	0	0
XM_034458757.1	3737	3638	28	9.00505
XM_034458758.1	3835	3736	0	0
XM_034458759.1	3041	2942	3	1.19308
XM_034458760.1	636	537	1	2.1788
XM_034458761.1	835	736	0	0
XM_034458762.1	1298	1199	15	14.6374
XM_034458763.1	2241	2142	0	0
XM_034458764.1	2467	2368	0	0
XM_034458765.1	2293	2194	11.626	6.19987
XM_034458766.1	2801	2702	21	9.09337
XM_034458767.1	2460	2361	2	0.991117
XM_034458768.1	6402	6303	13.4646	2.49941
XM_034458769.1	6399	6300	23.5354	4.37091
XM_034458770.1	6143	6044	0.150708	0.0291745
XM_034458771.1	6125	6026	4.98376	0.967652
XM_034458772.1	6352	6253	0	0
XM_034458773.1	10582	10483	0	0
XM_034458774.1	10583	10484	0	0
XM_034458775.1	10570	10471	0	0
XM_034458776.1	10489	10390	0	0
XM_034458777.1	10293	10194	10.9656	1.25857
XM_034458778.1	9381	9282	0.034432	0.00434022
XM_034458779.1	2628	2529	0.596518	0.275972
XM_034458780.1	2732	2633	0	0
XM_034458781.1	6331	6232	0	0
XM_034458782.1	2621	2522	15.4035	7.14603
XM_034458783.1	6331	6232	0	0
XM_034458784.1	1339	1240	1	0.943559
XM_034458785.1	5837	5738	8.7116e-08	1.77635e-08
XM_034458786.1	5834	5735	1.60884e-07	3.28223e-08
XM_034458787.1	5738	5639	63.9969	13.2785
XM_034458788.1	5868	5769	0	0
XM_034458789.1	6310	6211	0	0
XM_034458790.1	5680	5581	0.649118	0.136083
XM_034458791.1	5665	5566	15.2528	3.20625
XM_034458792.1	1051	952	0	0
XM_034458793.1	6298	6199	0	0
XM_034458794.1	1109	1010	0	0
XM_034458795.1	3878	3779	0	0
XM_034458796.1	6478	6379	0	0
XM_034458797.1	3438	3339	0	0
XM_034458798.1	3393	3294	0	0
XM_034458799.1	6686	6587	0	0
XM_034458800.1	1888	1789	0	0
XM_034458801.1	4643	4544	2	0.514971
XM_034458802.1	2645	2546	0	0
XM_034458803.1	2262	2163	0	0
XM_034458804.1	2236	2137	0	0
XM_034458805.1	2629	2530	0	0
XM_034458806.1	7010	6911	94	15.9139
XM_034458807.1	2207	2108	0	0
XM_034458808.1	2556	2457	5.63532	2.68352
XM_034458809.1	2120	2021	8.36468	4.84255
XM_034458810.1	6379	6280	0	0
XM_034458811.1	1882	1783	0	0
XM_034458812.1	6457	6358	0	0
XM_034458813.1	2318	2219	0	0
XM_034458814.1	853	754	35.9978	55.8593
XM_034458815.1	1200	1101	13	13.8149
XM_034458816.1	6436	6337	0	0
XM_034458817.1	1174	1075	35	38.0935
XM_034458818.1	1189	1090	3.05432e-06	3.27853e-06
XM_034458819.1	5802	5703	0	0
XM_034458820.1	5565	5466	0	0
XM_034458821.1	5603	5504	0	0
XM_034458822.1	5533	5434	0	0
XM_034458823.1	5916	5817	0	0
XM_034458824.1	5570	5471	0	0
XM_034458825.1	5454	5355	0	0
XM_034458826.1	5293	5194	0	0
XM_034458827.1	5222	5123	0	0
XM_034458828.1	5195	5096	0	0
XM_034458829.1	2313	2214	1	0.528461
XM_034458830.1	5772	5673	9.13829	1.8847
XM_034458831.1	1831	1732	9	6.07975
XM_034458832.1	1518	1419	0	0
XM_034458833.1	2151	2052	7	3.99127
XM_034458834.1	3276	3177	0	0
XM_034458835.1	1456	1357	7.16262	6.17565
XM_034458836.1	2599	2500	77.0163	36.0441
XM_034458837.1	1402	1303	53.8437	48.3483
XM_034458838.1	1281	1182	0	0
XM_034458839.1	1216	1117	18.9956	19.8971
XM_034458840.1	2125	2026	0	0
XM_034458841.1	1197	1098	0	0
XM_034458842.1	3047	2948	21.0264	8.34504
XM_034458843.1	1295	1196	9.15631	8.95736
XM_034458844.1	1129	1030	0	0
XM_034458845.1	1601	1502	0	0
XM_034458846.1	2257	2158	0	0
XM_034458847.1	2520	2421	0	0
XM_034458848.1	7321	7222	5.05303e-05	8.18626e-06
XM_034458849.1	7318	7219	8.22642e-05	1.33329e-05
XM_034458850.1	7297	7198	0.00250778	0.000407633
XM_034458851.1	7264	7165	0.549774	0.0897758
XM_034458852.1	7234	7135	75.4476	12.3721
XM_034458853.1	7228	7129	0	0
XM_034458854.1	7225	7126	0	0
XM_034458855.1	1840	1741	10	6.72035
XM_034458856.1	1632	1533	0	0
XM_034458857.1	648	549	13	27.7052
XM_034458858.1	1898	1799	0	0
XM_034458859.1	1835	1736	2	1.34794
XM_034458860.1	1258	1159	2	2.01901
XM_034458861.1	1039	940	0	0
XM_034458862.1	1395	1296	2	1.80558
XM_034458863.1	567	468	3.42902	8.57264
XM_034458864.1	1460	1361	2	1.71934
XM_034458865.1	6695	6596	0	0
XM_034458866.1	2226	2127	0	0
XM_034458867.1	2111	2012	0	0
XM_034458868.1	1697	1598	7	5.12522
XM_034458869.1	3599	3500	73	24.4031
XM_034458870.1	5221	5122	0	0
XM_034458871.1	2096	1997	0	0
XM_034458872.1	1675	1576	16	11.8783
XM_034458873.1	1243	1144	18	18.4093
XM_034458874.1	732	633	12	22.1803
XM_034458875.1	1615	1516	0	0
XM_034458876.1	1697	1598	0	0
XM_034458877.1	1606	1507	7.54819	5.86031
XM_034458878.1	8277	8178	1.2259	0.175388
XM_034458879.1	8504	8405	0	0
XM_034458880.1	8277	8178	1.2259	0.175388
XM_034458881.1	2114	2015	4	2.32261
XM_034458882.1	4676	4577	17	4.34569
XM_034458883.1	3720	3621	0	0
XM_034458884.1	3186	3087	14	5.30618
XM_034458885.1	7601	7502	36	5.61457
XM_034458886.1	8661	8562	30	4.09956
XM_034458887.1	2219	2120	0	0
XM_034458888.1	2173	2074	7	3.94894
XM_034458889.1	1382	1283	0	0
XM_034458890.1	7801	7702	10.759	1.63441
XM_034458891.1	7955	7856	0	0
XM_034458892.1	7832	7733	0.0967119	0.0146326
XM_034458893.1	7829	7730	0.152458	0.023076
XM_034458894.1	2205	2106	0	0
XM_034458895.1	6539	6440	0	0
XM_034458896.1	1922	1823	3.67641	2.35955
XM_034458897.1	1920	1821	13.3236	8.56054
XM_034458898.1	4011	3912	0	0
XM_034458899.1	3987	3888	0	0
XM_034458900.1	3900	3801	32	9.85015
XM_034458901.1	686	587	0	0
XM_034458902.1	14919	14820	0.000350691	2.76865e-05
XM_034458903.1	14779	14680	23.9996	1.9128
XM_034458904.1	1769	1670	0	0
XM_034458905.1	1615	1516	13	10.0331
XM_034458906.1	3713	3614	14.59	4.72345
XM_034458907.1	2281	2182	2	1.07242
XM_034458908.1	7027	6928	32	5.40422
XM_034458909.1	6661	6562	7	1.24811
XM_034458910.1	3213	3114	943.306	354.425
XM_034458911.1	3221	3122	46.5147	17.432
XM_034458912.1	4588	4489	0	0
XM_034458913.1	4327	4228	0	0
XM_034458914.1	1966	1867	32	20.0538
XM_034458915.1	3170	3071	23.7143	9.03485
XM_034458916.1	2911	2812	124.282	51.711
XM_034458917.1	1580	1481	3	2.37005
XM_034458918.1	3875	3776	0.460305	0.142628
XM_034458919.1	936	837	10	13.9787
XM_034458920.1	1672	1573	4.1591	3.09358
XM_034458921.1	2678	2579	20.4948	9.29785
XM_034458922.1	3943	3844	0	0
XM_034458923.1	3972	3873	2.94098	0.888456
XM_034458924.1	4099	4000	0	0
XM_034458925.1	4059	3960	0	0
XM_034458926.1	4074	3975	29.059	8.55332
XM_034458927.1	3936	3837	0	0
XM_034458928.1	3877	3778	0	0
XM_034458929.1	3841	3742	0	0
XM_034458930.1	3810	3711	0	0
XM_034458931.1	1498	1399	2	1.67264
XM_034458932.1	1646	1547	3	2.26893
XM_034458933.1	2659	2560	0	0
XM_034458934.1	3211	3112	13.4086	5.0412
XM_034458935.1	3211	3112	13.4086	5.0412
XM_034458936.1	3399	3300	31.8667	11.2983
XM_034458937.1	1239	1140	27	27.7108
XM_034458938.1	4167	4068	38.3614	11.0333
XM_034458939.1	2425	2326	0	0
XM_034458940.1	2124	2025	3	1.73335
XM_034458941.1	1846	1747	2	1.33945
XM_034458942.1	1902	1803	0	0
XM_034458943.1	1920	1821	0	0
XM_034458944.1	1918	1819	0	0
XM_034458945.1	2173	2074	0	0
XM_034458946.1	4108	4009	5.31347	1.55072
XM_034458947.1	4296	4197	0	0
XM_034458948.1	2797	2698	11	4.77025
XM_034458949.1	2383	2284	26	13.3189
XM_034458950.1	10266	10167	0.18519	0.0213116
XM_034458951.1	2847	2748	0	0
XM_034458952.1	10206	10107	191.815	22.205
XM_034458953.1	7400	7301	111	17.7882
XM_034458954.1	6223	6124	16	3.05686
XM_034458955.1	7119	7020	43	7.16675
XM_034458956.1	7813	7714	0.000755511	0.000114591
XM_034458957.1	7746	7647	20.9992	3.21294
XM_034458958.1	7842	7743	9.26171e-06	1.3995e-06
XM_034458959.1	5361	5262	8	1.77881
XM_034458960.1	3252	3153	0	0
XM_034458961.1	3210	3111	0	0
XM_034458962.1	1499	1400	0	0
XM_034458963.1	3566	3467	7.99023	2.69647
XM_034458964.1	3209	3110	0	0
XM_034458965.1	5427	5328	0	0
XM_034458966.1	1673	1574	10.4447	7.76391
XM_034458967.1	806	707	0	0
XM_034458968.1	1991	1892	0	0
XM_034458969.1	1678	1579	0.253047	0.187504
XM_034458970.1	3982	3883	0	0
XM_034458971.1	3360	3261	12	4.30548
XM_034458972.1	3577	3478	0	0
XM_034458973.1	3541	3442	0	0
XM_034458974.1	3259	3160	0	0
XM_034458975.1	4868	4769	4.39472	1.07819
XM_034458976.1	1838	1739	3.63639	2.44659
XM_034458977.1	818	719	0	0
XM_034458978.1	3502	3403	0	0
XM_034458979.1	3367	3268	0	0
XM_034458980.1	3610	3511	0	0
XM_034458981.1	3595	3496	42	14.0562
XM_034458982.1	3406	3307	0	0
XM_034458983.1	3048	2949	4	1.587
XM_034458984.1	3130	3031	11	4.24617
XM_034458985.1	4614	4515	17	4.40537
XM_034458986.1	2683	2584	0	0
XM_034458987.1	2888	2789	3	1.25853
XM_034458988.1	1166	1067	0	0
XM_034458989.1	2320	2221	4	2.10718
XM_034458990.1	4190	4091	0	0
XM_034458991.1	4150	4051	19	5.4876
XM_034458992.1	3960	3861	0	0
XM_034458993.1	3944	3845	0	0
XM_034458994.1	4678	4579	12.2234	3.1233
XM_034458995.1	4340	4241	8	2.20705
XM_034458996.1	2443	2344	0	0
XM_034458997.1	2163	2064	51	28.9102
XM_034458998.1	1207	1108	0	0
XM_034458999.1	1465	1366	0	0
XM_034459000.1	2743	2644	0.56685	0.25084
XM_034459001.1	2790	2691	28	12.1741
XM_034459002.1	2734	2635	30.9373	13.737
XM_034459003.1	2744	2645	0.363774	0.160915
XM_034459004.1	1258	1159	2.13203	2.15229
XM_034459005.1	3454	3355	5.73111	1.99865
XM_034459006.1	4050	3951	0	0
XM_034459007.1	3661	3562	4.99558	1.6409
XM_034459008.1	2087	1988	5	2.94269
XM_034459009.1	8520	8421	14.2111	1.97449
XM_034459010.1	8514	8415	32.7889	4.55894
XM_034459011.1	5640	5541	5.09966	1.07682
XM_034459012.1	5300	5201	20.9003	4.70173
XM_034459013.1	6121	6022	0	0
XM_034459014.1	1578	1479	0	0
XM_034459015.1	6199	6100	0	0
XM_034459016.1	5988	5889	0	0
XM_034459017.1	6100	6001	0	0
XM_034459018.1	5510	5411	36.029	7.79049
XM_034459019.1	6085	5986	0	0
XM_034459020.1	2722	2623	0	0
XM_034459021.1	7409	7310	9.97104	1.59593
XM_034459022.1	6070	5971	0	0
XM_034459023.1	6049	5950	0	0
XM_034459024.1	4199	4100	0	0
XM_034459025.1	3935	3836	0	0
XM_034459026.1	3289	3190	11	4.03453
XM_034459027.1	4258	4159	0	0
XM_034459028.1	4252	4153	0	0
XM_034459029.1	4183	4084	0.12388	0.0354899
XM_034459030.1	4177	4078	0.694983	0.199397
XM_034459031.1	3881	3782	11	3.403
XM_034459032.1	2031	1932	9.60652	5.81768
XM_034459033.1	1534	1435	16.3935	13.3663
XM_034459034.1	1935	1836	7	4.46084
XM_034459035.1	7873	7774	1.1693e-05	1.75984e-06
XM_034459036.1	7783	7684	9.99999	1.52266
XM_034459037.1	3354	3255	0	0
XM_034459038.1	1885	1786	0.285892	0.187289
XM_034459039.1	2641	2542	0	0
XM_034459040.1	2795	2696	0	0
XM_034459041.1	5398	5299	0	0
XM_034459042.1	2662	2563	0	0
XM_034459043.1	2795	2696	0	0
XM_034459044.1	1949	1850	2.38445	1.50802
XM_034459045.1	2662	2563	0	0
XM_034459046.1	5385	5286	0	0
XM_034459047.1	5501	5402	10.6339	2.30318
XM_034459048.1	3330	3231	1.95602	0.708317
XM_034459049.1	1631	1532	1	0.763716
XM_034459050.1	2464	2365	26	12.8627
XM_034459051.1	1075	976	6	7.19271
XM_034459052.1	1099	1000	0	0
XM_034459053.1	4232	4133	0	0
XM_034459054.1	4077	3978	0	0
XM_034459055.1	4993	4894	12.5173	2.99253
XM_034459056.1	3942	3843	36	10.9603
XM_034459057.1	1467	1368	0	0
XM_034459058.1	2440	2341	0	0
XM_034459059.1	1117	1018	1	1.14933
XM_034459060.1	3990	3891	1	0.300697
XM_034459061.1	2175	2076	0	0
XM_034459062.1	4041	3942	0	0
XM_034459063.1	1246	1147	0	0
XM_034459064.1	1228	1129	0	0
XM_034459065.1	2480	2381	1	0.491396
XM_034459066.1	2131	2032	0	0
XM_034459067.1	3002	2903	11.0241	4.44309
XM_034459068.1	1859	1760	0	0
XM_034459069.1	2068	1969	0	0
XM_034459070.1	1160	1061	0	0
XM_034459071.1	1230	1131	0	0
XM_034459072.1	2325	2226	0	0
XM_034459073.1	2545	2446	2	0.956675
XM_034459074.1	1541	1442	3	2.43415
XM_034459075.1	2740	2641	8.44885	3.743
XM_034459076.1	1676	1577	1.53318	1.1375
XM_034459077.1	2879	2780	27	11.3634
XM_034459078.1	2866	2767	1	0.422845
XM_034459079.1	5048	4949	0	0
XM_034459080.1	5045	4946	0	0
XM_034459081.1	4860	4761	0	0
XM_034459082.1	4951	4852	0	0
XM_034459083.1	4948	4849	0	0
XM_034459084.1	4966	4867	39.0688	9.39204
XM_034459085.1	5342	5243	38.132	8.50944
XM_034459086.1	5036	4937	0	0
XM_034459087.1	4997	4898	0	0
XM_034459088.1	4853	4754	0	0
XM_034459089.1	4843	4744	0	0
XM_034459090.1	4780	4681	0	0
XM_034459091.1	4747	4648	6.70686	1.68828
XM_034459092.1	4698	4599	89.0488	22.6546
XM_034459093.1	5075	4976	64.0434	15.0586
XM_034459094.1	3570	3471	0	0
XM_034459095.1	2139	2040	0	0
XM_034459096.1	1738	1639	0	0
XM_034459097.1	9214	9115	90	11.5525
XM_034459098.1	3501	3402	0	0
XM_034459099.1	3498	3399	0	0
XM_034459100.1	3004	2905	0	0
XM_034459101.1	2214	2115	2.58526	1.43016
XM_034459102.1	2044	1945	0	0
XM_034459103.1	1578	1479	2	1.58217
XM_034459104.1	2985	2886	6.56837	2.66288
XM_034459105.1	3014	2915	3.39817	1.36395
XM_034459106.1	2032	1933	13.0853	7.92032
XM_034459107.1	2035	1936	3	1.81304
XM_034459108.1	1607	1508	9	6.98284
XM_034459109.1	1643	1544	0	0
XM_034459110.1	3234	3135	2	0.74642
XM_034459111.1	968	869	2	2.69278
XM_034459112.1	2873	2774	154	64.9539
XM_034459113.1	2716	2617	3.06055	1.36832
XM_034459114.1	2096	1997	10.726	6.2842
XM_034459115.1	1084	985	0	0
XM_034459116.1	1783	1684	9.60733e-08	6.675e-08
XM_034459117.1	1758	1659	4	2.82101
XM_034459118.1	1534	1435	3	2.44602
XM_034459119.1	2057	1958	0	0
XM_034459120.1	2006	1907	0	0
XM_034459121.1	1977	1878	0	0
XM_034459122.1	1920	1821	0	0
XM_034459123.1	1173	1074	0	0
XM_034459124.1	1744	1645	0.0080072	0.00569516
XM_034459125.1	1725	1626	0	0
XM_034459126.1	1729	1630	0	0
XM_034459127.1	1183	1084	1.40795	1.51966
XM_034459128.1	2332	2233	0	0
XM_034459129.1	1692	1593	0	0
XM_034459130.1	1681	1582	0	0
XM_034459131.1	2186	2087	8.27401	4.63857
XM_034459132.1	1466	1367	0	0
XM_034459133.1	1455	1356	0	0
XM_034459134.1	1215	1116	0	0
XM_034459135.1	858	759	0	0
XM_034459136.1	918	819	0	0
XM_034459137.1	2371	2272	0	0
XM_034459138.1	2182	2083	9.37055	5.2634
XM_034459139.1	6299	6200	0	0
XM_034459140.1	6173	6074	45	8.66819
XM_034459141.1	2008	1909	0	0
XM_034459142.1	1920	1821	6.26966	4.02833
XM_034459143.1	2557	2458	0	0
XM_034459144.1	1972	1873	1.60186	1.00064
XM_034459145.1	3957	3858	0	0
XM_034459146.1	3989	3890	0	0
XM_034459147.1	3823	3724	7.27412	2.2854
XM_034459148.1	3966	3867	0	0
XM_034459149.1	3954	3855	0	0
XM_034459150.1	3915	3816	0	0
XM_034459151.1	1107	1008	0	0
XM_034459152.1	5210	5111	0.000363782	8.32773e-05
XM_034459153.1	5171	5072	2.90393	0.66988
XM_034459154.1	5971	5872	0	0
XM_034459155.1	5318	5219	0	0
XM_034459156.1	5233	5134	0	0
XM_034459157.1	5238	5139	0	0
XM_034459158.1	5276	5177	0	0
XM_034459159.1	5255	5156	0	0
XM_034459160.1	5234	5135	0	0
XM_034459161.1	5189	5090	0	0
XM_034459162.1	4909	4810	0	0
XM_034459163.1	4726	4627	0.849118	0.214713
XM_034459164.1	4790	4691	8.52959e-08	2.12742e-08
XM_034459165.1	5213	5114	0	0
XM_034459166.1	4708	4609	82.1509	20.8543
XM_034459167.1	2912	2813	0	0
XM_034459168.1	3223	3124	10	3.74524
XM_034459169.1	1150	1051	0	0
XM_034459170.1	1692	1593	0	0
XM_034459171.1	2807	2708	0	0
XM_034459172.1	6070	5971	39	7.64202
XM_034459173.1	4653	4554	0.0237483	0.00610142
XM_034459174.1	4643	4544	0.312968	0.0805847
XM_034459175.1	4624	4525	42.6633	11.0313
XM_034459176.1	4477	4378	0	0
XM_034459177.1	4496	4397	0	0
XM_034459178.1	2406	2307	0	0
XM_034459179.1	12036	11937	0.243144	0.0238319
XM_034459180.1	12034	11935	11.5085	1.12821
XM_034459181.1	12021	11922	0	0
XM_034459182.1	12030	11931	0.438516	0.0430031
XM_034459183.1	12000	11901	8.40491	0.826305
XM_034459184.1	12000	11901	8.40491	0.826305
XM_034459185.1	5585	5486	0	0
XM_034459186.1	3359	3260	11	3.9479
XM_034459187.1	3705	3606	0	0
XM_034459188.1	3677	3578	0	0
XM_034459189.1	3497	3398	0	0
XM_034459190.1	3458	3359	0	0
XM_034459191.1	3706	3607	0	0
XM_034459192.1	3606	3507	0	0
XM_034459193.1	2487	2388	2	0.979911
XM_034459194.1	2626	2527	0	0
XM_034459195.1	2416	2317	6.52066	3.29273
XM_034459196.1	2674	2575	23.9247	10.8708
XM_034459197.1	2623	2524	0	0
XM_034459198.1	2521	2422	1	0.483077
XM_034459199.1	2072	1973	4	2.37205
XM_034459200.1	1181	1082	6	6.48806
XM_034459201.1	2014	1915	3	1.83292
XM_034459202.1	947	848	9	12.4176
XM_034459203.1	1137	1038	7	7.89026
XM_034459204.1	817	718	0	0
XM_034459205.1	718	619	1	1.89017
XM_034459206.1	1228	1129	1	1.03633
XM_034459207.1	2588	2489	0	0
XM_034459208.1	2673	2574	0	0
XM_034459209.1	2510	2411	18.2652	8.86374
XM_034459210.1	2324	2225	0	0
XM_034459211.1	2409	2310	0	0
XM_034459212.1	2246	2147	5.73485	3.12522
XM_034459213.1	2331	2232	0	0
XM_034459214.1	1375	1276	1.18961	1.0908
XM_034459215.1	4999	4900	0	0
XM_034459216.1	1861	1762	19.4817	12.9364
XM_034459217.1	10709	10610	12.5347	1.38226
XM_034459218.1	10706	10607	17.4653	1.92652
XM_034459219.1	1879	1780	10.6745	7.01647
XM_034459220.1	1483	1384	0	0
XM_034459221.1	1216	1117	0	0
XM_034459222.1	2622	2523	0	0
XM_034459223.1	2585	2486	53	24.944
XM_034459224.1	2550	2451	0	0
XM_034459225.1	2474	2375	0	0
XM_034459226.1	2060	1961	0	0
XM_034459227.1	1660	1561	0	0
XM_034459228.1	2879	2780	0	0
XM_034459229.1	808	709	0	0
XM_034459230.1	3639	3540	0	0
XM_034459231.1	684	585	0	0
XM_034459232.1	5712	5613	6	1.25068
XM_034459233.1	5416	5317	1.08977	0.239806
XM_034459234.1	5413	5314	2.11276	0.465178
XM_034459235.1	4871	4772	0	0
XM_034459236.1	2130	2031	1	0.576078
XM_034459237.1	315	216	0	0
XM_034459238.1	635	536	0	0
XM_034459239.1	966	867	0	0
XM_034459240.1	3567	3468	0	0
XM_034459241.1	915	816	0	0
XM_034459242.1	853	754	0	0
XM_034459243.1	2025	1926	3	1.82245
XM_034459244.1	2863	2764	0	0
XM_034459245.1	2734	2635	0	0
XM_034459246.1	1685	1586	1	0.737713
XM_034459247.1	2670	2571	0	0
XM_034459248.1	1481	1382	0.5	0.423304
XM_034459249.1	1290	1191	6.27152	6.16101
XM_034459250.1	1467	1368	3.72848	3.18886
XM_034459251.1	1507	1408	63.8098	53.0244
XM_034459252.1	1127	1028	13.6714	15.5601
XM_034459253.1	753	654	0	0
XM_034459254.1	1874	1775	7	4.61414
XM_034459255.1	2531	2432	0	0
XM_034459256.1	2520	2421	0	0
XM_034459257.1	2608	2509	0	0
XM_034459258.1	2133	2034	8.77678	5.04865
XM_034459259.1	4365	4266	0	0
XM_034459260.1	4455	4356	0	0
XM_034459261.1	4342	4243	0	0
XM_034459262.1	4335	4236	7.00392e-08	1.93453e-08
XM_034459263.1	4269	4170	6.9997	1.96397
XM_034459264.1	2326	2227	0	0
XM_034459265.1	3093	2994	0	0
XM_034459266.1	1512	1413	0	0
XM_034459267.1	1749	1650	1	0.709099
XM_034459268.1	1206	1107	6	6.34154
XM_034459269.1	860	761	0	0
XM_034459270.1	1895	1796	0	0
XM_034459271.1	900	801	0	0
XM_034459272.1	718	619	0	0
XM_034459273.1	874	775	0	0
XM_034459274.1	1187	1088	0	0
XM_034459275.1	2581	2482	0	0
XM_034459276.1	1964	1865	0	0
XM_034459277.1	5198	5099	24.7821	5.68649
XM_034459278.1	4712	4613	0	0
XM_034459279.1	4447	4348	0	0
XM_034459280.1	4579	4480	0	0
XM_034459281.1	4777	4678	28.0621	7.0186
XM_034459282.1	5336	5237	0	0
XM_034459283.1	5320	5221	0	0
XM_034459284.1	5189	5090	2	0.45973
XM_034459285.1	1839	1740	43.3036	29.1182
XM_034459286.1	1795	1696	6.76395	4.66622
XM_034459287.1	892	793	0	0
XM_034459288.1	951	852	0	0
XM_034459289.1	1769	1670	0	0
XM_034459290.1	1912	1813	0	0
XM_034459291.1	2257	2158	0	0
XM_034459292.1	2167	2068	0	0
XM_034459293.1	1675	1576	0	0
XM_034459294.1	2512	2413	0	0
XM_034459295.1	341	242	1	4.83477
XM_034459296.1	521	422	0	0
XM_034459297.1	1948	1849	0	0
XM_034459298.1	1101	1002	0	0
XM_034459299.1	1966	1867	0	0
XM_034459300.1	704	605	0	0
XM_034459301.1	1954	1855	0	0
XM_034459302.1	5144	5045	50.8503	11.793
XM_034459303.1	1479	1380	0	0
XM_034459304.1	1489	1390	0	0
XM_034459305.1	1460	1361	0	0
XM_034459306.1	1681	1582	0	0
XM_034459307.1	2404	2305	0	0
XM_034459308.1	2289	2190	3	1.60276
XM_034459309.1	2401	2302	0	0
XM_034459310.1	2314	2215	4.95087e-06	2.61516e-06
XM_034459311.1	1968	1869	0	0
XM_034459312.1	1405	1306	0	0
XM_034459313.1	1402	1303	0	0
XM_034459314.1	5866	5767	7	1.42017
XM_034459315.1	2391	2292	1	0.510477
XM_034459316.1	2827	2728	0	0
XM_034459317.1	2772	2673	0	0
XM_034459318.1	2751	2652	0	0
XM_034459319.1	2646	2547	18.7027	8.59146
XM_034459320.1	2647	2548	0	0
XM_034459321.1	2466	2367	0	0
XM_034459322.1	2599	2500	0	0
XM_034459323.1	2530	2431	0	0
XM_034459324.1	2482	2383	0	0
XM_034459325.1	789	690	1.18488	2.00917
XM_034459326.1	2464	2365	6.82082	3.3744
XM_034459327.1	2495	2396	6.35573	3.10363
XM_034459328.1	766	667	0	0
XM_034459329.1	1079	980	0	0
XM_034459330.1	1099	1000	0	0
XM_034459331.1	2748	2649	2.74747	1.21351
XM_034459332.1	2745	2646	10.3798	4.58976
XM_034459333.1	1361	1262	0	0
XM_034459334.1	609	510	0	0
XM_034459335.1	629	530	0	0
XM_034459336.1	3335	3236	38.2588	13.8329
XM_034459337.1	1850	1751	0	0
XM_034459338.1	2128	2029	0	0
XM_034459339.1	2139	2040	0	0
XM_034459340.1	2059	1960	18.2025	10.8659
XM_034459341.1	2070	1971	0.0256503	0.0152264
XM_034459342.1	2437	2338	0	0
XM_034459343.1	2292	2193	7.22762	3.85609
XM_034459344.1	778	679	0	0
XM_034459345.1	1749	1650	1.03842	0.736345
XM_034459346.1	1744	1645	0	0
XM_034459347.1	1983	1884	0	0
XM_034459348.1	2940	2841	0	0
XM_034459349.1	2394	2295	0	0
XM_034459350.1	717	618	0	0
XM_034459351.1	560	461	0	0
XM_034459352.1	1411	1312	1	0.891779
XM_034459353.1	2057	1958	0.000362561	0.00021665
XM_034459354.1	2042	1943	2.99964	1.80629
XM_034459355.1	1902	1803	21	13.6274
XM_034459356.1	2071	1972	0	0
XM_034459357.1	1332	1233	0.129631	0.123009
XM_034459358.1	6392	6293	16.8524	3.13326
XM_034459359.1	3018	2919	0	0
XM_034459360.1	1086	987	0	0
XM_034459361.1	3025	2926	22	8.79709
XM_034459362.1	1140	1041	0	0
XM_034459363.1	1300	1201	0	0
XM_034459364.1	1422	1323	1	0.884364
XM_034459365.1	2031	1932	4	2.42239
XM_034459366.1	1563	1464	0	0
XM_034459367.1	1589	1490	0	0
XM_034459368.1	1560	1461	0	0
XM_034459369.1	3245	3146	0	0
XM_034459370.1	3849	3750	0	0
XM_034459371.1	3358	3259	0	0
XM_034459372.1	1564	1465	14.211	11.3495
XM_034459373.1	1847	1748	0	0
XM_034459374.1	2544	2445	25.7533	12.3238
XM_034459375.1	1140	1041	0	0
XM_034459376.1	951	852	1	1.37326
XM_034459377.1	537	438	0	0
XM_034459378.1	927	828	0	0
XM_034459379.1	1530	1431	0	0
XM_034459380.1	789	690	0	0
XM_034459381.1	990	891	0	0
XM_034459382.1	372	273	0	0
XM_034459383.1	3015	2916	0	0
XM_034459384.1	730	631	8	14.8338
XM_034459385.1	1461	1362	2	1.71808
XM_034459386.1	867	768	0	0
XM_034459387.1	3972	3873	0	0
XM_034459388.1	4285	4186	0	0
XM_034459389.1	871	772	0	0
XM_034459390.1	2890	2791	34.9996	14.6722
XM_034459391.1	2057	1958	2.99044	1.78695
XM_034459392.1	2535	2436	0	0
XM_034459393.1	2458	2359	0	0
XM_034459394.1	2777	2678	1.842	0.804767
XM_034459395.1	3546	3447	0	0
XM_034459396.1	894	795	0	0
XM_034459397.1	2727	2628	0	0
XM_034459398.1	2569	2470	0.0280147	0.0132703
XM_034459399.1	2557	2458	8.47946	4.03624
XM_034459400.1	1917	1818	0	0
XM_034459401.1	2999	2900	0	0
XM_034459402.1	3077	2978	0	0
XM_034459403.1	3240	3141	3	1.11749
XM_034459404.1	2833	2734	0.000376577	0.000161156
XM_034459405.1	839	740	0	0
XM_034459406.1	765	666	0	0
XM_034459407.1	1288	1189	2.89294	2.84675
XM_034459408.1	1140	1041	2	2.24786
XM_034459409.1	2969	2870	0	0
XM_034459410.1	1957	1858	0	0
XM_034459411.1	1955	1856	0	0
XM_034459412.1	1955	1856	0	0
XM_034459413.1	1953	1854	0	0
XM_034459414.1	1841	1742	12.2776	8.24625
XM_034459415.1	1838	1739	92.7224	62.3844
XM_034459416.1	844	745	1	1.57049
XM_034459417.1	2091	1992	0	0
XM_034459418.1	781	682	0	0
XM_034459419.1	1772	1673	0	0
XM_034459420.1	3405	3306	0	0
XM_034459421.1	9904	9805	30	3.57985
XM_034459422.1	2102	2003	0	0
XM_034459423.1	2149	2050	0	0
XM_034459424.1	1662	1563	11.9439	8.94083
XM_034459425.1	1839	1740	0	0
XM_034459426.1	1738	1639	0	0
XM_034459427.1	514	415	0	0
XM_034459428.1	522	423	0	0
XM_034459429.1	431	332	0	0
XM_034459430.1	431	332	0	0
XM_034459431.1	677	578	0	0
XM_034459432.1	2506	2407	0	0
XM_034459433.1	2502	2403	0	0
XM_034459434.1	2373	2274	5	2.57259
XM_034459435.1	1185	1086	0	0
XM_034459436.1	1812	1713	0	0
XM_034459437.1	1631	1532	2	1.52743
XM_034459438.1	1443	1344	12	10.4465
XM_034459439.1	2587	2488	0	0
XM_034459440.1	1398	1299	0	0
XM_034459441.1	1126	1027	0	0
XM_034459442.1	765	666	0	0
XM_034459443.1	2099	2000	0	0
XM_034459444.1	1328	1229	20.4601	19.4781
XM_034459445.1	3194	3095	14.2627	5.39177
XM_034459446.1	2977	2878	299.555	121.78
XM_034459447.1	6468	6369	60	11.0223
XM_034459448.1	780	681	0	0
XM_034459449.1	596	497	5	11.7708
XM_034459450.1	927	828	0.623087	0.880459
XM_034459451.1	3096	2997	0	0
XM_034459452.1	1082	983	0	0
XM_034459453.1	822	723	2.31959	3.75373
XM_034459454.1	546	447	0	0
XM_034459455.1	1317	1218	0	0
XM_034459456.1	1314	1215	0	0
XM_034459457.1	4854	4755	0	0
XM_034459458.1	1760	1661	0	0
XM_034459459.1	1458	1359	0	0
XM_034459460.1	2296	2197	0	0
XM_034459461.1	3067	2968	12.8699	5.07345
XM_034459462.1	865	766	0	0
XM_034459463.1	5343	5244	0	0
XM_034459464.1	1365	1266	0	0
XM_034459465.1	1339	1240	23	21.7019
XM_034459466.1	801	702	0	0
XM_034459467.1	1824	1725	12	8.13922
XM_034459468.1	2725	2626	6.83557	3.04559
XM_034459469.1	1559	1460	0	0
XM_034459470.1	791	692	0	0
XM_034459471.1	505	406	0	0
XM_034459472.1	444	345	2	6.78269
XM_034459473.1	385	286	0	0
XM_034459474.1	564	465	0	0
XM_034459475.1	4503	4404	0	0
XM_034459476.1	4500	4401	0	0
XM_034459477.1	1900	1801	1.60463	1.04244
XM_034459478.1	1970	1871	0	0
XM_034459479.1	2219	2120	0	0
XM_034459480.1	1954	1855	0	0
XM_034459481.1	879	780	0	0
XM_034459482.1	711	612	0	0
XM_034459483.1	1607	1508	0	0
XM_034459484.1	1478	1379	1.1077	0.939831
XM_034459485.1	2676	2577	0	0
XM_034459486.1	1840	1741	1	0.672035
XM_034459487.1	4343	4244	0	0
XM_034459488.1	2099	2000	0	0
XM_034459489.1	1083	984	0	0
XM_034459490.1	1134	1035	0	0
XM_034459491.1	4020	3921	0	0
XM_034459492.1	2064	1965	0	0
XM_034459493.1	1963	1864	0	0
XM_034459494.1	4207	4108	0	0
XM_034459495.1	3754	3655	0	0
XM_034459496.1	2709	2610	10.7491	4.81862
XM_034459497.1	1432	1333	2.53904	2.22859
XM_034459498.1	1051	952	0	0
XM_034459499.1	2157	2058	1	0.56852
XM_034459500.1	1818	1719	0	0
XM_034459501.1	969	870	0	0
XM_034459502.1	643	544	0	0
XM_034459503.1	1064	965	0	0
XM_034459504.1	1161	1062	0	0
XM_034459505.1	766	667	0	0
XM_034459506.1	1781	1682	0	0
XM_034459507.1	1600	1501	2.23973	1.74585
XM_034459508.1	531	432	0	0
XM_034459509.1	2476	2377	0	0
XM_034459510.1	4325	4226	0	0
XM_034459511.1	1600	1501	0	0
XM_034459512.1	2017	1918	0	0
XM_034459513.1	1930	1831	0	0
XM_034459514.1	1174	1075	0	0
XM_034459515.1	2745	2646	0	0
XM_034459516.1	847	748	0	0
XM_034459517.1	801	702	0	0
XM_034459518.1	3523	3424	0.627306	0.214356
XM_034459519.1	3512	3413	27.3344	9.37051
XM_034459520.1	2830	2731	0	0
XM_034459521.1	2551	2452	6.08544	2.90377
XM_034459522.1	4033	3934	0	0
XM_034459523.1	3953	3854	7.64785	2.32177
XM_034459524.1	4519	4420	0	0
XM_034459525.1	4619	4520	65.8338	17.0412
XM_034459526.1	1811	1712	15.129	10.3395
XM_034459527.1	567	468	0	0
XM_034459528.1	4304	4205	0	0
XM_034459529.1	3266	3167	10.1387	3.74564
XM_034459530.1	1514	1415	0	0
XM_034459531.1	1511	1412	0	0
XM_034459532.1	2037	1938	0	0
XM_034459533.1	1728	1629	2	1.43648
XM_034459534.1	1129	1030	1.41986	1.61287
XM_034459535.1	1458	1359	0	0
XM_034459536.1	1143	1044	0	0
XM_034459537.1	1089	990	0	0
XM_034459538.1	1161	1062	1	1.10171
XM_034459539.1	664	565	0	0
XM_034459540.1	607	508	4.36073	10.0435
XM_034459541.1	3390	3291	0	0
XM_034459542.1	2703	2604	0	0
XM_034459543.1	1865	1766	0	0
XM_034459544.1	2218	2119	0	0
XM_034459545.1	537	438	0	0
XM_034459546.1	1733	1634	0	0
XM_034459547.1	1732	1633	0	0
XM_034459548.1	1507	1408	0	0
XM_034459549.1	1628	1529	0	0
XM_034459550.1	1911	1812	0	0
XM_034459551.1	2415	2316	0	0
XM_034459552.1	4235	4136	0	0
XM_034459553.1	615	516	463.896	1051.87
XM_034459554.1	784	685	0	0
XM_034459555.1	842	743	0	0
XM_034459556.1	4232	4133	0	0
XM_034459557.1	675	576	0	0
XM_034459558.1	2149	2050	21.2853	12.1483
XM_034459559.1	2324	2225	0	0
XM_034459560.1	2225	2126	0	0
XM_034459561.1	1922	1823	2.3794	1.52711
XM_034459562.1	4214	4115	0	0
XM_034459563.1	2578	2479	2.5009	1.18035
XM_034459564.1	1549	1450	0	0
XM_034459565.1	1408	1309	0	0
XM_034459566.1	1291	1192	0	0
XM_034459567.1	1493	1394	0	0
XM_034459568.1	1409	1310	0	0
XM_034459569.1	1438	1339	0	0
XM_034459570.1	1489	1390	0	0
XM_034459571.1	1434	1335	0	0
XM_034459572.1	837	738	0	0
XM_034459573.1	1698	1599	6.56195	4.80149
XM_034459574.1	2856	2757	28.636	12.1525
XM_034459575.1	1747	1648	9.8805	7.01476
XM_034459576.1	1005	906	4	5.16562
XM_034459577.1	1005	906	0	0
XM_034459578.1	1388	1289	0	0
XM_034459579.1	507	408	0	0
XM_034459580.1	1089	990	0	0
XM_034459581.1	4199	4100	0	0
XM_034459582.1	2089	1990	1	0.587946
XM_034459583.1	876	777	1	1.50581
XM_034459584.1	1325	1226	0	0
XM_034459585.1	1321	1222	0	0
XM_034459586.1	1014	915	0	0
XM_034459587.1	617	518	0	0
XM_034459588.1	2069	1970	2	1.18783
XM_034459589.1	1308	1209	0	0
XM_034459590.1	2031	1932	1	0.605597
XM_034459591.1	589	490	0	0
XM_034459592.1	1274	1175	2	1.99151
XM_034459593.1	561	462	0	0
XM_034459594.1	616	517	1	2.26308
XM_034459595.1	4154	4055	0	0
XM_034459596.1	986	887	5	6.59534
XM_034459597.1	852	753	0	0
XM_034459598.1	378	279	6	25.1616
XM_034459599.1	483	384	0	0
XM_034459600.1	1265	1166	1.35535	1.36002
XM_034459601.1	669	570	0	0
XM_034459602.1	4124	4025	0	0
XM_034459603.1	1032	933	1	1.25403
XM_034459604.1	2952	2853	0.0475501	0.0195003
XM_034459605.1	2935	2836	52.6897	21.7375
XM_034459606.1	5378	5279	0	0
XM_034459607.1	5446	5347	0	0
XM_034459608.1	4124	4025	0	0
XM_034459609.1	1384	1285	0	0
XM_034459610.1	459	360	0	0
XM_034459611.1	2538	2439	12.8605	6.16931
XM_034459612.1	504	405	9.38982e-07	2.71265e-06
XM_034459613.1	732	633	0	0
XM_034459614.1	4109	4010	0	0
XM_034459615.1	893	794	0	0
XM_034459616.1	819	720	0	0
XM_034459617.1	646	547	0	0
XM_034459618.1	486	387	0	0
XM_034459619.1	1404	1305	0	0
XM_034459620.1	1310	1211	8	7.72924
XM_034459621.1	1042	943	0	0
XM_034459622.1	1179	1080	0	0
XM_034459623.1	1213	1114	0	0
XM_034459624.1	1003	904	0	0
XM_034459625.1	3201	3102	13.5639	5.11604
XM_034459626.1	4097	3998	0	0
XM_034459627.1	499	400	0	0
XM_034459628.1	2203	2104	2.23764	1.24433
XM_034459629.1	16268	16169	558.075	40.3832
XM_034459630.1	2227	2128	0	0
XM_034459631.1	685	586	18.4376	36.8126
XM_034459632.1	420	321	0	0
XM_034459633.1	4526	4427	0	0
XM_034459634.1	1742	1643	1	0.71212
XM_034459635.1	1532	1433	0	0
XM_034459636.1	1052	953	0	0
XM_034459637.1	2982	2883	0	0
XM_034459638.1	3989	3890	0	0
XM_034459639.1	1088	989	1.22001	1.4433
XM_034459640.1	630	531	0	0
XM_034459641.1	6490	6391	0	0
XM_034459642.1	1170	1071	0	0
XM_034459643.1	3899	3800	0	0
XM_034459644.1	939	840	0	0
XM_034459645.1	987	888	0	0
XM_034459646.1	381	282	0	0
XM_034459647.1	3095	2996	1	0.390525
XM_034459648.1	482	383	0	0
XM_034459649.1	354	255	1	4.58829
XM_034459650.1	3837	3738	0	0
XM_034459651.1	1962	1863	1	0.628027
XM_034459652.1	1838	1739	90.8182	61.1032
XM_034459653.1	2029	1930	6	3.63735
XM_034459654.1	1047	948	0	0
XM_034459655.1	704	605	126	243.672
XM_034459656.1	1364	1265	3	2.77474
XM_034459657.1	809	710	106.836	176.055
XM_034459658.1	713	614	0	0
XM_034459659.1	1373	1274	0	0
XM_034459660.1	968	869	0	0
XM_034459661.1	2153	2054	8	4.55701
XM_034459662.1	449	350	0	0
XM_034459663.1	1805	1706	0	0
XM_034459664.1	979	880	0	0
XM_034459665.1	3619	3520	6	1.99434
XM_034459666.1	3562	3463	0	0
XM_034459667.1	2644	2545	0	0
XM_034459668.1	2625	2526	0	0
XM_034459669.1	2598	2499	0	0
XM_034459670.1	2596	2497	0	0
XM_034459671.1	3025	2926	0	0
XM_034459672.1	2814	2715	0	0
XM_034459673.1	1830	1731	2.56652	1.73476
XM_034459674.1	1827	1728	5.32219	3.60361
XM_034459675.1	1827	1728	5.32219	3.60361
XM_034459676.1	2196	2097	66.9051	37.3295
XM_034459677.1	925	826	0	0
XM_034459678.1	2144	2045	52	29.751
XM_034459679.1	3535	3436	1	0.340516
XM_034459680.1	3578	3479	4.61643e-07	1.55254e-07
XM_034459681.1	1935	1836	569	362.602
XM_034459682.1	1812	1713	0	0
XM_034459683.1	2210	2111	0	0
XM_034459684.1	8971	8872	0.00366734	0.000483638
XM_034459685.1	4045	3946	11.7175	3.47432
XM_034459686.1	978	879	0	0
XM_034459687.1	1440	1341	0	0
XM_034459688.1	2518	2419	5.7304	2.77166
XM_034459689.1	2046	1947	2	1.20186
XM_034459690.1	1870	1771	1.04985	0.693586
XM_034459691.1	2268	2169	0	0
XM_034459692.1	1763	1664	0	0
XM_034459693.1	1763	1664	0	0
XM_034459694.1	1347	1248	5.22422	4.89776
XM_034459695.1	7507	7408	13	2.05321
XM_034459696.1	3249	3150	0	0
XM_034459697.1	972	873	0	0
XM_034459698.1	6009	5910	5.97972	1.18382
XM_034459699.1	2486	2387	0	0
XM_034459700.1	2401	2302	46.6383	23.7044
XM_034459701.1	2483	2384	0	0
XM_034459702.1	2179	2080	18	10.1251
XM_034459703.1	1220	1121	4.20851	4.39252
XM_034459704.1	1235	1136	0	0
XM_034459705.1	2048	1949	4	2.40126
XM_034459706.1	619	520	0	0
XM_034459707.1	583	484	42.7792	103.414
XM_034459708.1	1632	1533	0	0
XM_034459709.1	2199	2100	0	0
XM_034459710.1	2115	2016	5.15668	2.99275
XM_034459711.1	4839	4740	0	0
XM_034459712.1	4734	4635	3.45726	0.872716
XM_034459713.1	863	764	0	0
XM_034459714.1	5459	5360	0	0
XM_034459715.1	1486	1387	0	0
XM_034459716.1	5405	5306	0	0
XM_034459717.1	5382	5283	0	0
XM_034459718.1	3784	3685	31.8307	10.1065
XM_034459719.1	2570	2471	247.761	117.314
XM_034459720.1	2858	2759	9	3.81664
XM_034459721.1	1625	1526	7.70707	5.90916
XM_034459722.1	1681	1582	0.238723	0.176555
XM_034459723.1	1614	1515	14.7008	11.3532
XM_034459724.1	2272	2173	3.52476	1.89785
XM_034459725.1	2647	2548	0.0156981	0.0072084
XM_034459726.1	2632	2533	15.9843	7.38328
XM_034459727.1	762	663	0	0
XM_034459728.1	2674	2575	0	0
XM_034459729.1	2511	2412	0	0
XM_034459730.1	5932	5833	0	0
XM_034459731.1	5929	5830	0	0
XM_034459732.1	5734	5635	0.119686	0.0248507
XM_034459733.1	5710	5611	17.8803	3.72843
XM_034459734.1	910	811	4	5.77072
XM_034459735.1	1281	1182	0	0
XM_034459736.1	7726	7627	0	0
XM_034459737.1	7611	7512	0	0
XM_034459738.1	7524	7425	0	0
XM_034459739.1	7525	7426	0	0
XM_034459740.1	7527	7428	0	0
XM_034459741.1	7513	7414	0	0
XM_034459742.1	7314	7215	16	2.59462
XM_034459743.1	1928	1829	114	72.9259
XM_034459744.1	1612	1513	10.1323	7.83541
XM_034459745.1	5242	5143	0.265912	0.060494
XM_034459746.1	5239	5140	0.527208	0.120008
XM_034459747.1	5227	5128	8.17895	1.86612
XM_034459748.1	5534	5435	0	0
XM_034459749.1	424	325	0	0
XM_034459750.1	2198	2099	0	0
XM_034459751.1	3401	3302	16	5.66936
XM_034459752.1	552	453	0	0
XM_034459753.1	2289	2190	0	0
XM_034459754.1	2305	2206	0	0
XM_034459755.1	2312	2213	0	0
XM_034459756.1	2361	2262	0	0
XM_034459757.1	14719	14620	0.239423	0.0191606
XM_034459758.1	13847	13748	0	0
XM_034459759.1	14231	14132	0	0
XM_034459760.1	14231	14132	0	0
XM_034459761.1	13844	13745	0	0
XM_034459762.1	14228	14129	0	0
XM_034459763.1	14659	14560	29.7949	2.39426
XM_034459764.1	2570	2471	0	0
XM_034459765.1	2734	2635	0	0
XM_034459766.1	3449	3350	3.01701	1.05372
XM_034459767.1	2399	2300	2.05183	1.04377
XM_034459768.1	2398	2299	0	0
XM_034459769.1	1819	1720	2.66572	1.81333
XM_034459770.1	1995	1896	0	0
XM_034459771.1	1592	1493	0	0
XM_034459772.1	1844	1745	0	0
XM_034459773.1	1849	1750	5.79342	3.87336
XM_034459774.1	1984	1885	3.68671	2.28833
XM_034459775.1	2900	2801	15.9682	6.67012
XM_034459776.1	2909	2810	0.370697	0.154349
XM_034459777.1	1328	1229	0	0
XM_034459778.1	1326	1227	0	0
XM_034459779.1	1321	1222	0.105976	0.101468
XM_034459780.1	3006	2907	0	0
XM_034459781.1	1746	1647	0	0
XM_034459782.1	2149	2050	0	0
XM_034459783.1	5043	4944	24	5.67968
XM_034459784.1	546	447	7	18.3224
XM_034459785.1	732	633	0	0
XM_034459786.1	1302	1203	0.271756	0.264304
XM_034459787.1	1297	1198	35.9676	35.1274
XM_034459788.1	1712	1613	0	0
XM_034459789.1	2466	2367	0.280827	0.138813
XM_034459790.1	2464	2365	0.75694	0.374474
XM_034459791.1	2276	2177	0	0
XM_034459792.1	975	876	0	0
XM_034459793.1	1568	1469	7.8936e-06	6.28701e-06
XM_034459794.1	1552	1453	2.99417	2.41102
XM_034459795.1	642	543	0	0
XM_034459796.1	977	878	0	0
XM_034459797.1	729	630	0	0
XM_034459798.1	956	857	0	0
XM_034459799.1	834	735	0	0
XM_034459800.1	1655	1556	7.49688	5.63718
XM_034459801.1	2225	2126	0	0
XM_034459802.1	1551	1452	1	0.805794
XM_034459803.1	5294	5195	5	1.1261
XM_034459804.1	784	685	0	0
XM_034459805.1	1719	1620	0	0
XM_034459806.1	681	582	0	0
XM_034459807.1	1434	1335	0	0
XM_034459808.1	396	297	0	0
XM_034459809.1	573	474	0	0
XM_034459810.1	3987	3888	0	0
XM_034459811.1	5241	5142	25.127	5.7174
XM_034459812.1	2452	2353	14	6.96141
XM_034459813.1	1053	954	0	0
XM_034459814.1	1253	1154	0	0
XM_034459815.1	1050	951	2.46166	3.02857
XM_034459816.1	1033	934	0	0
XM_034459817.1	3530	3431	0	0
XM_034459818.1	2542	2443	74	35.4404
XM_034459819.1	802	703	0	0
XM_034459820.1	1632	1533	2.22816	1.70057
XM_034459821.1	2043	1944	0	0
XM_034459822.1	2534	2435	16	7.68797
XM_034459823.1	2601	2502	0	0
XM_034459824.1	427	328	3.21446	11.4663
XM_034459825.1	507	408	0	0
XM_034459826.1	1314	1215	0	0
XM_034459827.1	1149	1050	0	0
XM_034459828.1	1494	1395	0	0
XM_034459829.1	788	689	0	0
XM_034459830.1	645	546	1	2.14288
XM_034459831.1	1923	1824	2.35953	1.51353
XM_034459832.1	1771	1672	2	1.39954
XM_034459833.1	1016	917	0	0
XM_034459834.1	3443	3344	0	0
XM_034459835.1	2053	1954	0	0
XM_034459836.1	1583	1484	8	6.30735
XM_034459837.1	1965	1866	0	0
XM_034459838.1	1271	1172	0	0
XM_034459839.1	622	523	0	0
XM_034459840.1	1263	1164	35.545	35.7287
XM_034459841.1	1354	1255	0	0
XM_034459842.1	1553	1454	0	0
XM_034459843.1	1289	1190	0	0
XM_034459844.1	7179	7080	0	0
XM_034459845.1	1091	992	1.99452	2.35244
XM_034459846.1	2313	2214	0	0
XM_034459847.1	2298	2199	0	0
XM_034459848.1	1793	1694	0	0
XM_034459849.1	2869	2770	14.9181	6.30121
XM_034459850.1	768	669	0	0
XM_034459851.1	969	870	9	12.1036
XM_034459852.1	3075	2976	1	0.39315
XM_034459853.1	3508	3409	0	0
XM_034459854.1	2207	2108	2	1.11007
XM_034459855.1	7075	6976	0	0
XM_034459856.1	1427	1328	1.07717	0.949019
XM_034459857.1	7820	7721	0	0
XM_034459858.1	7365	7266	0	0
XM_034459859.1	6799	6700	0	0
XM_034459860.1	7795	7696	88.96	13.5245
XM_034459861.1	7792	7693	0	0
XM_034459862.1	7039	6940	0	0
XM_034459863.1	7792	7693	0	0
XM_034459864.1	7789	7690	0	0
XM_034459865.1	7789	7690	0	0
XM_034459866.1	7542	7443	0	0
XM_034459867.1	7543	7444	0	0
XM_034459868.1	5661	5562	0	0
XM_034459869.1	1257	1158	0	0
XM_034459870.1	1176	1077	0	0
XM_034459871.1	1248	1149	0	0
XM_034459872.1	1264	1165	0	0
XM_034459873.1	691	592	2	3.95275
XM_034459874.1	397	298	0	0
XM_034459875.1	735	636	0	0
XM_034459876.1	927	828	0	0
XM_034459877.1	7004	6905	0	0
XM_034459878.1	843	744	0	0
XM_034459879.1	666	567	0	0
XM_034459880.1	1188	1089	0	0
XM_034459881.1	707	608	0	0
XM_034459882.1	6247	6148	0	0
XM_034459883.1	2595	2496	5	2.34378
XM_034459884.1	1292	1193	0	0
XM_034459885.1	5868	5769	0	0
XM_034459886.1	1016	917	0	0
XM_034459887.1	2091	1992	3.81362	2.23995
XM_034459888.1	5930	5831	13	2.6085
XM_034459889.1	5802	5703	0	0
XM_034459890.1	1570	1471	1	0.795386
XM_034459891.1	5732	5633	0	0
XM_034459892.1	954	855	1.3528	1.85122
XM_034459893.1	1275	1176	0	0
XM_034459894.1	19545	19446	91.8648	5.52726
XM_034459895.1	17846	17747	60.2172	3.96997
XM_034459896.1	5997	5898	0	0
XM_034459897.1	14729	14630	13.1902	1.05487
XM_034459898.1	1884	1785	1.9617	1.28584
XM_034459899.1	1387	1288	0	0
XM_034459900.1	1714	1615	0.5	0.362233
XM_034459901.1	5784	5685	0	0
XM_034459902.1	2666	2567	0	0
XM_034459903.1	2604	2505	5	2.33536
XM_034459904.1	1960	1861	0	0
XM_034459905.1	4523	4424	0.0118787	0.00314155
XM_034459906.1	3658	3559	0	0
XM_034459907.1	1875	1776	0	0
XM_034459908.1	6270	6171	0	0
XM_034459909.1	2238	2139	0	0
XM_034459910.1	1920	1821	1	0.642511
XM_034459911.1	1452	1353	4	3.45902
XM_034459912.1	1341	1242	0	0
XM_034459913.1	2366	2267	6	3.09664
XM_034459914.1	5657	5558	0	0
XM_034459915.1	1766	1667	0	0
XM_034459916.1	1689	1590	1.00141	0.736895
XM_034459917.1	1481	1382	0	0
XM_034459918.1	2384	2285	10.8507	5.556
XM_034459919.1	1840	1741	0	0
XM_034459920.1	1896	1797	0	0
XM_034459921.1	1863	1764	0	0
XM_034459922.1	1560	1461	0	0
XM_034459923.1	1998	1899	27.6113	17.0119
XM_034459924.1	2112	2013	4.36289	2.53584
XM_034459925.1	2468	2369	16.2067	8.00423
XM_034459926.1	3065	2966	0	0
XM_034459927.1	3066	2967	0	0
XM_034459928.1	3066	2967	0	0
XM_034459929.1	2724	2625	7.22327	3.21955
XM_034459930.1	5544	5445	93	19.9837
XM_034459931.1	4553	4454	1	0.262688
XM_034459932.1	1867	1768	0	0
XM_034459933.1	1669	1570	0	0
XM_034459934.1	1834	1735	0	0
XM_034459935.1	1876	1777	2.2794	1.5008
XM_034459936.1	3794	3695	10.5413	3.33788
XM_034459937.1	415	316	0	0
XM_034459938.1	2813	2714	0	0
XM_034459939.1	2759	2660	2.03259	0.894042
XM_034459940.1	1029	930	0	0
XM_034459941.1	1421	1322	1.0418	0.922026
XM_034459942.1	2563	2464	3	1.42453
XM_034459943.1	2053	1954	0	0
XM_034459944.1	3371	3272	24	8.58201
XM_034459945.1	3333	3234	9.42172	3.40864
XM_034459946.1	1127	1028	0	0
XM_034459947.1	1033	934	0	0
XM_034459948.1	1156	1057	0	0
XM_034459949.1	452	353	0	0
XM_034459950.1	788	689	0	0
XM_034459951.1	1047	948	0	0
XM_034459952.1	1118	1019	20	22.964
XM_034459953.1	10137	10038	187.134	21.8121
XM_034459954.1	6704	6605	606.866	107.501
XM_034459955.1	2124	2025	0.149432	0.0863392
XM_034459956.1	2697	2598	1	0.450352
XM_034459957.1	2647	2548	0	0
XM_034459958.1	2608	2509	0	0
XM_034459959.1	2307	2208	44.4135	23.5346
XM_034459960.1	2483	2384	0	0
XM_034459961.1	2121	2022	0.850568	0.492174
XM_034459962.1	1295	1196	0	0
XM_034459963.1	3072	2973	0	0
XM_034459964.1	822	723	0	0
XM_034459965.1	2115	2016	0	0
XM_034459966.1	610	511	0.883768	2.02352
XM_034459967.1	861	762	1.99859	3.06873
XM_034459968.1	525	426	0	0
XM_034459969.1	942	843	1	1.38792
XM_034459970.1	561	462	0	0
XM_034459971.1	1016	917	10	12.7591
XM_034459972.1	978	879	0	0
XM_034459973.1	1412	1313	10	8.91099
XM_034459974.1	1317	1218	0	0
XM_034459975.1	882	783	0	0
XM_034459976.1	521	422	0	0
XM_034459977.1	414	315	0	0
XM_034459978.1	707	608	3	5.77309
XM_034459979.1	1965	1866	0	0
XM_034459980.1	1627	1528	0	0
XM_034459981.1	1284	1185	0	0
XM_034459982.1	2291	2192	0	0
XM_034459983.1	1638	1539	31.445	23.9059
XM_034459984.1	1170	1071	0	0
XM_034459985.1	1345	1246	4.4615	4.18942
XM_034459986.1	1166	1067	35	38.3791
XM_034459987.1	1918	1819	0	0
XM_034459988.1	3726	3627	40.2106	12.9713
XM_034459989.1	2874	2775	0	0
XM_034459990.1	1496	1397	48	40.2009
XM_034459991.1	1669	1570	1	0.745231
XM_034459992.1	2327	2228	0	0
XM_034459993.1	336	237	0	0
XM_034459994.1	1138	1039	0	0
XM_034459995.1	1869	1770	0	0
XM_034459996.1	1239	1140	0	0
XM_034459997.1	2339	2240	0	0
XM_034459998.1	525	426	0.00600944	0.016505
XM_034459999.1	684	585	0	0
XM_034460000.1	2868	2769	0	0
XM_034460001.1	2124	2025	0	0
XM_034460002.1	3524	3425	42.2865	14.4455
XM_034460003.1	3731	3632	48.1626	15.5151
XM_034460004.1	4494	4395	2	0.532429
XM_034460005.1	4300	4201	4.44077	1.23679
XM_034460006.1	4823	4724	0	0
XM_034460007.1	966	867	0	0
XM_034460008.1	930	831	0	0
XM_034460009.1	1759	1660	0	0
XM_034460010.1	1111	1012	0	0
XM_034460011.1	2301	2202	0	0
XM_034460012.1	2267	2168	0	0
XM_034460013.1	2222	2123	2.11354	1.1648
XM_034460014.1	2148	2049	0	0
XM_034460015.1	2156	2057	0	0
XM_034460016.1	1882	1783	5.25198	3.44638
XM_034460017.1	3110	3011	0.868062	0.337311
XM_034460018.1	2217	2118	3.57984	1.97755
XM_034460019.1	3102	3003	19.6726	7.66475
XM_034460020.1	1322	1223	0	0
XM_034460021.1	1289	1190	0	0
XM_034460022.1	1629	1530	0	0
XM_034460023.1	1592	1493	2	1.56733
XM_034460024.1	1024	925	0	0
XM_034460025.1	988	889	0	0
XM_034460026.1	729	630	0	0
XM_034460027.1	3747	3648	0	0
XM_034460028.1	2983	2884	21.8721	8.87333
XM_034460029.1	1964	1865	0	0
XM_034460030.1	1952	1853	0.409301	0.258439
XM_034460031.1	1949	1850	2.73824	1.73177
XM_034460032.1	1898	1799	0	0
XM_034460033.1	2092	1993	0	0
XM_034460034.1	2089	1990	0	0
XM_034460035.1	2077	1978	0	0
XM_034460036.1	2050	1951	0	0
XM_034460037.1	1021	922	0	0
XM_034460038.1	2536	2437	0	0
XM_034460039.1	2108	2009	0	0
XM_034460040.1	3881	3782	14	4.33109
XM_034460041.1	2779	2680	0	0
XM_034460042.1	3800	3701	2.8973	0.915937
XM_034460043.1	1855	1756	5.57101	3.71193
XM_034460044.1	1919	1820	0	0
XM_034460045.1	1887	1788	0	0
XM_034460046.1	897	798	3.15823	4.63054
XM_034460047.1	1272	1173	2	1.99491
XM_034460048.1	3159	3060	0	0
XM_034460049.1	2445	2346	0	0
XM_034460050.1	3861	3762	4	1.24403
XM_034460051.1	1603	1504	0	0
XM_034460052.1	1696	1597	0	0
XM_034460053.1	396	297	0	0
XM_034460054.1	804	705	0	0
XM_034460055.1	1192	1093	12.6155	13.5043
XM_034460056.1	605	506	0	0
XM_034460057.1	911	812	0	0
XM_034460058.1	961	862	0	0
XM_034460059.1	1987	1888	0	0
XM_034460060.1	3749	3650	1.44765	0.464047
XM_034460061.1	3707	3608	14.5523	4.71908
XM_034460062.1	6254	6155	0	0
XM_034460063.1	4144	4045	7.56303	2.1876
XM_034460064.1	1449	1350	0	0
XM_034460065.1	1095	996	0	0
XM_034460066.1	759	660	0	0
XM_034460067.1	1605	1506	3.256	2.52959
XM_034460068.1	985	886	0	0
XM_034460069.1	2505	2406	0	0
XM_034460070.1	1794	1695	0	0
XM_034460071.1	1164	1065	0	0
XM_034460072.1	493	394	0.378601	1.12428
XM_034460073.1	623	524	0	0
XM_034460074.1	575	476	0	0
XM_034460075.1	1731	1632	0	0
XM_034460076.1	909	810	0	0
XM_034460077.1	1019	920	0	0
XM_034460078.1	2003	1904	1.2929	0.79449
XM_034460079.1	2027	1928	0	0
XM_034460080.1	1391	1292	0	0
XM_034460081.1	1881	1782	0	0
XM_034460082.1	2675	2576	1	0.454198
XM_034460083.1	5803	5704	0	0
XM_034460084.1	1998	1899	0	0
XM_034460085.1	2408	2309	0	0
XM_034460086.1	519	420	0	0
XM_034460087.1	1680	1581	0	0
XM_034460088.1	1571	1472	0	0
XM_034460089.1	1433	1334	3.12396	2.73994
XM_034460090.1	2959	2860	0	0
XM_034460091.1	2351	2252	1.40167	0.728232
XM_034460092.1	3016	2917	0	0
XM_034460093.1	629	530	0	0
XM_034460094.1	5509	5410	14.7705	3.19441
XM_034460095.1	8127	8028	3	0.437225
XM_034460096.1	3987	3888	0	0
XM_034460097.1	3957	3858	0	0
XM_034460098.1	2234	2135	5.86136	3.21212
XM_034460099.1	1646	1547	0	0
XM_034460100.1	1613	1514	0	0
XM_034460101.1	1112	1013	0	0
XM_034460102.1	1260	1161	0	0
XM_034460103.1	1164	1065	0	0
XM_034460104.1	2623	2524	4.48401e-08	2.07859e-08
XM_034460105.1	2586	2487	1.49547	0.703549
XM_034460106.1	8984	8885	3.89223	0.512545
XM_034460107.1	4242	4143	3.38709	0.956539
XM_034460108.1	1835	1736	0	0
XM_034460109.1	2018	1919	0	0
XM_034460110.1	1717	1618	2.41468	1.74611
XM_034460111.1	810	711	0	0
XM_034460112.1	4020	3921	0	0
XM_034460113.1	5534	5435	1	0.215274
XM_034460114.1	2340	2241	169	88.2339
XM_034460115.1	2583	2484	7.71707	3.6349
XM_034460116.1	3323	3224	8	2.90326
XM_034460117.1	2380	2281	1.47733	0.757781
XM_034460118.1	2014	1915	0	0
XM_034460119.1	836	737	13.5227	21.4677
XM_034460120.1	1545	1446	0	0
XM_034460121.1	1612	1513	0	0
XM_034460122.1	1542	1443	0	0
XM_034460123.1	2078	1979	1.24727	0.737405
XM_034460124.1	2942	2843	2	0.823084
XM_034460125.1	2242	2143	2	1.09194
XM_034460126.1	2839	2740	0	0
XM_034460127.1	4110	4011	0	0
XM_034460128.1	4165	4066	0	0
XM_034460129.1	4104	4005	0	0
XM_034460130.1	2164	2065	0	0
XM_034460131.1	6130	6031	38.1804	7.40699
XM_034460132.1	4875	4776	1.61653	0.396015
XM_034460133.1	4872	4773	3.37814	0.828089
XM_034460134.1	1737	1638	4.68842	3.34891
XM_034460135.1	1332	1233	0	0
XM_034460136.1	498	399	1	2.93236
XM_034460137.1	621	522	14	31.3797
XM_034460138.1	1814	1715	1	0.682224
XM_034460139.1	1709	1610	0	0
XM_034460140.1	1655	1556	0	0
XM_034460141.1	1655	1556	0	0
XM_034460142.1	1655	1556	0	0
XM_034460143.1	1655	1556	0	0
XM_034460144.1	1601	1502	0	0
XM_034460145.1	1601	1502	0	0
XM_034460146.1	1547	1448	0	0
XM_034460147.1	1921	1822	1	0.642159
XM_034460148.1	1214	1115	0	0
XM_034460149.1	1317	1218	0	0
XM_034460150.1	1887	1788	0	0
XM_034460151.1	4239	4140	0	0
XM_034460152.1	1311	1212	0	0
XM_034460153.1	1534	1435	0	0
XM_034460154.1	1659	1560	0	0
XM_034460155.1	1575	1476	0	0
XM_034460156.1	672	573	0	0
XM_034460157.1	816	717	0	0
XM_034460158.1	1498	1399	0	0
XM_034460159.1	504	405	0	0
XM_034460160.1	1698	1599	0	0
XM_034460161.1	512	413	0	0
XM_034460162.1	2588	2489	1	0.470074
XM_034460163.1	1475	1376	0	0
XM_034460164.1	1720	1621	31	22.3753
XM_034460165.1	1984	1885	0	0
XM_034460166.1	1502	1403	0	0
XM_034460167.1	2587	2488	0	0
XM_034460168.1	1364	1265	0	0
XM_034460169.1	2138	2039	19	10.9025
XM_034460170.1	2810	2711	0	0
XM_034460171.1	614	515	0	0
XM_034460172.1	2631	2532	1.69138	0.781572
XM_034460173.1	1306	1207	13	12.6016
XM_034460174.1	723	624	0	0
XM_034460175.1	1880	1781	0	0
XM_034460176.1	492	393	0	0
XM_034460177.1	754	655	0	0
XM_034460178.1	978	879	4.71184	6.27181
XM_034460179.1	650	551	0	0
XM_034460180.1	1400	1301	0	0
XM_034460181.1	1347	1248	2.18115	2.04485
XM_034460182.1	2545	2446	13.7294	6.56731
XM_034460183.1	750	651	0	0
XM_034460184.1	2288	2189	35.3544	18.8968
XM_034460185.1	765	666	24.935	43.8053
XM_034460186.1	1319	1220	0	0
XM_034460187.1	1227	1128	2	2.07449
XM_034460188.1	1317	1218	0	0
XM_034460189.1	3590	3491	0	0
XM_034460190.1	3592	3493	0	0
XM_034460191.1	3610	3511	0	0
XM_034460192.1	3612	3513	0	0
XM_034460193.1	3438	3339	7.24252e-06	2.53784e-06
XM_034460194.1	3399	3300	6.99999	2.48184
XM_034460195.1	643	544	0	0
XM_034460196.1	1386	1287	3	2.7273
XM_034460197.1	524	425	0	0
XM_034460198.1	1446	1347	1	0.868607
XM_034460199.1	1355	1256	1.06399	0.99115
XM_034460200.1	1304	1205	0	0
XM_034460201.1	8632	8533	0	0
XM_034460202.1	8617	8518	0	0
XM_034460203.1	8617	8518	0	0
XM_034460204.1	8617	8518	0	0
XM_034460205.1	7675	7576	0	0
XM_034460206.1	7675	7576	0	0
XM_034460207.1	7675	7576	0	0
XM_034460208.1	7675	7576	0	0
XM_034460209.1	7675	7576	1	0.154437
XM_034460210.1	7675	7576	0	0
XM_034460211.1	7672	7573	0	0
XM_034460212.1	7667	7568	0	0
XM_034460213.1	7672	7573	0	0
XM_034460214.1	7661	7562	0	0
XM_034460215.1	7657	7558	0	0
XM_034460216.1	7554	7455	0	0
XM_034460217.1	6747	6648	3	0.527984
XM_034460218.1	2270	2171	0	0
XM_034460219.1	2151	2052	3.09184	1.76291
XM_034460220.1	1860	1761	2.25043	1.49519
XM_034460221.1	6524	6425	0	0
XM_034460222.1	1616	1517	0	0
XM_034460223.1	1944	1845	0	0
XM_034460224.1	2163	2064	2.02514	1.14798
XM_034460225.1	1508	1409	9.36567	7.77712
XM_034460226.1	6667	6568	0	0
XM_034460227.1	6360	6261	3.48783	0.651782
XM_034460228.1	1050	951	0	0
XM_034460229.1	1289	1190	0	0
XM_034460230.1	1810	1711	0	0
XM_034460231.1	1368	1269	0	0
XM_034460232.1	907	808	0	0
XM_034460233.1	1282	1183	3	2.96707
XM_034460234.1	2739	2640	0	0
XM_034460235.1	640	541	0	0
XM_034460236.1	1046	947	0	0
XM_034460237.1	1001	902	2	2.59426
XM_034460238.1	1549	1450	2.60162	2.09926
XM_034460239.1	522	423	2.3668	6.54653
XM_034460240.1	627	528	0	0
XM_034460241.1	1322	1223	0	0
XM_034460242.1	851	752	0	0
XM_034460243.1	886	787	0.284545	0.423027
XM_034460244.1	1175	1076	0	0
XM_034460245.1	1073	974	0	0
XM_034460246.1	792	693	1	1.68833
XM_034460247.1	2415	2316	0	0
XM_034460248.1	1653	1554	0	0
XM_034460249.1	1616	1517	1	0.771268
XM_034460250.1	876	777	0	0
XM_034460251.1	2250	2151	0	0
XM_034460252.1	627	528	0	0
XM_034460253.1	1457	1358	0	0
XM_034460254.1	4213	4114	1.00686	0.286349
XM_034460255.1	2117	2018	0	0
XM_034460256.1	1978	1879	0	0
XM_034460257.1	1509	1410	1	0.829797
XM_034460258.1	1487	1388	0	0
XM_034460259.1	1621	1522	0	0
XM_034460260.1	839	740	1	1.5811
XM_034460261.1	2169	2070	1	0.565224
XM_034460262.1	1682	1583	0	0
XM_034460263.1	2471	2372	0	0
XM_034460264.1	2467	2368	0	0
XM_034460265.1	2393	2294	0	0
XM_034460266.1	2108	2009	0	0
XM_034460267.1	866	767	31	47.2887
XM_034460268.1	2210	2111	0	0
XM_034460269.1	1604	1505	10.8589	8.44186
XM_034460270.1	3470	3371	23	7.98289
XM_034460271.1	2303	2204	0	0
XM_034460272.1	2018	1919	90	54.873
XM_034460273.1	1637	1538	1	0.760737
XM_034460274.1	1040	941	0	0
XM_034460275.1	1033	934	0	0
XM_034460276.1	1793	1694	3	2.07204
XM_034460277.1	1583	1484	12.488	9.84579
XM_034460278.1	6383	6284	10.7933	2.0096
XM_034460279.1	2080	1981	65	38.3901
XM_034460280.1	2176	2077	30	16.8996
XM_034460281.1	1135	1036	0	0
XM_034460282.1	1220	1121	0	0
XM_034460283.1	578	479	0.564199	1.37812
XM_034460284.1	1383	1284	0	0
XM_034460285.1	984	885	0	0
XM_034460286.1	366	267	0	0
XM_034460287.1	1050	951	0	0
XM_034460288.1	1669	1570	0	0
XM_034460289.1	1300	1201	0	0
XM_034460290.1	1270	1171	0	0
XM_034460291.1	1242	1143	1	1.02363
XM_034460292.1	1189	1090	0	0
XM_034460293.1	748	649	2.03455	3.66788
XM_034460294.1	1296	1197	0	0
XM_034460295.1	1480	1381	1	0.847222
XM_034460296.1	1068	969	0	0
XM_034460297.1	844	745	0	0
XM_034460298.1	889	790	0	0
XM_034460299.1	1158	1059	36	39.7738
XM_034460300.1	5612	5513	1.04098	0.220924
XM_034460301.1	1117	1018	0	0
XM_034460302.1	3390	3291	0	0
XM_034460303.1	2584	2485	0	0
XM_034460304.1	3249	3150	0	0
XM_034460305.1	2633	2534	0	0
XM_034460306.1	5328	5229	0	0
XM_034460307.1	5247	5148	0	0
XM_034460308.1	5247	5148	0	0
XM_034460309.1	5247	5148	0	0
XM_034460310.1	5247	5148	0	0
XM_034460311.1	5300	5201	0	0
XM_034460312.1	5166	5067	0	0
XM_034460313.1	5166	5067	0	0
XM_034460314.1	5166	5067	0	0
XM_034460315.1	5166	5067	0	0
XM_034460316.1	4894	4795	0	0
XM_034460317.1	5219	5120	0	0
XM_034460318.1	5084	4985	0	0
XM_034460319.1	4829	4730	0	0
XM_034460320.1	4748	4649	1.66745e-08	4.19647e-09
XM_034460321.1	4922	4823	0	0
XM_034460322.1	4667	4568	15	3.84199
XM_034460323.1	3841	3742	0	0
XM_034460324.1	1402	1303	1.04234	0.935961
XM_034460325.1	2088	1989	10.1358	5.96228
XM_034460326.1	1625	1526	4	3.06688
XM_034460327.1	797	698	0	0
XM_034460328.1	1313	1214	2.0805	2.00511
XM_034460329.1	2540	2441	16	7.66908
XM_034460330.1	931	832	0	0
XM_034460331.1	741	642	8	14.5796
XM_034460332.1	768	669	0	0
XM_034460333.1	2548	2449	0	0
XM_034460334.1	2559	2460	0	0
XM_034460335.1	442	343	0	0
XM_034460336.1	2765	2666	0	0
XM_034460337.1	3533	3434	0	0
XM_034460338.1	2498	2399	49	23.8977
XM_034460339.1	4609	4510	0	0
XM_034460340.1	4413	4314	3.67601	0.996982
XM_034460341.1	1599	1500	0	0
XM_034460342.1	3548	3449	0	0
XM_034460343.1	780	681	0	0
XM_034460344.1	2484	2385	4.06874	1.99601
XM_034460345.1	2000	1901	0	0
XM_034460346.1	1818	1719	0	0
XM_034460347.1	667	568	0	0
XM_034460348.1	1342	1243	0	0
XM_034460349.1	1830	1731	2	1.35184
XM_034460350.1	1806	1707	0	0
XM_034460351.1	1278	1179	0	0
XM_034460352.1	1472	1373	1.00044	0.852534
XM_034460353.1	787	688	2.28739	3.88994
XM_034460354.1	1555	1456	0	0
XM_034460355.1	2778	2679	0	0
XM_034460356.1	3029	2930	4.24226	1.69403
XM_034460357.1	904	805	0	0
XM_034460358.1	2670	2571	2	0.910162
XM_034460359.1	3680	3581	2	0.653456
XM_034460360.1	863	764	0	0
XM_034460361.1	1618	1519	0	0
XM_034460362.1	1325	1226	0	0
XM_034460363.1	766	667	0	0
XM_034460364.1	1684	1585	2.00721	1.48168
XM_034460365.1	3963	3864	0	0
XM_034460366.1	1992	1893	0	0
XM_034460367.1	1609	1510	0	0
XM_034460368.1	5533	5434	0	0
XM_034460369.1	7271	7172	0	0
XM_034460370.1	7326	7227	0	0
XM_034460371.1	7082	6983	19.9593	3.34421
XM_034460372.1	7079	6980	33.0407	5.53841
XM_034460373.1	3862	3763	18.9799	5.90133
XM_034460374.1	4631	4532	0	0
XM_034460375.1	1501	1402	0	0
XM_034460376.1	3990	3891	0	0
XM_034460377.1	1017	918	14	17.8433
XM_034460378.1	1180	1081	0	0
XM_034460379.1	786	687	0	0
XM_034460380.1	1217	1118	0	0
XM_034460381.1	1787	1688	0	0
XM_034460382.1	1662	1563	0	0
XM_034460383.1	1196	1097	0	0
XM_034460384.1	1589	1490	6.0411	4.74374
XM_034460385.1	382	283	0	0
XM_034460386.1	805	706	0	0
XM_034460387.1	1158	1059	0	0
XM_034460388.1	1791	1692	0	0
XM_034460389.1	638	539	0	0
XM_034460390.1	1254	1155	5	5.06499
XM_034460391.1	1113	1014	0	0
XM_034460392.1	799	700	0	0
XM_034460393.1	1772	1673	0	0
XM_034460394.1	2482	2383	0	0
XM_034460395.1	1236	1137	8.70705	8.95986
XM_034460396.1	3420	3321	0	0
XM_034460397.1	3669	3570	22	7.21017
XM_034460398.1	823	724	47.9009	77.4097
XM_034460399.1	1854	1755	0	0
XM_034460400.1	1762	1663	0	0
XM_034460401.1	3321	3222	21.1551	7.6821
XM_034460402.1	2716	2617	6	2.68249
XM_034460403.1	2887	2788	0	0
XM_034460404.1	1495	1396	0	0
XM_034460405.1	2681	2582	2.76002	1.25068
XM_034460406.1	1480	1381	0	0
XM_034460407.1	2704	2605	0	0
XM_034460408.1	3660	3561	0	0
XM_034460409.1	1649	1550	0	0
XM_034460410.1	2014	1915	0	0
XM_034460411.1	1891	1792	0	0
XM_034460412.1	1839	1740	0	0
XM_034460413.1	974	875	13	17.3831
XM_034460414.1	6375	6276	8.73849e-08	1.62909e-08
XM_034460415.1	1439	1340	3	2.61943
XM_034460416.1	390	291	0	0
XM_034460417.1	2416	2317	0	0
XM_034460418.1	1817	1718	0	0
XM_034460419.1	2317	2218	2.97516	1.56942
XM_034460420.1	6372	6273	1.53111e-07	2.85576e-08
XM_034460421.1	3613	3514	0	0
XM_034460422.1	3984	3885	0	0
XM_034460423.1	3377	3278	2.13531	0.762154
XM_034460424.1	669	570	1	2.05266
XM_034460425.1	6276	6177	11	2.08356
XM_034460426.1	2193	2094	0	0
XM_034460427.1	2479	2380	0	0
XM_034460428.1	888	789	0	0
XM_034460429.1	1811	1712	0	0
XM_034460430.1	1217	1118	0	0
XM_034460431.1	1346	1247	0	0
XM_034460432.1	1277	1178	0	0
XM_034460433.1	1277	1178	0	0
XM_034460434.1	1256	1157	0	0
XM_034460435.1	1256	1157	0	0
XM_034460436.1	1208	1109	0	0
XM_034460437.1	1166	1067	19	20.8344
XM_034460438.1	1533	1434	0	0
XM_034460439.1	1680	1581	3.22458	2.38634
XM_034460440.1	877	778	0	0
XM_034460441.1	1317	1218	0	0
XM_034460442.1	617	518	0	0
XM_034460443.1	2271	2172	0	0
XM_034460444.1	1956	1857	95.8454	60.388
XM_034460445.1	1310	1211	0	0
XM_034460446.1	4592	4493	41.0434	10.688
XM_034460447.1	4646	4547	3.36582e-05	8.66078e-06
XM_034460448.1	3136	3037	0	0
XM_034460449.1	3112	3013	1.01192	0.39295
XM_034460450.1	1673	1574	2	1.48668
XM_034460451.1	1548	1449	3	2.42239
XM_034460452.1	653	554	1	2.11194
XM_034460453.1	594	495	2	4.72733
XM_034460454.1	3357	3258	0	0
XM_034460455.1	903	804	0	0
XM_034460456.1	3611	3512	0	0
XM_034460457.1	1144	1045	1.12363	1.25805
XM_034460458.1	1161	1062	0	0
XM_034460459.1	1048	949	2.19315	2.70391
XM_034460460.1	1900	1801	0	0
XM_034460461.1	415	316	0	0
XM_034460462.1	5483	5384	2.08109	0.452249
XM_034460463.1	5198	5099	3	0.688378
XM_034460464.1	2593	2494	0	0
XM_034460465.1	2598	2499	0	0
XM_034460466.1	2113	2014	0	0
XM_034460467.1	2451	2352	0	0
XM_034460468.1	1829	1730	0	0
XM_034460469.1	3081	2982	1	0.392359
XM_034460470.1	2314	2215	0	0
XM_034460471.1	2251	2152	2.5	1.35922
XM_034460472.1	2251	2152	2.5	1.35922
XM_034460473.1	644	545	0	0
XM_034460474.1	637	538	16.3216	35.4954
XM_034460475.1	7610	7511	4.19028	0.652734
XM_034460476.1	2479	2380	8.9698	4.40958
XM_034460477.1	1503	1404	0.226498	0.188751
XM_034460478.1	2993	2894	4	1.61716
XM_034460479.1	820	721	0	0
XM_034460480.1	2059	1960	12.3977	7.40073
XM_034460481.1	561	462	0	0
XM_034460482.1	1459	1360	0	0
XM_034460483.1	1104	1005	0	0
XM_034460484.1	1572	1473	0	0
XM_034460485.1	2569	2470	0	0
XM_034460486.1	4615	4516	0	0
XM_034460487.1	1701	1602	0	0
XM_034460488.1	1651	1552	0	0
XM_034460489.1	1599	1500	1	0.780009
XM_034460490.1	3454	3355	124.584	43.4472
XM_034460491.1	2176	2077	0	0
XM_034460492.1	1948	1849	2.0857	1.31979
XM_034460493.1	2541	2442	0	0
XM_034460494.1	2547	2448	0	0
XM_034460495.1	1483	1384	110.04	93.0263
XM_034460496.1	608	509	18	41.3757
XM_034460497.1	2063	1964	0	0
XM_034460498.1	4351	4252	2	0.550336
XM_034460499.1	2476	2377	0	0
XM_034460500.1	1175	1076	694.608	755.298
XM_034460501.1	2422	2323	2.03801	1.02647
XM_034460502.1	2427	2328	0	0
XM_034460503.1	1907	1808	1	0.647131
XM_034460504.1	585	486	0	0
XM_034460505.1	1975	1876	0	0
XM_034460506.1	1972	1873	0	0
XM_034460507.1	863	764	3	4.59429
XM_034460508.1	576	477	0	0
XM_034460509.1	1600	1501	0	0
XM_034460510.1	678	579	2	4.0415
XM_034460511.1	999	900	0	0
XM_034460512.1	567	468	0	0
XM_034460513.1	750	651	1	1.79726
XM_034460514.1	9481	9382	0	0
XM_034460515.1	9329	9230	2.69078e-08	3.41088e-09
XM_034460516.1	9329	9230	2.69078e-08	3.41088e-09
XM_034460517.1	9329	9230	2.69078e-08	3.41088e-09
XM_034460518.1	9329	9230	2.69078e-08	3.41088e-09
XM_034460519.1	9329	9230	2.69078e-08	3.41088e-09
XM_034460520.1	9325	9226	4.474e-08	5.67379e-09
XM_034460521.1	9325	9226	4.474e-08	5.67379e-09
XM_034460522.1	1258	1159	0	0
XM_034460523.1	9325	9226	4.474e-08	5.67379e-09
XM_034460524.1	9326	9227	3.93988e-08	4.99589e-09
XM_034460525.1	9326	9227	3.93988e-08	4.99589e-09
XM_034460526.1	9326	9227	3.93988e-08	4.99589e-09
XM_034460527.1	9326	9227	3.93988e-08	4.99589e-09
XM_034460528.1	9326	9227	3.93988e-08	4.99589e-09
XM_034460529.1	9322	9223	6.55198e-08	8.31172e-09
XM_034460530.1	9322	9223	6.55198e-08	8.31172e-09
XM_034460531.1	9322	9223	6.55198e-08	8.31172e-09
XM_034460532.1	9322	9223	6.55198e-08	8.31172e-09
XM_034460533.1	1287	1188	0	0
XM_034460534.1	9322	9223	6.55198e-08	8.31172e-09
XM_034460535.1	9322	9223	6.55198e-08	8.31172e-09
XM_034460536.1	9322	9223	6.55198e-08	8.31172e-09
XM_034460537.1	9322	9223	6.55198e-08	8.31172e-09
XM_034460538.1	9322	9223	6.55198e-08	8.31172e-09
XM_034460539.1	9323	9224	5.76954e-08	7.31834e-09
XM_034460540.1	9323	9224	5.76954e-08	7.31834e-09
XM_034460541.1	9323	9224	5.76954e-08	7.31834e-09
XM_034460542.1	9323	9224	5.76954e-08	7.31834e-09
XM_034460543.1	9169	9070	21.7834	2.81002
XM_034460544.1	1248	1149	0	0
XM_034460545.1	9169	9070	21.7834	2.81002
XM_034460546.1	9169	9070	21.7834	2.81002
XM_034460547.1	9029	8930	0	0
XM_034460548.1	1442	1343	0	0
XM_034460549.1	1208	1109	105	110.777
XM_034460550.1	1709	1610	0	0
XM_034460551.1	678	579	0	0
XM_034460552.1	4913	4814	33.2293	8.07618
XM_034460553.1	4148	4049	3.26902	0.944628
XM_034460554.1	2277	2178	0	0
XM_034460555.1	602	503	0	0
XM_034460556.1	2097	1998	0	0
XM_034460557.1	570	471	0	0
XM_034460558.1	3282	3183	0	0
XM_034460559.1	678	579	0	0
XM_034460560.1	935	836	0	0
XM_034460561.1	743	644	0	0
XM_034460562.1	2030	1931	0	0
XM_034460563.1	2341	2242	0	0
XM_034460564.1	2481	2382	0	0
XM_034460565.1	1827	1728	16.5555	11.2096
XM_034460566.1	1638	1539	0	0
XM_034460567.1	681	582	1	2.01033
XM_034460568.1	1687	1588	2	1.47357
XM_034460569.1	1579	1480	0	0
XM_034460570.1	1139	1040	0	0
XM_034460571.1	1850	1751	0	0
XM_034460572.1	922	823	0	0
XM_034460573.1	903	804	0	0
XM_034460574.1	3754	3655	212	67.864
XM_034460575.1	477	378	0	0
XM_034460576.1	1317	1218	0	0
XM_034460577.1	1686	1587	0	0
XM_034460578.1	3974	3875	0	0
XM_034460579.1	4371	4272	15.2786	4.18449
XM_034460580.1	1138	1039	0	0
XM_034460581.1	5575	5476	1	0.213662
XM_034460582.1	1258	1159	0	0
XM_034460583.1	2488	2389	3.94876	1.93391
XM_034460584.1	941	842	0	0
XM_034460585.1	8903	8804	1	0.132896
XM_034460586.1	2251	2152	4.73903	2.57655
XM_034460587.1	2386	2287	6	3.06956
XM_034460588.1	710	611	0	0
XM_034460589.1	607	508	0	0
XM_034460590.1	1053	954	0	0
XM_034460591.1	7249	7150	39.653	6.48875
XM_034460592.1	3304	3205	29.7363	10.8555
XM_034460593.1	2368	2269	0	0
XM_034460594.1	1303	1204	0	0
XM_034460595.1	888	789	0	0
XM_034460596.1	1705	1606	1	0.728526
XM_034460597.1	2373	2274	0	0
XM_034460598.1	2250	2151	0	0
XM_034460599.1	608	509	0	0
XM_034460600.1	774	675	0	0
XM_034460601.1	467	368	0	0
XM_034460602.1	1605	1506	16	12.4304
XM_034460603.1	5874	5775	0	0
XM_034460604.1	1613	1514	0	0
XM_034460605.1	2437	2338	0	0
XM_034460606.1	3828	3729	0	0
XM_034460607.1	3816	3717	0	0
XM_034460608.1	753	654	0	0
XM_034460609.1	2425	2326	2.33529	1.17469
XM_034460610.1	2300	2201	0.5	0.265791
XM_034460611.1	3862	3763	0.0852802	0.0265158
XM_034460612.1	3844	3745	23.6319	7.38309
XM_034460613.1	3838	3739	0.101976	0.0319105
XM_034460614.1	3811	3712	2.50571e-05	7.89794e-06
XM_034460615.1	3144	3045	0	0
XM_034460616.1	2961	2862	0	0
XM_034460617.1	2971	2872	16.7588	6.82732
XM_034460618.1	2856	2757	8.24075	3.4972
XM_034460619.1	2300	2201	0.5	0.265791
XM_034460620.1	2544	2445	1.04385	0.499517
XM_034460621.1	2665	2566	0	0
XM_034460622.1	2661	2562	0	0
XM_034460623.1	866	767	0	0
XM_034460624.1	979	880	3.27723	4.35727
XM_034460625.1	1076	977	0	0
XM_034460626.1	748	649	0	0
XM_034460627.1	2902	2803	3	1.25224
XM_034460628.1	815	716	0	0
XM_034460629.1	3217	3118	5.12622	1.92359
XM_034460630.1	1079	980	4.83409e-08	5.77137e-08
XM_034460631.1	1291	1192	1.14239	1.12132
XM_034460632.1	1670	1571	0	0
XM_034460633.1	576	477	0	0
XM_034460634.1	2620	2521	0	0
XM_034460635.1	475	376	17.0909	53.1824
XM_034460636.1	2065	1966	0	0
XM_034460637.1	1023	924	0	0
XM_034460638.1	1329	1230	0	0
XM_034460639.1	864	765	0	0
XM_034460640.1	864	765	0	0
XM_034460641.1	2449	2350	7	3.48515
XM_034460642.1	2617	2518	0	0
XM_034460643.1	898	799	0	0
XM_034460644.1	387	288	0	0
XM_034460645.1	1277	1178	11	10.9254
XM_034460646.1	950	851	0	0
XM_034460647.1	1204	1105	0	0
XM_034460648.1	2606	2507	0	0
XM_034460649.1	4317	4218	4	1.10954
XM_034460650.1	4330	4231	0.00661263	0.00182861
XM_034460651.1	4308	4209	2.99339	0.832099
XM_034460652.1	2785	2686	0	0
XM_034460653.1	989	890	0	0
XM_034460654.1	1712	1613	0	0
XM_034460655.1	1015	916	0	0
XM_034460656.1	1009	910	5	6.42865
XM_034460657.1	2740	2641	7.76774	3.44126
XM_034460658.1	701	602	0	0
XM_034460659.1	1564	1465	7	5.59051
XM_034460660.1	976	877	0	0
XM_034460661.1	700	601	0	0
XM_034460662.1	2609	2510	1	0.466141
XM_034460663.1	1141	1042	0	0
XM_034460664.1	938	839	0	0
XM_034460665.1	1553	1454	0	0
XM_034460666.1	639	540	0	0
XM_034460667.1	2698	2599	0	0
XM_034460668.1	976	877	0	0
XM_034460669.1	1545	1446	0	0
XM_034460670.1	1171	1072	0	0
XM_034460671.1	1111	1012	0	0
XM_034460672.1	2336	2237	2	1.04606
XM_034460673.1	1428	1329	32	28.1719
XM_034460674.1	1683	1584	2	1.47729
XM_034460675.1	747	648	0	0
XM_034460676.1	1276	1177	0	0
XM_034460677.1	1203	1104	16	16.9567
XM_034460678.1	1273	1174	0	0
XM_034460679.1	1105	1006	3	3.48911
XM_034460680.1	1121	1022	1	1.14483
XM_034460681.1	983	884	0	0
XM_034460682.1	892	793	0	0
XM_034460683.1	2357	2258	0	0
XM_034460684.1	1033	934	0	0
XM_034460685.1	1485	1386	4.17129e-07	3.52126e-07
XM_034460686.1	1495	1396	0	0
XM_034460687.1	1464	1365	25	21.4288
XM_034460688.1	1482	1383	5.29813e-06	4.4822e-06
XM_034460689.1	1313	1214	0	0
XM_034460690.1	2660	2561	1	0.456858
XM_034460691.1	1638	1539	0	0
XM_034460692.1	2515	2416	0	0
XM_034460693.1	1366	1267	0	0
XM_034460694.1	1455	1356	0	0
XM_034460695.1	1292	1193	0	0
XM_034460696.1	1342	1243	0	0
XM_034460697.1	1261	1162	3	3.02069
XM_034460698.1	1061	962	0	0
XM_034460699.1	582	483	0	0
XM_034460700.1	804	705	3	4.97878
XM_034460701.1	2500	2401	0	0
XM_034460702.1	1822	1723	0	0
XM_034460703.1	1294	1195	11	10.77
XM_034460704.1	2497	2398	0	0
XM_034460705.1	1504	1405	1	0.83275
XM_034460706.1	1069	970	0	0
XM_034460707.1	5571	5472	80.4307	17.1975
XM_034460708.1	4475	4376	0	0
XM_034460709.1	2491	2392	18.7612	9.17676
XM_034460710.1	990	891	0	0
XM_034460711.1	969	870	0	0
XM_034460712.1	619	520	0	0
XM_034460713.1	2908	2809	0.964252	0.401633
XM_034460714.1	2915	2816	0.0520333	0.0216192
XM_034460715.1	794	695	0	0
XM_034460716.1	1843	1744	0	0
XM_034460717.1	2488	2389	0	0
XM_034460718.1	2301	2202	0	0
XM_034460719.1	1808	1709	0	0
XM_034460720.1	1725	1626	0	0
XM_034460721.1	826	727	6.63927	10.6851
XM_034460722.1	2713	2614	0	0
XM_034460723.1	974	875	2	2.67432
XM_034460724.1	2482	2383	0	0
XM_034460725.1	6017	5918	1.84005	0.363786
XM_034460726.1	6011	5912	6.04753	1.19684
XM_034460727.1	4513	4414	1.11241	0.294866
XM_034460728.1	4386	4287	11	3.00213
XM_034460729.1	1677	1578	0	0
XM_034460730.1	1648	1549	0	0
XM_034460731.1	1624	1525	0	0
XM_034460732.1	2470	2371	0	0
XM_034460733.1	1573	1474	0	0
XM_034460734.1	1463	1364	0	0
XM_034460735.1	1410	1311	0	0
XM_034460736.1	1374	1275	0	0
XM_034460737.1	1146	1047	1	1.11749
XM_034460738.1	2585	2486	3.99002	1.87787
XM_034460739.1	2315	2216	0	0
XM_034460740.1	2032	1933	0	0
XM_034460741.1	2470	2371	0	0
XM_034460742.1	3479	3380	5	1.73079
XM_034460743.1	1058	959	0	0
XM_034460744.1	1656	1557	0	0
XM_034460745.1	1478	1379	0	0
XM_034460746.1	891	792	4	5.90916
XM_034460747.1	2489	2390	5	2.44773
XM_034460748.1	2455	2356	0	0
XM_034460749.1	3564	3465	0	0
XM_034460750.1	3474	3375	0	0
XM_034460751.1	2862	2763	0	0
XM_034460752.1	2514	2415	7.60357	3.68376
XM_034460753.1	429	330	0	0
XM_034460754.1	612	513	0	0
XM_034460755.1	2437	2338	0	0
XM_034460756.1	1662	1563	0	0
XM_034460757.1	3678	3579	0	0
XM_034460758.1	2952	2853	0	0
XM_034460759.1	2437	2338	0	0
XM_034460760.1	1160	1061	5	5.51373
XM_034460761.1	1412	1313	0	0
XM_034460762.1	1850	1751	32	21.3823
XM_034460763.1	1175	1076	0	0
XM_034460764.1	2398	2299	0	0
XM_034460765.1	1281	1182	112	110.864
XM_034460766.1	2501	2402	0	0
XM_034460767.1	1305	1206	0	0
XM_034460768.1	1290	1191	0	0
XM_034460769.1	1296	1197	0	0
XM_034460770.1	2374	2275	0	0
XM_034460771.1	1119	1020	0	0
XM_034460772.1	2084	1985	9	5.30485
XM_034460773.1	1046	947	61	75.3652
XM_034460774.1	1010	911	0	0
XM_034460775.1	1820	1721	5	3.39923
XM_034460776.1	2365	2266	0	0
XM_034460777.1	523	424	2.87357	7.92953
XM_034460778.1	998	899	0	0
XM_034460779.1	1286	1187	2.17741	2.14625
XM_034460780.1	2353	2254	0	0
XM_034460781.1	2424	2325	0	0
XM_034460782.1	2491	2392	0	0
XM_034460783.1	2425	2326	0	0
XM_034460784.1	1384	1285	14.6228	13.3143
XM_034460785.1	1392	1293	1	0.904883
XM_034460786.1	2347	2248	0	0
XM_034460787.1	645	546	0	0
XM_034460788.1	1999	1900	2.22402	1.36955
XM_034460789.1	2341	2242	0	0
XM_034460790.1	775	676	0	0
XM_034460791.1	525	426	0	0
XM_034460792.1	2249	2150	0	0
XM_034460793.1	2338	2239	0	0
XM_034460794.1	2292	2193	2	1.06704
XM_034460795.1	957	858	0	0
XM_034460796.1	732	633	0	0
XM_034460797.1	694	595	0	0
XM_034460798.1	2423	2324	0	0
XM_034460799.1	840	741	0	0
XM_034460800.1	2329	2230	0	0
XM_034460801.1	1317	1218	0	0
XM_034460802.1	1161	1062	0	0
XM_034460803.1	2390	2291	6.09991	3.11522
XM_034460804.1	1014	915	0	0
XM_034460805.1	2320	2221	0	0
XM_034460806.1	846	747	0	0
XM_034460807.1	6096	5997	0	0
XM_034460808.1	693	594	2	3.93944
XM_034460809.1	599	500	0	0
XM_034460810.1	612	513	7.57481	17.2761
XM_034460811.1	1827	1728	0	0
XM_034460812.1	2320	2221	0	0
XM_034460813.1	764	665	7	12.3159
XM_034460814.1	1231	1132	0	0
XM_034460815.1	1668	1569	1	0.745706
XM_034460816.1	3467	3368	0	0
XM_034460817.1	1786	1687	0	0
XM_034460818.1	2305	2206	0	0
XM_034460819.1	922	823	20.1331	28.6221
XM_034460820.1	1491	1392	0	0
XM_034460821.1	1765	1666	3.80167e-05	2.66987e-05
XM_034460822.1	2296	2197	0	0
XM_034460823.1	1747	1648	13	9.22945
XM_034460824.1	2981	2882	1.13951	0.46261
XM_034460825.1	2915	2816	2.37161e-05	9.85375e-06
XM_034460826.1	2293	2194	0	0
XM_034460827.1	2882	2783	23.9967	10.0886
XM_034460828.1	2171	2072	0	0
XM_034460829.1	1137	1038	3.47461	3.91652
XM_034460830.1	2583	2484	2	0.94204
XM_034460831.1	1269	1170	0	0
XM_034460832.1	780	681	0	0
XM_034460833.1	2281	2182	0	0
XM_034460834.1	2278	2179	0	0
XM_034460835.1	955	856	0	0
XM_034460836.1	943	844	0	0
XM_034460837.1	2333	2234	0	0
XM_034460838.1	1113	1014	5	5.7693
XM_034460839.1	2275	2176	0	0
XM_034460840.1	658	559	0	0
XM_034460841.1	7284	7185	0	0
XM_034460842.1	7128	7029	0	0
XM_034460843.1	7126	7027	0	0
XM_034460844.1	7126	7027	0	0
XM_034460845.1	6827	6728	0	0
XM_034460846.1	2269	2170	1.28583e-07	6.9329e-08
XM_034460847.1	6663	6564	88.5046	15.7757
XM_034460848.1	2363	2264	0	0
XM_034460849.1	2074	1975	0	0
XM_034460850.1	1940	1841	0	0
XM_034460851.1	1527	1428	0	0
XM_034460852.1	1392	1293	0	0
XM_034460853.1	1373	1274	0	0
XM_034460854.1	3158	3059	25.1611	9.62368
XM_034460855.1	2263	2164	3.30895e-06	1.78905e-06
XM_034460856.1	1695	1596	0	0
XM_034460857.1	4131	4032	0	0
XM_034460858.1	3798	3699	22.1826	7.01649
XM_034460859.1	820	721	0	0
XM_034460860.1	2251	2152	0.0022515	0.00122411
XM_034460861.1	892	793	0	0
XM_034460862.1	973	874	0	0
XM_034460863.1	1286	1187	0	0
XM_034460864.1	3218	3119	0	0
XM_034460865.1	1353	1254	0	0
XM_034460866.1	1483	1384	0	0
XM_034460867.1	2236	2137	8.23659	4.50955
XM_034460868.1	666	567	0	0
XM_034460869.1	922	823	0	0
XM_034460870.1	1149	1050	0	0
XM_034460871.1	849	750	5	7.80009
XM_034460872.1	702	603	4.28289	8.31018
XM_034460873.1	1092	993	0	0
XM_034460874.1	3215	3116	7	2.6284
XM_034460875.1	1383	1284	0	0
XM_034460876.1	2394	2295	0	0
XM_034460877.1	782	683	0	0
XM_034460878.1	3634	3535	8	2.64784
XM_034460879.1	6367	6268	0	0
XM_034460880.1	6363	6264	4	0.747135
XM_034460881.1	1476	1377	0	0
XM_034460882.1	1450	1351	1	0.866035
XM_034460883.1	3466	3367	9.26619	3.21995
XM_034460884.1	1429	1330	0	0
XM_034460885.1	3513	3414	5.24129	1.79625
XM_034460886.1	2057	1958	2.14277	1.28042
XM_034460887.1	1800	1701	0	0
XM_034460888.1	1023	924	0	0
XM_034460889.1	1562	1463	0	0
XM_034460890.1	1598	1499	0	0
XM_034460891.1	4867	4768	4	0.981555
XM_034460892.1	1942	1843	2	1.26968
XM_034460893.1	816	717	0	0
XM_034460894.1	546	447	0	0
XM_034460895.1	1225	1126	1	1.03909
XM_034460896.1	711	612	0	0
XM_034460897.1	5442	5343	0	0
XM_034460898.1	4694	4595	0	0
XM_034460899.1	1317	1218	0	0
XM_034460900.1	2851	2752	7.87127	3.34647
XM_034460901.1	1623	1524	0	0
XM_034460902.1	1518	1419	3	2.4736
XM_034460903.1	1875	1776	17	11.1995
XM_034460904.1	692	593	0	0
XM_034460905.1	2440	2341	0	0
XM_034460906.1	2361	2262	110.258	57.0304
XM_034460907.1	2880	2781	0	0
XM_034460908.1	743	644	0	0
XM_034460909.1	484	385	0	0
XM_034460910.1	3390	3291	1	0.355519
XM_034460911.1	1781	1682	0	0
XM_034460912.1	3600	3501	0	0
XM_034460913.1	886	787	4.67837	6.95522
XM_034460914.1	5837	5738	32.7616	6.68029
XM_034460915.1	1337	1238	0	0
XM_034460916.1	995	896	0	0
XM_034460917.1	2499	2400	0	0
XM_034460918.1	816	717	0	0
XM_034460919.1	3302	3203	0	0
XM_034460920.1	3169	3070	0	0
XM_034460921.1	1936	1837	0	0
XM_034460922.1	1961	1862	0	0
XM_034460923.1	860	761	0	0
XM_034460924.1	2005	1906	0	0
XM_034460925.1	1889	1790	3	1.96092
XM_034460926.1	1783	1684	0	0
XM_034460927.1	3448	3349	0.0144613	0.00505223
XM_034460928.1	3427	3328	23.155	8.14051
XM_034460929.1	4386	4287	0	0
XM_034460930.1	3791	3692	2	0.63381
XM_034460931.1	2662	2563	0	0
XM_034460932.1	2588	2489	0	0
XM_034460933.1	1535	1436	0	0
XM_034460934.1	2269	2170	1.2752e-08	6.87555e-09
XM_034460935.1	2233	2134	4.2442	2.32698
XM_034460936.1	777	678	0	0
XM_034460937.1	3249	3150	1	0.371433
XM_034460938.1	2862	2763	0	0
XM_034460939.1	2941	2842	0	0
XM_034460940.1	2443	2344	0	0
XM_034460941.1	2442	2343	0	0
XM_034460942.1	2339	2240	0	0
XM_034460943.1	2333	2234	0	0
XM_034460944.1	2327	2228	0	0
XM_034460945.1	2069	1970	1.92591	1.14383
XM_034460946.1	1262	1163	0	0
XM_034460947.1	2117	2018	3	1.73937
XM_034460948.1	1312	1213	0	0
XM_034460949.1	1258	1159	2	2.01901
XM_034460950.1	1192	1093	0	0
XM_034460951.1	4947	4848	0	0
XM_034460952.1	4947	4848	0	0
XM_034460953.1	4197	4098	0	0
XM_034460954.1	2819	2720	16.9111	7.27436
XM_034460955.1	3907	3808	0	0
XM_034460956.1	1506	1407	0	0
XM_034460957.1	3314	3215	0	0
XM_034460958.1	3322	3223	0	0
XM_034460959.1	2630	2531	0.0754504	0.0348787
XM_034460960.1	3856	3757	0	0
XM_034460961.1	6059	5960	0	0
XM_034460962.1	2124	2025	0.00680417	0.00393134
XM_034460963.1	2111	2012	12.9932	7.55577
XM_034460964.1	2071	1972	3	1.77994
XM_034460965.1	3792	3693	0	0
XM_034460966.1	1109	1010	0	0
XM_034460967.1	1098	999	0	0
XM_034460968.1	2754	2655	0	0
XM_034460969.1	1605	1506	4	3.10761
XM_034460970.1	1229	1130	0	0
XM_034460971.1	2524	2425	0	0
XM_034460972.1	3761	3662	0	0
XM_034460973.1	1832	1733	3	2.02541
XM_034460974.1	446	347	0	0
XM_034460975.1	867	768	0	0
XM_034460976.1	2601	2502	16.0778	7.51848
XM_034460977.1	2687	2588	0	0
XM_034460978.1	3757	3658	0	0
XM_034460979.1	741	642	2	3.6449
XM_034460980.1	1953	1854	0	0
XM_034460981.1	1405	1306	0	0
XM_034460982.1	800	701	0	0
XM_034460983.1	4095	3996	0	0
XM_034460984.1	431	332	0	0
XM_034460985.1	3758	3659	0	0
XM_034460986.1	1522	1423	0	0
XM_034460987.1	1515	1416	0	0
XM_034460988.1	1467	1368	3.10484	2.65548
XM_034460989.1	3891	3792	0.352394	0.10873
XM_034460990.1	3874	3775	68.547	21.2453
XM_034460991.1	3743	3644	0	0
XM_034460992.1	537	438	0	0
XM_034460993.1	1699	1600	1	0.731258
XM_034460994.1	1126	1027	0	0
XM_034460995.1	747	648	0	0
XM_034460996.1	4257	4158	25.6105	7.2065
XM_034460997.1	1332	1233	5395.88	5120.24
XM_034460998.1	3743	3644	0	0
XM_034460999.1	19065	18966	0.000224177	1.38295e-05
XM_034461000.1	19145	19046	0	0
XM_034461001.1	19036	18937	0.00134936	8.33695e-05
XM_034461002.1	19036	18937	0.00134936	8.33695e-05
XM_034461003.1	19036	18937	0.00134936	8.33695e-05
XM_034461004.1	19036	18937	0.00134936	8.33695e-05
XM_034461005.1	19036	18937	0.00134936	8.33695e-05
XM_034461006.1	19036	18937	0.00134936	8.33695e-05
XM_034461007.1	19036	18937	0.00134936	8.33695e-05
XM_034461008.1	3739	3640	0	0
XM_034461009.1	19036	18937	0.00134936	8.33695e-05
XM_034461010.1	18951	18852	0.264164	0.0163948
XM_034461011.1	19036	18937	0.00134936	8.33695e-05
XM_034461012.1	19036	18937	0.00134936	8.33695e-05
XM_034461013.1	19036	18937	0.00134936	8.33695e-05
XM_034461014.1	19036	18937	0.00134936	8.33695e-05
XM_034461015.1	19036	18937	0.00134936	8.33695e-05
XM_034461016.1	19036	18937	0.00134936	8.33695e-05
XM_034461017.1	19036	18937	0.00134936	8.33695e-05
XM_034461018.1	19036	18937	0.00134936	8.33695e-05
XM_034461019.1	3697	3598	0	0
XM_034461020.1	19036	18937	0.00134936	8.33695e-05
XM_034461021.1	19036	18937	0.00134936	8.33695e-05
XM_034461022.1	19036	18937	0.00134936	8.33695e-05
XM_034461023.1	19036	18937	0.00134936	8.33695e-05
XM_034461024.1	19036	18937	0.00134936	8.33695e-05
XM_034461025.1	19036	18937	0.00134936	8.33695e-05
XM_034461026.1	19036	18937	0.00134936	8.33695e-05
XM_034461027.1	19036	18937	0.00134936	8.33695e-05
XM_034461028.1	19018	18919	0.00411698	0.000254608
XM_034461029.1	19018	18919	0.00411698	0.000254608
XM_034461030.1	3657	3558	0	0
XM_034461031.1	18922	18823	1.60742	0.099915
XM_034461032.1	18922	18823	1.60742	0.099915
XM_034461033.1	18922	18823	1.60742	0.099915
XM_034461034.1	18922	18823	1.60742	0.099915
XM_034461035.1	18922	18823	1.60742	0.099915
XM_034461036.1	18922	18823	1.60742	0.099915
XM_034461037.1	18922	18823	1.60742	0.099915
XM_034461038.1	18922	18823	1.60742	0.099915
XM_034461039.1	18922	18823	1.60742	0.099915
XM_034461040.1	18922	18823	1.60742	0.099915
XM_034461041.1	3655	3556	0	0
XM_034461042.1	18922	18823	1.60742	0.099915
XM_034461043.1	18922	18823	1.60742	0.099915
XM_034461044.1	18922	18823	1.60742	0.099915
XM_034461045.1	18922	18823	1.60742	0.099915
XM_034461046.1	18922	18823	1.60742	0.099915
XM_034461047.1	18922	18823	1.60742	0.099915
XM_034461048.1	18922	18823	1.60742	0.099915
XM_034461049.1	18922	18823	1.60742	0.099915
XM_034461050.1	18922	18823	1.60742	0.099915
XM_034461051.1	18922	18823	1.60742	0.099915
XM_034461052.1	3646	3547	0	0
XM_034461053.1	18922	18823	1.60742	0.099915
XM_034461054.1	8123	8024	20.7607	3.0272
XM_034461055.1	3619	3520	15.9531	5.30264
XM_034461056.1	1796	1697	0	0
XM_034461057.1	2934	2835	0	0
XM_034461058.1	3647	3548	0	0
XM_034461059.1	1504	1405	8.44552	7.033
XM_034461060.1	489	390	0	0
XM_034461061.1	3647	3548	0	0
XM_034461062.1	812	713	0	0
XM_034461063.1	11605	11506	0	0
XM_034461064.1	11594	11495	0	0
XM_034461065.1	11285	11186	0	0
XM_034461066.1	11283	11184	0	0
XM_034461067.1	11283	11184	0	0
XM_034461068.1	10963	10864	0.548907	0.0591153
XM_034461069.1	10954	10855	1.45109	0.156407
XM_034461070.1	3647	3548	0	0
XM_034461071.1	3679	3580	1.05073	0.343397
XM_034461072.1	3673	3574	7.51613	2.46054
XM_034461073.1	2273	2174	0	0
XM_034461074.1	2207	2108	1.81215	1.00581
XM_034461075.1	1891	1792	0	0
XM_034461076.1	2295	2196	0	0
XM_034461077.1	2574	2475	0	0
XM_034461078.1	2402	2303	0	0
XM_034461079.1	3643	3544	0	0
XM_034461080.1	2372	2273	0	0
XM_034461081.1	2363	2264	0	0
XM_034461082.1	2701	2602	0	0
XM_034461083.1	2663	2564	0	0
XM_034461084.1	1747	1648	0	0
XM_034461085.1	1767	1668	0	0
XM_034461086.1	3644	3545	0	0
XM_034461087.1	1974	1875	0	0
XM_034461088.1	1313	1214	2	1.92753
XM_034461089.1	1155	1056	0	0
XM_034461090.1	2088	1989	13.1005	7.70627
XM_034461091.1	3625	3526	0	0
XM_034461092.1	1865	1766	3.18672e-08	2.11127e-08
XM_034461093.1	1560	1461	0	0
XM_034461094.1	1857	1758	6.55087e-06	4.35984e-06
XM_034461095.1	1836	1737	8.67455	5.84303
XM_034461096.1	666	567	0	0
XM_034461097.1	685	586	0	0
XM_034461098.1	3592	3493	0	0
XM_034461099.1	3987	3888	0	0
XM_034461100.1	692	593	0	0
XM_034461101.1	666	567	0	0
XM_034461102.1	673	574	0	0
XM_034461103.1	1779	1680	0	0
XM_034461104.1	598	499	0	0
XM_034461105.1	3592	3493	0	0
XM_034461106.1	700	601	0	0
XM_034461107.1	713	614	0	0
XM_034461108.1	1650	1551	0	0
XM_034461109.1	652	553	8	16.9261
XM_034461110.1	609	510	0	0
XM_034461111.1	3589	3490	0	0
XM_034461112.1	2854	2755	6	2.54812
XM_034461113.1	1369	1270	0	0
XM_034461114.1	1194	1095	0	0
XM_034461115.1	1275	1176	0	0
XM_034461116.1	725	626	0	0
XM_034461117.1	522	423	0.494019	1.36645
XM_034461118.1	1358	1259	1.50598	1.39954
XM_034461119.1	3590	3491	0	0
XM_034461120.1	991	892	5	6.55837
XM_034461121.1	2534	2435	0	0
XM_034461122.1	405	306	0	0
XM_034461123.1	3583	3484	0	0
XM_034461124.1	587	488	1.36258	3.26689
XM_034461125.1	1410	1311	27	24.0964
XM_034461126.1	714	615	0	0
XM_034461127.1	1314	1215	0	0
XM_034461128.1	1063	964	0	0
XM_034461129.1	3582	3483	0	0
XM_034461130.1	3518	3419	6	2.05326
XM_034461131.1	1110	1011	0	0
XM_034461132.1	2872	2773	1.27642	0.538563
XM_034461133.1	3532	3433	0	0
XM_034461134.1	750	651	0	0
XM_034461135.1	675	576	0	0
XM_034461136.1	1119	1020	0	0
XM_034461137.1	3264	3165	0	0
XM_034461138.1	790	691	0	0
XM_034461139.1	3533	3434	0	0
XM_034461140.1	1007	908	0	0
XM_034461141.1	1007	908	0	0
XM_034461142.1	958	859	3.08789	4.20591
XM_034461143.1	1574	1475	0	0
XM_034461144.1	3533	3434	0	0
XM_034461145.1	1060	961	1	1.2175
XM_034461146.1	756	657	0	0
XM_034461147.1	3533	3434	0	0
XM_034461148.1	1174	1075	0	0
XM_034461149.1	1494	1395	0	0
XM_034461150.1	2181	2082	0	0
XM_034461151.1	3279	3180	5.0646	1.86341
XM_034461152.1	474	375	0	0
XM_034461153.1	371	272	0	0
XM_034461154.1	3647	3548	0	0
XM_034461155.1	3529	3430	0	0
XM_034461156.1	911	812	0	0
XM_034461157.1	911	812	0	0
XM_034461158.1	911	812	0	0
XM_034461159.1	5783	5684	13.2192	2.72108
XM_034461160.1	3530	3431	0	0
XM_034461161.1	4742	4643	0	0
XM_034461162.1	752	653	313.657	561.995
XM_034461163.1	1779	1680	8.07663	5.62486
XM_034461164.1	939	840	20.0885	27.9808
XM_034461165.1	1625	1526	0	0
XM_034461166.1	3496	3397	0	0
XM_034461167.1	1527	1428	2.49878e-05	2.04734e-05
XM_034461168.1	1512	1413	5.98631	4.95688
XM_034461169.1	1095	996	0	0
XM_034461170.1	4399	4300	0	0
XM_034461171.1	1331	1232	15.5565	14.7738
XM_034461172.1	3495	3396	0	0
XM_034461173.1	960	861	0	0
XM_034461174.1	4597	4498	59	15.347
XM_034461175.1	1898	1799	10.9779	7.1397
XM_034461176.1	4309	4210	0	0
XM_034461177.1	3544	3445	2.44829	0.831506
XM_034461178.1	3487	3388	0	0
XM_034461179.1	3765	3666	12.6592	4.04022
XM_034461180.1	2600	2501	2.72083	1.27285
XM_034461181.1	2596	2497	17.7873	8.33457
XM_034461182.1	1470	1371	11	9.38742
XM_034461183.1	2998	2899	24.9105	10.0537
XM_034461184.1	3475	3376	0	0
XM_034461185.1	1069	970	0	0
XM_034461186.1	1765	1666	0	0
XM_034461187.1	1386	1287	1	0.909101
XM_034461188.1	1728	1629	0	0
XM_034461189.1	1199	1100	1	1.06365
XM_034461190.1	3477	3378	0	0
XM_034461191.1	1266	1167	2.65987	2.66674
XM_034461192.1	4658	4559	0	0
XM_034461193.1	2551	2452	0	0
XM_034461194.1	1426	1327	0	0
XM_034461195.1	3437	3338	0	0
XM_034461196.1	2771	2672	51.5983	22.5938
XM_034461197.1	1089	990	2.87811	3.40144
XM_034461198.1	1203	1104	0	0
XM_034461199.1	902	803	1.44841	2.11041
XM_034461200.1	3433	3334	0	0
XM_034461201.1	822	723	6.91047	11.183
XM_034461202.1	4989	4890	7.24668	1.73389
XM_034461203.1	4617	4518	24.6901	6.39393
XM_034461204.1	474	375	0	0
XM_034461205.1	1038	939	0	0
XM_034461206.1	3434	3335	0	0
XM_034461207.1	435	336	0	0
XM_034461208.1	1101	1002	0	0
XM_034461209.1	606	507	0	0
XM_034461210.1	1826	1727	0	0
XM_034461211.1	1468	1369	0	0
XM_034461212.1	3379	3280	0	0
XM_034461213.1	857	758	0	0
XM_034461214.1	942	843	0	0
XM_034461215.1	3630	3531	8	2.65084
XM_034461216.1	3380	3281	0	0
XM_034461217.1	3380	3281	0	0
XM_034461218.1	2618	2519	2.7002	1.25418
XM_034461219.1	680	581	0	0
XM_034461220.1	4663	4564	0	0
XM_034461221.1	4532	4433	0	0
XM_034461222.1	3370	3271	0	0
XM_034461223.1	4559	4460	0	0
XM_034461224.1	3479	3380	0	0
XM_034461225.1	2321	2222	1.04687	0.551239
XM_034461226.1	538	439	0	0
XM_034461227.1	3324	3225	0	0
XM_034461228.1	1076	977	4.86702	5.82854
XM_034461229.1	1769	1670	0	0
XM_034461230.1	1185	1086	0	0
XM_034461231.1	637	538	6.34415	13.7969
XM_034461232.1	1848	1749	8.57041	5.73327
XM_034461233.1	3279	3180	0	0
XM_034461234.1	2685	2586	1	0.452441
XM_034461235.1	414	315	0	0
XM_034461236.1	5159	5060	4.66327	1.07828
XM_034461237.1	5319	5220	0	0
XM_034461238.1	3265	3166	0	0
XM_034461239.1	784	685	0	0
XM_034461240.1	860	761	0	0
XM_034461241.1	1484	1385	0	0
XM_034461242.1	1677	1578	0.808296	0.599313
XM_034461243.1	3261	3162	0	0
XM_034461244.1	1522	1423	0	0
XM_034461245.1	1317	1218	0	0
XM_034461246.1	1220	1121	6	6.26234
XM_034461247.1	4268	4169	0	0
XM_034461248.1	3292	3193	0	0
XM_034461249.1	3256	3157	0	0
XM_034461250.1	1911	1812	0	0
XM_034461251.1	1692	1593	0	0
XM_034461252.1	2047	1948	9	5.40561
XM_034461253.1	2738	2639	0	0
XM_034461254.1	2612	2513	0	0
XM_034461255.1	1969	1870	12	7.50811
XM_034461256.1	3225	3126	0	0
XM_034461257.1	1885	1786	0	0
XM_034461258.1	1383	1284	0	0
XM_034461259.1	1279	1180	1	0.991537
XM_034461260.1	962	863	0	0
XM_034461261.1	857	758	0	0
XM_034461262.1	1157	1058	8	8.84698
XM_034461263.1	3115	3016	0	0
XM_034461264.1	1831	1732	47.4808	32.0746
XM_034461265.1	1165	1066	0	0
XM_034461266.1	1650	1551	6.20356	4.67972
XM_034461267.1	3016	2917	1	0.401102
XM_034461268.1	621	522	5.9701	13.3814
XM_034461269.1	1856	1757	0	0
XM_034461270.1	2317	2218	0	0
XM_034461271.1	2301	2202	0	0
XM_034461272.1	2281	2182	0	0
XM_034461273.1	1096	997	0.00547784	0.00642844
XM_034461274.1	8339	8240	0.5	0.070996
XM_034461275.1	1859	1760	0	0
XM_034461276.1	1809	1710	0	0
XM_034461277.1	1275	1176	0	0
XM_034461278.1	1975	1876	0	0
XM_034461279.1	691	592	0	0
XM_034461280.1	1757	1658	0	0
XM_034461281.1	1481	1382	0	0
XM_034461282.1	1001	902	3	3.8914
XM_034461283.1	5454	5355	0	0
XM_034461284.1	644	545	0	0
XM_034461285.1	2504	2405	4.10698	1.99801
XM_034461286.1	506	407	0	0
XM_034461287.1	1210	1111	0	0
XM_034461288.1	1524	1425	1	0.821062
XM_034461289.1	3555	3456	0	0
XM_034461290.1	1536	1437	0	0
XM_034461291.1	1530	1431	0	0
XM_034461292.1	436	337	0	0
XM_034461293.1	2876	2777	0	0
XM_034461294.1	1589	1490	0	0
XM_034461295.1	1513	1414	0	0
XM_034461296.1	5657	5558	0	0
XM_034461297.1	1429	1330	8.19879	7.21256
XM_034461298.1	945	846	0	0
XM_034461299.1	1561	1462	0	0
XM_034461300.1	5650	5551	0	0
XM_034461301.1	3006	2907	1	0.402481
XM_034461302.1	764	665	0	0
XM_034461303.1	1274	1175	2.71676	2.70523
XM_034461304.1	5559	5460	0	0
XM_034461305.1	1154	1055	0	0
XM_034461306.1	2134	2035	0	0
XM_034461307.1	2611	2512	0	0
XM_034461308.1	2551	2452	33.3061	15.8926
XM_034461309.1	1957	1858	14	8.81603
XM_034461310.1	1490	1391	4	3.36452
XM_034461311.1	5072	4973	12.1585	2.86058
XM_034461312.1	2024	1925	6.34274	3.85511
XM_034461313.1	2322	2223	4	2.10529
XM_034461314.1	562	463	20	50.5405
XM_034461315.1	1913	1814	0	0
XM_034461316.1	1629	1530	1	0.764715
XM_034461317.1	518	419	0	0
XM_034461318.1	782	683	0	0
XM_034461319.1	1749	1650	71	50.346
XM_034461320.1	1022	923	0	0
XM_034461321.1	708	609	0	0
XM_034461322.1	2156	2057	0	0
XM_034461323.1	2025	1926	0	0
XM_034461324.1	2132	2033	69	39.7102
XM_034461325.1	2327	2228	6	3.15084
XM_034461326.1	1535	1436	0	0
XM_034461327.1	8194	8095	4.10104e-06	5.92746e-07
XM_034461328.1	8076	7977	124	18.1875
XM_034461329.1	660	561	0	0
XM_034461330.1	376	277	17.7385	74.925
XM_034461331.1	768	669	13	22.7357
XM_034461332.1	3169	3070	0	0
XM_034461333.1	2905	2806	0	0
XM_034461334.1	3036	2937	0	0
XM_034461335.1	3104	3005	0	0
XM_034461336.1	2876	2777	0	0
XM_034461337.1	3966	3867	9.10038	2.75344
XM_034461338.1	2944	2845	0	0
XM_034461339.1	2976	2877	0	0
XM_034461340.1	2479	2380	69.9037	34.3648
XM_034461341.1	1638	1539	76	57.7784
XM_034461342.1	1576	1477	0	0
XM_034461343.1	1954	1855	0	0
XM_034461344.1	1830	1731	0	0
XM_034461345.1	2116	2017	0	0
XM_034461346.1	5995	5896	27.6667	5.49023
XM_034461347.1	4284	4185	2	0.559146
XM_034461348.1	815	716	25	40.8524
XM_034461349.1	4642	4543	1	0.257542
XM_034461350.1	1929	1830	0	0
XM_034461351.1	2387	2288	0	0
XM_034461352.1	1421	1322	11	9.73536
XM_034461353.1	3177	3078	3	1.14036
XM_034461354.1	1491	1392	0	0
XM_034461355.1	1036	937	0	0
XM_034461356.1	1881	1782	0	0
XM_034461357.1	2002	1903	2	1.22965
XM_034461358.1	1687	1588	1.46269e-05	1.07768e-05
XM_034461359.1	1672	1573	0.999985	0.743799
XM_034461360.1	1607	1508	0	0
XM_034461361.1	1778	1679	27.5708	19.2127
XM_034461362.1	6039	5940	1.57515	0.310259
XM_034461363.1	6036	5937	2.84887	0.56143
XM_034461364.1	6024	5925	30.576	6.03786
XM_034461365.1	4585	4486	0	0
XM_034461366.1	4818	4719	0	0
XM_034461367.1	1924	1825	0	0
XM_034461368.1	1231	1132	0	0
XM_034461369.1	1211	1112	0	0
XM_034461370.1	1221	1122	0	0
XM_034461371.1	1218	1119	0	0
XM_034461372.1	2814	2715	3	1.29283
XM_034461373.1	1978	1879	7	4.35875
XM_034461374.1	619	520	52	117.001
XM_034461375.1	1842	1743	0	0
XM_034461376.1	1978	1879	0	0
XM_034461377.1	2093	1994	0	0
XM_034461378.1	2235	2136	0	0
XM_034461379.1	1425	1326	0	0
XM_034461380.1	4002	3903	40.5887	12.1674
XM_034461381.1	3953	3854	0	0
XM_034461382.1	3950	3851	0	0
XM_034461383.1	3926	3827	0	0
XM_034461384.1	3923	3824	0	0
XM_034461385.1	3917	3818	0	0
XM_034461386.1	3914	3815	0	0
XM_034461387.1	3800	3701	0	0
XM_034461388.1	3797	3698	30	9.49173
XM_034461389.1	3791	3692	0	0
XM_034461390.1	3788	3689	0	0
XM_034461391.1	2742	2643	0	0
XM_034461392.1	2742	2643	0	0
XM_034461393.1	3642	3543	0	0
XM_034461394.1	2926	2827	0	0
XM_034461395.1	2699	2600	0.00809026	0.00364066
XM_034461396.1	2914	2815	0	0
XM_034461397.1	2908	2809	0	0
XM_034461398.1	2687	2588	0	0
XM_034461399.1	2681	2582	27.9919	12.6843
XM_034461400.1	2895	2796	0	0
XM_034461401.1	2668	2569	0	0
XM_034461402.1	2883	2784	0	0
XM_034461403.1	2852	2753	0	0
XM_034461404.1	3363	3264	0	0
XM_034461405.1	2626	2527	2.21422e-07	1.0252e-07
XM_034461406.1	15984	15885	0.574852	0.0423409
XM_034461407.1	15960	15861	3.38697	0.249846
XM_034461408.1	15948	15849	8.22955	0.607526
XM_034461409.1	15921	15822	60.8086	4.49671
XM_034461410.1	4581	4482	0	0
XM_034461411.1	1305	1206	1	0.97016
XM_034461412.1	4406	4307	0	0
XM_034461413.1	4524	4425	0	0
XM_034461414.1	4389	4290	0	0
XM_034461415.1	4247	4148	7.53694e-05	2.12592e-05
XM_034461416.1	4750	4651	0	0
XM_034461417.1	4728	4629	0	0
XM_034461418.1	4704	4605	0	0
XM_034461419.1	4502	4403	0	0
XM_034461420.1	4331	4232	33.9666	9.3907
XM_034461421.1	4423	4324	0	0
XM_034461422.1	4408	4309	0	0
XM_034461423.1	4321	4222	0	0
XM_034461424.1	4305	4206	0	0
XM_034461425.1	4224	4125	0.0332813	0.0094399
XM_034461426.1	3901	3802	1.51629e-05	4.66616e-06
XM_034461427.1	3853	3754	45	14.0252
XM_034461428.1	567	468	0	0
XM_034461429.1	757	658	0	0
XM_034461430.1	2243	2144	2	1.09143
XM_034461431.1	666	567	0	0
XM_034461432.1	2666	2567	7	3.19053
XM_034461433.1	1896	1797	0	0
XM_034461434.1	1971	1872	0	0
XM_034461435.1	11073	10974	22.6478	2.41464
XM_034461436.1	11067	10968	43.016	4.58874
XM_034461437.1	2945	2846	73	30.0109
XM_034461438.1	1067	968	0	0
XM_034461439.1	1321	1222	13	12.447
XM_034461440.1	2010	1911	14.6809	8.98841
XM_034461441.1	1519	1420	24	19.7749
XM_034461442.1	659	560	0	0
XM_034461443.1	3467	3368	0	0
XM_034461444.1	2518	2419	2	0.967353
XM_034461445.1	2659	2560	0	0
XM_034461446.1	980	881	0	0
XM_034461447.1	5611	5512	1.08948	0.23126
XM_034461448.1	1878	1779	4	2.63072
XM_034461449.1	2292	2193	2	1.06704
XM_034461450.1	3946	3847	0.86153	0.262023
XM_034461451.1	1970	1871	0.000237955	0.000148803
XM_034461452.1	1186	1087	0	0
XM_034461453.1	2877	2778	19.0448	8.0211
XM_034461454.1	2789	2690	0	0
XM_034461455.1	2832	2733	0.00399364	0.0017097
XM_034461456.1	2811	2712	33.9513	14.6473
XM_034461457.1	2938	2839	0.21878	0.090164
XM_034461458.1	2927	2828	20.7812	8.5977
XM_034461459.1	2215	2116	0	0
XM_034461460.1	5342	5243	3	0.669472
XM_034461461.1	2244	2145	0	0
XM_034461462.1	2158	2059	2	1.13649
XM_034461463.1	2187	2088	1.49987e-07	8.40456e-08
XM_034461464.1	1485	1386	1	0.844166
XM_034461465.1	1976	1877	0	0
XM_034461466.1	2104	2005	8.18367	4.77556
XM_034461467.1	1884	1785	9.01819e-07	5.91115e-07
XM_034461468.1	1859	1760	13.8163	9.18482
XM_034461469.1	1249	1150	0	0
XM_034461470.1	1250	1151	0	0
XM_034461471.1	1240	1141	0	0
XM_034461472.1	1638	1539	0	0
XM_034461473.1	1620	1521	0	0
XM_034461474.1	7189	7090	2.85694	0.471462
XM_034461475.1	6320	6221	0.1763	0.0331576
XM_034461476.1	6314	6215	0.546789	0.102937
XM_034461477.1	2439	2340	3	1.50002
XM_034461478.1	3804	3705	4	1.26317
XM_034461479.1	2375	2276	5	2.57033
XM_034461480.1	1764	1665	2.02326e-08	1.42177e-08
XM_034461481.1	1837	1738	0	0
XM_034461482.1	5415	5316	1.20442e-08	2.65085e-09
XM_034461483.1	3754	3655	53	16.966
XM_034461484.1	2227	2128	2	1.09964
XM_034461485.1	1462	1363	0	0
XM_034461486.1	1920	1821	0	0
XM_034461487.1	2482	2383	80	39.2787
XM_034461488.1	1207	1108	0	0
XM_034461489.1	933	834	0	0
XM_034461490.1	1143	1044	0	0
XM_034461491.1	3994	3895	0	0
XM_034461492.1	3857	3758	0	0
XM_034461493.1	3730	3631	11	3.54452
XM_034461494.1	4070	3971	0	0
XM_034461495.1	1666	1567	1	0.746658
XM_034461496.1	901	802	0	0
XM_034461497.1	2321	2222	11.6606	6.14002
XM_034461498.1	1100	1001	0	0
XM_034461499.1	1522	1423	0	0
XM_034461500.1	3318	3219	9.13139	3.31899
XM_034461501.1	1599	1500	0	0
XM_034461502.1	1049	950	1.09829	1.35265
XM_034461503.1	1040	941	1.34087	1.6672
XM_034461504.1	2535	2436	4	1.9212
XM_034461505.1	16148	16049	81.2105	5.92045
XM_034461506.1	3512	3413	52	17.8262
XM_034461507.1	2657	2558	0	0
XM_034461508.1	4555	4456	0	0
XM_034461509.1	2382	2283	0	0
XM_034461510.1	2335	2236	22	11.5118
XM_034461511.1	1200	1101	0	0
XM_034461512.1	1028	929	8	10.0755
XM_034461513.1	1894	1795	5	3.25909
XM_034461514.1	3133	3034	4.16131	1.60474
XM_034461515.1	1806	1707	0	0
XM_034461516.1	571	472	0	0
XM_034461517.1	3619	3520	0.0396462	0.013178
XM_034461518.1	3610	3511	0	0
XM_034461519.1	3597	3498	61.9604	20.7245
XM_034461520.1	2302	2203	0	0
XM_034461521.1	2226	2127	0	0
XM_034461522.1	2220	2121	0	0
XM_034461523.1	2991	2892	9.70825	3.92766
XM_034461524.1	1841	1742	2.67023	1.79346
XM_034461525.1	3130	3031	34.0584	13.1471
XM_034461526.1	2058	1959	1	0.59725
XM_034461527.1	4280	4181	0	0
XM_034461528.1	3174	3075	0	0
XM_034461529.1	2202	2103	0	0
XM_034461530.1	2258	2159	0	0
XM_034461531.1	2106	2007	19.9191	11.6122
XM_034461532.1	1998	1899	0	0
XM_034461533.1	4803	4704	12.9801	3.2285
XM_034461534.1	2070	1971	0.000160149	9.50665e-05
XM_034461535.1	1986	1887	0	0
XM_034461536.1	2053	1954	4.14406	2.48137
XM_034461537.1	1968	1869	0	0
XM_034461538.1	1926	1827	0	0
XM_034461539.1	1821	1722	8.26623	5.61649
XM_034461540.1	3060	2961	16.0673	6.34886
XM_034461541.1	4802	4703	16.6566	4.14382
XM_034461542.1	3144	3045	2.10797	0.809967
XM_034461543.1	3308	3209	0	0
XM_034461544.1	2952	2853	9.52764	3.90728
XM_034461545.1	3116	3017	0	0
XM_034461546.1	2018	1919	9.14159	5.57362
XM_034461547.1	1943	1844	7.81763	4.96027
XM_034461548.1	4196	4097	24.3634	6.95765
XM_034461549.1	735	636	0	0
XM_034461550.1	1253	1154	0	0
XM_034461551.1	3251	3152	14.9485	5.54884
XM_034461552.1	1775	1676	9.05149	6.31883
XM_034461553.1	1416	1317	201	178.567
XM_034461554.1	1039	940	0	0
XM_034461555.1	9338	9239	9	1.13975
XM_034461556.1	5229	5130	40	9.12291
XM_034461557.1	1782	1683	3	2.08559
XM_034461558.1	7414	7315	0	0
XM_034461559.1	2042	1943	67.353	40.5579
XM_034461560.1	736	637	1	1.83676
XM_034461561.1	2403	2304	0	0
XM_034461562.1	2394	2295	2.20747e-07	1.12539e-07
XM_034461563.1	2362	2263	3.14058	1.62374
XM_034461564.1	1816	1717	2.26833	1.54571
XM_034461565.1	2485	2386	0	0
XM_034461566.1	1807	1708	3.20198	2.19342
XM_034461567.1	2409	2310	6.03995e-08	3.05923e-08
XM_034461568.1	2702	2603	10.9445	4.91939
XM_034461569.1	2414	2315	0	0
XM_034461570.1	2398	2299	8	4.07138
XM_034461571.1	3228	3129	0	0
XM_034461572.1	3671	3572	0.00964155	0.0031581
XM_034461573.1	3651	3552	6.99036	2.30259
XM_034461574.1	4804	4705	0	0
XM_034461575.1	2910	2811	0	0
XM_034461576.1	2875	2776	0	0
XM_034461577.1	2562	2463	2	0.950072
XM_034461578.1	3435	3336	0	0
XM_034461579.1	2878	2779	0	0
XM_034461580.1	2894	2795	0	0
XM_034461581.1	2875	2776	0	0
XM_034461582.1	2475	2376	6	2.95458
XM_034461583.1	1733	1634	5	3.58021
XM_034461584.1	2555	2456	0	0
XM_034461585.1	1085	986	0	0
XM_034461586.1	1201	1102	0	0
XM_034461587.1	1109	1010	8.51814	9.86767
XM_034461588.1	1070	971	0	0
XM_034461589.1	1037	938	0	0
XM_034461590.1	1161	1062	0	0
XM_034461591.1	1069	970	7.21893	8.70747
XM_034461592.1	909	810	0	0
XM_034461593.1	2825	2726	3	1.28762
XM_034461594.1	2825	2726	3	1.28762
XM_034461595.1	2291	2192	25	13.3441
XM_034461596.1	3139	3040	23	8.85208
XM_034461597.1	1484	1385	0.000795463	0.000671987
XM_034461598.1	1375	1276	0	0
XM_034461599.1	1475	1376	1.66641	1.41695
XM_034461600.1	1476	1377	3.3328	2.83182
XM_034461601.1	1034	935	3.88985	4.86757
XM_034461602.1	1035	936	1.11015	1.3877
XM_034461603.1	5342	5243	0	0
XM_034461604.1	3674	3575	6.99274	2.28856
XM_034461605.1	1890	1791	0	0
XM_034461606.1	1871	1772	0	0
XM_034461607.1	1699	1600	0	0
XM_034461608.1	1721	1622	11	7.93474
XM_034461609.1	1708	1609	119.315	86.762
XM_034461610.1	1324	1225	0	0
XM_034461611.1	1299	1200	0	0
XM_034461612.1	1297	1198	0	0
XM_034461613.1	764	665	10	17.5942
XM_034461614.1	4111	4012	18	5.24931
XM_034461615.1	754	655	1	1.78628
XM_034461616.1	2676	2577	126	57.2067
XM_034461617.1	562	463	0	0
XM_034461618.1	2950	2851	0	0
XM_034461619.1	4703	4604	0	0
XM_034461620.1	2929	2830	0	0
XM_034461621.1	4616	4517	0	0
XM_034461622.1	3336	3237	0	0
XM_034461623.1	470	371	6	18.922
XM_034461624.1	1927	1828	7	4.48036
XM_034461625.1	1597	1498	0	0
XM_034461626.1	3909	3810	0	0
XM_034461627.1	2607	2508	2	0.933025
XM_034461628.1	1879	1780	0	0
XM_034461629.1	2694	2595	0	0
XM_034461630.1	1770	1671	0	0
XM_034461631.1	1112	1013	2	2.31
XM_034461632.1	1618	1519	3.30721	2.54738
XM_034461633.1	983	884	0	0
XM_034461634.1	1082	983	0	0
XM_034461635.1	2203	2104	37.4764	20.8402
XM_034461636.1	1798	1699	0	0
XM_034461637.1	1546	1447	4	3.23431
XM_034461638.1	1615	1516	13.1562	10.1536
XM_034461639.1	2442	2343	0	0
XM_034461640.1	694	595	139	273.331
XM_034461641.1	1863	1764	0	0
XM_034461642.1	1819	1720	2	1.36048
XM_034461643.1	1697	1598	0	0
XM_034461644.1	1742	1643	0	0
XM_034461645.1	1702	1603	0	0
XM_034461646.1	14672	14573	0	0
XM_034461647.1	14324	14225	3.65681	0.300775
XM_034461648.1	658	559	0	0
XM_034461649.1	3896	3797	0	0
XM_034461650.1	3857	3758	0	0
XM_034461651.1	3636	3537	12	3.96951
XM_034461652.1	1206	1107	8	8.45538
XM_034461653.1	1592	1493	0	0
XM_034461654.1	2694	2595	20.7563	9.35846
XM_034461655.1	2368	2269	46.2437	23.8456
XM_034461656.1	3315	3216	0	0
XM_034461657.1	3370	3271	0	0
XM_034461658.1	3063	2964	0	0
XM_034461659.1	1906	1807	0	0
XM_034461660.1	2233	2134	1	0.548272
XM_034461661.1	1189	1090	8	8.58725
XM_034461662.1	749	650	0	0
XM_034461663.1	3485	3386	0	0
XM_034461664.1	2389	2290	1571	802.66
XM_034461665.1	2609	2510	1	0.466141
XM_034461666.1	4369	4270	14	3.83611
XM_034461667.1	906	807	1	1.44983
XM_034461668.1	4454	4355	32	8.59711
XM_034461669.1	1347	1248	0	0
XM_034461670.1	1314	1215	8	7.70379
XM_034461671.1	5668	5569	0	0
XM_034461672.1	5494	5395	0	0
XM_034461673.1	5494	5395	0	0
XM_034461674.1	5320	5221	0	0
XM_034461675.1	4798	4699	27	6.72278
XM_034461676.1	4598	4499	0	0
XM_034461677.1	4449	4350	13	3.49659
XM_034461678.1	4621	4522	0	0
XM_034461679.1	4612	4513	0	0
XM_034461680.1	3389	3290	4	1.42251
XM_034461681.1	4483	4384	13.1614	3.51256
XM_034461682.1	4514	4415	0.00338636	0.000897415
XM_034461683.1	4373	4274	0	0
XM_034461684.1	4150	4051	34.4565	9.95176
XM_034461685.1	4736	4637	31	7.82196
XM_034461686.1	1461	1362	0.210027	0.180422
XM_034461687.1	1458	1359	2.78997	2.40199
XM_034461688.1	3709	3610	15.143	4.90789
XM_034461689.1	3709	3610	15.143	4.90789
XM_034461690.1	2060	1961	0	0
XM_034461691.1	753	654	0	0
XM_034461692.1	1456	1357	0	0
XM_034461693.1	3067	2968	2	0.788419
XM_034461694.1	1303	1204	0	0
XM_034461695.1	1099	1000	0	0
XM_034461696.1	1531	1432	0	0
XM_034461697.1	1301	1202	0	0
XM_034461698.1	1333	1234	0	0
XM_034461699.1	1680	1581	10	7.40046
XM_034461700.1	1173	1074	0	0
XM_034461701.1	2626	2527	2	0.92601
XM_034461702.1	1038	939	0	0
XM_034461703.1	1717	1618	0	0
XM_034461704.1	1108	1009	4	4.63831
XM_034461705.1	2275	2176	0	0
XM_034461706.1	2271	2172	0	0
XM_034461707.1	2141	2042	22	12.6054
XM_034461708.1	1163	1064	5	5.49818
XM_034461709.1	4606	4507	3.91288	1.01578
XM_034461710.1	4448	4349	0	0
XM_034461711.1	1297	1198	0	0
XM_034461712.1	4256	4157	106.803	30.0603
XM_034461713.1	697	598	2	3.91309
XM_034461714.1	1075	976	0	0
XM_034461715.1	6785	6686	0	0
XM_034461716.1	3476	3377	4.97694e-07	1.72434e-07
XM_034461717.1	6662	6563	0	0
XM_034461718.1	6557	6458	0	0
XM_034461719.1	6554	6455	0	0
XM_034461720.1	6554	6455	0	0
XM_034461721.1	6554	6455	0	0
XM_034461722.1	6554	6455	0	0
XM_034461723.1	6431	6332	0	0
XM_034461724.1	6323	6224	0	0
XM_034461725.1	6323	6224	0	0
XM_034461726.1	6323	6224	0	0
XM_034461727.1	3470	3371	4.00756e-06	1.39095e-06
XM_034461728.1	6323	6224	0	0
XM_034461729.1	6323	6224	0	0
XM_034461730.1	6257	6158	0	0
XM_034461731.1	6200	6101	0	0
XM_034461732.1	5861	5762	0.0011418	0.00023185
XM_034461733.1	5861	5762	92.1211	18.7058
XM_034461734.1	5861	5762	0	0
XM_034461735.1	5801	5702	14.868	3.05081
XM_034461736.1	5738	5639	0.00973531	0.00201994
XM_034461737.1	5593	5494	0	0
XM_034461738.1	3461	3362	9.22113e-05	3.20906e-05
XM_034461739.1	2225	2126	1	0.550336
XM_034461740.1	744	645	3.75858	6.81797
XM_034461741.1	3443	3344	0.0500684	0.0175181
XM_034461742.1	2470	2371	0	0
XM_034461743.1	2260	2161	2.4118	1.3058
XM_034461744.1	2663	2564	0.0112701	0.00514279
XM_034461745.1	2648	2549	10.9887	5.04392
XM_034461746.1	2422	2323	0	0
XM_034461747.1	3434	3335	1.18162	0.414547
XM_034461748.1	3874	3775	48	14.877
XM_034461749.1	2078	1979	2	1.18243
XM_034461750.1	2462	2363	11	5.44653
XM_034461751.1	2120	2021	0	0
XM_034461752.1	2078	1979	0	0
XM_034461753.1	3428	3329	9.76821	3.43315
XM_034461754.1	2026	1927	2.35685	1.431
XM_034461755.1	3802	3703	19.5395	6.17379
XM_034461756.1	414	315	0	0
XM_034461757.1	728	629	1	1.86012
XM_034461758.1	2579	2480	0	0
XM_034461759.1	2616	2517	2.14224	0.99581
XM_034461760.1	1921	1822	0	0
XM_034461761.1	1857	1758	6	3.99322
XM_034461762.1	1241	1142	0	0
XM_034461763.1	1392	1293	0	0
XM_034461764.1	1126	1027	27	30.7598
XM_034461765.1	1281	1182	0	0
XM_034461766.1	728	629	0	0
XM_034461767.1	4339	4240	42	11.5898
XM_034461768.1	4135	4036	0	0
XM_034461769.1	3993	3894	8.8952	2.6727
XM_034461770.1	4120	4021	1.77288	0.515865
XM_034461771.1	6450	6351	0	0
XM_034461772.1	9058	8959	4.69593	0.613272
XM_034461773.1	9052	8953	10.3041	1.34658
XM_034461774.1	1925	1826	0	0
XM_034461775.1	10546	10447	39	4.36781
XM_034461776.1	10556	10457	5	0.55944
XM_034461777.1	3384	3285	283	100.796
XM_034461778.1	381	282	7	29.0429
XM_034461779.1	2871	2772	6	2.5325
XM_034461780.1	631	532	2	4.39855
XM_034461781.1	5655	5556	132	27.7973
XM_034461782.1	2805	2706	1	0.432377
XM_034461783.1	1213	1114	0	0
XM_034461784.1	4792	4693	4.39572	1.0959
XM_034461785.1	4621	4522	4.60428	1.1913
XM_034461786.1	1277	1178	1	0.99322
XM_034461787.1	3678	3579	10.0516	3.28598
XM_034461788.1	1114	1015	1	1.15272
XM_034461789.1	1537	1438	0	0
XM_034461790.1	1551	1452	0	0
XM_034461791.1	1361	1262	0	0
XM_034461792.1	1504	1405	0	0
XM_034461793.1	1474	1375	0	0
XM_034461794.1	2465	2366	0	0
XM_034461795.1	1298	1199	0	0
XM_034461796.1	1387	1288	0	0
XM_034461797.1	2494	2395	0	0
XM_034461798.1	2497	2398	0	0
XM_034461799.1	2439	2340	0	0
XM_034461800.1	2441	2342	0	0
XM_034461801.1	2346	2247	0	0
XM_034461802.1	2380	2281	0	0
XM_034461803.1	402	303	0	0
XM_034461804.1	2955	2856	0	0
XM_034461805.1	1385	1286	0	0
XM_034461806.1	1337	1238	18	17.0115
XM_034461807.1	961	862	0	0
XM_034461808.1	2143	2044	0	0
XM_034461809.1	2150	2051	4.1029	2.34054
XM_034461810.1	755	656	1	1.78356
XM_034461811.1	522	423	0	0
XM_034461812.1	2642	2543	0	0
XM_034461813.1	2641	2542	0	0
XM_034461814.1	2512	2413	2	0.969758
XM_034461815.1	2454	2355	8	3.97457
XM_034461816.1	1343	1244	0	0
XM_034461817.1	1295	1196	11	10.761
XM_034461818.1	1858	1759	0	0
XM_034461819.1	639	540	2.26536	4.90833
XM_034461820.1	486	387	0	0
XM_034461821.1	4191	4092	0	0
XM_034461822.1	4157	4058	0	0
XM_034461823.1	4148	4049	0	0
XM_034461824.1	4142	4043	0	0
XM_034461825.1	4136	4037	0	0
XM_034461826.1	4119	4020	0	0
XM_034461827.1	4121	4022	0	0
XM_034461828.1	4113	4014	0	0
XM_034461829.1	4115	4016	0	0
XM_034461830.1	4104	4005	0	0
XM_034461831.1	4109	4010	0	0
XM_034461832.1	4098	3999	26.5571	7.77
XM_034461833.1	4100	4001	0	0
XM_034461834.1	4092	3993	0	0
XM_034461835.1	4094	3995	0	0
XM_034461836.1	4077	3978	0	0
XM_034461837.1	4071	3972	0	0
XM_034461838.1	4065	3966	0	0
XM_034461839.1	4056	3957	36.4429	10.7755
XM_034461840.1	4050	3951	0	0
XM_034461841.1	2372	2273	0	0
XM_034461842.1	2197	2098	0	0
XM_034461843.1	2364	2265	48	24.795
XM_034461844.1	1833	1734	12.3363	8.3239
XM_034461845.1	1938	1839	0	0
XM_034461846.1	1642	1543	21.6637	16.427
XM_034461847.1	1480	1381	179	151.653
XM_034461848.1	2129	2030	10.1969	5.87712
XM_034461849.1	1923	1824	14.4219	9.25097
XM_034461850.1	450	351	0	0
XM_034461851.1	2544	2445	16.0921	7.70062
XM_034461852.1	2631	2532	0	0
XM_034461853.1	2550	2451	0.907855	0.433375
XM_034461854.1	2472	2373	0	0
XM_034461855.1	2488	2389	0	0
XM_034461856.1	980	881	4.93843	6.55849
XM_034461857.1	2076	1977	0	0
XM_034461858.1	3059	2960	0	0
XM_034461859.1	3000	2901	0	0
XM_034461860.1	2991	2892	0	0
XM_034461861.1	3352	3253	0	0
XM_034461862.1	4754	4655	0	0
XM_034461863.1	3331	3232	0	0
XM_034461864.1	3319	3220	0	0
XM_034461865.1	4718	4619	143.356	36.3128
XM_034461866.1	3287	3188	0	0
XM_034461867.1	3274	3175	0	0
XM_034461868.1	3233	3134	0	0
XM_034461869.1	3205	3106	3.66706	1.38136
XM_034461870.1	3151	3052	0	0
XM_034461871.1	3061	2962	0	0
XM_034461872.1	2992	2893	1.82232	0.736998
XM_034461873.1	2989	2890	6.15414	2.4915
XM_034461874.1	3039	2940	0	0
XM_034461875.1	2969	2870	0	0
XM_034461876.1	3209	3110	0	0
XM_034461877.1	5938	5839	0	0
XM_034461878.1	6382	6283	6.00541	1.11832
XM_034461879.1	6393	6294	0	0
XM_034461880.1	5828	5729	0	0
XM_034461881.1	5828	5729	0	0
XM_034461882.1	5828	5729	0	0
XM_034461883.1	5828	5729	0	0
XM_034461884.1	5938	5839	15.1681	3.03937
XM_034461885.1	5938	5839	34.6699	6.94713
XM_034461886.1	6012	5913	0	0
XM_034461887.1	5841	5742	0	0
XM_034461888.1	5863	5764	46.2058	9.37915
XM_034461889.1	5935	5836	0	0
XM_034461890.1	6390	6291	91.0939	16.9418
XM_034461891.1	5935	5836	0	0
XM_034461892.1	5834	5735	0	0
XM_034461893.1	1906	1807	15.083	9.76608
XM_034461894.1	2054	1955	0.000512793	0.000306892
XM_034461895.1	2038	1939	7.87632	4.75265
XM_034461896.1	1919	1820	0.0033625	0.00216163
XM_034461897.1	1407	1308	0	0
XM_034461898.1	1919	1820	0.0033625	0.00216163
XM_034461899.1	1371	1272	0	0
XM_034461900.1	1334	1235	0	0
XM_034461901.1	1238	1139	0	0
XM_034461902.1	1250	1151	15	15.2478
XM_034461903.1	2186	2087	180	100.912
XM_034461904.1	3269	3170	36	13.2872
XM_034461905.1	977	878	0	0
XM_034461906.1	1076	977	0	0
XM_034461907.1	2488	2389	0	0
XM_034461908.1	2512	2413	0	0
XM_034461909.1	2373	2274	23	11.8339
XM_034461910.1	696	597	0	0
XM_034461911.1	1815	1716	1	0.681826
XM_034461912.1	684	585	0	0
XM_034461913.1	1487	1388	0	0
XM_034461914.1	1484	1385	0	0
XM_034461915.1	1451	1352	1	0.865395
XM_034461916.1	3535	3436	67.3149	22.9218
XM_034461917.1	3020	2921	16.6279	6.66036
XM_034461918.1	3586	3487	43.3721	14.5529
XM_034461919.1	1623	1524	1	0.767725
XM_034461920.1	4532	4433	16	4.22292
XM_034461921.1	749	650	14	25.2003
XM_034461922.1	5721	5622	7.1042e-06	1.47848e-06
XM_034461923.1	5718	5619	1.3287e-05	2.76668e-06
XM_034461924.1	5676	5577	0.0882096	0.0185057
XM_034461925.1	5658	5559	3.91177	0.823318
XM_034461926.1	6715	6616	13	2.299
XM_034461927.1	6835	6736	0	0
XM_034461928.1	1118	1019	2	2.2964
XM_034461929.1	6821	6722	1.03923e-07	1.80885e-08
XM_034461930.1	6870	6771	0	0
XM_034461931.1	1843	1744	0	0
XM_034461932.1	1806	1707	0	0
XM_034461933.1	1046	947	5	6.17747
XM_034461934.1	791	692	32	54.1047
XM_034461935.1	732	633	3	5.54509
XM_034461936.1	1530	1431	1	0.817619
XM_034461937.1	648	549	0	0
XM_034461938.1	7662	7563	0	0
XM_034461939.1	5812	5713	12	2.45758
XM_034461940.1	1224	1125	0	0
XM_034461941.1	1472	1373	0	0
XM_034461942.1	2761	2662	0	0
XM_034461943.1	2810	2711	2.01777	0.870828
XM_034461944.1	7615	7516	0	0
XM_034461945.1	7751	7652	15.1437	2.31551
XM_034461946.1	7740	7641	46.3753	7.10113
XM_034461947.1	7736	7637	0	0
XM_034461948.1	2942	2843	0	0
XM_034461949.1	2845	2746	3.55415	1.51435
XM_034461950.1	2035	1936	5.14321	3.10828
XM_034461951.1	1963	1864	2.17224e-08	1.36349e-08
XM_034461952.1	1935	1836	1.11508	0.710601
XM_034461953.1	6762	6663	31	5.44356
XM_034461954.1	2084	1985	2.47805	1.46063
XM_034461955.1	2449	2350	0	0
XM_034461956.1	3234	3135	19.8499	7.40819
XM_034461957.1	2319	2220	5.25775	2.77101
XM_034461958.1	2207	2108	9.72723	5.39895
XM_034461959.1	2268	2169	5.31887	2.86913
XM_034461960.1	7657	7558	0	0
XM_034461961.1	3928	3829	2.54547	0.777809
XM_034461962.1	3835	3736	0	0
XM_034461963.1	3834	3735	0	0
XM_034461964.1	3767	3668	0	0
XM_034461965.1	2367	2268	0	0
XM_034461966.1	2237	2138	5	2.73623
XM_034461967.1	2022	1923	5.57621	3.39274
XM_034461968.1	2240	2141	0	0
XM_034461969.1	2324	2225	0	0
XM_034461970.1	995	896	0	0
XM_034461971.1	992	893	0	0
XM_034461972.1	1238	1139	28.191	28.9586
XM_034461973.1	974	875	123.809	165.552
XM_034461974.1	6302	6203	0	0
XM_034461975.1	5896	5797	17.8854	3.60982
XM_034461976.1	5710	5611	0	0
XM_034461977.1	5679	5580	70.1146	14.7016
XM_034461978.1	5673	5574	4.22685e-06	8.87238e-07
XM_034461979.1	2169	2070	2.03242e-06	1.14877e-06
XM_034461980.1	2146	2047	0.999998	0.571574
XM_034461981.1	2136	2037	0	0
XM_034461982.1	2053	1954	2	1.19756
XM_034461983.1	1355	1256	0	0
XM_034461984.1	2973	2874	15.5563	6.33302
XM_034461985.1	2117	2018	0	0
XM_034461986.1	2150	2051	0	0
XM_034461987.1	1307	1208	0	0
XM_034461988.1	1447	1348	0	0
XM_034461989.1	1285	1186	0	0
XM_034461990.1	2337	2238	0	0
XM_034461991.1	985	886	0	0
XM_034461992.1	722	623	0	0
XM_034461993.1	4396	4297	0	0
XM_034461994.1	4108	4009	0	0
XM_034461995.1	4309	4210	73	20.2876
XM_034461996.1	7007	6908	10	1.69371
XM_034461997.1	1333	1234	6	5.68888
XM_034461998.1	1814	1715	0	0
XM_034461999.1	1811	1712	0	0
XM_034462000.1	1396	1297	2	1.80418
XM_034462001.1	939	840	11	15.3216
XM_034462002.1	2244	2145	0	0
XM_034462003.1	2180	2081	11	6.1846
XM_034462004.1	2123	2024	17	9.82719
XM_034462005.1	1740	1641	0	0
XM_034462006.1	1802	1703	0	0
XM_034462007.1	1492	1393	0	0
XM_034462008.1	1259	1160	0	0
XM_034462009.1	1192	1093	4	4.28184
XM_034462010.1	1468	1369	0	0
XM_034462011.1	1542	1443	0	0
XM_034462012.1	1508	1409	0	0
XM_034462013.1	1772	1673	0	0
XM_034462014.1	1472	1373	0	0
XM_034462015.1	937	838	0	0
XM_034462016.1	1448	1349	0	0
XM_034462017.1	1391	1292	22	19.9228
XM_034462018.1	1030	931	32	40.2153
XM_034462019.1	8683	8584	32	4.36165
XM_034462020.1	4265	4166	0	0
XM_034462021.1	3822	3723	0	0
XM_034462022.1	4236	4137	0	0
XM_034462023.1	4220	4121	0	0
XM_034462024.1	4240	4141	0	0
XM_034462025.1	4223	4124	0	0
XM_034462026.1	4212	4113	0	0
XM_034462027.1	4190	4091	0	0
XM_034462028.1	4192	4093	0	0
XM_034462029.1	4162	4063	0	0
XM_034462030.1	4112	4013	0	0
XM_034462031.1	4098	3999	0	0
XM_034462032.1	2632	2533	0	0
XM_034462033.1	4029	3930	0	0
XM_034462034.1	4045	3946	0	0
XM_034462035.1	4005	3906	0	0
XM_034462036.1	4014	3915	0	0
XM_034462037.1	3929	3830	0	0
XM_034462038.1	564	465	0	0
XM_034462039.1	3970	3871	0	0
XM_034462040.1	3879	3780	0	0
XM_034462041.1	3830	3731	0	0
XM_034462042.1	3862	3763	0	0
XM_034462043.1	3810	3711	0	0
XM_034462044.1	3811	3712	0	0
XM_034462045.1	3832	3733	0	0
XM_034462046.1	3835	3736	0	0
XM_034462047.1	3864	3765	0	0
XM_034462048.1	3819	3720	0	0
XM_034462049.1	3752	3653	0	0
XM_034462050.1	3746	3647	0	0
XM_034462051.1	3726	3627	0	0
XM_034462052.1	3666	3567	0.0613109	0.0201106
XM_034462053.1	3655	3556	2.29588	0.755402
XM_034462054.1	3649	3550	16.6428	5.48516
XM_034462055.1	2065	1966	0.285828	0.170103
XM_034462056.1	1935	1836	0	0
XM_034462057.1	1882	1783	2	1.31241
XM_034462058.1	1954	1855	0	0
XM_034462059.1	1191	1092	1	1.07144
XM_034462060.1	2062	1963	1.71417	1.0217
XM_034462061.1	653	554	0	0
XM_034462062.1	2170	2071	0	0
XM_034462063.1	3086	2987	0	0
XM_034462064.1	3118	3019	0	0
XM_034462065.1	3012	2913	1.0458e-05	4.20048e-06
XM_034462066.1	2975	2876	34	13.8319
XM_034462067.1	5449	5350	0.38741	0.0847243
XM_034462068.1	5425	5326	75.6126	16.6105
XM_034462069.1	2631	2532	12	5.54509
XM_034462070.1	1124	1025	0	0
XM_034462071.1	1878	1779	0	0
XM_034462072.1	1894	1795	0	0
XM_034462073.1	1436	1337	176.873	154.782
XM_034462074.1	951	852	0	0
XM_034462075.1	1034	935	0	0
XM_034462076.1	1912	1813	12	7.74416
XM_034462077.1	1862	1763	0	0
XM_034462078.1	1835	1736	0	0
XM_034462079.1	3575	3476	5.50487	1.85293
XM_034462080.1	1424	1325	3.31865	2.93047
XM_034462081.1	4860	4761	0	0
XM_034462082.1	4360	4261	0	0
XM_034462083.1	3070	2971	0	0
XM_034462084.1	1959	1860	0	0
XM_034462085.1	2703	2604	2.00819	0.902308
XM_034462086.1	1945	1846	0	0
XM_034462087.1	1912	1813	0	0
XM_034462088.1	2044	1945	0	0
XM_034462089.1	1873	1774	0	0
XM_034462090.1	1781	1682	0	0
XM_034462091.1	3035	2936	0	0
XM_034462092.1	3129	3030	0	0
XM_034462093.1	2341	2242	0	0
XM_034462094.1	7021	6922	19.1677	3.23989
XM_034462095.1	1025	926	0.00018999	0.000240055
XM_034462096.1	1017	918	4.99981	6.37238
XM_034462097.1	697	598	0	0
XM_034462098.1	4684	4585	1.13708	0.290164
XM_034462099.1	4684	4585	1.13708	0.290164
XM_034462100.1	4943	4844	0	0
XM_034462101.1	4779	4680	0	0
XM_034462102.1	4674	4575	14.7258	3.76599
XM_034462103.1	1930	1831	0	0
XM_034462104.1	2477	2378	5	2.46008
XM_034462105.1	2119	2020	0	0
XM_034462106.1	1240	1141	0	0
XM_034462107.1	1383	1284	1.03044	0.938961
XM_034462108.1	1015	916	2	2.55461
XM_034462109.1	1128	1029	11	12.5074
XM_034462110.1	7744	7645	0.000460893	7.05364e-05
XM_034462111.1	7680	7581	8.83516	1.36357
XM_034462112.1	6822	6723	4.13766	0.720083
XM_034462113.1	4576	4477	5.02671	1.31367
XM_034462114.1	1069	970	0	0
XM_034462115.1	1212	1113	0	0
XM_034462116.1	1211	1112	0	0
XM_034462117.1	1043	944	0	0
XM_034462118.1	1007	908	0	0
XM_034462119.1	981	882	0	0
XM_034462120.1	1373	1274	22.4562	20.6232
XM_034462121.1	843	744	0	0
XM_034462122.1	1563	1464	1	0.799189
XM_034462123.1	949	850	0	0
XM_034462124.1	3218	3119	64	24.008
XM_034462125.1	4955	4856	6.22713e-06	1.50038e-06
XM_034462126.1	4943	4844	0.00011343	2.73977e-05
XM_034462127.1	4943	4844	0	0
XM_034462128.1	4928	4829	0.00431197	0.00104474
XM_034462129.1	4925	4826	0	0
XM_034462130.1	4922	4823	0.0185366	0.00449679
XM_034462131.1	3391	3292	0	0
XM_034462132.1	4922	4823	0.0185366	0.00449679
XM_034462133.1	4895	4796	13.4247	3.27505
XM_034462134.1	1937	1838	12.5531	7.99091
XM_034462135.1	4068	3969	0	0
XM_034462136.1	4750	4651	0	0
XM_034462137.1	2011	1912	0	0
XM_034462138.1	6021	5922	0	0
XM_034462139.1	1307	1208	3	2.90566
XM_034462140.1	3278	3179	0	0
XM_034462141.1	3213	3114	0	0
XM_034462142.1	1839	1740	6	4.03453
XM_034462143.1	3139	3040	19.4256	7.47639
XM_034462144.1	3138	3039	28.5744	11.0011
XM_034462145.1	3590	3491	0	0
XM_034462146.1	3460	3361	0	0
XM_034462147.1	3500	3401	0	0
XM_034462148.1	3015	2916	0.000493055	0.000197833
XM_034462149.1	2991	2892	7.99951	3.23635
XM_034462150.1	3139	3040	7.78085	2.99464
XM_034462151.1	3200	3101	76	28.6749
XM_034462152.1	4097	3998	9.60415	2.81065
XM_034462153.1	2976	2877	0	0
XM_034462154.1	2025	1926	0	0
XM_034462155.1	5000	4901	0	0
XM_034462156.1	4972	4873	0	0
XM_034462157.1	4952	4853	0	0
XM_034462158.1	4410	4311	0	0
XM_034462159.1	4733	4634	15	3.78727
XM_034462160.1	2823	2724	3.78737e-08	1.62675e-08
XM_034462161.1	2104	2005	0	0
XM_034462162.1	2782	2683	2.01475	0.8786
XM_034462163.1	2237	2138	0	0
XM_034462164.1	2129	2030	0	0
XM_034462165.1	2155	2056	0	0
XM_034462166.1	2131	2032	2.98525	1.71889
XM_034462167.1	14186	14087	0.01662	0.0013804
XM_034462168.1	14165	14066	0.0956357	0.007955
XM_034462169.1	14162	14063	0.122824	0.0102187
XM_034462170.1	14117	14018	5.27237	0.440059
XM_034462171.1	14093	13994	39.3492	3.28992
XM_034462172.1	1516	1417	2	1.6514
XM_034462173.1	509	410	1	2.85369
XM_034462174.1	1375	1276	8	7.33551
XM_034462175.1	512	413	0	0
XM_034462176.1	1233	1134	1	1.03176
XM_034462177.1	2607	2508	8	3.7321
XM_034462178.1	2710	2611	0	0
XM_034462179.1	6821	6722	0	0
XM_034462180.1	6990	6891	0	0
XM_034462181.1	6986	6887	0	0
XM_034462182.1	6564	6465	0	0
XM_034462183.1	6609	6510	0	0
XM_034462184.1	6537	6438	11.9996	2.18076
XM_034462185.1	1680	1581	0	0
XM_034462186.1	4812	4713	0	0
XM_034462187.1	4806	4707	0	0
XM_034462188.1	4797	4698	0	0
XM_034462189.1	4800	4701	0	0
XM_034462190.1	4786	4687	0	0
XM_034462191.1	4784	4685	0	0
XM_034462192.1	4761	4662	0	0
XM_034462193.1	4763	4664	0	0
XM_034462194.1	4057	3958	0	0
XM_034462195.1	3927	3828	9.93723e-09	3.03728e-09
XM_034462196.1	3868	3769	0.812978	0.252373
XM_034462197.1	3896	3797	0.000137885	4.24882e-05
XM_034462198.1	3887	3788	235.146	72.6305
XM_034462199.1	4550	4451	12.0405	3.16502
XM_034462200.1	3647	3548	0	0
XM_034462201.1	3400	3301	38	13.4688
XM_034462202.1	2673	2574	0	0
XM_034462203.1	2179	2080	0.00205515	0.00115604
XM_034462204.1	2164	2065	9.99794	5.66476
XM_034462205.1	761	662	2.32899e-08	4.11624e-08
XM_034462206.1	750	651	8	14.378
XM_034462207.1	5747	5648	2	0.414311
XM_034462208.1	1986	1887	0	0
XM_034462209.1	1894	1795	0.00956524	0.0062348
XM_034462210.1	402	303	12	46.3372
XM_034462211.1	990	891	0	0
XM_034462212.1	1041	942	0	0
XM_034462213.1	822	723	1	1.61828
XM_034462214.1	734	635	6	11.0552
XM_034462215.1	1227	1128	0	0
XM_034462216.1	1422	1323	0.421241	0.37253
XM_034462217.1	1158	1059	0	0
XM_034462218.1	426	327	0	0
XM_034462219.1	1624	1525	0	0
XM_034462220.1	4187	4088	6	1.71724
XM_034462221.1	3607	3508	20.7375	6.91651
XM_034462222.1	3574	3475	25.521	8.59278
XM_034462223.1	1203	1104	19	20.1361
XM_034462224.1	1849	1750	6	4.01147
XM_034462225.1	1352	1253	1	0.93377
XM_034462226.1	1263	1164	0	0
XM_034462227.1	1381	1282	3.13065e-07	2.85718e-07
XM_034462228.1	1302	1203	0	0
XM_034462229.1	1363	1264	5	4.62822
XM_034462230.1	4933	4834	0	0
XM_034462231.1	4911	4812	40	9.7258
XM_034462232.1	2135	2036	35	20.1132
XM_034462233.1	2074	1975	2	1.18482
XM_034462234.1	5863	5764	2	0.405973
XM_034462235.1	2130	2031	35	20.1627
XM_034462236.1	1876	1777	0	0
XM_034462237.1	1697	1598	6	4.39304
XM_034462238.1	2849	2750	6	2.55276
XM_034462239.1	3741	3642	196	62.9661
XM_034462240.1	6700	6601	0	0
XM_034462241.1	6583	6484	0	0
XM_034462242.1	5983	5884	23	4.57347
XM_034462243.1	3449	3350	0	0
XM_034462244.1	3426	3327	6.18876	2.17641
XM_034462245.1	3399	3300	0	0
XM_034462246.1	3015	2916	3	1.20372
XM_034462247.1	2928	2829	0	0
XM_034462248.1	6748	6649	0	0
XM_034462249.1	6045	5946	0	0
XM_034462250.1	2513	2414	27.1099	13.1396
XM_034462251.1	3728	3629	14.516	4.68005
XM_034462252.1	3228	3129	37.484	14.0162
XM_034462253.1	3136	3037	2.94489	1.13453
XM_034462254.1	3432	3333	0	0
XM_034462255.1	3979	3880	36.0551	10.8724
XM_034462256.1	2776	2677	0	0
XM_034462257.1	2692	2593	6.04327	2.72684
XM_034462258.1	1742	1643	39	27.7727
XM_034462259.1	1681	1582	0	0
XM_034462260.1	5838	5739	0	0
XM_034462261.1	5275	5176	0	0
XM_034462262.1	5655	5556	70	14.741
XM_034462263.1	8720	8621	12.5316	1.70075
XM_034462264.1	8713	8614	32.4949	4.41369
XM_034462265.1	8494	8395	0	0
XM_034462266.1	8367	8268	0.466258	0.0659806
XM_034462267.1	8332	8233	67.5625	9.60148
XM_034462268.1	2466	2367	0	0
XM_034462269.1	2479	2380	2.54972	1.25345
XM_034462270.1	3630	3531	0	0
XM_034462271.1	5655	5556	0.712811	0.150108
XM_034462272.1	5644	5545	7.28719	1.53762
XM_034462273.1	5745	5646	0	0
XM_034462274.1	1752	1653	9.77886	6.9216
XM_034462275.1	1145	1046	1	1.11856
XM_034462276.1	857	758	0	0
XM_034462277.1	1352	1253	0	0
XM_034462278.1	1304	1205	1	0.970965
XM_034462279.1	577	478	0	0
XM_034462280.1	2456	2357	5.15082e-07	2.55686e-07
XM_034462281.1	2422	2323	13	6.54764
XM_034462282.1	666	567	0	0
XM_034462283.1	2887	2788	0	0
XM_034462284.1	2652	2553	0	0
XM_034462285.1	2637	2538	0	0
XM_034462286.1	2548	2449	5	2.38876
XM_034462287.1	2115	2016	1	0.580364
XM_034462288.1	1109	1010	0	0
XM_034462289.1	1156	1057	5	5.5346
XM_034462290.1	2288	2189	0	0
XM_034462291.1	1109	1010	1.99392	2.30981
XM_034462292.1	1128	1029	0	0
XM_034462293.1	1114	1015	0.00608151	0.00701029
XM_034462294.1	17553	17454	0	0
XM_034462295.1	17519	17420	0	0
XM_034462296.1	17506	17407	0	0
XM_034462297.1	17223	17124	25.2255	1.72356
XM_034462298.1	17541	17442	0	0
XM_034462299.1	17211	17112	2.91958	0.199623
XM_034462300.1	17526	17427	0	0
XM_034462301.1	17492	17393	0	0
XM_034462302.1	17502	17403	0	0
XM_034462303.1	17464	17365	2.12788e-08	1.43372e-09
XM_034462304.1	17455	17356	3.9088e-08	2.63503e-09
XM_034462305.1	17490	17391	0	0
XM_034462306.1	17452	17353	4.78747e-08	3.22792e-09
XM_034462307.1	17443	17344	8.79803e-08	5.93509e-09
XM_034462308.1	17481	17382	0	0
XM_034462309.1	17475	17376	1.01239e-08	6.81694e-10
XM_034462310.1	17247	17148	0.0542085	0.00369866
XM_034462311.1	17235	17136	0.123221	0.00841329
XM_034462312.1	17196	17097	1.78409	0.122092
XM_034462313.1	17158	17059	24.2626	1.66408
XM_034462314.1	17184	17085	4.06535	0.278403
XM_034462315.1	15482	15383	0	0
XM_034462316.1	15568	15469	0	0
XM_034462317.1	15131	15032	0	0
XM_034462318.1	14801	14702	0.00920693	0.000732705
XM_034462319.1	14781	14682	0.0454559	0.0036224
XM_034462320.1	14505	14406	0.131481	0.0106785
XM_034462321.1	14449	14350	12.6766	1.03358
XM_034462322.1	4721	4622	0	0
XM_034462323.1	4167	4068	0	0
XM_034462324.1	1536	1437	488	397.332
XM_034462325.1	2242	2143	27	14.7412
XM_034462326.1	3469	3370	16.8372	5.84564
XM_034462327.1	5059	4960	0	0
XM_034462328.1	4966	4867	0	0
XM_034462329.1	4966	4867	0.0383693	0.00922387
XM_034462330.1	4948	4849	2.96163	0.714611
XM_034462331.1	4948	4849	0	0
XM_034462332.1	4930	4831	0	0
XM_034462333.1	4858	4759	0	0
XM_034462334.1	2298	2199	2.0344e-06	1.08243e-06
XM_034462335.1	2271	2172	4	2.15472
XM_034462336.1	1494	1395	0	0
XM_034462337.1	1485	1386	6.67353e-08	5.63356e-08
XM_034462338.1	1475	1376	0.000325988	0.000277188
XM_034462339.1	1780	1681	0	0
XM_034462340.1	1464	1365	3.99967	3.42833
XM_034462341.1	2038	1939	0	0
XM_034462342.1	3487	3388	0	0
XM_034462343.1	677	578	0	0
XM_034462344.1	3791	3692	0	0
XM_034462345.1	3792	3693	0	0
XM_034462346.1	3699	3600	2.17091	0.705553
XM_034462347.1	3700	3601	1.5673	0.509238
XM_034462348.1	3845	3746	0	0
XM_034462349.1	3965	3866	0	0
XM_034462350.1	3853	3754	0	0
XM_034462351.1	3970	3871	0	0
XM_034462352.1	810	711	0.261789	0.430798
XM_034462353.1	1223	1124	0	0
XM_034462354.1	2267	2168	4	2.1587
XM_034462355.1	2462	2363	1	0.495139
XM_034462356.1	1045	946	0	0
XM_034462357.1	1027	928	0	0
XM_034462358.1	3177	3078	0	0
XM_034462359.1	1627	1528	0.00176963	0.00135503
XM_034462360.1	1074	975	0	0
XM_034462361.1	1097	998	0	0
XM_034462362.1	1622	1523	0.0827161	0.063545
XM_034462363.1	1785	1686	0	0
XM_034462364.1	1684	1585	0	0
XM_034462365.1	1136	1037	0	0
XM_034462366.1	1617	1518	3.91551	3.01792
XM_034462367.1	812	713	1	1.64097
XM_034462368.1	740	641	1	1.82529
XM_034462369.1	2049	1950	0	0
XM_034462370.1	1560	1461	0	0
XM_034462371.1	914	815	675	969.03
XM_034462372.1	1425	1326	15.5168	13.6914
XM_034462373.1	910	811	1	1.44268
XM_034462374.1	880	781	0	0
XM_034462375.1	850	751	2	3.11588
XM_034462376.1	825	726	1	1.61159
XM_034462377.1	2539	2440	84	40.2792
XM_034462378.1	4476	4377	0.01267	0.00338681
XM_034462379.1	1332	1233	0	0
XM_034462380.1	1887	1788	0	0
XM_034462381.1	1661	1562	0	0
XM_034462382.1	1585	1486	31	24.4081
XM_034462383.1	1676	1577	0	0
XM_034462384.1	2809	2710	0	0
XM_034462385.1	2841	2742	0	0
XM_034462386.1	2418	2319	0	0
XM_034462387.1	2218	2119	1.13194e-07	6.25004e-08
XM_034462388.1	2194	2095	0.0718738	0.04014
XM_034462389.1	2189	2090	1.18534	0.663569
XM_034462390.1	5460	5361	27.4038	5.98075
XM_034462391.1	4227	4128	0	0
XM_034462392.1	4083	3984	24	7.04827
XM_034462393.1	4104	4005	0	0
XM_034462394.1	4118	4019	0	0
XM_034462395.1	4115	4016	0	0
XM_034462396.1	3963	3864	0	0
XM_034462397.1	3784	3685	0	0
XM_034462398.1	3336	3237	0	0
XM_034462399.1	3414	3315	0.00841971	0.0029717
XM_034462400.1	3161	3062	0	0
XM_034462401.1	3100	3001	0	0
XM_034462402.1	2973	2874	0	0
XM_034462403.1	1823	1724	3	2.03599
XM_034462404.1	5413	5314	3.52855	0.776901
XM_034462405.1	3907	3808	1.47145	0.452104
XM_034462406.1	4164	4065	10.4587	3.01029
XM_034462407.1	2258	2159	0	0
XM_034462408.1	4239	4140	0	0
XM_034462409.1	4235	4136	0	0
XM_034462410.1	4218	4119	0	0
XM_034462411.1	4214	4115	0	0
XM_034462412.1	4233	4134	53.697	15.1975
XM_034462413.1	4212	4113	176.303	50.1524
XM_034462414.1	1199	1100	3	3.19095
XM_034462415.1	2470	2371	2	0.986937
XM_034462416.1	2945	2846	0	0
XM_034462417.1	2886	2787	0	0
XM_034462418.1	2933	2834	0	0
XM_034462419.1	2897	2798	0	0
XM_034462420.1	2857	2758	0	0
XM_034462421.1	3835	3736	0	0
XM_034462422.1	2855	2756	0	0
XM_034462423.1	2704	2605	3	1.34742
XM_034462424.1	3010	2911	0	0
XM_034462425.1	2099	2000	7	4.09505
XM_034462426.1	1887	1788	0	0
XM_034462427.1	2289	2190	2	1.06851
XM_034462428.1	1631	1532	92	70.2619
XM_034462429.1	2681	2582	9	4.07828
XM_034462430.1	1347	1248	17	15.9377
XM_034462431.1	1392	1293	0	0
XM_034462432.1	957	858	1	1.36365
XM_034462433.1	5873	5774	0	0
XM_034462434.1	2757	2658	0	0
XM_034462435.1	5566	5467	26.6751	5.70884
XM_034462436.1	1354	1255	0	0
XM_034462437.1	2031	1932	6.8583	4.15337
XM_034462438.1	2846	2747	0	0
XM_034462439.1	2560	2461	0.574814	0.273279
XM_034462440.1	2846	2747	0	0
XM_034462441.1	2551	2452	42.2614	20.1657
XM_034462442.1	1284	1185	0	0
XM_034462443.1	7323	7224	122.571	19.8518
XM_034462444.1	4740	4641	0.00532293	0.00134193
XM_034462445.1	4713	4614	4.99468	1.26655
XM_034462446.1	1135	1036	5	5.64678
XM_034462447.1	2084	1985	67	39.4916
XM_034462448.1	1699	1600	0	0
XM_034462449.1	1750	1651	0	0
XM_034462450.1	1592	1493	5	3.91833
XM_034462451.1	2328	2229	32	16.797
XM_034462452.1	2629	2530	0	0
XM_034462453.1	1323	1224	2	1.91179
XM_034462454.1	474	375	0	0
XM_034462455.1	745	646	9	16.3005
XM_034462456.1	1370	1271	22	20.252
XM_034462457.1	6969	6870	7.4286	1.26515
XM_034462458.1	6960	6861	34.5714	5.8955
XM_034462459.1	1174	1075	11	11.9722
XM_034462460.1	4873	4774	77	18.8712
XM_034462461.1	2246	2147	1	0.544953
XM_034462462.1	2502	2403	0	0
XM_034462463.1	2485	2386	0	0
XM_034462464.1	2487	2388	0	0
XM_034462465.1	2513	2414	0	0
XM_034462466.1	2440	2341	0	0
XM_034462467.1	2430	2331	0	0
XM_034462468.1	2474	2375	0	0
XM_034462469.1	2812	2713	0	0
XM_034462470.1	4283	4184	0	0
XM_034462471.1	3769	3670	9.43419	3.00767
XM_034462472.1	3825	3726	1.82026e-07	5.71587e-08
XM_034462473.1	742	643	9	16.3765
XM_034462474.1	4410	4311	0	0
XM_034462475.1	4212	4113	0	0
XM_034462476.1	3944	3845	0	0
XM_034462477.1	2439	2340	0	0
XM_034462478.1	2382	2283	0.000926571	0.000474858
XM_034462479.1	2588	2489	0	0
XM_034462480.1	2522	2423	15.2903	7.38333
XM_034462481.1	2365	2266	5.949	3.07167
XM_034462482.1	2363	2264	16.7598	8.66131
XM_034462483.1	2404	2305	1.2059e-08	6.12114e-09
XM_034462484.1	2507	2408	8	3.88709
XM_034462485.1	2554	2455	21	10.0083
XM_034462486.1	720	621	0	0
XM_034462487.1	2470	2371	0	0
XM_034462488.1	1266	1167	0	0
XM_034462489.1	2421	2322	15	7.55823
XM_034462490.1	5742	5643	0	0
XM_034462491.1	5133	5034	14	3.25391
XM_034462492.1	3913	3814	0	0
XM_034462493.1	3733	3634	0	0
XM_034462494.1	3733	3634	0	0
XM_034462495.1	1472	1373	0	0
XM_034462496.1	1657	1558	0	0
XM_034462497.1	1619	1520	1	0.769746
XM_034462498.1	1576	1477	0	0
XM_034462499.1	1526	1427	2	1.63982
XM_034462500.1	1467	1368	0	0
XM_034462501.1	1331	1232	0	0
XM_034462502.1	1627	1528	0	0
XM_034462503.1	1575	1476	0	0
XM_034462504.1	1554	1455	5	4.02066
XM_034462505.1	425	326	0	0
XM_034462506.1	394	295	0	0
XM_034462507.1	1791	1692	12.0856	8.35717
XM_034462508.1	442	343	0	0
XM_034462509.1	4988	4889	41.298	9.88324
XM_034462510.1	4979	4880	0	0
XM_034462511.1	5043	4944	0	0
XM_034462512.1	4949	4850	0	0
XM_034462513.1	5338	5239	43	9.60309
XM_034462514.1	6505	6406	0	0
XM_034462515.1	4853	4754	0	0
XM_034462516.1	5416	5317	0	0
XM_034462517.1	4942	4843	0	0
XM_034462518.1	2582	2483	2	0.942419
XM_034462519.1	4578	4479	2.04317	0.533722
XM_034462520.1	954	855	0	0
XM_034462521.1	1535	1436	8	6.51818
XM_034462522.1	3640	3541	123	40.6415
XM_034462523.1	2054	1955	18	10.7725
XM_034462524.1	1957	1858	1.11023	0.699129
XM_034462525.1	900	801	0	0
XM_034462526.1	597	498	0	0
XM_034462527.1	1940	1841	3	1.90659
XM_034462528.1	1987	1888	0	0
XM_034462529.1	1746	1647	0	0
XM_034462530.1	1761	1662	0	0
XM_034462531.1	802	703	4	6.65726
XM_034462532.1	1468	1369	0	0
XM_034462533.1	1842	1743	0	0
XM_034462534.1	1273	1174	0	0
XM_034462535.1	704	605	0	0
XM_034462536.1	2280	2181	0	0
XM_034462537.1	2273	2174	9	4.84366
XM_034462538.1	3246	3147	0.000326236	0.00012129
XM_034462539.1	3219	3120	7.99967	2.99991
XM_034462540.1	605	506	0	0
XM_034462541.1	5261	5162	0	0
XM_034462542.1	5254	5155	0	0
XM_034462543.1	5219	5120	0	0
XM_034462544.1	5215	5116	9.85685	2.25423
XM_034462545.1	5186	5087	0	0
XM_034462546.1	4617	4518	5.38674	1.39499
XM_034462547.1	5173	5074	0	0
XM_034462548.1	5166	5067	0	0
XM_034462549.1	3906	3807	0	0
XM_034462550.1	4281	4182	9.59096	2.6833
XM_034462551.1	3898	3799	0	0
XM_034462552.1	3903	3804	0	0
XM_034462553.1	13278	13179	0.000507972	4.50971e-05
XM_034462554.1	13148	13049	56.9995	5.11075
XM_034462555.1	919	820	0	0
XM_034462556.1	6617	6518	48	8.61624
XM_034462557.1	1139	1040	40	45.0005
XM_034462558.1	2218	2119	15	8.2823
XM_034462559.1	4386	4287	4	1.09169
XM_034462560.1	4931	4832	0	0
XM_034462561.1	4818	4719	0	0
XM_034462562.1	4929	4830	14.2398	3.44944
XM_034462563.1	4925	4826	0	0
XM_034462564.1	4788	4689	0	0
XM_034462565.1	4650	4551	75.1268	19.3143
XM_034462566.1	4651	4552	0	0
XM_034462567.1	662	563	2	4.15635
XM_034462568.1	4507	4408	0.392823	0.104267
XM_034462569.1	1809	1710	0	0
XM_034462570.1	1119	1020	0	0
XM_034462571.1	3982	3883	0.531867	0.16026
XM_034462572.1	3967	3868	49.8343	15.0741
XM_034462573.1	2165	2066	2	1.13264
XM_034462574.1	1464	1365	0	0
XM_034462575.1	2184	2085	22	12.3455
XM_034462576.1	1703	1604	2	1.45887
XM_034462577.1	647	548	0	0
XM_034462578.1	2045	1946	1	0.60124
XM_034462579.1	719	620	0	0
XM_034462580.1	2067	1968	27.7625	16.5053
XM_034462581.1	2126	2027	3.23752	1.86874
XM_034462582.1	2065	1966	0	0
XM_034462583.1	1694	1595	1.38769	1.01794
XM_034462584.1	2556	2457	5.80483	2.76423
XM_034462585.1	4738	4639	0	0
XM_034462586.1	936	837	12.8311	17.9361
XM_034462587.1	1750	1651	0	0
XM_034462588.1	6927	6828	0	0
XM_034462589.1	2741	2642	8.4152	3.72669
XM_034462590.1	3524	3425	8	2.73288
XM_034462591.1	1595	1496	42	32.848
XM_034462592.1	1592	1493	0	0
XM_034462593.1	1402	1303	2.20987	1.98432
XM_034462594.1	7108	7009	0	0
XM_034462595.1	6441	6342	1	0.184487
XM_034462596.1	3753	3654	0	0
XM_034462597.1	3530	3431	0	0
XM_034462598.1	1994	1895	0	0
XM_034462599.1	2146	2047	0	0
XM_034462600.1	3383	3284	13.915	4.9576
XM_034462601.1	2129	2030	3.93748	2.26941
XM_034462602.1	2060	1961	0	0
XM_034462603.1	2878	2779	1.08806	0.458093
XM_034462604.1	2085	1986	6	3.53478
XM_034462605.1	2211	2112	5	2.76992
XM_034462606.1	1229	1130	0	0
XM_034462607.1	1892	1793	16	10.4407
XM_034462608.1	965	866	0	0
XM_034462609.1	956	857	0	0
XM_034462610.1	956	857	0	0
XM_034462611.1	947	848	0	0
XM_034462612.1	761	662	2.55723	4.51962
XM_034462613.1	9196	9097	0	0
XM_034462614.1	9187	9088	27	3.47605
XM_034462615.1	2410	2311	0	0
XM_034462616.1	2372	2273	0	0
XM_034462617.1	2363	2264	0.000129482	6.6915e-05
XM_034462618.1	2342	2243	7.23627	3.77465
XM_034462619.1	565	466	4	10.043
XM_034462620.1	565	466	3	7.53228
XM_034462621.1	9181	9082	0	0
XM_034462622.1	575	476	0	0
XM_034462623.1	557	458	0	0
XM_034462624.1	524	425	0	0
XM_034462625.1	859	760	3.07984	4.74139
XM_034462626.1	866	767	0	0
XM_034462627.1	901	802	0	0
XM_034462628.1	1709	1610	0	0
XM_034462629.1	769	670	0	0
XM_034462630.1	9169	9070	0	0
XM_034462631.1	607	508	0	0
XM_034462632.1	528	429	0	0
XM_034462633.1	532	433	0	0
XM_034462634.1	427	328	0	0
XM_034462635.1	1607	1508	0	0
XM_034462636.1	510	411	23.9179	68.0882
XM_034462637.1	1043	944	0	0
XM_034462638.1	9166	9067	0	0
XM_034462639.1	980	881	0	0
XM_034462640.1	1014	915	0	0
XM_034462641.1	946	847	0	0
XM_034462642.1	959	860	0	0
XM_034462643.1	3738	3639	0	0
XM_034462644.1	3417	3318	2.62062	0.924098
XM_034462645.1	3396	3297	0	0
XM_034462646.1	9154	9055	0	0
XM_034462647.1	2786	2687	13	5.66065
XM_034462648.1	1535	1436	18	14.6659
XM_034462649.1	1662	1563	0	0
XM_034462650.1	2745	2646	0	0
XM_034462651.1	9112	9013	0	0
XM_034462652.1	1317	1218	0	0
XM_034462653.1	2285	2186	12.1005	6.47653
XM_034462654.1	857	758	0	0
XM_034462655.1	1227	1128	0	0
XM_034462656.1	1738	1639	0	0
XM_034462657.1	1036	937	0	0
XM_034462658.1	1865	1766	0	0
XM_034462659.1	1730	1631	32	22.9555
XM_034462660.1	1366	1267	0	0
XM_034462661.1	2203	2104	0	0
XM_034462662.1	2102	2003	0	0
XM_034462663.1	1602	1503	0	0
XM_034462664.1	1882	1783	3.83796	2.51849
XM_034462665.1	1009	910	0	0
XM_034462666.1	2519	2420	0	0
XM_034462667.1	2165	2066	0	0
XM_034462668.1	2249	2150	0	0
XM_034462669.1	2243	2144	0	0
XM_034462670.1	2243	2144	0	0
XM_034462671.1	2243	2144	0	0
XM_034462672.1	2243	2144	0	0
XM_034462673.1	1309	1210	3	2.90086
XM_034462674.1	1973	1874	90.7788	56.6769
XM_034462675.1	5927	5828	561.951	112.816
XM_034462676.1	5253	5154	382.879	86.9177
XM_034462677.1	1834	1735	0	0
XM_034462678.1	2069	1970	17.9973	10.6889
XM_034462679.1	1087	988	13.215	15.6496
XM_034462680.1	1603	1504	0	0
XM_034462681.1	1157	1058	0	0
XM_034462682.1	2015	1916	0	0
XM_034462683.1	1257	1158	56.717	57.3054
XM_034462684.1	1017	918	0	0
XM_034462685.1	2059	1960	0	0
XM_034462686.1	1141	1042	1	1.12285
XM_034462687.1	1854	1755	2	1.33335
XM_034462688.1	646	547	0	0
XM_034462689.1	691	592	0	0
XM_034462690.1	926	827	0	0
XM_034462691.1	565	466	0	0
XM_034462692.1	743	644	368.591	669.653
XM_034462693.1	961	862	0	0
XM_034462694.1	669	570	0	0
XM_034462695.1	1956	1857	8.01281	5.04852
XM_034462696.1	1263	1164	0	0
XM_034462697.1	561	462	24.8807	63.0103
XM_034462698.1	1560	1461	1.96881	1.57668
XM_034462699.1	3006	2907	0	0
XM_034462700.1	1348	1249	0	0
XM_034462701.1	5434	5335	1	0.219309
XM_034462702.1	3643	3544	4	1.32056
XM_034462703.1	1657	1558	0	0
XM_034462704.1	2393	2294	0	0
XM_034462705.1	3101	3002	11	4.28719
XM_034462706.1	2298	2199	0	0
XM_034462707.1	2167	2068	4.41618	2.49854
XM_034462708.1	2161	2062	0	0
XM_034462709.1	2163	2064	42.7911	24.2569
XM_034462710.1	1901	1802	101.848	66.1288
XM_034462711.1	4154	4055	0	0
XM_034462712.1	4891	4792	3.73146	0.911072
XM_034462713.1	4149	4050	0	0
XM_034462714.1	4156	4057	0	0
XM_034462715.1	4160	4061	0	0
XM_034462716.1	2995	2896	0	0
XM_034462717.1	3002	2903	0	0
XM_034462718.1	3937	3838	0	0
XM_034462719.1	2289	2190	1.18097	0.630937
XM_034462720.1	1914	1815	0	0
XM_034462721.1	2762	2663	14	6.15103
XM_034462722.1	3626	3527	19.2439	6.38378
XM_034462723.1	803	704	0	0
XM_034462724.1	714	615	0	0
XM_034462725.1	2146	2047	4.50311	2.57386
XM_034462726.1	1468	1369	0	0
XM_034462727.1	745	646	0	0
XM_034462728.1	1030	931	0	0
XM_034462729.1	584	485	0	0
XM_034462730.1	1130	1031	1	1.13483
XM_034462731.1	653	554	0	0
XM_034462732.1	979	880	3.6214	4.81487
XM_034462733.1	1221	1122	0	0
XM_034462734.1	1155	1056	0	0
XM_034462735.1	3938	3839	0	0
XM_034462736.1	3933	3834	0	0
XM_034462737.1	3809	3710	0	0
XM_034462738.1	3810	3711	0	0
XM_034462739.1	3810	3711	0	0
XM_034462740.1	3681	3582	0	0
XM_034462741.1	3552	3453	20	6.77679
XM_034462742.1	1171	1072	0	0
XM_034462743.1	1395	1296	0	0
XM_034462744.1	1918	1819	10	6.43218
XM_034462745.1	1263	1164	0	0
XM_034462746.1	3156	3057	0	0
XM_034462747.1	3764	3665	16.2658	5.19269
XM_034462748.1	996	897	8.86969	11.5693
XM_034462749.1	1224	1125	2.84379	2.95758
XM_034462750.1	1248	1149	0	0
XM_034462751.1	3479	3380	43.1338	14.9311
XM_034462752.1	2415	2316	0	0
XM_034462753.1	2385	2286	25	12.7954
XM_034462754.1	2258	2159	0	0
XM_034462755.1	2375	2276	0.350996	0.180435
XM_034462756.1	2372	2273	1.649	0.848815
XM_034462757.1	2384	2285	0	0
XM_034462758.1	2250	2151	0	0
XM_034462759.1	2533	2434	0	0
XM_034462760.1	1815	1716	9	6.13643
XM_034462761.1	2402	2303	0	0
XM_034462762.1	2337	2238	6	3.13677
XM_034462763.1	2998	2899	21	8.47543
XM_034462764.1	988	889	0	0
XM_034462765.1	601	502	0	0
XM_034462766.1	554	455	11	28.286
XM_034462767.1	1331	1232	0	0
XM_034462768.1	1165	1066	0	0
XM_034462769.1	756	657	0	0
XM_034462770.1	510	411	0	0
XM_034462771.1	2502	2403	8.3112	4.0467
XM_034462772.1	2824	2725	4.45897	1.91451
XM_034462773.1	2785	2686	0	0
XM_034462774.1	1621	1522	3	2.3062
XM_034462775.1	4210	4111	0	0
XM_034462776.1	1691	1592	14.9151	10.9616
XM_034462777.1	3570	3471	0.00991239	0.00334129
XM_034462778.1	4091	3992	7.40829	2.17129
XM_034462779.1	3567	3468	0.0273318	0.00922106
XM_034462780.1	3552	3453	4.41422	1.49571
XM_034462781.1	3823	3724	7.56774	2.37765
XM_034462782.1	2665	2566	0.5	0.227984
XM_034462783.1	2813	2714	11.956	5.15428
XM_034462784.1	2826	2727	0.0439811	0.01887
XM_034462785.1	6065	5966	0	0
XM_034462786.1	2406	2307	10.0193	5.08135
XM_034462787.1	2921	2822	0	0
XM_034462788.1	2782	2683	7	3.05259
XM_034462789.1	6551	6452	2.37035	0.429842
XM_034462790.1	6527	6428	187.63	34.152
XM_034462791.1	6533	6434	0	0
XM_034462792.1	1328	1229	0	0
XM_034462793.1	1489	1390	0	0
XM_034462794.1	4227	4128	0	0
XM_034462795.1	4172	4073	6.48647	1.86331
XM_034462796.1	3966	3867	0	0
XM_034462797.1	3991	3892	0	0
XM_034462798.1	3860	3761	0	0
XM_034462799.1	3882	3783	0	0
XM_034462800.1	1997	1898	3.00652	1.85336
XM_034462801.1	1368	1269	0	0
XM_034462802.1	1346	1247	1.17141	1.09909
XM_034462803.1	1482	1383	2.4563	2.07802
XM_034462804.1	2080	1981	0	0
XM_034462805.1	2962	2863	0	0
XM_034462806.1	2952	2853	0	0
XM_034462807.1	2045	1946	0	0
XM_034462808.1	2034	1935	0	0
XM_034462809.1	1998	1899	26	16.0191
XM_034462810.1	1758	1659	0	0
XM_034462811.1	1690	1591	0	0
XM_034462812.1	2699	2600	0	0
XM_034462813.1	1488	1389	0	0
XM_034462814.1	1350	1251	0	0
XM_034462815.1	2979	2880	0	0
XM_034462816.1	1502	1403	0	0
XM_034462817.1	1397	1298	0	0
XM_034462818.1	2235	2136	41.5001	22.7321
XM_034462819.1	1044	945	11	13.6192
XM_034462820.1	853	754	0	0
XM_034462821.1	2008	1909	3	1.83868
XM_034462822.1	1671	1572	0	0
XM_034462823.1	1919	1820	85.1659	54.7502
XM_034462824.1	1365	1266	0	0
XM_034462825.1	1522	1423	0	0
XM_034462826.1	937	838	0	0
XM_034462827.1	937	838	0	0
XM_034462828.1	1758	1659	0	0
XM_034462829.1	1647	1548	6.16079	4.65647
XM_034462830.1	1597	1498	0	0
XM_034462831.1	2598	2499	8.21253	3.84505
XM_034462832.1	2603	2504	0.787468	0.36795
XM_034462833.1	2646	2547	0	0
XM_034462834.1	2680	2581	0	0
XM_034462835.1	2762	2663	0	0
XM_034462836.1	1680	1581	0	0
XM_034462837.1	3730	3631	40.4118	13.0219
XM_034462838.1	3645	3546	0	0
XM_034462839.1	3961	3862	0	0
XM_034462840.1	2942	2843	1	0.411542
XM_034462841.1	770	671	1	1.74369
XM_034462842.1	663	564	0	0
XM_034462843.1	1727	1628	0	0
XM_034462844.1	911	812	0	0
XM_034462845.1	2196	2097	4.2664	2.38042
XM_034462846.1	1540	1441	1	0.811945
XM_034462847.1	1633	1534	0	0
XM_034462848.1	2519	2420	59.8901	28.9555
XM_034462849.1	3024	2925	3	1.20001
XM_034462850.1	4131	4032	23.1114	6.70651
XM_034462851.1	3891	3792	0	0
XM_034462852.1	3726	3627	28.1193	9.07086
XM_034462853.1	610	511	0	0
XM_034462854.1	1838	1739	2	1.34562
XM_034462855.1	2653	2554	25.8103	11.824
XM_034462856.1	2906	2807	22.1897	9.24912
XM_034462857.1	576	477	0	0
XM_034462858.1	525	426	0	0
XM_034462859.1	538	439	0	0
XM_034462860.1	496	397	33.7465	99.4555
XM_034462861.1	4418	4319	0	0
XM_034462862.1	3430	3331	0	0
XM_034462863.1	3475	3376	0	0
XM_034462864.1	3363	3264	0	0
XM_034462865.1	3309	3210	0	0
XM_034462866.1	2291	2192	0	0
XM_034462867.1	2667	2568	0.006199	0.00282434
XM_034462868.1	2650	2551	14.9938	6.87689
XM_034462869.1	3636	3537	0	0
XM_034462870.1	3560	3461	0.0118143	0.0039939
XM_034462871.1	3478	3379	1.00851	0.349207
XM_034462872.1	3569	3470	0	0
XM_034462873.1	3631	3532	5.84803	1.93722
XM_034462874.1	3630	3531	8.15197	2.70119
XM_034462875.1	3490	3391	0	0
XM_034462876.1	4441	4342	0	0
XM_034462877.1	4265	4166	0	0
XM_034462878.1	4255	4156	0	0
XM_034462879.1	4569	4470	0	0
XM_034462880.1	4570	4471	0	0
XM_034462881.1	4438	4339	0	0
XM_034462882.1	4440	4341	0	0
XM_034462883.1	642	543	0	0
XM_034462884.1	4440	4341	0	0
XM_034462885.1	5718	5619	38.2758	7.96996
XM_034462886.1	5409	5310	447.205	98.5379
XM_034462887.1	4540	4441	0	0
XM_034462888.1	4303	4204	0	0
XM_034462889.1	4305	4206	0	0
XM_034462890.1	5587	5488	0	0
XM_034462891.1	5345	5246	0	0
XM_034462892.1	5583	5484	0	0
XM_034462893.1	5253	5154	0	0
XM_034462894.1	5265	5166	2.25467	0.510646
XM_034462895.1	5261	5162	0	0
XM_034462896.1	4165	4066	0	0
XM_034462897.1	4302	4203	0	0
XM_034462898.1	4167	4068	0	0
XM_034462899.1	1621	1522	0	0
XM_034462900.1	4167	4068	0	0
XM_034462901.1	4163	4064	5.88647	1.6947
XM_034462902.1	4163	4064	5.88647	1.6947
XM_034462903.1	5192	5093	0	0
XM_034462904.1	5450	5351	127.495	27.8773
XM_034462905.1	2694	2595	0	0
XM_034462906.1	2855	2756	0	0
XM_034462907.1	2439	2340	103	51.5006
XM_034462908.1	2415	2316	1.23605	0.624438
XM_034462909.1	2750	2651	11.4496	5.05326
XM_034462910.1	3945	3846	0	0
XM_034462911.1	1894	1795	0.123241	0.080331
XM_034462912.1	1456	1357	122	105.189
XM_034462913.1	2149	2050	0	0
XM_034462914.1	1882	1783	6.02898e-05	3.95624e-05
XM_034462915.1	1864	1765	8.89661	5.89754
XM_034462916.1	1418	1319	0	0
XM_034462917.1	3154	3055	3	1.14895
XM_034462918.1	2491	2392	1	0.489136
XM_034462919.1	1891	1792	0.876759	0.572444
XM_034462920.1	2382	2283	11	5.63738
XM_034462921.1	2188	2089	35.3848	19.8184
XM_034462922.1	908	809	0	0
XM_034462923.1	2092	1993	1.01516	0.595959
XM_034462924.1	2702	2603	2.67638	1.20299
XM_034462925.1	2959	2860	0	0
XM_034462926.1	701	602	1	1.94354
XM_034462927.1	917	818	0	0
XM_034462928.1	1226	1127	1	1.03817
XM_034462929.1	1882	1783	0	0
XM_034462930.1	3399	3300	16.5772	5.87745
XM_034462931.1	3280	3181	0	0
XM_034462932.1	1688	1589	0	0
XM_034462933.1	1667	1568	0	0
XM_034462934.1	1667	1568	0	0
XM_034462935.1	1673	1574	0	0
XM_034462936.1	1642	1543	0	0
XM_034462937.1	1396	1297	0	0
XM_034462938.1	1381	1282	0	0
XM_034462939.1	1948	1849	0	0
XM_034462940.1	1933	1834	0	0
XM_034462941.1	1586	1487	1	0.786828
XM_034462942.1	961	862	0	0
XM_034462943.1	2729	2630	1.82259	0.81082
XM_034462944.1	949	850	0	0
XM_034462945.1	3465	3366	127	44.1449
XM_034462946.1	1828	1729	0	0
XM_034462947.1	2261	2162	11.9689	6.47723
XM_034462948.1	4501	4402	10.9997	2.92363
XM_034462949.1	4541	4442	0.000271164	7.14241e-05
XM_034462950.1	4566	4467	3.75115e-07	9.82516e-08
XM_034462951.1	1716	1617	2	1.44714
XM_034462952.1	1026	927	0	0
XM_034462953.1	2259	2160	21	11.3751
XM_034462954.1	624	525	0	0
XM_034462955.1	2704	2605	3	1.34742
XM_034462956.1	1422	1323	0	0
XM_034462957.1	1367	1268	0	0
XM_034462958.1	1967	1868	0	0
XM_034462959.1	1408	1309	0	0
XM_034462960.1	1181	1082	5	5.40672
XM_034462961.1	1433	1334	0	0
XM_034462962.1	724	625	0	0
XM_034462963.1	3966	3867	121	36.6102
XM_034462964.1	3946	3847	0	0
XM_034462965.1	4453	4354	0	0
XM_034462966.1	4361	4262	0	0
XM_034462967.1	1159	1060	1	1.10379
XM_034462968.1	986	887	0	0
XM_034462969.1	1489	1390	0	0
XM_034462970.1	2237	2138	30	16.4174
XM_034462971.1	3419	3320	8.7233	3.07421
XM_034462972.1	2723	2624	0	0
XM_034462973.1	2277	2178	74.3275	39.9285
XM_034462974.1	2399	2300	0	0
XM_034462975.1	1170	1071	0	0
XM_034462976.1	2641	2542	0	0
XM_034462977.1	379	280	0	0
XM_034462978.1	798	699	0	0
XM_034462979.1	4198	4099	0	0
XM_034462980.1	4121	4022	6	1.74542
XM_034462981.1	4171	4072	3.04917e-06	8.76122e-07
XM_034462982.1	1173	1074	0	0
XM_034462983.1	2614	2515	7.12343	3.31392
XM_034462984.1	1298	1199	14.0187	13.6798
XM_034462985.1	849	750	0	0
XM_034462986.1	4572	4473	1	0.261572
XM_034462987.1	1260	1161	0	0
XM_034462988.1	1741	1642	0	0
XM_034462989.1	1729	1630	0	0
XM_034462990.1	2225	2126	0	0
XM_034462991.1	3268	3169	4	1.47682
XM_034462992.1	1859	1760	0	0
XM_034462993.1	2032	1933	0	0
XM_034462994.1	2087	1988	0	0
XM_034462995.1	1835	1736	5.44201	3.66775
XM_034462996.1	1964	1865	0	0
XM_034462997.1	1954	1855	0	0
XM_034462998.1	1833	1734	0	0
XM_034462999.1	3090	2991	6.48153	2.53543
XM_034463000.1	5401	5302	0	0
XM_034463001.1	5114	5015	9	2.09972
XM_034463002.1	1723	1624	43.7008	31.4843
XM_034463003.1	1516	1417	8.05544	6.65135
XM_034463004.1	5282	5183	0	0
XM_034463005.1	5395	5296	0	0
XM_034463006.1	5546	5447	8.79081	1.88826
XM_034463007.1	5216	5117	0	0
XM_034463008.1	2716	2617	21.9174	9.79889
XM_034463009.1	5761	5662	0	0
XM_034463010.1	5725	5626	0	0
XM_034463011.1	1318	1219	0	0
XM_034463012.1	638	539	0	0
XM_034463013.1	2928	2829	21	8.68515
XM_034463014.1	684	585	0	0
XM_034463015.1	1168	1069	0	0
XM_034463016.1	1471	1372	0	0
XM_034463017.1	1227	1128	0	0
XM_034463018.1	1170	1071	1	1.09245
XM_034463019.1	1354	1255	0	0
XM_034463020.1	368	269	0	0
XM_034463021.1	482	383	0	0
XM_034463022.1	1187	1088	0	0
XM_034463023.1	1218	1119	0	0
XM_034463024.1	1797	1698	0	0
XM_034463025.1	865	766	0	0
XM_034463026.1	839	740	0	0
XM_034463027.1	4688	4589	0	0
XM_034463028.1	4524	4425	17.3895	4.59796
XM_034463029.1	4678	4579	0	0
XM_034463030.1	4679	4580	0	0
XM_034463031.1	2595	2496	0	0
XM_034463032.1	2592	2493	0	0
XM_034463033.1	2111	2012	0	0
XM_034463034.1	2997	2898	0	0
XM_034463035.1	2351	2252	2.60673	1.35431
XM_034463036.1	2994	2895	0	0
XM_034463037.1	2964	2865	0	0
XM_034463038.1	2955	2856	0	0
XM_034463039.1	1954	1855	0	0
XM_034463040.1	1416	1317	0	0
XM_034463041.1	2099	2000	4.50118e-06	2.63322e-06
XM_034463042.1	2033	1934	11	6.65468
XM_034463043.1	2308	2209	0	0
XM_034463044.1	2248	2149	27	14.7
XM_034463045.1	1624	1525	3	2.30167
XM_034463046.1	3482	3383	0	0
XM_034463047.1	2087	1988	0.00523718	0.00308228
XM_034463048.1	3355	3256	10.7971	3.87983
XM_034463049.1	924	825	0	0
XM_034463050.1	7149	7050	0	0
XM_034463051.1	699	600	0	0
XM_034463052.1	2075	1976	6.35961	3.7656
XM_034463053.1	3445	3346	2.01831	0.705751
XM_034463054.1	2564	2465	11	5.22116
XM_034463055.1	3822	3723	18	5.65679
XM_034463056.1	2797	2698	0	0
XM_034463057.1	4370	4271	0	0
XM_034463058.1	541	442	0	0
XM_034463059.1	1180	1081	0	0
XM_034463060.1	2513	2414	1.51063e-05	7.32171e-06
XM_034463061.1	2488	2389	3.03688	1.48731
XM_034463062.1	2506	2407	0.000455531	0.000221428
XM_034463063.1	3728	3629	0	0
XM_034463064.1	2580	2481	0	0
XM_034463065.1	1939	1840	0	0
XM_034463066.1	2275	2176	0	0
XM_034463067.1	909	810	0	0
XM_034463068.1	1203	1104	0	0
XM_034463069.1	2032	1933	3.29977	1.9973
XM_034463070.1	2177	2078	16	9.00877
XM_034463071.1	1494	1395	0	0
XM_034463072.1	526	427	0	0
XM_034463073.1	3582	3483	0	0
XM_034463074.1	3393	3294	9.89957	3.51628
XM_034463075.1	1934	1835	3.49231	2.22673
XM_034463076.1	3451	3352	1.26996e-08	4.43278e-09
XM_034463077.1	2487	2388	0	0
XM_034463078.1	1148	1049	1	1.11536
XM_034463079.1	929	830	1.82819	2.57712
XM_034463080.1	1878	1779	6	3.94608
XM_034463081.1	7092	6993	3	0.501936
XM_034463082.1	2284	2185	1	0.535475
XM_034463083.1	1989	1890	0	0
XM_034463084.1	2049	1950	0	0
XM_034463085.1	3845	3746	24	7.49608
XM_034463086.1	1909	1810	0	0
XM_034463087.1	1873	1774	10	6.59534
XM_034463088.1	2632	2533	0.663047	0.306267
XM_034463089.1	2630	2531	1.67469	0.774166
XM_034463090.1	2629	2530	2.66226	1.23118
XM_034463091.1	747	648	134.099	242.125
XM_034463092.1	2421	2322	0	0
XM_034463093.1	2305	2206	0	0
XM_034463094.1	2283	2184	0	0
XM_034463095.1	2699	2600	0	0
XM_034463096.1	2124	2025	11	6.35563
XM_034463097.1	606	507	0	0
XM_034463098.1	4250	4151	19	5.3554
XM_034463099.1	4128	4029	14.5223	4.21725
XM_034463100.1	1872	1773	2	1.31981
XM_034463101.1	2478	2379	0	0
XM_034463102.1	4900	4801	45.1001	10.991
XM_034463103.1	1518	1419	0	0
XM_034463104.1	1535	1436	0	0
XM_034463105.1	1469	1370	0	0
XM_034463106.1	1618	1519	2.0893	1.60929
XM_034463107.1	1526	1427	0	0
XM_034463108.1	1523	1424	0	0
XM_034463109.1	1717	1618	0	0
XM_034463110.1	1098	999	0	0
XM_034463111.1	1654	1555	0	0
XM_034463112.1	1600	1501	0	0
XM_034463113.1	1661	1562	0	0
XM_034463114.1	1995	1896	0	0
XM_034463115.1	2181	2082	3.23406	1.81743
XM_034463116.1	1935	1836	0	0
XM_034463117.1	2082	1983	0	0
XM_034463118.1	1839	1740	5.76594	3.87714
XM_034463119.1	2444	2345	0	0
XM_034463120.1	2322	2223	0	0
XM_034463121.1	2290	2191	3	1.60203
XM_034463122.1	1888	1789	0	0
XM_034463123.1	1208	1109	0	0
XM_034463124.1	1098	999	60	70.2711
XM_034463125.1	4237	4138	3	0.848246
XM_034463126.1	1283	1184	5	4.94094
XM_034463127.1	2204	2105	0	0
XM_034463128.1	1386	1287	0	0
XM_034463129.1	2419	2320	9.22613	4.65289
XM_034463130.1	2415	2316	69.8394	35.282
XM_034463131.1	697	598	0	0
XM_034463132.1	3716	3617	1.68496	0.545046
XM_034463133.1	3707	3608	31.315	10.1549
XM_034463134.1	1477	1378	0	0
XM_034463135.1	1463	1364	0	0
XM_034463136.1	2356	2257	0	0
XM_034463137.1	1393	1294	0	0
XM_034463138.1	3748	3649	0	0
XM_034463139.1	1070	971	0	0
XM_034463140.1	3254	3155	0	0
XM_034463141.1	3239	3140	0	0
XM_034463142.1	3099	3000	26.5472	10.3535
XM_034463143.1	8796	8697	0	0
XM_034463144.1	2194	2095	0	0
XM_034463145.1	8679	8580	0.00503486	0.000686579
XM_034463146.1	8613	8514	43.2324	5.94109
XM_034463147.1	2950	2851	0	0
XM_034463148.1	2736	2637	0	0
XM_034463149.1	2688	2589	2.71898	1.22875
XM_034463150.1	2176	2077	0	0
XM_034463151.1	1091	992	2	2.3589
XM_034463152.1	3054	2955	59	23.3607
XM_034463153.1	1653	1554	0	0
XM_034463154.1	4721	4622	136	34.427
XM_034463155.1	1112	1013	0	0
XM_034463156.1	4395	4296	0.611773	0.166616
XM_034463157.1	4392	4293	1.38823	0.378347
XM_034463158.1	1499	1400	2	1.67145
XM_034463159.1	5014	4915	54.3546	12.9391
XM_034463160.1	6029	5930	29	5.72182
XM_034463161.1	2512	2413	0	0
XM_034463162.1	1465	1366	0	0
XM_034463163.1	2604	2505	1	0.467071
XM_034463164.1	605	506	0	0
XM_034463165.1	4125	4026	0	0
XM_034463166.1	2998	2899	0	0
XM_034463167.1	1728	1629	0	0
XM_034463168.1	1684	1585	3.76236	2.7773
XM_034463169.1	3289	3190	0	0
XM_034463170.1	3272	3173	0	0
XM_034463171.1	1524	1425	3.03505	2.49197
XM_034463172.1	879	780	0	0
XM_034463173.1	1256	1157	0	0
XM_034463174.1	3030	2931	0.000501658	0.000200255
XM_034463175.1	3027	2928	0.00166761	0.000666369
XM_034463176.1	3003	2904	25.9978	10.4745
XM_034463177.1	2489	2390	0	0
XM_034463178.1	2455	2356	8.32846e-08	4.136e-08
XM_034463179.1	2417	2318	16	8.07602
XM_034463180.1	3515	3416	0	0
XM_034463181.1	3515	3416	0	0
XM_034463182.1	3424	3325	20	7.03767
XM_034463183.1	1189	1090	1	1.07341
XM_034463184.1	482	383	0	0
XM_034463185.1	2059	1960	2	1.19389
XM_034463186.1	2795	2696	6	2.60389
XM_034463187.1	1921	1822	18	11.5589
XM_034463188.1	779	680	0	0
XM_034463189.1	2078	1979	4	2.36486
XM_034463190.1	2096	1997	0	0
XM_034463191.1	1872	1773	0	0
XM_034463192.1	1882	1783	0	0
XM_034463193.1	2045	1946	0	0
XM_034463194.1	1303	1204	2	1.94354
XM_034463195.1	1356	1257	0	0
XM_034463196.1	1123	1024	0	0
XM_034463197.1	1123	1024	0	0
XM_034463198.1	1932	1833	0	0
XM_034463199.1	991	892	0	0
XM_034463200.1	3588	3489	20	6.70687
XM_034463201.1	2276	2177	53.3354	28.6647
XM_034463202.1	1742	1643	0	0
XM_034463203.1	1889	1790	0	0
XM_034463204.1	1779	1680	4.66459	3.24859
XM_034463205.1	1850	1751	0	0
XM_034463206.1	2165	2066	1.82143e-08	1.03151e-08
XM_034463207.1	2235	2136	0	0
XM_034463208.1	1639	1540	0	0
XM_034463209.1	1363	1264	6	5.55386
XM_034463210.1	3790	3691	0	0
XM_034463211.1	3640	3541	5.40094	1.78457
XM_034463212.1	955	856	0.0113918	0.0155707
XM_034463213.1	2449	2350	0	0
XM_034463214.1	1996	1897	0	0
XM_034463215.1	2644	2545	4.99488	2.2963
XM_034463216.1	3641	3542	6	1.98195
XM_034463217.1	3625	3526	0	0
XM_034463218.1	5603	5504	1.5667e-05	3.33042e-06
XM_034463219.1	5531	5432	79.9797	17.227
XM_034463220.1	3871	3772	13.3236	4.13277
XM_034463221.1	2279	2180	13.5602	7.27782
XM_034463222.1	1744	1645	0	0
XM_034463223.1	1884	1785	0	0
XM_034463224.1	1524	1425	0	0
XM_034463225.1	1992	1893	10.2901	6.36005
XM_034463226.1	1816	1717	0.0320716	0.0218545
XM_034463227.1	1808	1709	7.67781	5.25638
XM_034463228.1	920	821	8.41538	11.9928
XM_034463229.1	1506	1407	0	0
XM_034463230.1	1641	1542	0	0
XM_034463231.1	3044	2945	3.6982	1.46925
XM_034463232.1	633	534	2	4.38207
XM_034463233.1	2112	2013	1	0.581229
XM_034463234.1	3412	3313	42	14.8326
XM_034463235.1	2801	2702	0	0
XM_034463236.1	2792	2693	0	0
XM_034463237.1	2654	2555	1.011	0.462968
XM_034463238.1	1768	1669	1	0.701027
XM_034463239.1	3782	3683	0	0
XM_034463240.1	2111	2012	2	1.16304
XM_034463241.1	3785	3686	0	0
XM_034463242.1	3456	3357	1.29735	0.452164
XM_034463243.1	797	698	3	5.02871
XM_034463244.1	3825	3726	1	0.314013
XM_034463245.1	2124	2025	3.07826	1.77857
XM_034463246.1	2234	2135	0	0
XM_034463247.1	2020	1921	0	0
XM_034463248.1	960	861	0	0
XM_034463249.1	1249	1150	3.59867e-05	3.6613e-05
XM_034463250.1	1239	1140	1.01232	1.03897
XM_034463251.1	7045	6946	0	0
XM_034463252.1	2978	2879	22.5104	9.14812
XM_034463253.1	569	470	0	0
XM_034463254.1	570	471	0	0
XM_034463255.1	621	522	0	0
XM_034463256.1	557	458	0	0
XM_034463257.1	603	504	0	0
XM_034463258.1	5899	5800	21	4.23626
XM_034463259.1	1024	925	0	0
XM_034463260.1	494	395	0	0
XM_034463261.1	1416	1317	27.9761	24.8537
XM_034463262.1	1246	1147	1	1.02006
XM_034463263.1	1107	1008	0	0
XM_034463264.1	3256	3157	9	3.33548
XM_034463265.1	641	542	0	0
XM_034463266.1	1654	1555	35	26.3347
XM_034463267.1	2936	2837	0	0
XM_034463268.1	798	699	1	1.67384
XM_034463269.1	3002	2903	4	1.61214
XM_034463270.1	3027	2928	0	0
XM_034463271.1	3835	3736	12	3.75807
XM_034463272.1	2690	2591	63	28.4488
XM_034463273.1	4106	4007	18	5.25586
XM_034463274.1	3998	3899	0	0
XM_034463275.1	3464	3365	26.9054	9.35504
XM_034463276.1	2497	2398	0	0
XM_034463277.1	2490	2391	0	0
XM_034463278.1	2769	2670	0	0
XM_034463279.1	2102	2003	0	0
XM_034463280.1	2505	2406	4	1.94516
XM_034463281.1	2375	2276	0	0
XM_034463282.1	2237	2138	0	0
XM_034463283.1	1326	1227	1	0.953556
XM_034463284.1	877	778	0	0
XM_034463285.1	956	857	0	0
XM_034463286.1	1315	1216	3	2.88655
XM_034463287.1	2476	2377	38.2057	18.8057
XM_034463288.1	900	801	0	0
XM_034463289.1	1256	1157	0	0
XM_034463290.1	1379	1280	0	0
XM_034463291.1	3729	3630	0	0
XM_034463292.1	3389	3290	6.50169	2.31218
XM_034463293.1	3150	3051	3.62782	1.39122
XM_034463294.1	2852	2753	0	0
XM_034463295.1	2280	2181	0	0
XM_034463296.1	2004	1905	4	2.45672
XM_034463297.1	717	618	0	0
XM_034463298.1	1842	1743	0	0
XM_034463299.1	2117	2018	1	0.579789
XM_034463300.1	3358	3259	0	0
XM_034463301.1	3222	3123	6.04118	2.26329
XM_034463302.1	3225	3126	1.95882	0.733154
XM_034463303.1	2119	2020	0.828887	0.480103
XM_034463304.1	2114	2015	15.1711	8.80913
XM_034463305.1	765	666	14	24.5949
XM_034463306.1	1533	1434	1	0.815909
XM_034463307.1	3738	3639	8	2.57216
XM_034463308.1	1609	1510	0.176888	0.137061
XM_034463309.1	1626	1527	3.50322e-07	2.68423e-07
XM_034463310.1	1606	1507	1.82311	1.41544
XM_034463311.1	3641	3542	0	0
XM_034463312.1	3786	3687	0	0
XM_034463313.1	3575	3476	0	0
XM_034463314.1	1737	1638	16.3535	11.6812
XM_034463315.1	1162	1063	0	0
XM_034463316.1	3644	3545	40	13.2018
XM_034463317.1	2837	2738	43.1794	18.4516
XM_034463318.1	1394	1295	0.00562393	0.00508114
XM_034463319.1	1387	1288	3.24467	2.94745
XM_034463320.1	1242	1143	0	0
XM_034463321.1	1235	1136	0	0
XM_034463322.1	992	893	6.7497	8.8435
XM_034463323.1	1066	967	0	0
XM_034463324.1	1188	1089	0	0
XM_034463325.1	2977	2878	15	6.09805
XM_034463326.1	736	637	14.4963	26.6261
XM_034463327.1	869	770	0	0
XM_034463328.1	837	738	0	0
XM_034463329.1	800	701	0	0
XM_034463330.1	2395	2296	0	0
XM_034463331.1	2207	2108	59	32.7471
XM_034463332.1	1030	931	0	0
XM_034463333.1	3618	3519	4	1.32994
XM_034463334.1	2254	2155	0	0
XM_034463335.1	709	610	0.797745	1.53012
XM_034463336.1	1995	1896	1.34997	0.833059
XM_034463337.1	1992	1893	8.65003	5.34636
XM_034463338.1	5577	5478	71.3837	15.2464
XM_034463339.1	2167	2068	0	0
XM_034463340.1	3980	3881	0	0
XM_034463341.1	3643	3544	5	1.6507
XM_034463342.1	1697	1598	0	0
XM_034463343.1	1674	1575	0	0
XM_034463344.1	1617	1518	10.1401	7.81559
XM_034463345.1	962	863	0	0
XM_034463346.1	1170	1071	0	0
XM_034463347.1	1068	969	0	0
XM_034463348.1	1289	1190	0	0
XM_034463349.1	1106	1007	0	0
XM_034463350.1	1230	1131	0	0
XM_034463351.1	1758	1659	0	0
XM_034463352.1	2590	2491	0	0
XM_034463353.1	661	562	0	0
XM_034463354.1	649	550	2	4.25459
XM_034463355.1	2365	2266	0	0
XM_034463356.1	2354	2255	0	0
XM_034463357.1	1650	1551	0	0
XM_034463358.1	1202	1103	0	0
XM_034463359.1	2200	2101	2.29553	1.27835
XM_034463360.1	586	487	0	0
XM_034463361.1	852	753	0.0423026	0.0657299
XM_034463362.1	850	751	0.957697	1.49204
XM_034463363.1	724	625	128	239.619
XM_034463364.1	1700	1601	0	0
XM_034463365.1	4752	4653	0	0
XM_034463366.1	613	514	0	0
XM_034463367.1	4822	4723	2.80257e-08	6.94272e-09
XM_034463368.1	4789	4690	0.000104583	2.60904e-05
XM_034463369.1	4747	4648	3.9999	1.00687
XM_034463370.1	3658	3559	0	0
XM_034463371.1	3603	3504	0	0
XM_034463372.1	3582	3483	1.9471e-07	6.54072e-08
XM_034463373.1	3527	3428	25	8.53277
XM_034463374.1	2117	2018	2.0913	1.21251
XM_034463375.1	2257	2158	0	0
XM_034463376.1	3117	3018	115.875	44.9221
XM_034463377.1	2773	2674	0	0
XM_034463378.1	2628	2529	1	0.462639
XM_034463379.1	873	774	0	0
XM_034463380.1	1774	1675	0	0
XM_034463381.1	862	763	0	0
XM_034463382.1	2826	2727	34	14.5876
XM_034463383.1	678	579	0	0
XM_034463384.1	644	545	1	2.14681
XM_034463385.1	601	502	0	0
XM_034463386.1	1809	1710	0	0
XM_034463387.1	1017	918	0	0
XM_034463388.1	1872	1773	25.4195	16.7745
XM_034463389.1	2190	2091	97	54.2761
XM_034463390.1	4649	4550	0	0
XM_034463391.1	4839	4740	10	2.46838
XM_034463392.1	1926	1827	0	0
XM_034463393.1	4603	4504	0	0
XM_034463394.1	1351	1252	0	0
XM_034463395.1	2139	2040	0	0
XM_034463396.1	1137	1038	1	1.12718
XM_034463397.1	2874	2775	0	0
XM_034463398.1	2819	2720	68.5889	29.5037
XM_034463399.1	1994	1895	1	0.617421
XM_034463400.1	859	760	0	0
XM_034463401.1	726	627	0	0
XM_034463402.1	4885	4786	8	1.95573
XM_034463403.1	1649	1550	1	0.754847
XM_034463404.1	3224	3125	0	0
XM_034463405.1	3087	2988	0	0
XM_034463406.1	2813	2714	5	2.15551
XM_034463407.1	757	658	0	0
XM_034463408.1	2051	1952	0	0
XM_034463409.1	4588	4489	0	0
XM_034463410.1	1334	1235	1	0.947379
XM_034463411.1	1721	1622	0	0
XM_034463412.1	1412	1313	0	0
XM_034463413.1	1275	1176	0	0
XM_034463414.1	2099	2000	1	0.585007
XM_034463415.1	2229	2130	0	0
XM_034463416.1	1317	1218	71	68.2028
XM_034463417.1	3614	3515	0	0
XM_034463418.1	1242	1143	6	6.1418
XM_034463419.1	3489	3390	0	0
XM_034463420.1	959	860	2	2.72096
XM_034463421.1	814	715	0	0
XM_034463422.1	772	673	0	0
XM_034463423.1	2639	2540	0	0
XM_034463424.1	2406	2307	2	1.01432
XM_034463425.1	1481	1382	0	0
XM_034463426.1	1487	1388	0	0
XM_034463427.1	3631	3532	0	0
XM_034463428.1	1958	1859	1	0.629378
XM_034463429.1	3555	3456	0	0
XM_034463430.1	1682	1583	0	0
XM_034463431.1	1741	1642	32.5805	23.2154
XM_034463432.1	1022	923	0	0
XM_034463433.1	2350	2251	0	0
XM_034463434.1	2194	2095	29.2318	16.3254
XM_034463435.1	776	677	0	0
XM_034463436.1	871	772	0	0
XM_034463437.1	390	291	0	0
XM_034463438.1	3897	3798	651	200.547
XM_034463439.1	1144	1045	661.433	740.561
XM_034463440.1	2353	2254	0	0
XM_034463441.1	2309	2210	3.37218	1.78529
XM_034463442.1	2163	2064	0	0
XM_034463443.1	3698	3599	0	0
XM_034463444.1	3765	3666	0	0
XM_034463445.1	3560	3461	3.20759	1.08435
XM_034463446.1	4000	3901	10.8608	3.25743
XM_034463447.1	4799	4700	0	0
XM_034463448.1	759	660	0	0
XM_034463449.1	843	744	0	0
XM_034463450.1	1666	1567	78	58.2393
XM_034463451.1	856	757	0	0
XM_034463452.1	3783	3684	0	0
XM_034463453.1	2633	2534	1	0.461726
XM_034463454.1	3570	3471	0	0
XM_034463455.1	864	765	0	0
XM_034463456.1	1111	1012	0	0
XM_034463457.1	837	738	0	0
XM_034463458.1	2547	2448	1	0.477947
XM_034463459.1	646	547	0	0
XM_034463460.1	485	386	0	0
XM_034463461.1	1791	1692	0	0
XM_034463462.1	1062	963	0	0
XM_034463463.1	2904	2805	46	19.1874
XM_034463464.1	1232	1133	0	0
XM_034463465.1	1152	1053	0	0
XM_034463466.1	1826	1727	0	0
XM_034463467.1	894	795	0	0
XM_034463468.1	1757	1658	41.6489	29.3907
XM_034463469.1	1959	1860	1	0.629039
XM_034463470.1	4224	4125	5	1.4182
XM_034463471.1	903	804	0	0
XM_034463472.1	3293	3194	15	5.49474
XM_034463473.1	1867	1768	0	0
XM_034463474.1	1861	1762	0	0
XM_034463475.1	962	863	39.9471	54.1584
XM_034463476.1	1869	1770	0	0
XM_034463477.1	603	504	1	2.32146
XM_034463478.1	1240	1141	0	0
XM_034463479.1	738	639	0	0
XM_034463480.1	1658	1559	1	0.75049
XM_034463481.1	888	789	0	0
XM_034463482.1	747	648	0	0
XM_034463483.1	1297	1198	4	3.90656
XM_034463484.1	4332	4233	8.0267	2.2186
XM_034463485.1	2019	1920	0	0
XM_034463486.1	1805	1706	1	0.685823
XM_034463487.1	1299	1200	0	0
XM_034463488.1	792	693	0	0
XM_034463489.1	3763	3664	0	0
XM_034463490.1	3165	3066	2.97088	1.13371
XM_034463491.1	329	230	0	0
XM_034463492.1	3562	3463	0	0
XM_034463493.1	1391	1292	0	0
XM_034463494.1	1875	1776	0	0
XM_034463495.1	1804	1705	0	0
XM_034463496.1	1099	1000	0	0
XM_034463497.1	6146	6047	0	0
XM_034463498.1	6142	6043	0	0
XM_034463499.1	6147	6048	0	0
XM_034463500.1	6008	5909	7.18856	1.42337
XM_034463501.1	6008	5909	7.18856	1.42337
XM_034463502.1	5736	5637	0	0
XM_034463503.1	5597	5498	70.6229	15.029
XM_034463504.1	5336	5237	0	0
XM_034463505.1	4083	3984	16.2357	4.76807
XM_034463506.1	4108	4009	0	0
XM_034463507.1	2531	2432	0	0
XM_034463508.1	2134	2035	11	6.3244
XM_034463509.1	601	502	44	102.551
XM_034463510.1	1089	990	0	0
XM_034463511.1	621	522	0	0
XM_034463512.1	2130	2031	4.60986	2.65564
XM_034463513.1	1815	1716	2	1.36365
XM_034463514.1	3297	3198	2	0.731716
XM_034463515.1	1136	1037	0	0
XM_034463516.1	1807	1708	22.8496	15.6524
XM_034463517.1	1615	1516	2.15037	1.65961
XM_034463518.1	976	877	4	5.33644
XM_034463519.1	1218	1119	71.3655	74.6189
XM_034463520.1	792	693	7	11.8183
XM_034463521.1	1849	1750	0	0
XM_034463522.1	1753	1654	0	0
XM_034463523.1	2318	2219	0	0
XM_034463524.1	874	775	0	0
XM_034463525.1	6445	6346	1.00122	0.184595
XM_034463526.1	2723	2624	0	0
XM_034463527.1	2571	2472	0	0
XM_034463528.1	1841	1742	0	0
XM_034463529.1	1755	1656	0	0
XM_034463530.1	960	861	0	0
XM_034463531.1	2253	2154	0	0
XM_034463532.1	623	524	0	0
XM_034463533.1	708	609	0	0
XM_034463534.1	3271	3172	0	0
XM_034463535.1	570	471	0	0
XM_034463536.1	2852	2753	0	0
XM_034463537.1	15930	15831	0	0
XM_034463538.1	2443	2344	0.145421	0.0725874
XM_034463539.1	2432	2333	36.217	18.1631
XM_034463540.1	1063	964	1	1.21371
XM_034463541.1	1709	1610	0	0
XM_034463542.1	2472	2373	1	0.493052
XM_034463543.1	1191	1092	0	0
XM_034463544.1	1188	1089	0	0
XM_034463545.1	762	663	0	0
XM_034463546.1	1009	910	0	0
XM_034463547.1	1111	1012	0	0
XM_034463548.1	744	645	3	5.44192
XM_034463549.1	2172	2073	0	0
XM_034463550.1	409	310	18.9091	71.3674
XM_034463551.1	625	526	0	0
XM_034463552.1	1918	1819	0	0
XM_034463553.1	1458	1359	0	0
XM_034463554.1	1615	1516	65	50.1655
XM_034463555.1	411	312	0	0
XM_034463556.1	1128	1029	0	0
XM_034463557.1	1433	1334	0	0
XM_034463558.1	3210	3111	3.14007	1.18095
XM_034463559.1	4815	4716	12.9208	3.20559
XM_034463560.1	1167	1068	0	0
XM_034463561.1	1808	1709	2.73767	1.87426
XM_034463562.1	768	669	0	0
XM_034463563.1	792	693	0	0
XM_034463564.1	1446	1347	0	0
XM_034463565.1	744	645	0	0
XM_034463566.1	2843	2744	11	4.69029
XM_034463567.1	1026	927	3	3.78645
XM_034463568.1	1197	1098	0	0
XM_034463569.1	1789	1690	0	0
XM_034463570.1	3050	2951	0	0
XM_034463571.1	3054	2955	0	0
XM_034463572.1	1525	1426	0	0
XM_034463573.1	3287	3188	72	26.4244
XM_034463574.1	427	328	0	0
XM_034463575.1	516	417	0	0
XM_034463576.1	350	251	0	0
XM_034463577.1	3565	3466	8.38685	2.83114
XM_034463578.1	1503	1404	0	0
XM_034463579.1	1137	1038	0	0
XM_034463580.1	4886	4787	1	0.244415
XM_034463581.1	1853	1754	0	0
XM_034463582.1	1811	1712	3.06014	2.09136
XM_034463583.1	2112	2013	10.6285	6.17761
XM_034463584.1	1034	935	0	0
XM_034463585.1	828	729	1	1.60496
XM_034463586.1	2371	2272	0	0
XM_034463587.1	6747	6648	0	0
XM_034463588.1	1501	1402	0	0
XM_034463589.1	1527	1428	4	3.27735
XM_034463590.1	3106	3007	4.66139	1.81373
XM_034463591.1	1477	1378	2	1.69813
XM_034463592.1	3119	3020	0.0295721	0.0114569
XM_034463593.1	3359	3260	0	0
XM_034463594.1	3124	3025	0.00424773	0.00164294
XM_034463595.1	3113	3014	0.304787	0.118316
XM_034463596.1	2479	2380	0	0
XM_034463597.1	3347	3248	0	0
XM_034463598.1	2586	2487	20.427	9.60993
XM_034463599.1	2123	2024	2.3419	1.35378
XM_034463600.1	1129	1030	0	0
XM_034463601.1	1088	989	1	1.18303
XM_034463602.1	1711	1612	0	0
XM_034463603.1	1720	1621	0	0
XM_034463604.1	1656	1557	6.5071	4.88978
XM_034463605.1	1657	1558	0	0
XM_034463606.1	1627	1528	0	0
XM_034463607.1	1634	1535	0	0
XM_034463608.1	1559	1460	0	0
XM_034463609.1	1479	1380	6	5.08701
XM_034463610.1	1604	1505	0	0
XM_034463611.1	2994	2895	3.24223e-05	1.31035e-05
XM_034463612.1	2991	2892	0.000109401	4.42603e-05
XM_034463613.1	7944	7845	12.9308	1.92851
XM_034463614.1	7929	7830	1.43148e-06	2.13902e-07
XM_034463615.1	1479	1380	0	0
XM_034463616.1	7632	7533	0	0
XM_034463617.1	11359	11260	141	14.6511
XM_034463618.1	10653	10554	0	0
XM_034463619.1	10720	10621	0	0
XM_034463620.1	10376	10277	0	0
XM_034463621.1	10520	10421	0	0
XM_034463622.1	10099	10000	0	0
XM_034463623.1	10243	10144	0	0
XM_034463624.1	9966	9867	1.84555e-08	2.18843e-09
XM_034463625.1	10752	10653	0	0
XM_034463626.1	1290	1191	0	0
XM_034463627.1	10615	10516	0	0
XM_034463628.1	10198	10099	0	0
XM_034463629.1	9928	9829	1.70542e-06	2.03008e-07
XM_034463630.1	9780	9681	91.3827	11.0442
XM_034463631.1	10362	10263	0	0
XM_034463632.1	2173	2074	25.232	14.2342
XM_034463633.1	2091	1992	1.76798	1.03843
XM_034463634.1	2182	2083	0	0
XM_034463635.1	2206	2107	0	0
XM_034463636.1	2196	2097	0	0
XM_034463637.1	1484	1385	29	24.4985
XM_034463638.1	1656	1557	0	0
XM_034463639.1	1929	1830	0	0
XM_034463640.1	525	426	0	0
XM_034463641.1	3218	3119	12.0225	4.50995
XM_034463642.1	378	279	16.6344	69.7582
XM_034463643.1	2267	2168	2.12643	1.14758
XM_034463644.1	1110	1011	0	0
XM_034463645.1	558	459	6.39529	16.3019
XM_034463646.1	1216	1117	16.2698	17.042
XM_034463647.1	600	501	12.1828	28.4512
XM_034463648.1	1923	1824	9	5.77309
XM_034463649.1	2317	2218	0	0
XM_034463650.1	4416	4317	0	0
XM_034463651.1	816	717	1	1.63182
XM_034463652.1	1259	1160	0	0
XM_034463653.1	565	466	0	0
XM_034463654.1	3183	3084	42.4983	16.1231
XM_034463655.1	621	522	0	0
XM_034463656.1	3937	3838	9.4227	2.87251
XM_034463657.1	7217	7118	21.4012	3.51781
XM_034463658.1	620	521	2	4.49141
XM_034463659.1	1065	966	1	1.21119
XM_034463660.1	3203	3104	0	0
XM_034463661.1	1314	1215	7	6.74082
XM_034463662.1	1196	1097	0	0
XM_034463663.1	3044	2945	0	0
XM_034463664.1	1244	1145	0	0
XM_034463665.1	1377	1278	0	0
XM_034463666.1	3051	2952	8.06656	3.19715
XM_034463667.1	968	869	0	0
XM_034463668.1	1260	1161	0	0
XM_034463669.1	1413	1314	0	0
XM_034463670.1	2242	2143	177	96.6367
XM_034463671.1	3699	3600	8	2.60003
XM_034463672.1	1431	1332	7.88671	6.92759
XM_034463673.1	1312	1213	0	0
XM_034463674.1	1343	1244	0	0
XM_034463675.1	7211	7112	63.9677	10.5235
XM_034463676.1	2881	2782	1	0.420566
XM_034463677.1	2904	2805	0	0
XM_034463678.1	1427	1328	1	0.881034
XM_034463679.1	3207	3108	4	1.50581
XM_034463680.1	1735	1636	2	1.43033
XM_034463681.1	3969	3870	7	2.1163
XM_034463682.1	1749	1650	1	0.709099
XM_034463683.1	1385	1286	14.3175	13.0261
XM_034463684.1	474	375	0	0
XM_034463685.1	894	795	0	0
XM_034463686.1	590	491	1.82954	4.35966
XM_034463687.1	1638	1539	1	0.760243
XM_034463688.1	1353	1254	0	0
XM_034463689.1	1432	1333	0	0
XM_034463690.1	1054	955	1.03045	1.26245
XM_034463691.1	467	368	0	0
XM_034463692.1	1609	1510	243	188.287
XM_034463693.1	6336	6237	8.37917	1.57187
XM_034463694.1	458	359	0	0
XM_034463695.1	1915	1816	0	0
XM_034463696.1	1659	1560	29	21.7502
XM_034463697.1	1464	1365	0	0
XM_034463698.1	4241	4142	14.7447	4.16502
XM_034463699.1	2101	2002	9.51212	5.5591
XM_034463700.1	1423	1324	0	0
XM_034463701.1	3381	3282	0	0
XM_034463702.1	648	549	28.3901	60.5043
XM_034463703.1	756	657	0	0
XM_034463704.1	1125	1026	0	0
XM_034463705.1	1248	1149	0	0
XM_034463706.1	1862	1763	36302.1	24091.8
XM_034463707.1	1248	1149	0	0
XM_034463708.1	885	786	0	0
XM_034463709.1	2247	2148	44	23.9668
XM_034463710.1	3644	3545	28.8529	9.5228
XM_034463711.1	2265	2166	1	0.540172
XM_034463712.1	3448	3349	2.8896	1.00952
XM_034463713.1	3457	3358	0.124066	0.0432279
XM_034463714.1	3507	3408	8.01298	2.75097
XM_034463715.1	3540	3441	9.87843e-05	3.35888e-05
XM_034463716.1	2167	2068	2.07964	1.1766
XM_034463717.1	2821	2722	4	1.71934
XM_034463718.1	4303	4204	6.07721	1.69135
XM_034463719.1	1569	1470	0	0
XM_034463720.1	524	425	0	0
XM_034463721.1	481	382	3.93814	12.062
XM_034463722.1	384	285	17.0619	70.0442
XM_034463723.1	537	438	1	2.67126
XM_034463724.1	997	898	0	0
XM_034463725.1	644	545	0	0
XM_034463726.1	4000	3901	0	0
XM_034463727.1	3985	3886	0	0
XM_034463728.1	3873	3774	17.2459	5.34657
XM_034463729.1	1801	1702	0	0
XM_034463730.1	633	534	1	2.19104
XM_034463731.1	4777	4678	2.56118	0.640577
XM_034463732.1	3624	3525	0	0
XM_034463733.1	3454	3355	0	0
XM_034463734.1	3659	3560	0	0
XM_034463735.1	3604	3505	0	0
XM_034463736.1	2684	2585	2.64371	1.19659
XM_034463737.1	2669	2570	3.2767	1.49174
XM_034463738.1	633	534	0	0
XM_034463739.1	2495	2396	1.35629	0.662302
XM_034463740.1	2895	2796	0	0
XM_034463741.1	4197	4098	6.35735	1.81508
XM_034463742.1	3718	3619	0	0
XM_034463743.1	3700	3601	0	0
XM_034463744.1	622	523	0	0
XM_034463745.1	3648	3549	0	0
XM_034463746.1	3688	3589	0	0
XM_034463747.1	3750	3651	0	0
XM_034463748.1	3649	3550	0	0
XM_034463749.1	3556	3457	0	0
XM_034463750.1	3556	3457	0	0
XM_034463751.1	3534	3435	0	0
XM_034463752.1	4038	3939	0	0
XM_034463753.1	3769	3670	0	0
XM_034463754.1	3712	3613	0	0
XM_034463755.1	3980	3881	0	0
XM_034463756.1	3878	3779	16.117	4.98997
XM_034463757.1	3710	3611	0	0
XM_034463758.1	3996	3897	0	0
XM_034463759.1	3996	3897	0	0
XM_034463760.1	682	583	0	0
XM_034463761.1	3938	3839	1.52241e-07	4.63986e-08
XM_034463762.1	3937	3838	2.06656e-07	6.2999e-08
XM_034463763.1	3591	3492	0	0
XM_034463764.1	3439	3340	0	0
XM_034463765.1	4506	4407	0	0
XM_034463766.1	3361	3262	0	0
XM_034463767.1	404	305	0	0
XM_034463768.1	3572	3473	0	0
XM_034463769.1	3361	3262	0	0
XM_034463770.1	2128	2029	0	0
XM_034463771.1	3283	3184	13.9912	5.14131
XM_034463772.1	3494	3395	0	0
XM_034463773.1	3216	3117	0	0
XM_034463774.1	3643	3544	1.55647e-06	5.1385e-07
XM_034463775.1	3293	3194	1.08382	0.397019
XM_034463776.1	2648	2549	0	0
XM_034463777.1	2757	2658	0	0
XM_034463778.1	2727	2628	0	0
XM_034463779.1	3052	2953	9.252	3.66575
XM_034463780.1	2495	2396	0	0
XM_034463781.1	2530	2431	0	0
XM_034463782.1	2640	2541	0	0
XM_034463783.1	2549	2450	0	0
XM_034463784.1	2648	2549	0	0
XM_034463785.1	2722	2623	0	0
XM_034463786.1	2402	2303	0	0
XM_034463787.1	2544	2445	0	0
XM_034463788.1	2529	2430	0	0
XM_034463789.1	2638	2539	0	0
XM_034463790.1	2963	2864	8.81491	3.6011
XM_034463791.1	2603	2504	0	0
XM_034463792.1	2712	2613	0	0
XM_034463793.1	2402	2303	0	0
XM_034463794.1	2534	2435	0	0
XM_034463795.1	2707	2608	0	0
XM_034463796.1	2781	2682	0	0
XM_034463797.1	2603	2504	0	0
XM_034463798.1	2592	2493	0	0
XM_034463799.1	3725	3626	6.42171e-08	2.07211e-08
XM_034463800.1	3536	3437	0	0
XM_034463801.1	3481	3382	0	0
XM_034463802.1	3521	3422	0	0
XM_034463803.1	3495	3396	0	0
XM_034463804.1	3560	3461	0	0
XM_034463805.1	3645	3546	0	0
XM_034463806.1	7041	6942	211	35.5622
XM_034463807.1	3666	3567	14.6188	4.79513
XM_034463808.1	3422	3323	4.95918	1.7461
XM_034463809.1	3475	3376	4.30963e-08	1.49358e-08
XM_034463810.1	3462	3363	3.98001e-06	1.38468e-06
XM_034463811.1	3482	3383	0	0
XM_034463812.1	3611	3512	0	0
XM_034463813.1	3535	3436	39.0092	13.2833
XM_034463814.1	3841	3742	0	0
XM_034463815.1	3690	3591	0	0
XM_034463816.1	3593	3494	0	0
XM_034463817.1	3765	3666	0	0
XM_034463818.1	1747	1648	0	0
XM_034463819.1	3339	3240	0	0
XM_034463820.1	1699	1600	0	0
XM_034463821.1	2919	2820	3.72195	1.54423
XM_034463822.1	2732	2633	0	0
XM_034463823.1	2183	2084	0	0
XM_034463824.1	3998	3899	0.00390301	0.00117122
XM_034463825.1	3972	3873	9.9961	3.01977
XM_034463826.1	2300	2201	81	43.0582
XM_034463827.1	1651	1552	0	0
XM_034463828.1	1684	1585	0	0
XM_034463829.1	1777	1678	0	0
XM_034463830.1	1106	1007	0	0
XM_034463831.1	3681	3582	54	17.6384
XM_034463832.1	829	730	0	0
XM_034463833.1	1110	1011	2	2.31457
XM_034463834.1	1827	1728	6	4.06255
XM_034463835.1	1057	958	2	2.44262
XM_034463836.1	1540	1441	2.39908	1.94792
XM_034463837.1	2018	1919	0	0
XM_034463838.1	596	497	0	0
XM_034463839.1	1531	1432	6	4.90229
XM_034463840.1	792	693	0	0
XM_034463841.1	715	616	0	0
XM_034463842.1	4509	4410	2	0.530618
XM_034463843.1	981	882	0	0
XM_034463844.1	1140	1041	0	0
XM_034463845.1	805	706	0	0
XM_034463846.1	1623	1524	8	6.1418
XM_034463847.1	334	235	0	0
XM_034463848.1	4348	4249	0	0
XM_034463849.1	1820	1721	1.0405	0.707377
XM_034463850.1	946	847	15	20.7204
XM_034463851.1	4059	3960	0	0
XM_034463852.1	4028	3929	0	0
XM_034463853.1	3983	3884	0	0
XM_034463854.1	3933	3834	72.7826	22.2109
XM_034463855.1	3983	3884	0	0
XM_034463856.1	4011	3912	0	0
XM_034463857.1	4078	3979	7.88122	2.31745
XM_034463858.1	2747	2648	3	1.32554
XM_034463859.1	4003	3904	0	0
XM_034463860.1	3956	3857	0.00066642	0.000202157
XM_034463861.1	3957	3858	0.000491685	0.000149113
XM_034463862.1	3921	3822	29.3497	8.98471
XM_034463863.1	1748	1649	2.64818e-05	1.87896e-05
XM_034463864.1	1519	1420	3	2.47186
XM_034463865.1	1768	1669	0	0
XM_034463866.1	1063	964	0	0
XM_034463867.1	2094	1995	0	0
XM_034463868.1	811	712	0	0
XM_034463869.1	5110	5011	2	0.466978
XM_034463870.1	5887	5788	8	1.61716
XM_034463871.1	2004	1905	0	0
XM_034463872.1	1773	1674	0	0
XM_034463873.1	2219	2120	5	2.75947
XM_034463874.1	2389	2290	7.06317e-06	3.60873e-06
XM_034463875.1	3036	2937	0	0
XM_034463876.1	2895	2796	17	7.11382
XM_034463877.1	1190	1091	28.0234	30.0529
XM_034463878.1	3715	3616	14	4.52992
XM_034463879.1	3682	3583	0	0
XM_034463880.1	6757	6658	15.9043	2.79486
XM_034463881.1	6779	6680	0.331886	0.0581305
XM_034463882.1	741	642	0	0
XM_034463883.1	6586	6487	0.0282509	0.0050954
XM_034463884.1	6564	6465	1.51928	0.274955
XM_034463885.1	6387	6288	15.0207	2.79492
XM_034463886.1	6194	6095	1.24453	0.238903
XM_034463887.1	6177	6078	32.9511	6.34307
XM_034463888.1	4104	4005	0	0
XM_034463889.1	3826	3727	2	0.627858
XM_034463890.1	2886	2787	0	0
XM_034463891.1	2326	2227	2.0161	1.05921
XM_034463892.1	1876	1777	0	0
XM_034463893.1	9343	9244	19.6268	2.48417
XM_034463894.1	1211	1112	0	0
XM_034463895.1	3090	2991	0	0
XM_034463896.1	1257	1158	0	0
XM_034463897.1	3256	3157	252.795	93.6881
XM_034463898.1	2100	2001	0	0
XM_034463899.1	609	510	4	9.17658
XM_034463900.1	523	424	0	0
XM_034463901.1	747	648	0	0
XM_034463902.1	749	650	0	0
XM_034463903.1	1759	1660	1	0.704827
XM_034463904.1	4591	4492	0.0969217	0.0252448
XM_034463905.1	4578	4479	2.90308	0.758348
XM_034463906.1	1747	1648	5.45518	3.87296
XM_034463907.1	1999	1900	655	403.347
XM_034463908.1	1947	1848	2.12552	1.34572
XM_034463909.1	591	492	36.1667	86.0071
XM_034463910.1	2028	1929	8.65349	5.24867
XM_034463911.1	1569	1470	34.2981	27.2988
XM_034463912.1	2864	2765	0	0
XM_034463913.1	1110	1011	0	0
XM_034463914.1	439	340	1	3.44122
XM_034463915.1	1866	1767	0	0
XM_034463916.1	2375	2276	29.6056	15.2192
XM_034463917.1	2820	2721	9	3.86995
XM_034463918.1	2653	2554	30	13.7433
XM_034463919.1	494	395	0	0
XM_034463920.1	4315	4216	29	8.048
XM_034463921.1	7021	6922	0	0
XM_034463922.1	3537	3438	0	0
XM_034463923.1	3537	3438	0	0
XM_034463924.1	3360	3261	0	0
XM_034463925.1	3305	3206	0	0
XM_034463926.1	3479	3380	0	0
XM_034463927.1	3247	3148	0	0
XM_034463928.1	3133	3034	0	0
XM_034463929.1	4721	4622	0	0
XM_034463930.1	4451	4352	13.9311	3.74531
XM_034463931.1	4580	4481	0	0
XM_034463932.1	3638	3539	0	0
XM_034463933.1	4214	4115	2.45026	0.696681
XM_034463934.1	4754	4655	0	0
XM_034463935.1	3587	3488	0	0
XM_034463936.1	4585	4486	0	0
XM_034463937.1	3497	3398	0	0
XM_034463938.1	3584	3485	0	0
XM_034463939.1	4738	4639	25.7611	6.49726
XM_034463940.1	4260	4161	5.32248e-06	1.49661e-06
XM_034463941.1	4251	4152	0	0
XM_034463942.1	4202	4103	0	0
XM_034463943.1	4601	4502	12.8667	3.3439
XM_034463944.1	4212	4113	0	0
XM_034463945.1	4196	4097	0	0
XM_034463946.1	669	570	0	0
XM_034463947.1	4193	4094	0	0
XM_034463948.1	4584	4485	15.5703	4.06188
XM_034463949.1	4214	4115	0	0
XM_034463950.1	3532	3433	0	0
XM_034463951.1	3529	3430	0	0
XM_034463952.1	3300	3201	0	0
XM_034463953.1	3546	3447	0	0
XM_034463954.1	3442	3343	0	0
XM_034463955.1	3545	3446	0	0
XM_034463956.1	3466	3367	0	0
XM_034463957.1	3730	3631	0	0
XM_034463958.1	3223	3124	0.0553577	0.0207328
XM_034463959.1	3411	3312	0	0
XM_034463960.1	3491	3392	0	0
XM_034463961.1	3748	3649	4.5006	1.44307
XM_034463962.1	1878	1779	227	149.293
XM_034463963.1	3269	3170	0	0
XM_034463964.1	3436	3337	0	0
XM_034463965.1	3211	3112	0	0
XM_034463966.1	3221	3122	0	0
XM_034463967.1	3205	3106	0	0
XM_034463968.1	3179	3080	0	0
XM_034463969.1	3107	3008	0	0
XM_034463970.1	3729	3630	2.00838	0.647336
XM_034463971.1	7039	6940	176.503	29.7567
XM_034463972.1	3219	3120	0	0
XM_034463973.1	3977	3878	5.43361e-07	1.63935e-07
XM_034463974.1	1743	1644	1	0.711687
XM_034463975.1	3971	3872	3.34102e-06	1.00957e-06
XM_034463976.1	2952	2853	0	0
XM_034463977.1	3922	3823	10.2755	3.14477
XM_034463978.1	3916	3817	0.00101702	0.000311743
XM_034463979.1	2774	2675	0	0
XM_034463980.1	2536	2437	0	0
XM_034463981.1	3706	3607	0	0
XM_034463982.1	4661	4562	2.41516	0.619415
XM_034463983.1	3586	3487	0	0
XM_034463984.1	3651	3552	0	0
XM_034463985.1	3531	3432	0	0
XM_034463986.1	3637	3538	0	0
XM_034463987.1	3476	3377	0	0
XM_034463988.1	3582	3483	0	0
XM_034463989.1	767	668	0	0
XM_034463990.1	3410	3311	0.0079522	0.00281008
XM_034463991.1	3195	3096	0.00252212	0.000953137
XM_034463992.1	3355	3256	7.05528	2.53525
XM_034463993.1	3140	3041	3.56343	1.37102
XM_034463994.1	3289	3190	6.05607	2.22122
XM_034463995.1	3289	3190	0	0
XM_034463996.1	5067	4968	0	0
XM_034463997.1	4342	4243	0	0
XM_034463998.1	5012	4913	0	0
XM_034463999.1	4957	4858	0	0
XM_034464000.1	4344	4245	0	0
XM_034464001.1	4917	4818	57.5018	13.9639
XM_034464002.1	4277	4178	0	0
XM_034464003.1	1383	1284	0	0
XM_034464004.1	2472	2373	1	0.493052
XM_034464005.1	2792	2693	0	0
XM_034464006.1	2120	2021	0	0
XM_034464007.1	2905	2806	0	0
XM_034464008.1	3011	2912	0	0
XM_034464009.1	2948	2849	0	0
XM_034464010.1	2848	2749	0	0
XM_034464011.1	2793	2694	0	0
XM_034464012.1	2635	2536	2.36191	1.08969
XM_034464013.1	2793	2694	1.10609	0.480381
XM_034464014.1	1867	1768	0	0
XM_034464015.1	3258	3159	17.3442	6.42385
XM_034464016.1	2296	2197	5.20749	2.77325
XM_034464017.1	2397	2298	0	0
XM_034464018.1	2461	2362	0	0
XM_034464019.1	1694	1595	0	0
XM_034464020.1	3059	2960	39.4801	15.6055
XM_034464021.1	1972	1873	0	0
XM_034464022.1	1466	1367	4.02084e-06	3.44143e-06
XM_034464023.1	2949	2850	0	0
XM_034464024.1	3417	3318	0	0
XM_034464025.1	876	777	0	0
XM_034464026.1	2538	2439	4.80969	2.30726
XM_034464027.1	2294	2195	4.50719	2.40249
XM_034464028.1	1106	1007	0	0
XM_034464029.1	956	857	2.95105	4.02889
XM_034464030.1	1009	910	0	0
XM_034464031.1	2205	2106	9.13284	5.07386
XM_034464032.1	1214	1115	0	0
XM_034464033.1	573	474	0	0
XM_034464034.1	808	709	0	0
XM_034464035.1	880	781	0	0
XM_034464036.1	749	650	0	0
XM_034464037.1	1482	1383	0	0
XM_034464038.1	1404	1305	0	0
XM_034464039.1	1260	1161	1	1.00776
XM_034464040.1	7456	7357	0	0
XM_034464041.1	4542	4443	0	0
XM_034464042.1	4892	4793	9.72577e-07	2.37415e-07
XM_034464043.1	5226	5127	3.6732e-07	8.38247e-08
XM_034464044.1	7402	7303	0	0
XM_034464045.1	7339	7240	0	0
XM_034464046.1	4775	4676	1.5489	0.387562
XM_034464047.1	4425	4326	0	0
XM_034464048.1	5108	5009	61.6871	14.409
XM_034464049.1	1322	1223	1248.88	1194.78
XM_034464050.1	7284	7185	0	0
XM_034464051.1	4448	4349	0	0
XM_034464052.1	3943	3844	0	0
XM_034464053.1	3484	3385	0	0
XM_034464054.1	3219	3120	0	0
XM_034464055.1	3136	3037	5.28103	2.03453
XM_034464056.1	4109	4010	0.594728	0.173526
XM_034464057.1	3247	3148	0	0
XM_034464058.1	2795	2696	1.59237	0.69106
XM_034464059.1	4097	3998	20.0021	5.8536
XM_034464060.1	1970	1871	3	1.87602
XM_034464061.1	641	542	5	10.7935
XM_034464062.1	2336	2237	3	1.56908
XM_034464063.1	946	847	0	0
XM_034464064.1	1796	1697	4	2.75784
XM_034464065.1	1489	1390	2	1.68347
XM_034464066.1	720	621	2	3.76816
XM_034464067.1	1282	1183	0	0
XM_034464068.1	6967	6868	0	0
XM_034464069.1	2442	2343	0	0
XM_034464070.1	2232	2133	2	1.09706
XM_034464071.1	2152	2053	0	0
XM_034464072.1	2693	2594	0	0
XM_034464073.1	2429	2330	3.9094	1.96311
XM_034464074.1	3801	3702	0	0
XM_034464075.1	1351	1252	80.3914	75.127
XM_034464076.1	3596	3497	0	0
XM_034464077.1	3630	3531	0	0
XM_034464078.1	3694	3595	0	0
XM_034464079.1	3875	3776	0	0
XM_034464080.1	3514	3415	0	0
XM_034464081.1	3670	3571	0	0
XM_034464082.1	3742	3643	0	0
XM_034464083.1	3794	3695	10.8358	3.43113
XM_034464084.1	3888	3789	0	0
XM_034464085.1	3742	3643	0	0
XM_034464086.1	3635	3536	0	0
XM_034464087.1	3453	3354	1.72396	0.60139
XM_034464088.1	3781	3682	0	0
XM_034464089.1	3588	3489	0	0
XM_034464090.1	3687	3588	0	0
XM_034464091.1	1617	1518	3.09258	2.38364
XM_034464092.1	2250	2151	0	0
XM_034464093.1	2547	2448	0.0431384	0.0206179
XM_034464094.1	2538	2439	3.24497	1.55665
XM_034464095.1	2597	2498	0	0
XM_034464096.1	1686	1587	12.7119	9.37182
XM_034464097.1	1846	1747	0	0
XM_034464098.1	2219	2120	0	0
XM_034464099.1	663	564	1	2.07449
XM_034464100.1	421	322	0	0
XM_034464101.1	2671	2572	26	11.8275
XM_034464102.1	740	641	0	0
XM_034464103.1	1917	1818	50.9259	32.7745
XM_034464104.1	405	306	0	0
XM_034464105.1	943	844	3.1294	4.3382
XM_034464106.1	3126	3027	0.0563001	0.0217614
XM_034464107.1	2851	2752	0	0
XM_034464108.1	3114	3015	5.9437	2.30654
XM_034464109.1	2837	2738	0	0
XM_034464110.1	4663	4564	25	6.40893
XM_034464111.1	4497	4398	3	0.798099
XM_034464112.1	646	547	0	0
XM_034464113.1	1277	1178	4.11517	4.08727
XM_034464114.1	779	680	1.88483	3.24306
XM_034464115.1	615	516	0	0
XM_034464116.1	2665	2566	3	1.3679
XM_034464117.1	8290	8191	11.3861	1.6264
XM_034464118.1	8098	7999	0	0
XM_034464119.1	8438	8339	9.61393	1.34889
XM_034464120.1	1315	1216	0	0
XM_034464121.1	1338	1239	0	0
XM_034464122.1	1219	1120	15	15.6698
XM_034464123.1	1128	1029	0	0
XM_034464124.1	1095	996	0	0
XM_034464125.1	3795	3696	0	0
XM_034464126.1	1615	1516	0	0
XM_034464127.1	1428	1329	2	1.76074
XM_034464128.1	1531	1432	0	0
XM_034464129.1	928	829	10.7812	15.2161
XM_034464130.1	2526	2427	1.28508	0.619516
XM_034464131.1	2253	2154	0	0
XM_034464132.1	2192	2093	1.19914	0.670336
XM_034464133.1	1832	1733	0	0
XM_034464134.1	1025	926	0	0
XM_034464135.1	1930	1831	6	3.83401
XM_034464136.1	798	699	0	0
XM_034464137.1	496	397	0	0
XM_034464138.1	1667	1568	0	0
XM_034464139.1	4491	4392	0	0
XM_034464140.1	473	374	1	3.12838
XM_034464141.1	633	534	3	6.57311
XM_034464142.1	3119	3020	0	0
XM_034464143.1	1060	961	3	3.65249
XM_034464144.1	2134	2035	0	0
XM_034464145.1	2226	2127	0	0
XM_034464146.1	2110	2011	0	0
XM_034464147.1	2077	1978	0	0
XM_034464148.1	3113	3014	0	0
XM_034464149.1	1974	1875	0	0
XM_034464150.1	2165	2066	0	0
XM_034464151.1	2041	1942	0	0
XM_034464152.1	2026	1927	0	0
XM_034464153.1	2370	2271	0.00649618	0.00334681
XM_034464154.1	1984	1885	0	0
XM_034464155.1	2355	2256	15.4382	8.00662
XM_034464156.1	2004	1905	0	0
XM_034464157.1	2300	2201	0	0
XM_034464158.1	2291	2192	0	0
XM_034464159.1	3075	2976	0	0
XM_034464160.1	2213	2114	0	0
XM_034464161.1	4146	4047	7.83275	2.2645
XM_034464162.1	4164	4065	0.0429673	0.0123671
XM_034464163.1	1872	1773	0	0
XM_034464164.1	1589	1490	0	0
XM_034464165.1	1647	1548	0	0
XM_034464166.1	1446	1347	0	0
XM_034464167.1	1532	1433	5	4.08239
XM_034464168.1	1389	1290	10	9.06987
XM_034464169.1	3071	2972	0	0
XM_034464170.1	2514	2415	0	0
XM_034464171.1	2587	2488	0	0
XM_034464172.1	2388	2289	15.691	8.0204
XM_034464173.1	2405	2306	0.00266811	0.00135374
XM_034464174.1	1466	1367	0	0
XM_034464175.1	1614	1515	19.4255	15.0021
XM_034464176.1	1660	1561	0	0
XM_034464177.1	1645	1546	0	0
XM_034464178.1	1490	1391	0	0
XM_034464179.1	3044	2945	0	0
XM_034464180.1	1363	1264	0	0
XM_034464181.1	2941	2842	5	2.05843
XM_034464182.1	2897	2798	0	0
XM_034464183.1	2865	2766	0	0
XM_034464184.1	2822	2723	0	0
XM_034464185.1	2340	2241	0	0
XM_034464186.1	3010	2911	23.6236	9.495
XM_034464187.1	2989	2890	14.9388	6.04794
XM_034464188.1	1908	1809	0.148292	0.0959114
XM_034464189.1	1900	1801	26.8517	17.4441
XM_034464190.1	2213	2114	0	0
XM_034464191.1	1825	1726	0	0
XM_034464192.1	970	871	0	0
XM_034464193.1	1416	1317	5	4.44196
XM_034464194.1	1551	1452	0	0
XM_034464195.1	953	854	10	13.7004
XM_034464196.1	1219	1120	13	13.5805
XM_034464197.1	678	579	1	2.02075
XM_034464198.1	3355	3256	50.3703	18.1001
XM_034464199.1	11416	11317	0	0
XM_034464200.1	11305	11206	0	0
XM_034464201.1	11305	11206	0	0
XM_034464202.1	11194	11095	0	0
XM_034464203.1	11194	11095	0	0
XM_034464204.1	11194	11095	0	0
XM_034464205.1	11194	11095	0	0
XM_034464206.1	11194	11095	0	0
XM_034464207.1	11194	11095	0	0
XM_034464208.1	11194	11095	0	0
XM_034464209.1	11194	11095	0	0
XM_034464210.1	11194	11095	0	0
XM_034464211.1	11194	11095	0	0
XM_034464212.1	11194	11095	0	0
XM_034464213.1	11194	11095	0	0
XM_034464214.1	11194	11095	0	0
XM_034464215.1	11194	11095	0	0
XM_034464216.1	2846	2747	0	0
XM_034464217.1	11083	10984	0	0
XM_034464218.1	11083	10984	0	0
XM_034464219.1	10972	10873	0	0
XM_034464220.1	10972	10873	0	0
XM_034464221.1	10972	10873	0	0
XM_034464222.1	10972	10873	0	0
XM_034464223.1	10972	10873	0	0
XM_034464224.1	10972	10873	0	0
XM_034464225.1	10972	10873	0	0
XM_034464226.1	10972	10873	0	0
XM_034464227.1	10972	10873	0	0
XM_034464228.1	10972	10873	0	0
XM_034464229.1	10972	10873	0	0
XM_034464230.1	10972	10873	0	0
XM_034464231.1	10861	10762	0	0
XM_034464232.1	2880	2781	3.70529	1.55888
XM_034464233.1	10750	10651	0	0
XM_034464234.1	10750	10651	0	0
XM_034464235.1	10750	10651	0	0
XM_034464236.1	10750	10651	0	0
XM_034464237.1	10750	10651	0	0
XM_034464238.1	10750	10651	0	0
XM_034464239.1	10750	10651	0	0
XM_034464240.1	10750	10651	0	0
XM_034464241.1	10750	10651	0	0
XM_034464242.1	10750	10651	0	0
XM_034464243.1	10528	10429	0	0
XM_034464244.1	10528	10429	0	0
XM_034464245.1	10528	10429	4	0.448754
XM_034464246.1	10528	10429	0	0
XM_034464247.1	10528	10429	0	0
XM_034464248.1	10417	10318	0	0
XM_034464249.1	10306	10207	0	0
XM_034464250.1	10084	9985	0	0
XM_034464251.1	8010	7911	10	1.47897
XM_034464252.1	4830	4731	9	2.22577
XM_034464253.1	2590	2491	11	5.16666
XM_034464254.1	647	548	0	0
XM_034464255.1	1136	1037	1	1.12827
XM_034464256.1	2007	1908	1.31254	0.804867
XM_034464257.1	1039	940	1	1.2447
XM_034464258.1	1169	1070	0	0
XM_034464259.1	656	557	0	0
XM_034464260.1	637	538	0	0
XM_034464261.1	652	553	1	2.11576
XM_034464262.1	983	884	0	0
XM_034464263.1	5745	5646	0	0
XM_034464264.1	940	841	0	0
XM_034464265.1	791	692	0	0
XM_034464266.1	4960	4861	0	0
XM_034464267.1	4960	4861	0	0
XM_034464268.1	4936	4837	4.58219e-07	1.10838e-07
XM_034464269.1	996	897	0	0
XM_034464270.1	4929	4830	2.50518e-06	6.06853e-07
XM_034464271.1	4864	4765	20.0003	4.91094
XM_034464272.1	4056	3957	0	0
XM_034464273.1	3001	2902	0	0
XM_034464274.1	3001	2902	0	0
XM_034464275.1	2551	2452	0	0
XM_034464276.1	2553	2454	0	0
XM_034464277.1	2485	2386	6	2.9422
XM_034464278.1	2562	2463	0	0
XM_034464279.1	930	831	0	0
XM_034464280.1	2535	2436	0	0
XM_034464281.1	1481	1382	0.5	0.423304
XM_034464282.1	1532	1433	0	0
XM_034464283.1	1529	1430	1	0.818191
XM_034464284.1	923	824	0	0
XM_034464285.1	2599	2500	2.89352	1.35418
XM_034464286.1	1345	1246	4.82814	4.5337
XM_034464287.1	1411	1312	0	0
XM_034464288.1	6021	5922	7.41781	1.46554
XM_034464289.1	6159	6060	0	0
XM_034464290.1	3446	3347	0	0
XM_034464291.1	5512	5413	0	0
XM_034464292.1	5307	5208	4	0.898628
XM_034464293.1	5526	5427	0	0
XM_034464294.1	2185	2086	280.893	157.55
XM_034464295.1	3239	3140	0	0
XM_034464296.1	3240	3141	0	0
XM_034464297.1	2848	2749	0	0
XM_034464298.1	2757	2658	0	0
XM_034464299.1	2394	2295	0	0
XM_034464300.1	1667	1568	15	11.1927
XM_034464301.1	851	752	0	0
XM_034464302.1	2892	2793	0	0
XM_034464303.1	669	570	1	2.05266
XM_034464304.1	1444	1345	0	0
XM_034464305.1	3026	2927	0	0
XM_034464306.1	2439	2340	10	5.00006
XM_034464307.1	729	630	0	0
XM_034464308.1	2544	2445	0	0
XM_034464309.1	726	627	0	0
XM_034464310.1	821	722	0	0
XM_034464311.1	3054	2955	1	0.395944
XM_034464312.1	6728	6629	3.30038	0.582515
XM_034464313.1	6724	6625	6.69962	1.18319
XM_034464314.1	1730	1631	0	0
XM_034464315.1	1384	1285	0	0
XM_034464316.1	2934	2835	36.1072	14.9015
XM_034464317.1	2946	2847	0.254588	0.104626
XM_034464318.1	1996	1897	0	0
XM_034464319.1	2080	1981	15.8745	9.37575
XM_034464320.1	2175	2076	1.95167	1.09994
XM_034464321.1	3259	3160	4	1.48103
XM_034464322.1	855	756	0	0
XM_034464323.1	2942	2843	0	0
XM_034464324.1	1912	1813	0	0
XM_034464325.1	1776	1677	0	0
XM_034464326.1	1763	1664	0	0
XM_034464327.1	1642	1543	81.1296	61.5183
XM_034464328.1	1740	1641	0	0
XM_034464329.1	1778	1679	0	0
XM_034464330.1	2123	2024	0	0
XM_034464331.1	954	855	0	0
XM_034464332.1	990	891	3	3.93944
XM_034464333.1	9010	8911	15.0033	1.96993
XM_034464334.1	6504	6405	0	0
XM_034464335.1	7484	7385	0	0
XM_034464336.1	5523	5424	0.0601035	0.0129649
XM_034464337.1	7379	7280	0	0
XM_034464338.1	3944	3845	0	0
XM_034464339.1	3590	3491	5.22998	1.75283
XM_034464340.1	2481	2382	14.2304	6.98983
XM_034464341.1	10440	10341	0.00481213	0.00054446
XM_034464342.1	10549	10450	2.19172e-08	2.45392e-09
XM_034464343.1	10387	10288	1.99519	0.226905
XM_034464344.1	3644	3545	4.51725	1.4909
XM_034464345.1	3642	3543	8.75711	2.89188
XM_034464346.1	2955	2856	0	0
XM_034464347.1	3511	3412	2.84941e-06	9.77096e-07
XM_034464348.1	3503	3404	4.47296e-05	1.53743e-05
XM_034464349.1	3500	3401	95.9365	33.0041
XM_034464350.1	3508	3409	7.99588e-06	2.74429e-06
XM_034464351.1	2617	2518	0	0
XM_034464352.1	3539	3440	14.2482	4.84611
XM_034464353.1	2793	2694	1.19679	0.519769
XM_034464354.1	2406	2307	0	0
XM_034464355.1	1405	1306	13	11.6464
XM_034464356.1	1079	980	0	0
XM_034464357.1	1465	1366	17.5587	15.0394
XM_034464358.1	817	718	0	0
XM_034464359.1	1115	1016	1	1.15159
XM_034464360.1	3447	3348	24.0883	8.41807
XM_034464361.1	1504	1405	0	0
XM_034464362.1	1482	1383	0	0
XM_034464363.1	2032	1933	0.00633935	0.0038371
XM_034464364.1	1659	1560	1	0.750009
XM_034464365.1	4867	4768	4.32821	1.06209
XM_034464366.1	6332	6233	25.6455	4.81398
XM_034464367.1	6471	6372	0	0
XM_034464368.1	6304	6205	0	0
XM_034464369.1	6314	6215	0	0
XM_034464370.1	6545	6446	0	0
XM_034464371.1	6284	6185	0	0
XM_034464372.1	6369	6270	0	0
XM_034464373.1	6556	6457	0	0
XM_034464374.1	6292	6193	40.3458	7.62235
XM_034464375.1	6346	6247	0	0
XM_034464376.1	6259	6160	0	0
XM_034464377.1	6488	6389	0	0
XM_034464378.1	6156	6057	0.117665	0.0227291
XM_034464379.1	6156	6057	0	0
XM_034464380.1	6219	6120	35.5053	6.78786
XM_034464381.1	6375	6276	0	0
XM_034464382.1	5758	5659	0	0
XM_034464383.1	6096	5997	0	0
XM_034464384.1	5882	5783	0	0
XM_034464385.1	5887	5788	27.4323	5.54529
XM_034464386.1	6000	5901	0	0
XM_034464387.1	5981	5882	15.5868	3.10044
XM_034464388.1	4842	4743	0	0
XM_034464389.1	6106	6007	6.73769e-07	1.31233e-07
XM_034464390.1	1721	1622	0	0
XM_034464391.1	6023	5924	8.25011	1.62943
XM_034464392.1	6133	6034	0	0
XM_034464393.1	6033	5934	12.4762	2.45995
XM_034464394.1	4458	4359	12.2004	3.27474
XM_034464395.1	3154	3055	4	1.53193
XM_034464396.1	1372	1273	0	0
XM_034464397.1	3554	3455	1.16493	0.394497
XM_034464398.1	3600	3501	2.13069e-07	7.12064e-08
XM_034464399.1	2026	1927	0	0
XM_034464400.1	2786	2687	0	0
XM_034464401.1	2623	2524	6	2.78133
XM_034464402.1	2525	2426	0	0
XM_034464403.1	2088	1989	0	0
XM_034464404.1	1830	1731	0	0
XM_034464405.1	1560	1461	0	0
XM_034464406.1	1749	1650	0	0
XM_034464407.1	1866	1767	0	0
XM_034464408.1	2620	2521	0	0
XM_034464409.1	2412	2313	1	0.505842
XM_034464410.1	2477	2378	3	1.47605
XM_034464411.1	1362	1263	5	4.63188
XM_034464412.1	10078	9979	163	19.1114
XM_034464413.1	4673	4574	24	6.13912
XM_034464414.1	2120	2021	3	1.73678
XM_034464415.1	1244	1145	7	7.15292
XM_034464416.1	1971	1872	0	0
XM_034464417.1	2401	2302	0	0
XM_034464418.1	1217	1118	1	1.04652
XM_034464419.1	3079	2980	0	0
XM_034464420.1	3092	2993	0	0
XM_034464421.1	3317	3218	0	0
XM_034464422.1	3243	3144	0	0
XM_034464423.1	3243	3144	0	0
XM_034464424.1	3278	3179	0	0
XM_034464425.1	3169	3070	0	0
XM_034464426.1	3225	3126	0	0
XM_034464427.1	3151	3052	0	0
XM_034464428.1	1652	1553	0	0
XM_034464429.1	3151	3052	0	0
XM_034464430.1	3186	3087	9	3.41112
XM_034464431.1	3077	2978	0	0
XM_034464432.1	942	843	0	0
XM_034464433.1	2164	2065	4	2.26637
XM_034464434.1	1039	940	0	0
XM_034464435.1	2034	1935	0	0
XM_034464436.1	579	480	0	0
XM_034464437.1	822	723	0	0
XM_034464438.1	657	558	0	0
XM_034464439.1	1570	1471	0	0
XM_034464440.1	1570	1471	0	0
XM_034464441.1	1390	1291	0	0
XM_034464442.1	1372	1273	1	0.919099
XM_034464443.1	4520	4421	14	3.70509
XM_034464444.1	2238	2139	23.1905	12.685
XM_034464445.1	1661	1562	0	0
XM_034464446.1	1511	1412	0	0
XM_034464447.1	1558	1459	1.60817e-08	1.28963e-08
XM_034464448.1	1535	1436	2	1.62955
XM_034464449.1	1815	1716	0	0
XM_034464450.1	1556	1457	36.7713	29.5285
XM_034464451.1	1356	1257	0.35613	0.331485
XM_034464452.1	825	726	1.03812	1.67303
XM_034464453.1	4342	4243	0	0
XM_034464454.1	395	296	1	3.95275
XM_034464455.1	2314	2215	0	0
XM_034464456.1	2083	1984	0	0
XM_034464457.1	2062	1963	0.205015	0.122196
XM_034464458.1	865	766	0	0
XM_034464459.1	2371	2272	2	1.02994
XM_034464460.1	2167	2068	0	0
XM_034464461.1	7935	7836	61.6653	9.2074
XM_034464462.1	5865	5766	46.3347	9.40205
XM_034464463.1	2146	2047	3	1.71472
XM_034464464.1	1832	1733	0	0
XM_034464465.1	1828	1729	0	0
XM_034464466.1	1849	1750	0	0
XM_034464467.1	1787	1688	0	0
XM_034464468.1	2001	1902	0	0
XM_034464469.1	2050	1951	3	1.7991
XM_034464470.1	2018	1919	2	1.2194
XM_034464471.1	2126	2027	0	0
XM_034464472.1	1958	1859	1	0.629378
XM_034464473.1	1696	1597	0	0
XM_034464474.1	2425	2326	2	1.00603
XM_034464475.1	3450	3351	20	6.98307
XM_034464476.1	649	550	0	0
XM_034464477.1	1690	1591	0	0
XM_034464478.1	1875	1776	5	3.29396
XM_034464479.1	3586	3487	6.29195	2.11118
XM_034464480.1	723	624	0	0
XM_034464481.1	6967	6868	3.29158	0.560745
XM_034464482.1	1694	1595	0	0
XM_034464483.1	4802	4703	1.42105	0.353529
XM_034464484.1	3142	3043	32.9737	12.6782
XM_034464485.1	1697	1598	0	0
XM_034464486.1	1328	1229	0	0
XM_034464487.1	2310	2211	0	0
XM_034464488.1	3796	3697	1	0.316476
XM_034464489.1	1731	1632	7.13012	5.11173
XM_034464490.1	1739	1640	0	0
XM_034464491.1	1627	1528	3	2.29715
XM_034464492.1	1167	1068	0	0
XM_034464493.1	1523	1424	0	0
XM_034464494.1	8330	8231	71.1594	10.1151
XM_034464495.1	6569	6470	0	0
XM_034464496.1	2585	2486	699.286	329.113
XM_034464497.1	2759	2660	0	0
XM_034464498.1	2170	2071	1.05185	0.594243
XM_034464499.1	1556	1457	0	0
XM_034464500.1	1366	1267	3	2.77036
XM_034464501.1	1624	1525	0	0
XM_034464502.1	2040	1941	4	2.41116
XM_034464503.1	843	744	0	0
XM_034464504.1	1233	1134	7.37702	7.6113
XM_034464505.1	2286	2187	9.43019	5.04501
XM_034464506.1	2156	2057	0	0
XM_034464507.1	1629	1530	0	0
XM_034464508.1	1170	1071	0	0
XM_034464509.1	1391	1292	0	0
XM_034464510.1	1866	1767	3.05831	2.02505
XM_034464511.1	1165	1066	0	0
XM_034464512.1	1784	1685	0	0
XM_034464513.1	1363	1264	0	0
XM_034464514.1	1313	1214	0	0
XM_034464515.1	1612	1513	0	0
XM_034464516.1	2064	1965	3.02623	1.8019
XM_034464517.1	1403	1304	0	0
XM_034464518.1	461	362	0	0
XM_034464519.1	1578	1479	3	2.37325
XM_034464520.1	5620	5521	0	0
XM_034464521.1	2007	1908	0	0
XM_034464522.1	472	373	0	0
XM_034464523.1	5131	5032	0.000187472	4.359e-05
XM_034464524.1	5253	5154	0	0
XM_034464525.1	5080	4981	28.9998	6.81192
XM_034464526.1	1196	1097	0	0
XM_034464527.1	1564	1465	21	16.7715
XM_034464528.1	2847	2748	5	2.12885
XM_034464529.1	416	317	17	62.7452
XM_034464530.1	846	747	0	0
XM_034464531.1	1452	1353	11	9.5123
XM_034464532.1	1288	1189	3	2.95209
XM_034464533.1	1613	1514	6.54545	5.0583
XM_034464534.1	2992	2893	12	4.85315
XM_034464535.1	973	874	0	0
XM_034464536.1	853	754	0	0
XM_034464537.1	3816	3717	96	30.2183
XM_034464538.1	1315	1216	3	2.88655
XM_034464539.1	999	900	0	0
XM_034464540.1	3044	2945	4.41167e-06	1.7527e-06
XM_034464541.1	3036	2937	0.000107233	4.27185e-05
XM_034464542.1	3004	2905	40.8546	16.4545
XM_034464543.1	1081	982	56	66.7217
XM_034464544.1	1896	1797	19	12.3708
XM_034464545.1	2049	1950	20.9481	12.569
XM_034464546.1	2059	1960	0.0519244	0.030996
XM_034464547.1	841	742	2	3.15367
XM_034464548.1	1298	1199	1.51565	1.47901
XM_034464549.1	652	553	1	2.11576
XM_034464550.1	542	443	0	0
XM_034464551.1	4047	3948	3.30781e-05	9.80289e-06
XM_034464552.1	4029	3930	0.00703832	0.0020954
XM_034464553.1	4026	3927	0.0172383	0.00513598
XM_034464554.1	4027	3928	0.0127875	0.00380895
XM_034464555.1	4008	3909	3.77484	1.12986
XM_034464556.1	4589	4490	0.00227654	0.000593224
XM_034464557.1	2727	2628	0	0
XM_034464558.1	4612	4513	5.68063e-06	1.47273e-06
XM_034464559.1	4571	4472	0.253295	0.0662699
XM_034464560.1	4568	4469	0.556527	0.145702
XM_034464561.1	2706	2607	0	0
XM_034464562.1	4591	4492	0.00135023	0.00035169
XM_034464563.1	4550	4451	63.3103	16.6421
XM_034464564.1	4573	4474	0.149916	0.0392051
XM_034464565.1	4113	4014	0.000232028	6.76323e-05
XM_034464566.1	4149	4050	0	0
XM_034464567.1	4079	3980	4.99977	1.4698
XM_034464568.1	1647	1548	0	0
XM_034464569.1	1748	1649	0	0
XM_034464570.1	4057	3958	10	2.95607
XM_034464571.1	828	729	0	0
XM_034464572.1	2439	2340	0	0
XM_034464573.1	3235	3136	15.7682	5.88297
XM_034464574.1	1641	1542	0.000837766	0.000635666
XM_034464575.1	2527	2428	4	1.92753
XM_034464576.1	2311	2212	9.83694	5.20314
XM_034464577.1	1406	1307	0	0
XM_034464578.1	3442	3343	0	0
XM_034464579.1	3579	3480	0	0
XM_034464580.1	866	767	0	0
XM_034464581.1	2047	1948	0	0
XM_034464582.1	5316	5217	8	1.79416
XM_034464583.1	3921	3822	3.99343e-07	1.22249e-07
XM_034464584.1	3867	3768	7.08333	2.19947
XM_034464585.1	3782	3683	4.53941	1.44208
XM_034464586.1	993	894	0	0
XM_034464587.1	3253	3154	0	0
XM_034464588.1	3122	3023	2.98677	1.15599
XM_034464589.1	3267	3168	0	0
XM_034464590.1	3136	3037	0.0132254	0.00509512
XM_034464591.1	3183	3084	0	0
XM_034464592.1	660	561	0	0
XM_034464593.1	3164	3065	0	0
XM_034464594.1	3094	2995	0	0
XM_034464595.1	4780	4681	0	0
XM_034464596.1	5091	4992	22.0766	5.17426
XM_034464597.1	4745	4646	9.81219	2.47103
XM_034464598.1	4799	4700	62.1112	15.4619
XM_034464599.1	5158	5059	0	0
XM_034464600.1	5107	5008	0	0
XM_034464601.1	1100	1001	0	0
XM_034464602.1	6866	6767	2.15333	0.37231
XM_034464603.1	2358	2259	0	0
XM_034464604.1	4203	4104	0.0823224	0.0234694
XM_034464605.1	4192	4093	1.91768	0.548182
XM_034464606.1	3414	3315	0	0
XM_034464607.1	1428	1329	4.8811	4.29718
XM_034464608.1	647	548	0	0
XM_034464609.1	3178	3079	2.06701	0.785461
XM_034464610.1	2437	2338	0	0
XM_034464611.1	2032	1933	16	9.68454
XM_034464612.1	1976	1877	0	0
XM_034464613.1	4068	3969	11.6454	3.43292
XM_034464614.1	3778	3679	0	0
XM_034464615.1	3772	3673	0	0
XM_034464616.1	3211	3112	0	0
XM_034464617.1	3766	3667	0	0
XM_034464618.1	3205	3106	0	0
XM_034464619.1	3760	3661	0	0
XM_034464620.1	3144	3045	0	0
XM_034464621.1	1621	1522	0	0
XM_034464622.1	1615	1516	0	0
XM_034464623.1	1566	1467	0	0
XM_034464624.1	3264	3165	0	0
XM_034464625.1	3246	3147	0	0
XM_034464626.1	3243	3144	0	0
XM_034464627.1	3221	3122	5.18705e-06	1.94392e-06
XM_034464628.1	6264	6165	0	0
XM_034464629.1	3200	3101	0.0142278	0.00536819
XM_034464630.1	947	848	0	0
XM_034464631.1	1039	940	3.40416	4.23714
XM_034464632.1	981	882	3.52459	4.67553
XM_034464633.1	1011	912	0	0
XM_034464634.1	3183	3084	8.98577	3.40904
XM_034464635.1	10518	10419	0.203669	0.0228712
XM_034464636.1	10491	10392	4.27345	0.481138
XM_034464637.1	9013	8914	24.183	3.17415
XM_034464638.1	8395	8296	0	0
XM_034464639.1	8392	8293	0	0
XM_034464640.1	8971	8872	0	0
XM_034464641.1	8997	8898	0	0
XM_034464642.1	8349	8250	0	0
XM_034464643.1	3528	3429	0.339928	0.115987
XM_034464644.1	2426	2327	0	0
XM_034464645.1	596	497	0	0
XM_034464646.1	560	461	0	0
XM_034464647.1	437	338	0	0
XM_034464648.1	3686	3587	5	1.63091
XM_034464649.1	3583	3484	0	0
XM_034464650.1	3418	3319	44	15.5109
XM_034464651.1	3729	3630	11	3.5455
XM_034464652.1	881	782	0	0
XM_034464653.1	742	643	0	0
XM_034464654.1	770	671	0	0
XM_034464655.1	954	855	0	0
XM_034464656.1	960	861	0	0
XM_034464657.1	2653	2554	0	0
XM_034464658.1	3328	3229	2	0.724691
XM_034464659.1	2745	2646	0	0
XM_034464660.1	2646	2547	8.66327	3.97964
XM_034464661.1	1764	1665	30.3367	21.3179
XM_034464662.1	1122	1023	0	0
XM_034464663.1	1841	1742	0	0
XM_034464664.1	1920	1821	0	0
XM_034464665.1	1022	923	0	0
XM_034464666.1	1016	917	0	0
XM_034464667.1	4938	4839	0	0
XM_034464668.1	4668	4569	0	0
XM_034464669.1	4669	4570	0	0
XM_034464670.1	4673	4574	0	0
XM_034464671.1	4399	4300	12.0464	3.27777
XM_034464672.1	879	780	50	75.0009
XM_034464673.1	1332	1233	0	0
XM_034464674.1	1290	1191	0	0
XM_034464675.1	2933	2834	0	0
XM_034464676.1	1315	1216	0	0
XM_034464677.1	2128	2029	0	0
XM_034464678.1	3927	3828	53.8662	16.464
XM_034464679.1	3763	3664	10.5109	3.35643
XM_034464680.1	2736	2637	0	0
XM_034464681.1	2824	2725	15	6.44044
XM_034464682.1	5054	4955	0.146079	0.0344934
XM_034464683.1	5039	4940	5.11787	1.21214
XM_034464684.1	4475	4376	0	0
XM_034464685.1	4323	4224	2	0.553984
XM_034464686.1	4927	4828	3	0.727017
XM_034464687.1	2169	2070	0	0
XM_034464688.1	1526	1427	0	0
XM_034464689.1	1100	1001	0	0
XM_034464690.1	3510	3411	0	0
XM_034464691.1	6160	6061	19.5795	3.77962
XM_034464692.1	3577	3478	5	1.68202
XM_034464693.1	5376	5277	15.229	3.37657
XM_034464694.1	5478	5379	0	0
XM_034464695.1	5510	5411	0	0
XM_034464696.1	5411	5312	0	0
XM_034464697.1	5485	5386	0	0
XM_034464698.1	6006	5907	22.3244	4.42186
XM_034464699.1	5351	5252	0	0
XM_034464700.1	5267	5168	0.000595739	0.000134873
XM_034464701.1	4848	4749	8.67179	2.13647
XM_034464702.1	1810	1711	1.07391	0.734356
XM_034464703.1	2440	2341	0	0
XM_034464704.1	1625	1526	1	0.766719
XM_034464705.1	3664	3565	0	0
XM_034464706.1	3301	3202	0	0
XM_034464707.1	3641	3542	6.08685	2.01064
XM_034464708.1	903	804	0	0
XM_034464709.1	894	795	0	0
XM_034464710.1	1427	1328	0	0
XM_034464711.1	2193	2094	0	0
XM_034464712.1	1039	940	0	0
XM_034464713.1	2398	2299	0	0
XM_034464714.1	1320	1221	2.60713	2.49826
XM_034464715.1	11618	11519	0	0
XM_034464716.1	11650	11551	0	0
XM_034464717.1	11615	11516	0	0
XM_034464718.1	9540	9441	7	0.867503
XM_034464719.1	3993	3894	0	0
XM_034464720.1	1699	1600	0	0
XM_034464721.1	1086	987	14.1865	16.817
XM_034464722.1	6579	6480	0	0
XM_034464723.1	3684	3585	0	0
XM_034464724.1	3580	3481	1.08392	0.364321
XM_034464725.1	1412	1313	16.0024	14.2597
XM_034464726.1	3013	2914	0	0
XM_034464727.1	2978	2879	0	0
XM_034464728.1	3578	3479	0	0
XM_034464729.1	3489	3390	0	0
XM_034464730.1	2096	1997	0	0
XM_034464731.1	1080	981	0	0
XM_034464732.1	3079	2980	40.954	16.0795
XM_034464733.1	3302	3203	0	0
XM_034464734.1	3138	3039	10.7546	4.1405
XM_034464735.1	5981	5882	0	0
XM_034464736.1	5967	5868	0	0
XM_034464737.1	4279	4180	0	0
XM_034464738.1	2533	2434	0	0
XM_034464739.1	1282	1183	0	0
XM_034464740.1	1181	1082	1.24543	1.34674
XM_034464741.1	5033	4934	4.84001	1.14773
XM_034464742.1	5029	4930	12.5316	2.97407
XM_034464743.1	1770	1671	10.2881	7.20361
XM_034464744.1	6210	6111	113	21.635
XM_034464745.1	5998	5899	0	0
XM_034464746.1	5876	5777	9.56833e-07	1.93787e-07
XM_034464747.1	5794	5695	18.3472	3.76935
XM_034464748.1	5916	5817	0	0
XM_034464749.1	1153	1054	0	0
XM_034464750.1	1390	1291	0	0
XM_034464751.1	513	414	0	0
XM_034464752.1	531	432	0	0
XM_034464753.1	475	376	0	0
XM_034464754.1	897	798	0	0
XM_034464755.1	345	246	0	0
XM_034464756.1	2384	2285	7.58037	3.88146
XM_034464757.1	2312	2213	15.4196	8.15236
XM_034464758.1	2530	2431	0	0
XM_034464759.1	944	845	0	0
XM_034464760.1	1173	1074	0	0
XM_034464761.1	1180	1081	0	0
XM_034464762.1	1509	1410	4	3.31919
XM_034464763.1	1471	1372	0	0
XM_034464764.1	1597	1498	0	0
XM_034464765.1	1617	1518	0	0
XM_034464766.1	5819	5720	0	0
XM_034464767.1	5721	5622	22.0471	4.58829
XM_034464768.1	1318	1219	5.04118	4.8386
XM_034464769.1	5466	5367	25.7261	5.60832
XM_034464770.1	2225	2126	0	0
XM_034464771.1	3515	3416	3	1.02753
XM_034464772.1	3698	3599	1.30334	0.423707
XM_034464773.1	4889	4790	24.6163	6.01283
XM_034464774.1	4788	4689	0	0
XM_034464775.1	4646	4547	0	0
XM_034464776.1	3434	3335	1	0.350829
XM_034464777.1	2817	2718	1	0.430469
XM_034464778.1	935	836	0	0
XM_034464779.1	2078	1979	0	0
XM_034464780.1	1694	1595	0	0
XM_034464781.1	4586	4487	1.49022	0.388584
XM_034464782.1	4150	4051	0	0
XM_034464783.1	5755	5656	0	0
XM_034464784.1	11429	11330	389.212	40.1927
XM_034464785.1	6815	6716	0	0
XM_034464786.1	5089	4990	0	0
XM_034464787.1	5080	4981	0	0
XM_034464788.1	5071	4972	7.89236e-08	1.85723e-08
XM_034464789.1	5059	4960	1.3434e-06	3.16893e-07
XM_034464790.1	5050	4951	1.13086e-05	2.67243e-06
XM_034464791.1	5002	4903	1.03851	0.247821
XM_034464792.1	4993	4894	8.96148	2.14243
XM_034464793.1	3980	3881	1.30524	0.393494
XM_034464794.1	2833	2734	0	0
XM_034464795.1	2816	2717	0	0
XM_034464796.1	2428	2329	0	0
XM_034464797.1	2225	2126	0	0
XM_034464798.1	2332	2233	0	0
XM_034464799.1	3068	2969	0	0
XM_034464800.1	4877	4778	1.19633e-08	2.92952e-09
XM_034464801.1	2241	2142	0	0
XM_034464802.1	2252	2153	0	0
XM_034464803.1	2266	2167	0	0
XM_034464804.1	4151	4052	0	0
XM_034464805.1	2299	2200	0	0
XM_034464806.1	3529	3430	0	0
XM_034464807.1	3451	3352	0	0
XM_034464808.1	2236	2137	0	0
XM_034464809.1	3388	3289	7.38348	2.62656
XM_034464810.1	2085	1986	0	0
XM_034464811.1	2584	2485	0	0
XM_034464812.1	2584	2485	0	0
XM_034464813.1	3291	3192	4.1671	1.52743
XM_034464814.1	1886	1787	0	0
XM_034464815.1	2357	2258	1.05476	0.546538
XM_034464816.1	1981	1882	0	0
XM_034464817.1	2881	2782	2.75542	1.15884
XM_034464818.1	4625	4526	0	0
XM_034464819.1	2786	2687	12.9964	5.6591
XM_034464820.1	2865	2766	0	0
XM_034464821.1	2829	2730	1.06172e-07	4.5503e-08
XM_034464822.1	3481	3382	6.59437	2.28134
XM_034464823.1	3560	3461	0	0
XM_034464824.1	3591	3492	0	0
XM_034464825.1	3571	3472	0	0
XM_034464826.1	3414	3315	24.5186	8.65372
XM_034464827.1	2717	2618	0	0
XM_034464828.1	2644	2545	0	0
XM_034464829.1	3976	3877	1.02037	0.307932
XM_034464830.1	2056	1957	0	0
XM_034464831.1	2639	2540	1	0.460635
XM_034464832.1	3316	3217	10.5173	3.82512
XM_034464833.1	1751	1652	0	0
XM_034464834.1	2347	2248	0	0
XM_034464835.1	2331	2232	0	0
XM_034464836.1	1771	1672	0	0
XM_034464837.1	3292	3193	5.43256	1.99066
XM_034464838.1	3000	2901	0	0
XM_034464839.1	2970	2871	12.4366	5.06825
XM_034464840.1	1406	1307	6.62989	5.93501
XM_034464841.1	2676	2577	0	0
XM_034464842.1	1087	988	4.21703	4.99391
XM_034464843.1	2747	2648	0	0
XM_034464844.1	1148	1049	0	0
XM_034464845.1	1115	1016	0	0
XM_034464846.1	2906	2807	92.7093	38.6431
XM_034464847.1	3958	3859	5	1.51595
XM_034464848.1	1282	1183	75.0656	74.2415
XM_034464849.1	1487	1388	4	3.3718
XM_034464850.1	1374	1275	0	0
XM_034464851.1	1109	1010	0	0
XM_034464852.1	1278	1179	0	0
XM_034464853.1	1013	914	0	0
XM_034464854.1	3550	3451	0	0
XM_034464855.1	3454	3355	23.9645	8.35732
XM_034464856.1	1023	924	4.21338	5.33519
XM_034464857.1	974	875	4	5.34863
XM_034464858.1	5393	5294	0.000120151	2.65543e-05
XM_034464859.1	5393	5294	0.000120151	2.65543e-05
XM_034464860.1	5344	5245	6.55879	1.46308
XM_034464861.1	5370	5271	0.0198508	0.00440632
XM_034464862.1	5344	5245	6.55879	1.46308
XM_034464863.1	5540	5441	0	0
XM_034464864.1	5507	5408	0	0
XM_034464865.1	3712	3613	1	0.323834
XM_034464866.1	2609	2510	0	0
XM_034464867.1	2591	2492	0	0
XM_034464868.1	2588	2489	0	0
XM_034464869.1	2582	2483	0	0
XM_034464870.1	2576	2477	0	0
XM_034464871.1	2217	2118	0	0
XM_034464872.1	2558	2459	0	0
XM_034464873.1	2558	2459	0	0
XM_034464874.1	2555	2456	0	0
XM_034464875.1	2549	2450	0	0
XM_034464876.1	2540	2441	0	0
XM_034464877.1	2531	2432	0	0
XM_034464878.1	2525	2426	0	0
XM_034464879.1	2522	2423	0	0
XM_034464880.1	2519	2420	0	0
XM_034464881.1	2513	2414	0	0
XM_034464882.1	2160	2061	0	0
XM_034464883.1	2504	2405	0	0
XM_034464884.1	2495	2396	0	0
XM_034464885.1	2489	2390	0	0
XM_034464886.1	2471	2372	0	0
XM_034464887.1	3033	2934	0	0
XM_034464888.1	2458	2359	0	0
XM_034464889.1	2979	2880	0	0
XM_034464890.1	2332	2233	0	0
XM_034464891.1	2511	2412	0	0
XM_034464892.1	1933	1834	0	0
XM_034464893.1	1405	1306	1	0.895876
XM_034464894.1	998	899	0	0
XM_034464895.1	880	781	0	0
XM_034464896.1	5657	5558	0	0
XM_034464897.1	5655	5556	0	0
XM_034464898.1	5393	5294	8.80865	1.94678
XM_034464899.1	5607	5508	0	0
XM_034464900.1	5513	5414	7.50902	1.62276
XM_034464901.1	4792	4693	48.6836	12.1373
XM_034464902.1	2676	2577	1	0.454022
XM_034464903.1	5413	5314	28.2705	6.22447
XM_034464904.1	3053	2954	11	4.35685
XM_034464905.1	2052	1953	0	0
XM_034464906.1	3279	3180	39.4407	14.5114
XM_034464907.1	3596	3497	0	0
XM_034464908.1	2261	2162	0	0
XM_034464909.1	2315	2216	0	0
XM_034464910.1	2243	2144	0	0
XM_034464911.1	2298	2199	0	0
XM_034464912.1	1684	1585	0	0
XM_034464913.1	1842	1743	1.1229	0.753762
XM_034464914.1	3759	3660	12	3.83611
XM_034464915.1	848	749	12	18.7452
XM_034464916.1	1431	1332	0	0
XM_034464917.1	2489	2390	0	0
XM_034464918.1	1683	1584	18.1675	13.4194
XM_034464919.1	793	694	4	6.74359
XM_034464920.1	3763	3664	2	0.638654
XM_034464921.1	3941	3842	0	0
XM_034464922.1	2472	2373	0	0
XM_034464923.1	5782	5683	0	0
XM_034464924.1	2157	2058	16	9.09631
XM_034464925.1	1119	1020	0	0
XM_034464926.1	772	673	0	0
XM_034464927.1	2031	1932	0	0
XM_034464928.1	5859	5760	0	0
XM_034464929.1	1288	1189	2.17606	2.14131
XM_034464930.1	1858	1759	0	0
XM_034464931.1	1790	1691	0	0
XM_034464932.1	2949	2850	0	0
XM_034464933.1	2971	2872	0	0
XM_034464934.1	1806	1707	21	14.3938
XM_034464935.1	5845	5746	0	0
XM_034464936.1	1847	1748	0	0
XM_034464937.1	4958	4859	0	0
XM_034464938.1	1360	1261	0	0
XM_034464939.1	1164	1065	0	0
XM_034464940.1	1615	1516	0	0
XM_034464941.1	5618	5519	0	0
XM_034464942.1	3389	3290	0	0
XM_034464943.1	2583	2484	0	0
XM_034464944.1	3305	3206	0	0
XM_034464945.1	2470	2371	8.24189	4.06711
XM_034464946.1	3227	3128	0	0
XM_034464947.1	1968	1869	0	0
XM_034464948.1	7445	7346	0	0
XM_034464949.1	3194	3095	0	0
XM_034464950.1	5791	5692	0	0
XM_034464951.1	5785	5686	0	0
XM_034464952.1	5732	5633	0	0
XM_034464953.1	4905	4806	0	0
XM_034464954.1	5659	5560	0	0
XM_034464955.1	5659	5560	0	0
XM_034464956.1	5656	5557	0	0
XM_034464957.1	5653	5554	0	0
XM_034464958.1	5520	5421	3.59695e-05	7.76329e-06
XM_034464959.1	5755	5656	19.2709	3.98642
XM_034464960.1	5521	5422	2.89714e-05	6.25174e-06
XM_034464961.1	5521	5422	2.89714e-05	6.25174e-06
XM_034464962.1	5520	5421	0	0
XM_034464963.1	5518	5419	0	0
XM_034464964.1	5460	5361	4.77586e-06	1.04231e-06
XM_034464965.1	5501	5402	0	0
XM_034464966.1	5466	5367	4.52812	0.987136
XM_034464967.1	5388	5289	36.9139	8.16595
XM_034464968.1	1156	1057	0	0
XM_034464969.1	5741	5642	0	0
XM_034464970.1	1150	1051	0	0
XM_034464971.1	1018	919	12	15.2777
XM_034464972.1	1298	1199	1	0.975824
XM_034464973.1	3762	3663	1	0.319414
XM_034464974.1	1502	1403	0	0
XM_034464975.1	1410	1311	0	0
XM_034464976.1	4621	4522	0.000872336	0.000225706
XM_034464977.1	2787	2688	0	0
XM_034464978.1	1309	1210	0	0
XM_034464979.1	1177	1078	9	9.7682
XM_034464980.1	1215	1116	0	0
XM_034464981.1	1189	1090	0	0
XM_034464982.1	846	747	0	0
XM_034464983.1	6281	6182	39.423	7.46124
XM_034464984.1	5843	5744	0.000993861	0.000202443
XM_034464985.1	5835	5736	0.00509717	0.00103971
XM_034464986.1	5576	5477	0	0
XM_034464987.1	4581	4482	29.3053	7.65006
XM_034464988.1	5815	5716	0.306676	0.0627737
XM_034464989.1	6068	5969	32.5582	6.3819
XM_034464990.1	5446	5347	40.906	8.95093
XM_034464991.1	5793	5694	28.2598	5.80688
XM_034464992.1	1995	1896	1	0.617096
XM_034464993.1	2050	1951	1	0.599699
XM_034464994.1	6102	6003	8.6483	1.68559
XM_034464995.1	5279	5180	3.10508e-08	7.01348e-09
XM_034464996.1	5200	5101	2.09501	0.480532
XM_034464997.1	5245	5146	7.02792e-05	1.59789e-05
XM_034464998.1	5002	4903	0	0
XM_034464999.1	4878	4779	1.18415	0.289909
XM_034465000.1	4555	4456	60.6825	15.9334
XM_034465001.1	4575	4476	0.317469	0.0829854
XM_034465002.1	7201	7102	0	0
XM_034465003.1	4789	4690	1	0.24947
XM_034465004.1	5041	4942	0	0
XM_034465005.1	4700	4601	0	0
XM_034465006.1	1315	1216	0	0
XM_034465007.1	4834	4735	2.55456	0.631228
XM_034465008.1	2935	2836	0	0
XM_034465009.1	2878	2779	0	0
XM_034465010.1	2926	2827	0	0
XM_034465011.1	4130	4031	0	0
XM_034465012.1	2952	2853	5	2.0505
XM_034465013.1	2895	2796	0	0
XM_034465014.1	2897	2798	0	0
XM_034465015.1	2509	2410	0	0
XM_034465016.1	2679	2580	0	0
XM_034465017.1	2209	2110	17.6008	9.75978
XM_034465018.1	2661	2562	7.19491	3.28577
XM_034465019.1	3346	3247	59.9782	21.6123
XM_034465020.1	604	505	1	2.31686
XM_034465021.1	2913	2814	2	0.831566
XM_034465022.1	2122	2023	6.59123	3.81208
XM_034465023.1	2339	2240	6.73908	3.52001
XM_034465024.1	1896	1797	0	0
XM_034465025.1	1843	1744	5	3.3544
XM_034465026.1	2038	1939	6.63529e-07	4.0038e-07
XM_034465027.1	2012	1913	5	3.05806
XM_034465028.1	2056	1957	0	0
XM_034465029.1	2007	1908	0	0
XM_034465030.1	3416	3317	0	0
XM_034465031.1	3152	3053	0	0
XM_034465032.1	3169	3070	0	0
XM_034465033.1	2854	2755	54.4663	23.1311
XM_034465034.1	2051	1952	0	0
XM_034465035.1	1772	1673	0	0
XM_034465036.1	4432	4333	1.11589	0.301317
XM_034465037.1	1819	1720	0	0
XM_034465038.1	1693	1594	0	0
XM_034465039.1	2785	2686	0	0
XM_034465040.1	1800	1701	0	0
XM_034465041.1	3391	3292	0	0
XM_034465042.1	1165	1066	21.3328	23.4143
XM_034465043.1	1733	1634	0	0
XM_034465044.1	2088	1989	9	5.29418
XM_034465045.1	1041	942	0	0
XM_034465046.1	1857	1758	0	0
XM_034465047.1	1026	927	0	0
XM_034465048.1	1360	1261	0	0
XM_034465049.1	3391	3292	0	0
XM_034465050.1	1821	1722	0.13616	0.0925142
XM_034465051.1	1815	1716	8.16881	5.56971
XM_034465052.1	1326	1227	0	0
XM_034465053.1	1664	1565	0.031607	0.0236298
XM_034465054.1	1495	1396	0	0
XM_034465055.1	1091	992	0	0
XM_034465056.1	1096	997	8.45142	9.91802
XM_034465057.1	1147	1048	0	0
XM_034465058.1	1149	1050	0	0
XM_034465059.1	807	708	1.0975	1.81368
XM_034465060.1	1119	1020	0	0
XM_034465061.1	1968	1869	0	0
XM_034465062.1	1616	1517	3	2.3138
XM_034465063.1	1046	947	0	0
XM_034465064.1	1097	998	0	0
XM_034465065.1	1098	999	0	0
XM_034465066.1	2217	2118	2.60966	1.44161
XM_034465067.1	992	893	0	0
XM_034465068.1	976	877	0	0
XM_034465069.1	1101	1002	6.23314	7.2783
XM_034465070.1	997	898	0	0
XM_034465071.1	796	697	3.42275	5.74557
XM_034465072.1	1150	1051	0	0
XM_034465073.1	964	865	5.1581	6.97693
XM_034465074.1	842	743	0	0
XM_034465075.1	1034	935	0	0
XM_034465076.1	1096	997	0	0
XM_034465077.1	698	599	14	27.3459
XM_034465078.1	993	894	0	0
XM_034465079.1	942	843	0	0
XM_034465080.1	576	477	0	0
XM_034465081.1	675	576	0	0
XM_034465082.1	512	413	0	0
XM_034465083.1	1740	1641	0	0
XM_034465084.1	1926	1827	0	0
XM_034465085.1	4164	4065	0	0
XM_034465086.1	2028	1929	0	0
XM_034465087.1	2018	1919	0	0
XM_034465088.1	1485	1386	0	0
XM_034465089.1	1450	1351	0	0
XM_034465090.1	1969	1870	0	0
XM_034465091.1	1850	1751	0.661965	0.442323
XM_034465092.1	2103	2004	0	0
XM_034465093.1	2163	2064	0	0
XM_034465094.1	2012	1913	0	0
XM_034465095.1	2011	1912	0	0
XM_034465096.1	2429	2330	20.9991	10.5447
XM_034465097.1	846	747	0	0
XM_034465098.1	3393	3294	0	0
XM_034465099.1	3421	3322	0	0
XM_034465100.1	3335	3236	0	0
XM_034465101.1	3333	3234	0	0
XM_034465102.1	3306	3207	0	0
XM_034465103.1	3256	3157	0	0
XM_034465104.1	3295	3196	4.40438	1.61239
XM_034465105.1	3229	3130	0	0
XM_034465106.1	4182	4083	7.59562	2.17658
XM_034465107.1	2818	2719	2.81273	1.21035
XM_034465108.1	6019	5920	0	0
XM_034465109.1	6022	5923	1.63084e-06	3.22152e-07
XM_034465110.1	2581	2482	0	0
XM_034465111.1	2582	2483	0	0
XM_034465112.1	5576	5477	12.7838	2.73092
XM_034465113.1	2965	2866	0	0
XM_034465114.1	3147	3048	0	0
XM_034465115.1	3343	3244	58.4758	21.0905
XM_034465116.1	1528	1429	12.9053	10.5664
XM_034465117.1	701	602	0	0
XM_034465118.1	2314	2215	0	0
XM_034465119.1	2405	2306	0.494543	0.25092
XM_034465120.1	2399	2300	10.5055	5.34414
XM_034465121.1	4034	3935	7.58276	2.25462
XM_034465122.1	2009	1910	0	0
XM_034465123.1	1992	1893	0	0
XM_034465124.1	1970	1871	0	0
XM_034465125.1	1970	1871	0	0
XM_034465126.1	1967	1868	0	0
XM_034465127.1	1931	1832	0	0
XM_034465128.1	1914	1815	0	0
XM_034465129.1	1892	1793	0	0
XM_034465130.1	1851	1752	2.41724	1.61427
XM_034465131.1	990	891	16	21.0103
XM_034465132.1	3095	2996	0	0
XM_034465133.1	3025	2926	19	7.59749
XM_034465134.1	2658	2559	93.3744	42.6922
XM_034465135.1	3240	3141	0	0
XM_034465136.1	3138	3039	14.0673	5.41592
XM_034465137.1	3138	3039	14.0673	5.41592
XM_034465138.1	3959	3860	0	0
XM_034465139.1	3132	3033	0	0
XM_034465140.1	3030	2931	4.86533	1.94217
XM_034465141.1	916	817	0	0
XM_034465142.1	1262	1163	2	2.01206
XM_034465143.1	1982	1883	151.412	94.0807
XM_034465144.1	3076	2977	0.765212	0.300742
XM_034465145.1	3079	2980	0.234788	0.0921831
XM_034465146.1	2153	2054	1	0.569627
XM_034465147.1	2696	2597	0	0
XM_034465148.1	2445	2346	0	0
XM_034465149.1	2288	2189	0	0
XM_034465150.1	2132	2033	0	0
XM_034465151.1	2279	2180	0	0
XM_034465152.1	2025	1926	17	10.3272
XM_034465153.1	2231	2132	10	5.48787
XM_034465154.1	2072	1973	0	0
XM_034465155.1	1931	1832	0	0
XM_034465156.1	1966	1867	0	0
XM_034465157.1	2237	2138	7	3.83073
XM_034465158.1	2205	2106	9.06881	5.03828
XM_034465159.1	1721	1622	17	12.2628
XM_034465160.1	1980	1881	0	0
XM_034465161.1	1848	1749	0	0
XM_034465162.1	1728	1629	6.81793	4.89691
XM_034465163.1	3047	2948	5.20844	2.06715
XM_034465164.1	3061	2962	0.0200989	0.00793922
XM_034465165.1	3071	2972	0.000385649	0.000151822
XM_034465166.1	2589	2490	2.77108	1.30209
XM_034465167.1	3394	3295	0	0
XM_034465168.1	1290	1191	0	0
XM_034465169.1	1620	1521	0	0
XM_034465170.1	3183	3084	21.143	8.02127
XM_034465171.1	2950	2851	0	0
XM_034465172.1	1132	1033	1	1.13264
XM_034465173.1	660	561	0	0
XM_034465174.1	1316	1217	0	0
XM_034465175.1	1921	1822	0	0
XM_034465176.1	2300	2201	0	0
XM_034465177.1	3436	3337	18	6.31113
XM_034465178.1	3412	3313	0	0
XM_034465179.1	3409	3310	0	0
XM_034465180.1	3407	3308	0	0
XM_034465181.1	3502	3403	0	0
XM_034465182.1	3554	3455	0	0
XM_034465183.1	3478	3379	0	0
XM_034465184.1	3383	3284	0	0
XM_034465185.1	3475	3376	0	0
XM_034465186.1	3817	3718	2.07114e-06	6.51764e-07
XM_034465187.1	3380	3281	0	0
XM_034465188.1	2386	2287	0	0
XM_034465189.1	3451	3352	0	0
XM_034465190.1	3356	3257	0	0
XM_034465191.1	3304	3205	0	0
XM_034465192.1	488	389	0	0
XM_034465193.1	3301	3202	1.29584e-08	4.735e-09
XM_034465194.1	3457	3358	0	0
XM_034465195.1	3370	3271	0	0
XM_034465196.1	3410	3311	0	0
XM_034465197.1	3508	3409	0	0
XM_034465198.1	2450	2351	0	0
XM_034465199.1	4289	4190	13	3.63011
XM_034465200.1	1319	1220	0	0
XM_034465201.1	3867	3768	41.8733	13.0022
XM_034465202.1	5420	5321	20.9892	4.61523
XM_034465203.1	4528	4429	6.84114	1.80723
XM_034465204.1	3890	3791	8.07426	2.49195
XM_034465205.1	3891	3792	5.92574	1.82837
XM_034465206.1	3346	3247	0	0
XM_034465207.1	3339	3240	0	0
XM_034465208.1	750	651	6	10.7835
XM_034465209.1	3732	3633	10	3.22052
XM_034465210.1	3030	2931	0	0
XM_034465211.1	2987	2888	0	0
XM_034465212.1	2189	2090	0	0
XM_034465213.1	2117	2018	0	0
XM_034465214.1	2606	2507	0	0
XM_034465215.1	2614	2515	0	0
XM_034465216.1	1478	1379	12	10.1814
XM_034465217.1	1397	1298	0	0
XM_034465218.1	2013	1914	0	0
XM_034465219.1	1562	1463	4	3.19894
XM_034465220.1	1432	1333	5.32571	4.67453
XM_034465221.1	828	729	0	0
XM_034465222.1	5351	5252	23.8351	5.30986
XM_034465223.1	5368	5269	37.4297	8.31149
XM_034465224.1	1297	1198	0	0
XM_034465225.1	3546	3447	6.84591	2.3237
XM_034465226.1	3401	3302	0	0
XM_034465227.1	3567	3468	0	0
XM_034465228.1	3289	3190	1.15409	0.423293
XM_034465229.1	3974	3875	0	0
XM_034465230.1	3974	3875	33.5748	10.1375
XM_034465231.1	3931	3832	0	0
XM_034465232.1	3980	3881	0	0
XM_034465233.1	2601	2502	9.19161	4.29828
XM_034465234.1	2328	2229	0	0
XM_034465235.1	2421	2322	0	0
XM_034465236.1	2374	2275	0	0
XM_034465237.1	2357	2258	7	3.62715
XM_034465238.1	2409	2310	4.80839	2.43545
XM_034465239.1	1183	1084	0	0
XM_034465240.1	1268	1169	0	0
XM_034465241.1	1263	1164	0	0
XM_034465242.1	2797	2698	15.4721	6.70963
XM_034465243.1	976	877	0	0
XM_034465244.1	1193	1094	6.90452	7.38426
XM_034465245.1	1197	1098	0.0954789	0.101741
XM_034465246.1	1254	1155	0	0
XM_034465247.1	1057	958	0	0
XM_034465248.1	3982	3883	0	0
XM_034465249.1	1477	1378	1	0.849066
XM_034465250.1	3890	3791	0	0
XM_034465251.1	3967	3868	0	0
XM_034465252.1	3632	3533	30.4252	10.0758
XM_034465253.1	2834	2735	6.79668e-07	2.90757e-07
XM_034465254.1	1312	1213	2	1.92912
XM_034465255.1	3804	3705	3	0.947379
XM_034465256.1	3500	3401	0	0
XM_034465257.1	3162	3063	0	0
XM_034465258.1	3764	3665	8	2.55392
XM_034465259.1	3644	3545	0	0
XM_034465260.1	3584	3485	0	0
XM_034465261.1	4066	3967	53.0927	15.659
XM_034465262.1	4436	4337	101.486	27.3784
XM_034465263.1	4006	3907	17.612	5.2742
XM_034465264.1	1813	1714	11.4078	7.78719
XM_034465265.1	5494	5395	0	0
XM_034465266.1	5582	5483	0	0
XM_034465267.1	5356	5257	0	0
XM_034465268.1	5332	5233	0	0
XM_034465269.1	5194	5095	19.65	4.51243
XM_034465270.1	3360	3261	0	0
XM_034465271.1	3605	3506	12.0991	4.0377
XM_034465272.1	3435	3336	16.1768	5.67357
XM_034465273.1	3927	3828	0	0
XM_034465274.1	1856	1757	0	0
XM_034465275.1	2842	2743	0	0
XM_034465276.1	2519	2420	0.0559428	0.027047
XM_034465277.1	2577	2478	0	0
XM_034465278.1	2513	2414	1.02886	0.498666
XM_034465279.1	1952	1853	0	0
XM_034465280.1	1824	1725	2.22565	1.50959
XM_034465281.1	1888	1789	9.35991	6.12142
XM_034465282.1	1742	1643	0	0
XM_034465283.1	1452	1353	4.29295	3.71235
XM_034465284.1	1366	1267	0	0
XM_034465285.1	1916	1817	11	7.08319
XM_034465286.1	1989	1890	0	0
XM_034465287.1	1318	1219	0	0
XM_034465288.1	1181	1082	0	0
XM_034465289.1	1361	1262	0	0
XM_034465290.1	2408	2309	21.337	10.8119
XM_034465291.1	3397	3298	117	41.5074
XM_034465292.1	1157	1058	0	0
XM_034465293.1	958	859	2	2.72413
XM_034465294.1	1604	1505	0	0
XM_034465295.1	474	375	2	6.24007
XM_034465296.1	2368	2269	15.9517	8.22551
XM_034465297.1	849	750	0	0
XM_034465298.1	771	672	2.2501	3.91762
XM_034465299.1	2098	1999	14.7238	8.61781
XM_034465300.1	3248	3149	0	0
XM_034465301.1	1780	1681	1	0.696022
XM_034465302.1	3169	3070	0	0
XM_034465303.1	5101	5002	0	0
XM_034465304.1	1278	1179	0	0
XM_034465305.1	2547	2448	34	16.2502
XM_034465306.1	926	827	0	0
XM_034465307.1	1053	954	0	0
XM_034465308.1	894	795	2	2.94343
XM_034465309.1	890	791	16	23.6665
XM_034465310.1	954	855	1	1.36844
XM_034465311.1	926	827	4.4952	6.35966
XM_034465312.1	891	792	47.9008	70.7634
XM_034465313.1	909	810	0	0
XM_034465314.1	7668	7569	0.0286964	0.00443588
XM_034465315.1	7659	7560	0.115859	0.0179307
XM_034465316.1	7649	7550	0.547294	0.0848133
XM_034465317.1	7637	7538	0	0
XM_034465318.1	7634	7535	5.64072	0.875875
XM_034465319.1	7631	7532	8.99911	1.39791
XM_034465320.1	7626	7527	19.6104	3.04829
XM_034465321.1	7491	7392	0	0
XM_034465322.1	7436	7337	0	0
XM_034465323.1	5204	5105	3.0579	0.700839
XM_034465324.1	2665	2566	0.798075	0.363896
XM_034465325.1	2661	2562	4.97488	2.27192
XM_034465326.1	929	830	11.4587	16.1528
XM_034465327.1	745	646	11	19.9228
XM_034465328.1	3452	3353	0	0
XM_034465329.1	3344	3245	39	14.0618
XM_034465330.1	3272	3173	0	0
XM_034465331.1	3212	3113	5.62421	2.11385
XM_034465332.1	1631	1532	1	0.763716
XM_034465333.1	2905	2806	4.73108	1.97271
XM_034465334.1	2173	2074	0	0
XM_034465335.1	631	532	0	0
XM_034465336.1	2007	1908	2	1.22643
XM_034465337.1	1855	1756	0	0
XM_034465338.1	2484	2385	1	0.490572
XM_034465339.1	1480	1381	16.2957	13.8061
XM_034465340.1	7730	7631	0.0564865	0.00866072
XM_034465341.1	1072	973	0	0
XM_034465342.1	3460	3361	0	0
XM_034465343.1	3443	3344	0	0
XM_034465344.1	3322	3223	8.39855	3.04884
XM_034465345.1	3184	3085	0	0
XM_034465346.1	2917	2818	0	0
XM_034465347.1	4400	4301	5.54807	1.50926
XM_034465348.1	3072	2973	7.09876	2.79369
XM_034465349.1	2891	2792	27.0293	11.3269
XM_034465350.1	3444	3345	20.9707	7.33512
XM_034465351.1	4297	4198	72.8714	20.3098
XM_034465352.1	2310	2211	2	1.05836
XM_034465353.1	4338	4239	0	0
XM_034465354.1	1656	1557	0	0
XM_034465355.1	1968	1869	0	0
XM_034465356.1	1935	1836	8.71968	5.55672
XM_034465357.1	2515	2416	0	0
XM_034465358.1	1827	1728	0	0
XM_034465359.1	1695	1596	0.214446	0.157208
XM_034465360.1	1689	1590	17.7856	13.0876
XM_034465361.1	1878	1779	3	1.97304
XM_034465362.1	1898	1799	1	0.650369
XM_034465363.1	1464	1365	1.45193	1.24453
XM_034465364.1	2188	2089	198.569	111.215
XM_034465365.1	1869	1770	0	0
XM_034465366.1	1655	1556	0	0
XM_034465367.1	1536	1437	0	0
XM_034465368.1	1410	1311	3.07512	2.74442
XM_034465369.1	1838	1739	0	0
XM_034465370.1	1730	1631	0	0
XM_034465371.1	4993	4894	3.2013	0.765339
XM_034465372.1	800	701	0	0
XM_034465373.1	687	588	0	0
XM_034465374.1	4026	3927	0	0
XM_034465375.1	3905	3806	6.6567	2.04636
XM_034465376.1	1488	1389	0	0
XM_034465377.1	1494	1395	0	0
XM_034465378.1	1971	1872	0	0
XM_034465379.1	1323	1224	4.49067	4.29261
XM_034465380.1	4024	3925	58.0835	17.3143
XM_034465381.1	3984	3885	0.00169534	0.000510571
XM_034465382.1	3973	3874	117.289	35.4231
XM_034465383.1	4774	4675	2	0.50054
XM_034465384.1	3004	2905	0	0
XM_034465385.1	2629	2530	0	0
XM_034465386.1	2382	2283	1	0.512489
XM_034465387.1	4111	4012	0	0
XM_034465388.1	2149	2050	0	0
XM_034465389.1	6192	6093	20.556	3.94729
XM_034465390.1	2989	2890	4.44396	1.79913
XM_034465391.1	2868	2769	0	0
XM_034465392.1	2839	2740	0	0
XM_034465393.1	2993	2894	0	0
XM_034465394.1	2585	2486	2	0.941282
XM_034465395.1	1529	1430	2	1.63638
XM_034465396.1	1187	1088	28	30.1106
XM_034465397.1	1225	1126	0	0
XM_034465398.1	2640	2541	1	0.460454
XM_034465399.1	1922	1823	0	0
XM_034465400.1	1989	1890	8	4.95244
XM_034465401.1	2786	2687	3.73852	1.62788
XM_034465402.1	2721	2622	6.86925	3.06526
XM_034465403.1	2093	1994	0	0
XM_034465404.1	1994	1895	2	1.23484
XM_034465405.1	1488	1389	0	0
XM_034465406.1	2352	2253	2	1.03863
XM_034465407.1	3243	3144	0	0
XM_034465408.1	4600	4501	262.263	68.174
XM_034465409.1	4030	3931	19.0515	5.67045
XM_034465410.1	3721	3622	63.9143	20.6462
XM_034465411.1	6007	5908	40.289	7.97879
XM_034465412.1	4731	4632	0	0
XM_034465413.1	1488	1389	1	0.842342
XM_034465414.1	3666	3567	0	0
XM_034465415.1	2109	2010	0	0
XM_034465416.1	2926	2827	54	22.349
XM_034465417.1	3307	3208	0	0
XM_034465418.1	5936	5837	0	0
XM_034465419.1	5933	5834	0	0
XM_034465420.1	6159	6060	0	0
XM_034465421.1	3924	3825	0	0
XM_034465422.1	13491	13392	0.0533931	0.00466477
XM_034465423.1	13491	13392	0.0533931	0.00466477
XM_034465424.1	13449	13350	2.12648	0.186368
XM_034465425.1	13419	13320	29.7667	2.61468
XM_034465426.1	3733	3634	0	0
XM_034465427.1	4018	3919	0.218768	0.0653128
XM_034465428.1	4011	3912	1.78123	0.532737
XM_034465429.1	3542	3443	0	0
XM_034465430.1	3769	3670	0	0
XM_034465431.1	3706	3607	0	0
XM_034465432.1	2841	2742	1	0.426701
XM_034465433.1	3516	3417	0	0
XM_034465434.1	3412	3313	0	0
XM_034465435.1	4072	3973	0	0
XM_034465436.1	3471	3372	0	0
XM_034465437.1	3420	3321	22.4242	7.90023
XM_034465438.1	3362	3263	0	0
XM_034465439.1	3461	3362	0	0
XM_034465440.1	3357	3258	0	0
XM_034465441.1	2966	2867	0	0
XM_034465442.1	2927	2828	0	0
XM_034465443.1	3437	3338	0	0
XM_034465444.1	2863	2764	2.69607	1.14126
XM_034465445.1	2730	2631	0	0
XM_034465446.1	3575	3476	5.54156e-07	1.86528e-07
XM_034465447.1	3552	3453	4.18908	1.41943
XM_034465448.1	3474	3375	0	0
XM_034465449.1	3588	3489	0	0
XM_034465450.1	3487	3388	0	0
XM_034465451.1	3525	3426	13.3238	4.55021
XM_034465452.1	3397	3298	0	0
XM_034465453.1	3424	3325	0	0
XM_034465454.1	3423	3324	0	0
XM_034465455.1	3317	3218	5.06881	1.84294
XM_034465456.1	3610	3511	0	0
XM_034465457.1	3345	3246	0.000195669	7.05285e-05
XM_034465458.1	3436	3337	0	0
XM_034465459.1	3422	3323	0	0
XM_034465460.1	3372	3273	0.111497	0.0398575
XM_034465461.1	3543	3444	0	0
XM_034465462.1	3363	3264	2.8184	1.01028
XM_034465463.1	1824	1725	0	0
XM_034465464.1	2354	2255	1.50835	0.782613
XM_034465465.1	1938	1839	0	0
XM_034465466.1	1835	1736	0	0
XM_034465467.1	2821	2722	8.59939	3.69633
XM_034465468.1	2824	2725	2.36222	1.01425
XM_034465469.1	2842	2743	0.00104559	0.000445991
XM_034465470.1	2438	2339	0	0
XM_034465471.1	2817	2718	48.2643	20.7762
XM_034465472.1	3792	3693	3.48147	1.103
XM_034465473.1	3798	3699	0.518526	0.164012
XM_034465474.1	1760	1661	0	0
XM_034465475.1	1739	1640	0	0
XM_034465476.1	1757	1658	0	0
XM_034465477.1	1715	1616	0	0
XM_034465478.1	1712	1613	0	0
XM_034465479.1	3133	3034	4.50551	1.73748
XM_034465480.1	1682	1583	5.07097	3.74802
XM_034465481.1	1679	1580	46.929	34.7516
XM_034465482.1	1036	937	0	0
XM_034465483.1	1086	987	3.13635	3.7179
XM_034465484.1	944	845	0	0
XM_034465485.1	2484	2385	9.41793e-07	4.62017e-07
XM_034465486.1	2357	2258	0	0
XM_034465487.1	3103	3004	5	1.94743
XM_034465488.1	3371	3272	118.001	42.1954
XM_034465489.1	4191	4092	10.6259	3.03824
XM_034465490.1	3886	3787	0	0
XM_034465491.1	2089	1990	0	0
XM_034465492.1	645	546	0	0
XM_034465493.1	2297	2198	2.36651	1.25971
XM_034465494.1	841	742	3	4.73051
XM_034465495.1	1970	1871	0	0
XM_034465496.1	1922	1823	3.93312	2.5243
XM_034465497.1	3110	3011	0	0
XM_034465498.1	2220	2121	6.51248	3.5925
XM_034465499.1	2502	2403	0	0
XM_034465500.1	569	470	124	308.684
XM_034465501.1	1170	1071	1.92016	2.09768
XM_034465502.1	984	885	0	0
XM_034465503.1	529	430	0	0
XM_034465504.1	499	400	2.0821	6.09022
XM_034465505.1	3974	3875	0	0
XM_034465506.1	3875	3776	2	0.61971
XM_034465507.1	2427	2328	4.92551	2.47548
XM_034465508.1	6361	6262	19.8007	3.69964
XM_034465509.1	2483	2384	0	0
XM_034465510.1	2348	2249	0.0640732	0.0333333
XM_034465511.1	4538	4439	2	0.527152
XM_034465512.1	1144	1045	3.80223	4.25709
XM_034465513.1	2386	2287	0	0
XM_034465514.1	4066	3967	0	0
XM_034465515.1	1476	1377	0	0
XM_034465516.1	5766	5667	1.68902e-06	3.48716e-07
XM_034465517.1	5694	5595	5.51374	1.15302
XM_034465518.1	4920	4821	0	0
XM_034465519.1	5710	5611	5.48626	1.144
XM_034465520.1	2388	2289	8.22287	4.20309
XM_034465521.1	1091	992	0	0
XM_034465522.1	2484	2385	0	0
XM_034465523.1	654	555	2	4.21626
XM_034465524.1	6039	5940	2	0.393944
XM_034465525.1	1113	1014	0	0
XM_034465526.1	608	509	0	0
XM_034465527.1	1778	1679	0	0
XM_034465528.1	2375	2276	0	0
XM_034465529.1	5279	5180	0	0
XM_034465530.1	5221	5122	2.88141e-05	6.58199e-06
XM_034465531.1	5162	5063	23	5.31508
XM_034465532.1	890	791	0	0
XM_034465533.1	3590	3491	3	1.00545
XM_034465534.1	2864	2765	0	0
XM_034465535.1	2301	2202	1.18286	0.628502
XM_034465536.1	1533	1434	0	0
XM_034465537.1	1194	1095	9.43102	10.0771
XM_034465538.1	1001	902	0	0
XM_034465539.1	815	716	0	0
XM_034465540.1	2490	2391	2.33201	1.14115
XM_034465541.1	630	531	0	0
XM_034465542.1	5146	5047	13.0956	3.03586
XM_034465543.1	853	754	0	0
XM_034465544.1	1324	1225	0	0
XM_034465545.1	1805	1706	0	0
XM_034465546.1	1004	905	16	20.6853
XM_034465547.1	2121	2022	3.24152	1.87568
XM_034465548.1	3062	2963	3.79385	1.4981
XM_034465549.1	2245	2146	0	0
XM_034465550.1	1498	1399	0	0
XM_034465551.1	7911	7812	0	0
XM_034465552.1	7908	7809	0	0
XM_034465553.1	7902	7803	0	0
XM_034465554.1	7896	7797	0	0
XM_034465555.1	7890	7791	0	0
XM_034465556.1	2281	2182	0	0
XM_034465557.1	7884	7785	0	0
XM_034465558.1	7881	7782	0	0
XM_034465559.1	7878	7779	0	0
XM_034465560.1	7800	7701	0	0
XM_034465561.1	7773	7674	0	0
XM_034465562.1	7716	7617	0	0
XM_034465563.1	7005	6906	0	0
XM_034465564.1	6963	6864	0	0
XM_034465565.1	6951	6852	0	0
XM_034465566.1	2286	2187	0	0
XM_034465567.1	7507	7408	0	0
XM_034465568.1	6909	6810	0	0
XM_034465569.1	8374	8275	58.167	8.2243
XM_034465570.1	6700	6601	0	0
XM_034465571.1	6672	6573	0	0
XM_034465572.1	8262	8163	0.412665	0.0591478
XM_034465573.1	6726	6627	0	0
XM_034465574.1	8231	8132	35.8009	5.15095
XM_034465575.1	7056	6957	0	0
XM_034465576.1	7027	6928	0	0
XM_034465577.1	2254	2155	0	0
XM_034465578.1	5820	5721	9.06954	1.85483
XM_034465579.1	5766	5667	0	0
XM_034465580.1	5724	5625	0	0
XM_034465581.1	7162	7063	0	0
XM_034465582.1	6986	6887	0	0
XM_034465583.1	6974	6875	0	0
XM_034465584.1	6932	6833	0	0
XM_034465585.1	5788	5689	33.4205	6.87333
XM_034465586.1	5746	5647	1.69381	0.350944
XM_034465587.1	2269	2170	0	0
XM_034465588.1	2928	2829	0	0
XM_034465589.1	4173	4074	5.98216	1.71802
XM_034465590.1	4123	4024	0	0
XM_034465591.1	4119	4020	0	0
XM_034465592.1	4141	4042	0	0
XM_034465593.1	4145	4046	0	0
XM_034465594.1	3908	3809	11.9382	3.66708
XM_034465595.1	2547	2448	4.32217	2.06577
XM_034465596.1	2563	2464	6.9618	3.30576
XM_034465597.1	3717	3618	9.23469	2.98638
XM_034465598.1	2026	1927	3.08147	1.87097
XM_034465599.1	1638	1539	1	0.760243
XM_034465600.1	1691	1592	2.06968	1.52108
XM_034465601.1	1042	943	0	0
XM_034465602.1	1077	978	0	0
XM_034465603.1	970	871	53	71.1948
XM_034465604.1	2299	2200	0	0
XM_034465605.1	2103	2004	0	0
XM_034465606.1	554	455	0	0
XM_034465607.1	2694	2595	0	0
XM_034465608.1	2281	2182	1.94553	1.04322
XM_034465609.1	5987	5888	0	0
XM_034465610.1	6000	5901	0	0
XM_034465611.1	5866	5767	31.2125	6.33242
XM_034465612.1	5728	5629	20.3503	4.22991
XM_034465613.1	4897	4798	0.432848	0.105552
XM_034465614.1	4893	4794	1.15136	0.280999
XM_034465615.1	4894	4795	0.901487	0.219969
XM_034465616.1	2965	2866	71.9515	29.3734
XM_034465617.1	2182	2083	4.78139	2.68569
XM_034465618.1	3632	3533	5	1.65584
XM_034465619.1	1737	1638	0	0
XM_034465620.1	1291	1192	3	2.94466
XM_034465621.1	3581	3482	0.106273	0.0357095
XM_034465622.1	3569	3470	6.09664	2.05566
XM_034465623.1	2296	2197	1.18335	0.630195
XM_034465624.1	3593	3494	2.68259	0.898301
XM_034465625.1	4224	4125	0	0
XM_034465626.1	3788	3689	12.3174	3.90662
XM_034465627.1	4659	4560	0	0
XM_034465628.1	4575	4476	6.25527	1.63511
XM_034465629.1	3076	2977	4.94518	1.94354
XM_034465630.1	3588	3489	2	0.670687
XM_034465631.1	4354	4255	0	0
XM_034465632.1	4231	4132	40.8283	11.5609
XM_034465633.1	2474	2375	5.39331	2.65695
XM_034465634.1	754	655	0	0
XM_034465635.1	739	640	0	0
XM_034465636.1	549	450	0	0
XM_034465637.1	653	554	1	2.11194
XM_034465638.1	579	480	0	0
XM_034465639.1	1958	1859	0	0
XM_034465640.1	2358	2259	0	0
XM_034465641.1	730	631	0	0
XM_034465642.1	715	616	0	0
XM_034465643.1	591	492	0	0
XM_034465644.1	3729	3630	0	0
XM_034465645.1	1819	1720	0	0
XM_034465646.1	3840	3741	6.99252	2.18694
XM_034465647.1	772	673	1	1.7385
XM_034465648.1	1527	1428	1.55725	1.27591
XM_034465649.1	426	327	4.02704	14.4088
XM_034465650.1	3223	3124	0	0
XM_034465651.1	538	439	0	0
XM_034465652.1	3941	3842	1.61691	0.492403
XM_034465653.1	3942	3843	1.19154	0.362769
XM_034465654.1	3942	3843	1.19154	0.362769
XM_034465655.1	1463	1364	1	0.857781
XM_034465656.1	1221	1122	0	0
XM_034465657.1	2684	2585	8.06161	3.64882
XM_034465658.1	3739	3640	1	0.321432
XM_034465659.1	1850	1751	9	6.01378
XM_034465660.1	1392	1293	0	0
XM_034465661.1	2566	2467	0	0
XM_034465662.1	2277	2178	0	0
XM_034465663.1	2152	2053	21	11.968
XM_034465664.1	7520	7421	0	0
XM_034465665.1	1703	1604	0	0
XM_034465666.1	1694	1595	0	0
XM_034465667.1	3489	3390	17.316	5.9764
XM_034465668.1	7161	7062	0	0
XM_034465669.1	2116	2017	0	0
XM_034465670.1	7152	7053	0	0
XM_034465671.1	7044	6945	0	0
XM_034465672.1	7041	6942	0	0
XM_034465673.1	6960	6861	2.59387e-08	4.42335e-09
XM_034465674.1	6843	6744	15	2.60234
XM_034465675.1	2504	2405	0	0
XM_034465676.1	2156	2057	0	0
XM_034465677.1	1457	1358	0	0
XM_034465678.1	2648	2549	0	0
XM_034465679.1	478	379	0	0
XM_034465680.1	743	644	0	0
XM_034465681.1	737	638	1.39179	2.55236
XM_034465682.1	2396	2297	0	0
XM_034465683.1	895	796	0	0
XM_034465684.1	860	761	0	0
XM_034465685.1	926	827	0	0
XM_034465686.1	930	831	0	0
XM_034465687.1	4418	4319	45	12.1905
XM_034465688.1	2525	2426	18.6115	8.97598
XM_034465689.1	1080	981	0	0
XM_034465690.1	1073	974	0	0
XM_034465691.1	1855	1756	0.00259152	0.00172671
XM_034465692.1	2393	2294	1.94989	0.994505
XM_034465693.1	2390	2291	9.05011	4.62189
XM_034465694.1	2118	2019	0	0
XM_034465695.1	8403	8304	32.9654	4.64475
XM_034465696.1	4476	4377	17.3989	4.65088
XM_034465697.1	4493	4394	2.43962	0.64961
XM_034465698.1	4505	4406	0	0
XM_034465699.1	4502	4403	0	0
XM_034465700.1	3130	3031	1.20494	0.465126
XM_034465701.1	3114	3015	0	0
XM_034465702.1	3130	3031	1.20494	0.465126
XM_034465703.1	3757	3658	0	0
XM_034465704.1	2155	2056	7.89921	4.49523
XM_034465705.1	1822	1723	0	0
XM_034465706.1	2935	2836	8	3.30046
XM_034465707.1	3135	3036	0.00653706	0.00251925
XM_034465708.1	2065	1966	5	2.97562
XM_034465709.1	1687	1588	0	0
XM_034465710.1	1788	1689	13	9.00543
XM_034465711.1	2129	2030	1	0.576361
XM_034465712.1	811	712	0	0
XM_034465713.1	1491	1392	7	5.88369
XM_034465714.1	782	683	0	0
XM_034465715.1	2664	2565	4.89594	2.23326
XM_034465716.1	2130	2031	9.10406	5.24464
XM_034465717.1	3338	3239	41	14.8103
XM_034465718.1	3943	3844	14.198	4.32151
XM_034465719.1	1900	1801	1.07358	0.697445
XM_034465720.1	3969	3870	10.2262	3.09167
XM_034465721.1	2026	1927	0	0
XM_034465722.1	2257	2158	0	0
XM_034465723.1	1931	1832	43.5849	27.8357
XM_034465724.1	1289	1190	8	7.86563
XM_034465725.1	1091	992	0	0
XM_034465726.1	2978	2879	5.36716	2.18119
XM_034465727.1	3029	2930	0	0
XM_034465728.1	2973	2874	1.49035	0.606727
XM_034465729.1	2900	2801	1.50965	0.630599
XM_034465730.1	848	749	41.2493	64.4355
XM_034465731.1	809	710	22.9833	37.8744
XM_034465732.1	542	443	0	0
XM_034465733.1	865	766	51.2928	78.3464
XM_034465734.1	3919	3820	0	0
XM_034465735.1	3775	3676	0	0
XM_034465736.1	3824	3725	0	0
XM_034465737.1	3679	3580	0	0
XM_034465738.1	3467	3368	21	7.29521
XM_034465739.1	4882	4783	0	0
XM_034465740.1	4563	4464	11.7576	3.08166
XM_034465741.1	4833	4734	0	0
XM_034465742.1	2558	2459	0	0
XM_034465743.1	2417	2318	2	1.0095
XM_034465744.1	1786	1687	0	0
XM_034465745.1	3879	3780	25	7.73818
XM_034465746.1	3512	3413	0	0
XM_034465747.1	3039	2940	5	1.98982
XM_034465748.1	736	637	0	0
XM_034465749.1	6730	6631	13	2.2938
XM_034465750.1	2375	2276	0.0287415	0.014775
XM_034465751.1	2361	2262	39.9713	20.675
XM_034465752.1	1479	1380	0	0
XM_034465753.1	1780	1681	0	0
XM_034465754.1	1392	1293	0	0
XM_034465755.1	1449	1350	0	0
XM_034465756.1	1352	1253	1	0.93377
XM_034465757.1	1243	1144	1	1.02274
XM_034465758.1	1556	1457	0	0
XM_034465759.1	851	752	0	0
XM_034465760.1	1173	1074	69.0244	75.1951
XM_034465761.1	879	780	0	0
XM_034465762.1	3145	3046	16.9985	6.52939
XM_034465763.1	4257	4158	4	1.12555
XM_034465764.1	3562	3463	5.37407	1.81569
XM_034465765.1	3006	2907	0	0
XM_034465766.1	3560	3461	18.4553	6.23892
XM_034465767.1	803	704	0	0
XM_034465768.1	1720	1621	1.26049	0.909806
XM_034465769.1	1064	965	0	0
XM_034465770.1	2016	1917	8	4.88269
XM_034465771.1	2096	1997	0	0
XM_034465772.1	2009	1910	0	0
XM_034465773.1	4669	4570	5.27069	1.3494
XM_034465774.1	1880	1781	1.38931	0.912699
XM_034465775.1	1411	1312	7	6.24245
XM_034465776.1	3488	3389	1	0.345239
XM_034465777.1	3652	3553	0	0
XM_034465778.1	1854	1755	0	0
XM_034465779.1	1265	1166	0	0
XM_034465780.1	1262	1163	0	0
XM_034465781.1	2720	2621	0	0
XM_034465782.1	3053	2954	0	0
XM_034465783.1	1779	1680	0	0
XM_034465784.1	1655	1556	20.6107	15.4979
XM_034465785.1	1795	1696	0	0
XM_034465786.1	2767	2668	2.47661e-08	1.08608e-08
XM_034465787.1	2725	2626	3	1.33665
XM_034465788.1	1738	1639	1	0.713858
XM_034465789.1	2423	2324	0	0
XM_034465790.1	2972	2873	2.69138	1.09605
XM_034465791.1	2865	2766	4	1.69199
XM_034465792.1	1183	1084	2	2.1587
XM_034465793.1	1367	1268	0	0
XM_034465794.1	757	658	0	0
XM_034465795.1	908	809	38	54.9574
XM_034465796.1	761	662	0	0
XM_034465797.1	3843	3744	1	0.312504
XM_034465798.1	6909	6810	1.34518e-08	2.31113e-09
XM_034465799.1	6786	6687	25.9419	4.53901
XM_034465800.1	5988	5889	0	0
XM_034465801.1	5727	5628	0	0
XM_034465802.1	5856	5757	0	0
XM_034465803.1	5707	5608	1	0.208633
XM_034465804.1	5616	5517	0	0
XM_034465805.1	5443	5344	0	0
XM_034465806.1	5443	5344	0	0
XM_034465807.1	5443	5344	10	2.1894
XM_034465808.1	4329	4230	0	0
XM_034465809.1	3588	3489	3.66054	1.22754
XM_034465810.1	3533	3434	0	0
XM_034465811.1	4199	4100	4.80751	1.37192
XM_034465812.1	3503	3404	0	0
XM_034465813.1	3221	3122	0	0
XM_034465814.1	3195	3096	0	0
XM_034465815.1	2709	2610	2	0.896562
XM_034465816.1	3276	3177	0	0
XM_034465817.1	2892	2793	0	0
XM_034465818.1	2826	2727	0	0
XM_034465819.1	3003	2904	7	2.82028
XM_034465820.1	2527	2428	0	0
XM_034465821.1	3420	3321	2	0.704615
XM_034465822.1	2208	2109	0	0
XM_034465823.1	2448	2349	3.27224	1.62987
XM_034465824.1	2265	2166	1.09917	0.593743
XM_034465825.1	3012	2913	0	0
XM_034465826.1	2945	2846	12.1898	5.01134
XM_034465827.1	1712	1613	0	0
XM_034465828.1	2440	2341	10	4.99792
XM_034465829.1	1802	1703	1	0.687031
XM_034465830.1	2076	1977	0	0
XM_034465831.1	1852	1753	5.63284	3.75956
XM_034465832.1	1760	1661	0	0
XM_034465833.1	1366	1267	3.54712	3.27559
XM_034465834.1	2753	2654	0	0
XM_034465835.1	1652	1553	0	0
XM_034465836.1	1636	1537	0	0
XM_034465837.1	3180	3081	0	0
XM_034465838.1	1571	1472	34.4092	27.35
XM_034465839.1	1445	1346	0	0
XM_034465840.1	1394	1295	0	0
XM_034465841.1	1724	1625	0	0
XM_034465842.1	1186	1087	0	0
XM_034465843.1	3209	3110	7	2.63347
XM_034465844.1	2224	2125	1.05087	0.578606
XM_034465845.1	1270	1171	0	0
XM_034465846.1	1171	1072	0	0
XM_034465847.1	1289	1190	0	0
XM_034465848.1	1742	1643	0	0
XM_034465849.1	1092	993	0	0
XM_034465850.1	1044	945	17	21.0479
XM_034465851.1	1077	978	0	0
XM_034465852.1	1089	990	0	0
XM_034465853.1	1714	1615	196.617	142.442
XM_034465854.1	1711	1612	0	0
XM_034465855.1	1034	935	54.8003	68.5744
XM_034465856.1	1380	1281	0	0
XM_034465857.1	1362	1263	0	0
XM_034465858.1	1283	1184	0	0
XM_034465859.1	1093	994	1	1.17708
XM_034465860.1	894	795	0	0
XM_034465861.1	839	740	0	0
XM_034465862.1	1477	1378	14	11.8869
XM_034465863.1	1417	1318	50.8257	45.1189
XM_034465864.1	572	473	0	0
XM_034465865.1	2021	1922	0	0
XM_034465866.1	947	848	0	0
XM_034465867.1	2235	2136	0	0
XM_034465868.1	3744	3645	0	0
XM_034465869.1	1285	1186	0	0
XM_034465870.1	2465	2366	0	0
XM_034465871.1	1465	1366	1.22163e-05	1.04635e-05
XM_034465872.1	2670	2571	39.2578	17.8655
XM_034465873.1	3642	3543	1.17791e-05	3.88984e-06
XM_034465874.1	3600	3501	14	4.67871
XM_034465875.1	3777	3678	179.815	57.2012
XM_034465876.1	3439	3340	26	9.10789
XM_034465877.1	2576	2477	0	0
XM_034465878.1	2583	2484	4.02868	1.89759
XM_034465879.1	2978	2879	0	0
XM_034465880.1	1563	1464	63	50.3489
XM_034465881.1	3083	2984	46	18.0364
XM_034465882.1	2025	1926	0	0
XM_034465883.1	2207	2108	0	0
XM_034465884.1	2189	2090	0	0
XM_034465885.1	2141	2042	0	0
XM_034465886.1	1637	1538	0	0
XM_034465887.1	1749	1650	0	0
XM_034465888.1	1366	1267	7.64284	7.05779
XM_034465889.1	1589	1490	0	0
XM_034465890.1	1528	1429	0	0
XM_034465891.1	2160	2061	0	0
XM_034465892.1	1778	1679	0	0
XM_034465893.1	1605	1506	0	0
XM_034465894.1	1773	1674	0	0
XM_034465895.1	2338	2239	6	3.13536
XM_034465896.1	1450	1351	1	0.866035
XM_034465897.1	3078	2979	0.109421	0.0429754
XM_034465898.1	3069	2970	3.80614	1.49941
XM_034465899.1	3070	2971	2.56442	1.0099
XM_034465900.1	3070	2971	2.56442	1.0099
XM_034465901.1	1646	1547	0	0
XM_034465902.1	806	707	62.3171	103.128
XM_034465903.1	2113	2014	0	0
XM_034465904.1	869	770	0	0
XM_034465905.1	2282	2183	20	10.7193
XM_034465906.1	3774	3675	4.09265	1.30298
XM_034465907.1	2248	2149	0	0
XM_034465908.1	1654	1555	0	0
XM_034465909.1	1623	1524	0	0
XM_034465910.1	1624	1525	0	0
XM_034465911.1	1950	1851	16	10.1136
XM_034465912.1	819	720	0	0
XM_034465913.1	2722	2623	0	0
XM_034465914.1	2695	2596	7.69269e-08	3.46708e-08
XM_034465915.1	2433	2334	27	13.5349
XM_034465916.1	1943	1844	71	45.0493
XM_034465917.1	689	590	0	0
XM_034465918.1	3091	2992	0	0
XM_034465919.1	2618	2519	0	0
XM_034465920.1	2568	2469	0	0
XM_034465921.1	2089	1990	2.14458e-05	1.2609e-05
XM_034465922.1	1145	1046	1.0661	1.19249
XM_034465923.1	3691	3592	10.2279	3.33151
XM_034465924.1	3695	3596	2.77211	0.901948
XM_034465925.1	3657	3558	86.8497	28.5597
XM_034465926.1	4273	4174	0	0
XM_034465927.1	3624	3525	0	0
XM_034465928.1	2452	2353	5.98807e-06	2.97753e-06
XM_034465929.1	2450	2351	0.000548362	0.000272901
XM_034465930.1	2435	2336	0.999452	0.500587
XM_034465931.1	2460	2361	6.23841e-06	3.0915e-06
XM_034465932.1	2436	2337	0.999994	0.500644
XM_034465933.1	1821	1722	0	0
XM_034465934.1	2407	2308	0	0
XM_034465935.1	2404	2305	0	0
XM_034465936.1	2524	2425	0	0
XM_034465937.1	2217	2118	1.36884	0.756165
XM_034465938.1	1913	1814	0	0
XM_034465939.1	2597	2498	0	0
XM_034465940.1	2616	2517	0	0
XM_034465941.1	1174	1075	17	18.5025
XM_034465942.1	1840	1741	4	2.68814
XM_034465943.1	1857	1758	0	0
XM_034465944.1	12816	12717	90	8.28035
XM_034465945.1	10026	9927	0	0
XM_034465946.1	9955	9856	0	0
XM_034465947.1	10735	10636	0	0
XM_034465948.1	8778	8679	0	0
XM_034465949.1	8912	8813	0	0
XM_034465950.1	8707	8608	0	0
XM_034465951.1	8841	8742	0	0
XM_034465952.1	8755	8656	0	0
XM_034465953.1	7598	7499	2	0.312045
XM_034465954.1	8432	8333	0	0
XM_034465955.1	3436	3337	0	0
XM_034465956.1	3197	3098	0	0
XM_034465957.1	2626	2527	0	0
XM_034465958.1	2667	2568	3	1.36684
XM_034465959.1	2608	2509	0	0
XM_034465960.1	3109	3010	5	1.94354
XM_034465961.1	3302	3203	0	0
XM_034465962.1	3036	2937	0	0
XM_034465963.1	3528	3429	0.681716	0.232609
XM_034465964.1	3522	3423	5.31828	1.81784
XM_034465965.1	3562	3463	6.41639e-06	2.16785e-06
XM_034465966.1	2652	2553	0	0
XM_034465967.1	5502	5403	57.3345	12.4157
XM_034465968.1	2428	2329	0.999994	0.502364
XM_034465969.1	2055	1956	6.84207	4.0927
XM_034465970.1	1895	1796	0	0
XM_034465971.1	1864	1765	1.15793	0.767589
XM_034465972.1	4889	4790	0	0
XM_034465973.1	1922	1823	0	0
XM_034465974.1	1696	1597	0	0
XM_034465975.1	1365	1266	0	0
XM_034465976.1	1885	1786	0	0
XM_034465977.1	1849	1750	33	22.0631
XM_034465978.1	1399	1300	0	0
XM_034465979.1	1085	986	0	0
XM_034465980.1	4224	4125	8.73652	2.47802
XM_034465981.1	3442	3343	31.1149	10.8899
XM_034465982.1	3450	3351	1.8851	0.658189
XM_034465983.1	1098	999	4.48316	5.25061
XM_034465984.1	2056	1957	0	0
XM_034465985.1	2044	1945	0	0
XM_034465986.1	1915	1816	1.3065e-05	8.41754e-06
XM_034465987.1	1894	1795	11	7.16999
XM_034465988.1	3587	3488	141	47.297
XM_034465989.1	2228	2129	28	15.3877
XM_034465990.1	2509	2410	0	0
XM_034465991.1	2600	2501	0	0
XM_034465992.1	2461	2362	16.6651	8.25501
XM_034465993.1	2461	2362	0	0
XM_034465994.1	2459	2360	0.108932	0.0540052
XM_034465995.1	2412	2313	0	0
XM_034465996.1	2397	2298	13.8105	7.03156
XM_034465997.1	2137	2038	176.834	101.52
XM_034465998.1	1908	1809	31.1657	20.1571
XM_034465999.1	1613	1514	0	0
XM_034466000.1	1568	1469	0	0
XM_034466001.1	1153	1054	74.401	82.5903
XM_034466002.1	1622	1523	43.4902	33.4105
XM_034466003.1	1503	1404	7	5.8334
XM_034466004.1	5091	4992	0	0
XM_034466005.1	4992	4893	1	0.23912
XM_034466006.1	985	886	0	0
XM_034466007.1	4778	4679	0	0
XM_034466008.1	3820	3721	6.14855	1.93332
XM_034466009.1	3261	3162	3.39683	1.25691
XM_034466010.1	3111	3012	19.4999	7.57474
XM_034466011.1	3225	3126	14	5.23998
XM_034466012.1	730	631	0	0
XM_034466013.1	1752	1653	0	0
XM_034466014.1	1113	1014	0	0
XM_034466015.1	1154	1055	0	0
XM_034466016.1	783	684	0	0
XM_034466017.1	1150	1051	0	0
XM_034466018.1	1047	948	0	0
XM_034466019.1	1099	1000	0	0
XM_034466020.1	1099	1000	0	0
XM_034466021.1	1838	1739	0	0
XM_034466022.1	2779	2680	53.5521	23.3794
XM_034466023.1	2658	2559	6.44791	2.94808
XM_034466024.1	4893	4794	4.94894	1.20783
XM_034466025.1	2892	2793	7.55978	3.16686
XM_034466026.1	3095	2996	0	0
XM_034466027.1	2246	2147	9.75478	5.31589
XM_034466028.1	488	389	11.6411	35.0134
XM_034466029.1	871	772	0	0
XM_034466030.1	1743	1644	3	2.13506
XM_034466031.1	952	853	0	0
XM_034466032.1	1025	926	0	0
XM_034466033.1	2088	1989	0	0
XM_034466034.1	12037	11938	13.9662	1.36879
XM_034466035.1	12022	11923	61.0338	5.9893
XM_034466036.1	3591	3492	0	0
XM_034466037.1	3517	3418	14.0561	4.81154
XM_034466038.1	1537	1438	0	0
XM_034466039.1	11353	11254	0	0
XM_034466040.1	13463	13364	0	0
XM_034466041.1	12788	12689	0	0
XM_034466042.1	628	529	0	0
XM_034466043.1	12785	12686	0	0
XM_034466044.1	12776	12677	0	0
XM_034466045.1	12761	12662	0	0
XM_034466046.1	12435	12336	0	0
XM_034466047.1	12758	12659	0	0
XM_034466048.1	12752	12653	0	0
XM_034466049.1	12722	12623	0	0
XM_034466050.1	13379	13280	146	12.8631
XM_034466051.1	2430	2331	17.5609	8.81443
XM_034466052.1	1592	1493	1	0.783666
XM_034466053.1	2648	2549	0	0
XM_034466054.1	2645	2546	0	0
XM_034466055.1	1108	1009	0	0
XM_034466056.1	1584	1485	0	0
XM_034466057.1	3019	2920	4	1.60276
XM_034466058.1	883	784	0	0
XM_034466059.1	1581	1482	0	0
XM_034466060.1	1536	1437	0.0422692	0.0344158
XM_034466061.1	1546	1447	0	0
XM_034466062.1	1143	1044	8.69901	9.749
XM_034466063.1	4536	4437	0.00143521	0.000378457
XM_034466064.1	5341	5242	0	0
XM_034466065.1	4498	4399	34.5635	9.19295
XM_034466066.1	2051	1952	0	0
XM_034466067.1	1796	1697	0	0
XM_034466068.1	1522	1423	0	0
XM_034466069.1	1538	1439	0	0
XM_034466070.1	546	447	0	0
XM_034466071.1	438	339	0	0
XM_034466072.1	1976	1877	0	0
XM_034466073.1	6878	6779	49.9488	8.62085
XM_034466074.1	1794	1695	0	0
XM_034466075.1	1607	1508	10	7.75871
XM_034466076.1	4305	4206	8	2.22542
XM_034466077.1	4551	4452	24	6.30735
XM_034466078.1	2181	2082	3	1.6859
XM_034466079.1	5069	4970	0	0
XM_034466080.1	4799	4700	0	0
XM_034466081.1	4799	4700	27.1305	6.75383
XM_034466082.1	4799	4700	0	0
XM_034466083.1	4661	4562	0	0
XM_034466084.1	3400	3301	0	0
XM_034466085.1	2964	2865	0	0
XM_034466086.1	2898	2799	8	3.34409
XM_034466087.1	2463	2364	0	0
XM_034466088.1	2461	2362	0	0
XM_034466089.1	2353	2254	197.737	102.642
XM_034466090.1	2419	2320	2	1.00863
XM_034466091.1	2656	2557	0	0
XM_034466092.1	2673	2574	0	0
XM_034466093.1	1935	1836	37	23.5787
XM_034466094.1	4152	4053	3	0.866035
XM_034466095.1	2062	1963	0	0
XM_034466096.1	1970	1871	11	6.87875
XM_034466097.1	1753	1654	29.1885	20.6475
XM_034466098.1	2227	2128	9	4.94836
XM_034466099.1	1350	1251	25.1263	23.4997
XM_034466100.1	1894	1795	0	0
XM_034466101.1	1599	1500	0	0
XM_034466102.1	1347	1248	0	0
XM_034466103.1	2200	2101	3	1.67065
XM_034466104.1	1069	970	3	3.6186
XM_034466105.1	860	761	0	0
XM_034466106.1	1204	1105	0	0
XM_034466107.1	1111	1012	50.1044	57.9277
XM_034466108.1	1248	1149	0	0
XM_034466109.1	911	812	0	0
XM_034466110.1	777	678	0	0
XM_034466111.1	810	711	0	0
XM_034466112.1	6848	6749	34	5.89427
XM_034466113.1	1137	1038	0	0
XM_034466114.1	615	516	1	2.26747
XM_034466115.1	2917	2818	0	0
XM_034466116.1	2847	2748	0.02686	0.0114362
XM_034466117.1	4185	4086	28	8.01771
XM_034466118.1	2841	2742	0.348826	0.148844
XM_034466119.1	2971	2872	0	0
XM_034466120.1	2968	2869	0	0
XM_034466121.1	2836	2737	2.9675	1.26855
XM_034466122.1	2964	2865	0	0
XM_034466123.1	2961	2862	0	0
XM_034466124.1	4197	4098	17.4441	4.98045
XM_034466125.1	4200	4101	0	0
XM_034466126.1	4269	4170	0	0
XM_034466127.1	3848	3749	0	0
XM_034466128.1	4146	4047	0	0
XM_034466129.1	3814	3715	5.69075e-06	1.79226e-06
XM_034466130.1	4164	4065	0	0
XM_034466131.1	3856	3757	0	0
XM_034466132.1	3787	3688	0.0295885	0.00938691
XM_034466133.1	3772	3673	3.52626	1.12327
XM_034466134.1	3748	3649	0	0
XM_034466135.1	2765	2666	5	2.19432
XM_034466136.1	2762	2663	13	5.71167
XM_034466137.1	2956	2857	0.160457	0.0657114
XM_034466138.1	2947	2848	6.49635	2.66883
XM_034466139.1	2992	2893	6.70439e-08	2.71145e-08
XM_034466140.1	3064	2965	0	0
XM_034466141.1	3035	2936	0	0
XM_034466142.1	2986	2887	7.65587e-07	3.10269e-07
XM_034466143.1	3058	2959	0	0
XM_034466144.1	2138	2039	4	2.29527
XM_034466145.1	1697	1598	0	0
XM_034466146.1	1678	1579	0	0
XM_034466147.1	1091	992	0	0
XM_034466148.1	1871	1772	1	0.660278
XM_034466149.1	2826	2727	0	0
XM_034466150.1	1403	1304	0	0
XM_034466151.1	712	613	2.28828	4.36756
XM_034466152.1	5365	5266	0	0
XM_034466153.1	5314	5215	0	0
XM_034466154.1	4915	4816	32.8298	7.97576
XM_034466155.1	2887	2788	0	0
XM_034466156.1	1852	1753	0	0
XM_034466157.1	1891	1792	0	0
XM_034466158.1	1744	1645	5.07501	3.60963
XM_034466159.1	1987	1888	0	0
XM_034466160.1	1954	1855	3.01406	1.90107
XM_034466161.1	2163	2064	0	0
XM_034466162.1	3702	3603	17.0559	5.53863
XM_034466163.1	2622	2523	25.868	11.996
XM_034466164.1	2203	2104	0	0
XM_034466165.1	2946	2847	0	0
XM_034466166.1	2292	2193	1.36451e-06	7.27994e-07
XM_034466167.1	2260	2161	42	22.7397
XM_034466168.1	1765	1666	0	0
XM_034466169.1	1763	1664	0	0
XM_034466170.1	1113	1014	9	10.3847
XM_034466171.1	2461	2362	0	0
XM_034466172.1	6670	6571	0	0
XM_034466173.1	1620	1521	2.24522	1.72712
XM_034466174.1	1811	1712	0	0
XM_034466175.1	1719	1620	8	5.77784
XM_034466176.1	2603	2504	12.5184	5.8493
XM_034466177.1	4684	4585	3	0.765549
XM_034466178.1	4775	4676	0	0
XM_034466179.1	1191	1092	0	0
XM_034466180.1	2953	2854	4.99998	2.04977
XM_034466181.1	2983	2884	2.35526e-05	9.55506e-06
XM_034466182.1	3019	2920	0	0
XM_034466183.1	3116	3017	0	0
XM_034466184.1	3082	2983	0	0
XM_034466185.1	3292	3193	23.4903	8.60759
XM_034466186.1	2919	2820	7.74803e-07	3.21464e-07
XM_034466187.1	3582	3483	13	4.36698
XM_034466188.1	3704	3605	16	5.19285
XM_034466189.1	2279	2180	0	0
XM_034466190.1	1366	1267	1	0.923452
XM_034466191.1	1427	1328	0	0
XM_034466192.1	1189	1090	0	0
XM_034466193.1	1517	1418	0	0
XM_034466194.1	922	823	30	42.6493
XM_034466195.1	1938	1839	0	0
XM_034466196.1	1951	1852	0	0
XM_034466197.1	612	513	1	2.28073
XM_034466198.1	1936	1837	0	0
XM_034466199.1	1915	1816	0	0
XM_034466200.1	1913	1814	0	0
XM_034466201.1	1893	1794	0	0
XM_034466202.1	1891	1792	0	0
XM_034466203.1	1815	1716	0	0
XM_034466204.1	1670	1571	36.6335	27.2831
XM_034466205.1	1671	1572	17.3665	12.9256
XM_034466206.1	1017	918	0	0
XM_034466207.1	1011	912	0	0
XM_034466208.1	990	891	0	0
XM_034466209.1	1611	1512	6	4.64291
XM_034466210.1	1683	1584	0	0
XM_034466211.1	932	833	0	0
XM_034466212.1	767	668	4	7.00607
XM_034466213.1	1264	1165	8	8.03443
XM_034466214.1	991	892	0	0
XM_034466215.1	649	550	4	8.50919
XM_034466216.1	2740	2641	0	0
XM_034466217.1	4382	4283	0	0
XM_034466218.1	898	799	2	2.92869
XM_034466219.1	1699	1600	29	21.2065
XM_034466220.1	1360	1261	0	0
XM_034466221.1	2387	2288	0	0
XM_034466222.1	2381	2282	0	0
XM_034466223.1	2369	2270	0	0
XM_034466224.1	3537	3438	0	0
XM_034466225.1	2307	2208	0	0
XM_034466226.1	2270	2171	0	0
XM_034466227.1	2037	1938	1	0.603722
XM_034466228.1	2295	2196	5	2.66396
XM_034466229.1	6064	5965	0	0
XM_034466230.1	2219	2120	0	0
XM_034466231.1	2067	1968	0	0
XM_034466232.1	1910	1811	1	0.646059
XM_034466233.1	2951	2852	1	0.410243
XM_034466234.1	2873	2774	0	0
XM_034466235.1	2811	2712	71.0847	30.6674
XM_034466236.1	2253	2154	27.2725	14.8139
XM_034466237.1	1910	1811	0	0
XM_034466238.1	1309	1210	6	5.80172
XM_034466239.1	4787	4688	0	0
XM_034466240.1	956	857	0	0
XM_034466241.1	1107	1008	1	1.16073
XM_034466242.1	925	826	0	0
XM_034466243.1	956	857	0	0
XM_034466244.1	953	854	0	0
XM_034466245.1	2865	2766	7.77471	3.28869
XM_034466246.1	7303	7204	8.04235e-05	1.30617e-05
XM_034466247.1	7396	7297	43.9999	7.05502
XM_034466248.1	7261	7162	0	0
XM_034466249.1	1341	1242	105	98.9142
XM_034466250.1	2031	1932	0	0
XM_034466251.1	1555	1456	1	0.803581
XM_034466252.1	7037	6938	34.9992	5.90221
XM_034466253.1	6898	6799	0	0
XM_034466254.1	6145	6046	5	0.967593
XM_034466255.1	4783	4684	115	28.7258
XM_034466256.1	4258	4159	0	0
XM_034466257.1	4348	4249	0	0
XM_034466258.1	2149	2050	0	0
XM_034466259.1	2735	2636	0	0
XM_034466260.1	2733	2634	0	0
XM_034466261.1	2726	2627	0	0
XM_034466262.1	2294	2195	0	0
XM_034466263.1	2261	2162	0	0
XM_034466264.1	2253	2154	0	0
XM_034466265.1	2254	2155	0	0
XM_034466266.1	2094	1995	160.782	94.2942
XM_034466267.1	2089	1990	1.09744e-06	6.45234e-07
XM_034466268.1	1690	1591	0	0
XM_034466269.1	1694	1595	0	0
XM_034466270.1	1661	1562	3	2.24714
XM_034466271.1	1580	1481	0	0
XM_034466272.1	1586	1487	0	0
XM_034466273.1	2035	1936	0	0
XM_034466274.1	1388	1289	0	0
XM_034466275.1	1156	1057	1	1.10692
XM_034466276.1	1156	1057	0	0
XM_034466277.1	2030	1931	31	18.7832
XM_034466278.1	1161	1062	0	0
XM_034466279.1	1116	1017	11	12.655
XM_034466280.1	1081	982	28	33.3609
XM_034466281.1	1976	1877	6	3.74005
XM_034466282.1	881	782	0	0
XM_034466283.1	1501	1402	0	0
XM_034466284.1	812	713	0	0
XM_034466285.1	2037	1938	0	0
XM_034466286.1	2016	1917	0	0
XM_034466287.1	2152	2053	0	0
XM_034466288.1	1325	1226	0	0
XM_034466289.1	2017	1918	0	0
XM_034466290.1	2185	2086	6.55417	3.67616
XM_034466291.1	2013	1914	0	0
XM_034466292.1	2677	2578	8.11502	3.68296
XM_034466293.1	2212	2113	0	0
XM_034466294.1	3280	3181	159.889	58.8092
XM_034466295.1	1797	1698	0	0
XM_034466296.1	2403	2304	10.442	5.30265
XM_034466297.1	2018	1919	7	4.2679
XM_034466298.1	1939	1840	0	0
XM_034466299.1	2067	1968	23.9186	14.22
XM_034466300.1	2665	2566	0	0
XM_034466301.1	2521	2422	8	3.86462
XM_034466302.1	2491	2392	0	0
XM_034466303.1	2422	2323	0	0
XM_034466304.1	2360	2261	0	0
XM_034466305.1	2259	2160	34.802	18.8513
XM_034466306.1	1839	1740	1.23984	0.833696
XM_034466307.1	1700	1601	0	0
XM_034466308.1	1814	1715	0	0
XM_034466309.1	1782	1683	0	0
XM_034466310.1	1737	1638	2.82519e-08	2.01801e-08
XM_034466311.1	1711	1612	4	2.90326
XM_034466312.1	1775	1676	0	0
XM_034466313.1	1145	1046	23.6138	26.4135
XM_034466314.1	1834	1735	0	0
XM_034466315.1	1819	1720	0	0
XM_034466316.1	1696	1597	0.00038537	0.000282334
XM_034466317.1	1681	1582	24.7368	18.2948
XM_034466318.1	3156	3057	0	0
XM_034466319.1	3141	3042	38.7493	14.9038
XM_034466320.1	1294	1195	0	0
XM_034466321.1	1297	1198	0	0
XM_034466322.1	3817	3718	55	17.3079
XM_034466323.1	1393	1294	2.24987	2.03429
XM_034466324.1	1967	1868	6.09893	3.82004
XM_034466325.1	1986	1887	4.26467e-05	2.64426e-05
XM_034466326.1	1830	1731	0	0
XM_034466327.1	1755	1656	4	2.82612
XM_034466328.1	2992	2893	4	1.61772
XM_034466329.1	5229	5130	0	0
XM_034466330.1	5142	5043	5.89273	1.36716
XM_034466331.1	821	722	0	0
XM_034466332.1	2596	2497	0	0
XM_034466333.1	2739	2640	0	0
XM_034466334.1	2577	2478	0	0
XM_034466335.1	2646	2547	0	0
XM_034466336.1	2490	2391	0.00204953	0.00100292
XM_034466337.1	2474	2375	5.39608	2.65831
XM_034466338.1	2612	2513	0.0144699	0.00673695
XM_034466339.1	2598	2499	10.1493	4.75182
XM_034466340.1	3026	2927	8	3.19785
XM_034466341.1	843	744	2.33934	3.67885
XM_034466342.1	3326	3227	8.29939	3.00911
XM_034466343.1	2618	2519	3	1.39343
XM_034466344.1	4761	4662	45.5835	11.44
XM_034466345.1	1748	1649	27.852	19.7618
XM_034466346.1	4593	4494	40.9618	10.6644
XM_034466347.1	448	349	2	6.70495
XM_034466348.1	1681	1582	1	0.739579
XM_034466349.1	2052	1953	0	0
XM_034466350.1	2444	2345	3	1.49682
XM_034466351.1	858	759	0	0
XM_034466352.1	1623	1524	0	0
XM_034466353.1	1632	1533	1	0.763218
XM_034466354.1	621	522	0	0
XM_034466355.1	2265	2166	0	0
XM_034466356.1	1722	1623	4.32073	3.11479
XM_034466357.1	2015	1916	0	0
XM_034466358.1	2284	2185	30.4562	16.3085
XM_034466359.1	1424	1325	5	4.41514
XM_034466360.1	7065	6966	187.87	31.5548
XM_034466361.1	515	416	12.0662	33.9365
XM_034466362.1	2734	2635	0	0
XM_034466363.1	4133	4034	160	46.4061
XM_034466364.1	4225	4126	16.3869	4.64686
XM_034466365.1	836	737	0	0
XM_034466366.1	1075	976	0	0
XM_034466367.1	843	744	0	0
XM_034466368.1	3505	3406	0	0
XM_034466369.1	3441	3342	3	1.05028
XM_034466370.1	719	620	0	0
XM_034466371.1	1875	1776	1	0.658791
XM_034466372.1	4268	4169	16.7142	4.69077
XM_034466373.1	6589	6490	4.09067e-06	7.37463e-07
XM_034466374.1	6575	6476	0	0
XM_034466375.1	6571	6472	0.000106329	1.92223e-05
XM_034466376.1	6571	6472	0.000106329	1.92223e-05
XM_034466377.1	6561	6462	0.000652209	0.000118089
XM_034466378.1	6558	6459	0.00112446	0.00020369
XM_034466379.1	6553	6454	0.00278902	0.000505608
XM_034466380.1	6532	6433	0.127564	0.0232009
XM_034466381.1	6517	6418	1.97224	0.359544
XM_034466382.1	6411	6312	0	0
XM_034466383.1	1190	1091	184	197.326
XM_034466384.1	7376	7277	0	0
XM_034466385.1	3644	3545	0	0
XM_034466386.1	3526	3427	9.89105e-09	3.37691e-09
XM_034466387.1	3468	3369	4.90683	1.70408
XM_034466388.1	1574	1475	0	0
XM_034466389.1	1502	1403	0	0
XM_034466390.1	4827	4728	0	0
XM_034466391.1	4692	4593	0	0
XM_034466392.1	3998	3899	3	0.900241
XM_034466393.1	5225	5126	53.8008	12.2801
XM_034466394.1	4658	4559	6.05403	1.55369
XM_034466395.1	3859	3760	0	0
XM_034466396.1	1145	1046	0	0
XM_034466397.1	3446	3347	0	0
XM_034466398.1	3300	3201	0	0
XM_034466399.1	3565	3466	13.8104	4.66196
XM_034466400.1	5659	5560	0.446573	0.0939743
XM_034466401.1	5654	5555	1.28297	0.270224
XM_034466402.1	5857	5758	0	0
XM_034466403.1	5658	5559	0.551474	0.11607
XM_034466404.1	1905	1806	2	1.2957
XM_034466405.1	1452	1353	0	0
XM_034466406.1	1805	1706	0	0
XM_034466407.1	1393	1294	0	0
XM_034466408.1	894	795	3.29468e-05	4.84884e-05
XM_034466409.1	1237	1138	0	0
XM_034466410.1	4354	4255	0	0
XM_034466411.1	2374	2275	0	0
XM_034466412.1	714	615	0	0
XM_034466413.1	879	780	0	0
XM_034466414.1	733	634	0	0
XM_034466415.1	1024	925	1	1.26488
XM_034466416.1	720	621	0	0
XM_034466417.1	1098	999	4	4.68474
XM_034466418.1	621	522	0	0
XM_034466419.1	877	778	9	13.5349
XM_034466420.1	1897	1798	219	142.51
XM_034466421.1	1371	1272	0	0
XM_034466422.1	1698	1599	0	0
XM_034466423.1	906	807	0	0
XM_034466424.1	831	732	0	0
XM_034466425.1	1122	1023	7	8.00596
XM_034466426.1	675	576	0	0
XM_034466427.1	747	648	0	0
XM_034466428.1	2710	2611	0	0
XM_034466429.1	1067	968	13	15.713
XM_034466430.1	510	411	0	0
XM_034466431.1	1956	1857	2	1.26011
XM_034466432.1	732	633	1	1.84836
XM_034466433.1	764	665	7.01245	12.3378
XM_034466434.1	549	450	0	0
XM_034466435.1	1328	1229	0	0
XM_034466436.1	925	826	0	0
XM_034466437.1	1956	1857	15	9.45084
XM_034466438.1	4452	4353	0	0
XM_034466439.1	781	682	2.6332	4.51743
XM_034466440.1	1095	996	0	0
XM_034466441.1	1598	1499	1	0.780529
XM_034466442.1	2608	2509	38	17.7204
XM_034466443.1	1266	1167	0	0
XM_034466444.1	523	424	2.74437	7.57301
XM_034466445.1	2133	2034	0	0
XM_034466446.1	6291	6192	13.6208	2.57373
XM_034466447.1	1539	1440	1	0.812509
XM_034466448.1	3957	3858	0	0
XM_034466449.1	1833	1734	0	0
XM_034466450.1	1071	972	0	0
XM_034466451.1	816	717	1	1.63182
XM_034466452.1	1396	1297	0	0
XM_034466453.1	573	474	0	0
XM_034466454.1	2103	2004	0	0
XM_034466455.1	1365	1266	0	0
XM_034466456.1	1224	1125	1	1.04001
XM_034466457.1	720	621	0	0
XM_034466458.1	519	420	0	0
XM_034466459.1	492	393	0	0
XM_034466460.1	384	285	2	8.21062
XM_034466461.1	4527	4428	3	0.792692
XM_034466462.1	390	291	6	24.124
XM_034466463.1	498	399	0	0
XM_034466464.1	451	352	0	0
XM_034466465.1	550	451	28	72.6394
XM_034466466.1	714	615	0	0
XM_034466467.1	402	303	0	0
XM_034466468.1	1082	983	0	0
XM_034466469.1	3996	3897	0	0
XM_034466470.1	1113	1014	0	0
XM_034466471.1	1065	966	3	3.63358
XM_034466472.1	1047	948	1	1.23419
XM_034466473.1	452	353	0	0
XM_034466474.1	753	654	2	3.57802
XM_034466475.1	906	807	5	7.24915
XM_034466476.1	372	273	0	0
XM_034466477.1	658	559	0	0
XM_034466478.1	660	561	67	139.734
XM_034466479.1	2667	2568	0	0
XM_034466480.1	3306	3207	0	0
XM_034466481.1	630	531	21	46.2717
XM_034466482.1	1957	1858	0	0
XM_034466483.1	576	477	0	0
XM_034466484.1	3252	3153	1	0.371079
XM_034466485.1	2458	2359	10.2613	5.08936
XM_034466486.1	662	563	1	2.07818
XM_034466487.1	2229	2130	0	0
XM_034466488.1	1815	1716	3	2.04548
XM_034466489.1	1044	945	0	0
XM_034466490.1	2472	2373	7	3.45137
XM_034466491.1	1512	1413	0	0
XM_034466492.1	720	621	0	0
XM_034466493.1	1694	1595	0	0
XM_034466494.1	1582	1483	4.12456	3.25407
XM_034466495.1	758	659	0	0
XM_034466496.1	1179	1080	0	0
XM_034466497.1	2725	2626	0	0
XM_034466498.1	3066	2967	112.989	44.5565
XM_034466499.1	2703	2604	0	0
XM_034466500.1	1896	1797	0	0
XM_034466501.1	549	450	5.70106	14.8229
XM_034466502.1	4204	4105	0	0
XM_034466503.1	7201	7102	1.76066	0.290058
XM_034466504.1	816	717	0	0
XM_034466505.1	2330	2231	0	0
XM_034466506.1	4951	4852	0	0
XM_034466507.1	826	727	0	0
XM_034466508.1	1581	1482	0	0
XM_034466509.1	1169	1070	0	0
XM_034466510.1	7189	7090	12.7986	2.11207
XM_034466511.1	413	314	0	0
XM_034466512.1	819	720	21.0985	34.2854
XM_034466513.1	423	324	0	0
XM_034466514.1	1905	1806	0	0
XM_034466515.1	5055	4956	0	0
XM_034466516.1	7198	7099	2.89008	0.476326
XM_034466517.1	1317	1218	0	0
XM_034466518.1	492	393	4.36603	12.9982
XM_034466519.1	1546	1447	8.43673	6.82176
XM_034466520.1	4551	4452	0	0
XM_034466521.1	703	604	0	0
XM_034466522.1	6024	5925	14	2.76459
XM_034466523.1	7183	7084	34.5506	5.70648
XM_034466524.1	923	824	0	0
XM_034466525.1	661	562	3.47129	7.22679
XM_034466526.1	1140	1041	10	11.2393
XM_034466527.1	978	879	4	5.32429
XM_034466528.1	643	544	0	0
XM_034466529.1	1743	1644	0	0
XM_034466530.1	915	816	0	0
XM_034466531.1	2808	2709	0	0
XM_034466532.1	1389	1290	1	0.906987
XM_034466533.1	3292	3193	3.78915	1.38846
XM_034466534.1	2285	2186	31	16.5921
XM_034466535.1	4031	3932	9.01442	2.68235
XM_034466536.1	3041	2942	10.7482	4.27447
XM_034466537.1	1491	1392	0	0
XM_034466538.1	4677	4578	4.25422	1.08726
XM_034466539.1	1131	1032	0	0
XM_034466540.1	561	462	1	2.5325
XM_034466541.1	1059	960	0	0
XM_034466542.1	639	540	0	0
XM_034466543.1	660	561	0	0
XM_034466544.1	1206	1107	0	0
XM_034466545.1	801	702	0	0
XM_034466546.1	1173	1074	0	0
XM_034466547.1	759	660	8.9335	15.8368
XM_034466548.1	2175	2076	0	0
XM_034466549.1	870	771	14.1116	21.4147
XM_034466550.1	813	714	0	0
XM_034466551.1	852	753	0	0
XM_034466552.1	3128	3029	33.9839	13.127
XM_034466553.1	1666	1567	0	0
XM_034466554.1	771	672	9.34317	16.2673
XM_034466555.1	5262	5163	10	2.26615
XM_034466556.1	3384	3285	0	0
XM_034466557.1	625	526	0	0
XM_034466558.1	4270	4171	15.3309	4.30049
XM_034466559.1	2740	2641	15.5732	6.89924
XM_034466560.1	3841	3742	1.68445	0.526679
XM_034466561.1	715	616	0	0
XM_034466562.1	432	333	0	0
XM_034466563.1	587	488	1	2.39757
XM_034466564.1	627	528	0	0
XM_034466565.1	381	282	3.7336	15.4906
XM_034466566.1	861	762	0	0
XM_034466567.1	824	725	0	0
XM_034466568.1	2369	2270	0	0
XM_034466569.1	3324	3225	11	3.99074
XM_034466570.1	3690	3591	0	0
XM_034466571.1	1537	1438	0	0
XM_034466572.1	1440	1341	0	0
XM_034466573.1	753	654	0	0
XM_034466574.1	450	351	0	0
XM_034466575.1	450	351	1	3.33337
XM_034466576.1	3593	3494	19.3029	6.46384
XM_034466577.1	450	351	1.92308	6.41033
XM_034466578.1	1074	975	0	0
XM_034466579.1	1077	978	0	0
XM_034466580.1	1596	1497	0	0
XM_034466581.1	930	831	1	1.40796
XM_034466582.1	1383	1284	0	0
XM_034466583.1	660	561	0	0
XM_034466584.1	772	673	0	0
XM_034466585.1	981	882	0	0
XM_034466586.1	668	569	0	0
XM_034466587.1	2517	2418	0	0
XM_034466588.1	989	890	0	0
XM_034466589.1	1065	966	0	0
XM_034466590.1	1836	1737	1	0.673583
XM_034466591.1	1054	955	0	0
XM_034466592.1	3822	3723	2	0.628533
XM_034466593.1	1512	1413	0	0
XM_034466594.1	815	716	10.708	17.498
XM_034466595.1	602	503	0	0
XM_034466596.1	567	468	0	0
XM_034466597.1	993	894	5.2897	6.92284
XM_034466598.1	3890	3791	1	0.308629
XM_034466599.1	1458	1359	0	0
XM_034466600.1	2066	1967	0	0
XM_034466601.1	2140	2041	0	0
XM_034466602.1	775	676	9.8884	17.1147
XM_034466603.1	7389	7290	3	0.481487
XM_034466604.1	718	619	0	0
XM_034466605.1	5802	5703	0	0
XM_034466606.1	804	705	0	0
XM_034466607.1	739	640	0	0
XM_034466608.1	6256	6157	30.1237	5.7244
XM_034466609.1	875	776	0	0
XM_034466610.1	3883	3784	1	0.3092
XM_034466611.1	765	666	0	0
XM_034466612.1	850	751	0	0
XM_034466613.1	732	633	0	0
XM_034466614.1	450	351	20.7039	69.0138
XM_034466615.1	2703	2604	3.24313	1.45718
XM_034466616.1	4313	4214	0	0
XM_034466617.1	1524	1425	0	0
XM_034466618.1	5534	5435	0	0
XM_034466619.1	609	510	0	0
XM_034466620.1	1341	1242	0	0
XM_034466621.1	2697	2598	48.5416	21.8608
XM_034466622.1	932	833	0	0
XM_034466623.1	2041	1942	1	0.602479
XM_034466624.1	368	269	0	0
XM_034466625.1	1369	1270	0	0
XM_034466626.1	582	483	0	0
XM_034466627.1	1034	935	0	0
XM_034466628.1	1019	920	6.04579	7.68875
XM_034466629.1	450	351	23.0769	76.924
XM_034466630.1	1966	1867	0	0
XM_034466631.1	926	827	0	0
XM_034466632.1	5924	5825	10	2.00861
XM_034466633.1	1112	1013	0	0
XM_034466634.1	2709	2610	1.2206	0.547172
XM_034466635.1	772	673	0	0
XM_034466636.1	2377	2278	66	33.8985
XM_034466637.1	2505	2406	0	0
XM_034466638.1	1108	1009	0	0
XM_034466639.1	1212	1113	0	0
XM_034466640.1	879	780	0	0
XM_034466641.1	1383	1284	0	0
XM_034466642.1	762	663	0	0
XM_034466643.1	1673	1574	32	23.7868
XM_034466644.1	642	543	0	0
XM_034466645.1	797	698	0	0
XM_034466646.1	498	399	16	46.9178
XM_034466647.1	678	579	0	0
XM_034466648.1	2410	2311	12	6.07536
XM_034466649.1	2025	1926	10	6.07484
XM_034466650.1	2107	2008	15	8.74014
XM_034466651.1	2120	2021	9	5.21035
XM_034466652.1	3185	3086	88.5162	33.5597
XM_034466653.1	3935	3836	33.9352	10.3505
XM_034466654.1	2604	2505	0	0
XM_034466655.1	2138	2039	1	0.573817
XM_034466656.1	1760	1661	0	0
XM_034466657.1	945	846	0	0
XM_034466658.1	1079	980	0	0
XM_034466659.1	2121	2022	0	0
XM_034466660.1	363	264	0	0
XM_034466661.1	2547	2448	0	0
XM_034466662.1	438	339	0	0
XM_034466663.1	576	477	0	0
XM_034466664.1	549	450	0	0
XM_034466665.1	2721	2622	0	0
XM_034466666.1	1232	1133	9	9.29402
XM_034466667.1	701	602	0	0
XM_034466668.1	396	297	0	0
XM_034466669.1	1233	1134	0	0
XM_034466670.1	903	804	0	0
XM_034466671.1	1932	1833	0	0
XM_034466672.1	10220	10121	4	0.46241
XM_034466673.1	681	582	0	0
XM_034466674.1	8780	8681	2.09378	0.282197
XM_034466675.1	516	417	2	5.61158
XM_034466676.1	676	577	0	0
XM_034466677.1	3135	3036	1	0.38538
XM_034466678.1	591	492	0	0
XM_034466679.1	3644	3545	1.95316	0.644632
XM_034466680.1	1152	1053	0	0
XM_034466681.1	1227	1128	0	0
XM_034466682.1	3911	3812	0	0
XM_034466683.1	4418	4319	5	1.3545
XM_034466684.1	1554	1455	0	0
XM_034466685.1	8312	8213	63.0754	8.98564
XM_034466686.1	1775	1676	1	0.698099
XM_034466687.1	1143	1044	0	0
XM_034466688.1	1795	1696	1	0.689866
XM_034466689.1	616	517	1	2.26308
XM_034466690.1	1461	1362	0	0
XM_034466691.1	1534	1435	3	2.44602
XM_034466692.1	1972	1873	0	0
XM_034466693.1	1702	1603	0	0
XM_034466694.1	537	438	0	0
XM_034466695.1	2106	2007	0	0
XM_034466696.1	3006	2907	1.34721	0.542227
XM_034466697.1	2464	2365	0	0
XM_034466698.1	498	399	2	5.86473
XM_034466699.1	4104	4005	0	0
XM_034466700.1	1809	1710	0	0
XM_034466701.1	1317	1218	0	0
XM_034466702.1	1317	1218	0	0
XM_034466703.1	4065	3966	0	0
XM_034466704.1	1651	1552	0	0
XM_034466705.1	912	813	0	0
XM_034466706.1	1451	1352	68.7808	59.5226
XM_034466707.1	1314	1215	44.1886	42.5525
XM_034466708.1	987	888	1	1.31758
XM_034466709.1	3370	3271	0	0
XM_034466710.1	2719	2620	0	0
XM_034466711.1	1289	1190	2.249	2.21122
XM_034466712.1	4942	4843	1	0.241589
XM_034466713.1	2197	2098	2	1.11536
XM_034466714.1	360	261	0	0
XM_034466715.1	510	411	0	0
XM_034466716.1	2002	1903	0	0
XM_034466717.1	1254	1155	0	0
XM_034466718.1	750	651	1.0372	1.86412
XM_034466719.1	1215	1116	0	0
XM_034466720.1	728	629	0	0
XM_034466721.1	2440	2341	6	2.99875
XM_034466722.1	862	763	0	0
XM_034466723.1	1317	1218	0	0
XM_034466724.1	966	867	1	1.3495
XM_034466725.1	1559	1460	14.1519	11.341
XM_034466726.1	592	493	0	0
XM_034466727.1	2083	1984	1	0.589725
XM_034466728.1	668	569	0	0
XM_034466729.1	465	366	0	0
XM_034466730.1	1319	1220	0	0
XM_034466731.1	1051	952	0	0
XM_034466732.1	1678	1579	2	1.48197
XM_034466733.1	1965	1866	0	0
XM_034466734.1	1116	1017	0	0
XM_034466735.1	711	612	0	0
XM_034466736.1	1478	1379	0	0
XM_034466737.1	743	644	0	0
XM_034466738.1	1986	1887	1.71545	1.06365
XM_034466739.1	771	672	0	0
XM_034466740.1	2299	2200	7.08	3.76532
XM_034466741.1	841	742	0	0
XM_034466742.1	1140	1041	0	0
XM_034466743.1	798	699	3	5.02152
XM_034466744.1	2586	2487	0	0
XM_034466745.1	690	591	0	0
XM_034466746.1	1874	1775	0	0
XM_034466747.1	1239	1140	0	0
XM_034466748.1	1807	1708	2.49281	1.70763
XM_034466749.1	629	530	2	4.41514
XM_034466750.1	839	740	0	0
XM_034466751.1	1388	1289	0	0
XM_034466752.1	2220	2121	0	0
XM_034466753.1	642	543	1	2.15472
XM_034466754.1	965	866	0	0
XM_034466755.1	6018	5919	0	0
XM_034466756.1	1096	997	0	0
XM_034466757.1	1530	1431	7.55459	6.17678
XM_034466758.1	886	787	0	0
XM_034466759.1	651	552	0	0
XM_034466760.1	933	834	0	0
XM_034466761.1	1092	993	2	2.35652
XM_034466762.1	3852	3753	6.85291	2.13642
XM_034466763.1	1092	993	15	17.6739
XM_034466764.1	1123	1024	0	0
XM_034466765.1	2697	2598	4	1.80141
XM_034466766.1	3463	3364	53	18.4336
XM_034466767.1	1338	1239	3.51812	3.32223
XM_034466768.1	1212	1113	0	0
XM_034466769.1	1462	1363	0	0
XM_034466770.1	1770	1671	2.30361	1.61296
XM_034466771.1	515	416	0	0
XM_034466772.1	2812	2713	3.53475	1.5244
XM_034466773.1	1317	1218	0	0
XM_034466774.1	3390	3291	28.5303	10.1431
XM_034466775.1	2479	2380	27.3222	13.4316
XM_034466776.1	3444	3345	0	0
XM_034466777.1	965	866	0	0
XM_034466778.1	1655	1556	3	2.25581
XM_034466779.1	8465	8366	175.306	24.5172
XM_034466780.1	1599	1500	0	0
XM_034466781.1	8593	8494	0	0
XM_034466782.1	381	282	0	0
XM_034466783.1	1500	1401	0	0
XM_034466784.1	1238	1139	0	0
XM_034466785.1	423	324	0	0
XM_034466786.1	2788	2689	3.84847	1.67451
XM_034466787.1	1384	1285	5	4.55258
XM_034466788.1	553	454	0	0
XM_034466789.1	3996	3897	1.90213e-08	5.71086e-09
XM_034466790.1	1048	949	0	0
XM_034466791.1	774	675	0	0
XM_034466792.1	1229	1130	3	3.10623
XM_034466793.1	1188	1089	0	0
XM_034466794.1	471	372	0	0
XM_034466795.1	4902	4803	3.14066	0.765067
XM_034466796.1	2276	2177	0	0
XM_034466797.1	2817	2718	0	0
XM_034466798.1	2856	2757	0	0
XM_034466799.1	3225	3126	0	0
XM_034466800.1	3412	3313	18.2514	6.44564
XM_034466801.1	490	391	1	2.99236
XM_034466802.1	3458	3359	1.6498	0.574662
XM_034466803.1	1162	1063	2.02992	2.23427
XM_034466804.1	837	738	0	0
XM_034466805.1	6212	6113	0	0
XM_034466806.1	3229	3130	0	0
XM_034466807.1	2898	2799	0	0
XM_034466808.1	762	663	0	0
XM_034466809.1	1410	1311	4	3.56983
XM_034466810.1	531	432	0	0
XM_034466811.1	1249	1150	0	0
XM_034466812.1	1223	1124	6.99997	7.28653
XM_034466813.1	1235	1136	2.72393e-05	2.80549e-05
XM_034466814.1	2977	2878	9.27714	3.7715
XM_034466815.1	867	768	0	0
XM_034466816.1	2251	2152	15	8.1553
XM_034466817.1	6480	6381	264.468	48.4926
XM_034466818.1	3433	3334	4.04826e-06	1.42067e-06
XM_034466819.1	3396	3297	1.96059	0.695758
XM_034466820.1	1110	1011	0	0
XM_034466821.1	1794	1695	184.531	127.377
XM_034466822.1	6316	6217	0	0
XM_034466823.1	2894	2795	11	4.6047
XM_034466824.1	1306	1207	0	0
XM_034466825.1	1246	1147	0	0
XM_034466826.1	1843	1744	16	10.7341
XM_034466827.1	6017	5918	144.152	28.4995
XM_034466828.1	6057	5958	0.0533538	0.0104774
XM_034466829.1	2886	2787	1	0.419811
XM_034466830.1	1114	1015	0	0
XM_034466831.1	3102	3003	0	0
XM_034466832.1	2080	1981	2.01081	1.18762
XM_034466833.1	3610	3511	58.1292	19.3711
XM_034466834.1	3200	3101	0	0
XM_034466835.1	2139	2040	0	0
XM_034466836.1	1609	1510	8.20921	6.36085
XM_034466837.1	3148	3049	0	0
XM_034466838.1	1528	1429	0	0
XM_034466839.1	973	874	0	0
XM_034466840.1	1743	1644	0	0
XM_034466841.1	4539	4440	32	8.43253
XM_034466842.1	1975	1876	42	26.1943
XM_034466843.1	3531	3432	0	0
XM_034466844.1	3402	3303	0	0
XM_034466845.1	1708	1609	8	5.81734
XM_034466846.1	3711	3612	7.46182	2.41706
XM_034466847.1	3749	3650	0	0
XM_034466848.1	4033	3934	9.22169	2.74263
XM_034466849.1	4541	4442	0	0
XM_034466850.1	4425	4326	7.70509	2.08392
XM_034466851.1	3495	3396	0	0
XM_034466852.1	2886	2787	2.25675	0.947408
XM_034466853.1	3001	2902	0	0
XM_034466854.1	2918	2819	3.15844	1.3109
XM_034466855.1	3628	3529	7.75698	2.57177
XM_034466856.1	3491	3392	12.243	4.22302
XM_034466857.1	2318	2219	0	0
XM_034466858.1	2372	2273	18	9.26539
XM_034466859.1	2717	2618	22.8981	10.2334
XM_034466860.1	2820	2721	2.54613	1.09482
XM_034466861.1	1553	1454	0	0
XM_034466862.1	1498	1399	1.17459	0.982337
XM_034466863.1	2657	2558	316	144.536
XM_034466864.1	1710	1611	4	2.90506
XM_034466865.1	1823	1724	0	0
XM_034466866.1	1703	1604	1.68835	1.23154
XM_034466867.1	1101	1002	33.002	38.5357
XM_034466868.1	945	846	1	1.38299
XM_034466869.1	1663	1564	10.3116	7.71405
XM_034466870.1	1973	1874	0	0
XM_034466871.1	1576	1477	19.9268	15.7851
XM_034466872.1	3151	3052	27.3671	10.4914
XM_034466873.1	818	719	2	3.25456
XM_034466874.1	1501	1402	37.3524	31.1717
XM_034466875.1	601	502	0	0
XM_034466876.1	1045	946	2.57133	3.18023
XM_034466877.1	6157	6058	0	0
XM_034466878.1	5915	5816	9	1.81054
XM_034466879.1	5448	5349	0	0
XM_034466880.1	2391	2292	3	1.53143
XM_034466881.1	2240	2141	0	0
XM_034466882.1	5026	4927	0	0
XM_034466883.1	4978	4879	0	0
XM_034466884.1	4734	4635	58.6702	14.8101
XM_034466885.1	2345	2246	0	0
XM_034466886.1	639	540	0	0
XM_034466887.1	425	326	0	0
XM_034466888.1	4564	4465	0	0
XM_034466889.1	4707	4608	17.6	4.4688
XM_034466890.1	5655	5556	0	0
XM_034466891.1	1473	1374	0	0
XM_034466892.1	1887	1788	14	9.16118
XM_034466893.1	1887	1788	14	9.16118
XM_034466894.1	6528	6429	3.85373	0.701341
XM_034466895.1	6527	6428	4.62516	0.841864
XM_034466896.1	4486	4387	0	0
XM_034466897.1	4344	4245	0	0
XM_034466898.1	4205	4106	0	0
XM_034466899.1	7930	7831	9	1.34467
XM_034466900.1	7613	7514	0.186645	0.0290627
XM_034466901.1	2302	2203	0	0
XM_034466902.1	2531	2432	0	0
XM_034466903.1	2119	2020	0	0
XM_034466904.1	3193	3094	7.25849	2.74484
XM_034466905.1	2153	2054	2	1.13925
XM_034466906.1	1996	1897	2.64662	1.63235
XM_034466907.1	2531	2432	0	0
XM_034466908.1	7577	7478	52.1888	8.1655
XM_034466909.1	2520	2421	0	0
XM_034466910.1	1955	1856	0	0
XM_034466911.1	4176	4077	9	2.58281
XM_034466912.1	2207	2108	4	2.22014
XM_034466913.1	3409	3310	6.48705	2.29303
XM_034466914.1	1874	1775	1.35338	0.892099
XM_034466915.1	1471	1372	0.394296	0.336248
XM_034466916.1	1515	1416	0	0
XM_034466917.1	1218	1119	0.144081	0.15065
XM_034466918.1	1733	1634	0	0
XM_034466919.1	2324	2225	0	0
XM_034466920.1	1269	1170	7.74522	7.7453
XM_034466921.1	1092	993	0	0
XM_034466922.1	1414	1315	0	0
XM_034466923.1	1709	1610	0	0
XM_034466924.1	2004	1905	37	22.7247
XM_034466925.1	1850	1751	0	0
XM_034466926.1	2160	2061	0	0
XM_034466927.1	2132	2033	0	0
XM_034466928.1	2229	2130	1	0.549302
XM_034466929.1	1300	1201	0	0
XM_034466930.1	1961	1862	0	0
XM_034466931.1	5515	5416	224.474	48.4929
XM_034466932.1	5515	5416	224.474	48.4929
XM_034466933.1	5691	5592	0	0
XM_034466934.1	1213	1114	1.43914	1.5115
XM_034466935.1	1525	1426	0	0
XM_034466936.1	1159	1060	2	2.20757
XM_034466937.1	1447	1348	0	0
XM_034466938.1	4646	4547	16.2468	4.18055
XM_034466939.1	2536	2437	30.9542	14.8612
XM_034466940.1	1482	1383	12.3879	10.4801
XM_034466941.1	1383	1284	6	5.46735
XM_034466942.1	947	848	0	0
XM_034466943.1	2878	2779	0	0
XM_034466944.1	3387	3288	0	0
XM_034466945.1	3269	3170	9.9911	3.68761
XM_034466946.1	3283	3184	0.0568499	0.0208904
XM_034466947.1	834	735	79	125.757
XM_034466948.1	559	460	5.95086	15.1361
XM_034466949.1	3034	2935	10.0286	3.99782
XM_034466950.1	3034	2935	0.00775434	0.00309121
XM_034466951.1	5418	5319	2	0.439937
XM_034466952.1	3034	2935	0.000394045	0.000157083
XM_034466953.1	3159	3060	6.14729	2.35046
XM_034466954.1	2151	2052	0	0
XM_034466955.1	2789	2690	0	0
XM_034466956.1	2789	2690	0	0
XM_034466957.1	2807	2708	0	0
XM_034466958.1	5506	5407	0	0
XM_034466959.1	2278	2179	0	0
XM_034466960.1	2278	2179	0	0
XM_034466961.1	2147	2048	0	0
XM_034466962.1	2278	2179	13.474	7.23484
XM_034466963.1	2147	2048	0	0
XM_034466964.1	2147	2048	93.6531	53.5036
XM_034466965.1	2789	2690	0	0
XM_034466966.1	2807	2708	0	0
XM_034466967.1	2403	2304	0	0
XM_034466968.1	2147	2048	0.000252699	0.000144366
XM_034466969.1	2807	2708	0	0
XM_034466970.1	2403	2304	0	0
XM_034466971.1	2403	2304	3.14625e-08	1.59772e-08
XM_034466972.1	2272	2173	6.21674e-08	3.34729e-08
XM_034466973.1	2932	2833	0	0
XM_034466974.1	2914	2815	0	0
XM_034466975.1	4422	4323	0	0
XM_034466976.1	4422	4323	0	0
XM_034466977.1	4422	4323	0	0
XM_034466978.1	4422	4323	0	0
XM_034466979.1	4422	4323	0	0
XM_034466980.1	4547	4448	0	0
XM_034466981.1	4547	4448	0	0
XM_034466982.1	4547	4448	0	0
XM_034466983.1	4547	4448	0	0
XM_034466984.1	4547	4448	0	0
XM_034466985.1	2204	2105	9.56846	5.3184
XM_034466986.1	2495	2396	4.36874	2.13334
XM_034466987.1	3228	3129	2.63126	0.983896
XM_034466988.1	3862	3763	0	0
XM_034466989.1	1821	1722	0	0
XM_034466990.1	2281	2182	0	0
XM_034466991.1	2174	2075	0	0
XM_034466992.1	1359	1260	8.58478	7.97167
XM_034466993.1	3038	2939	0	0
XM_034466994.1	2989	2890	0	0
XM_034466995.1	2863	2764	7	2.96313
XM_034466996.1	3019	2920	0	0
XM_034466997.1	3978	3879	0	0
XM_034466998.1	1345	1246	0	0
XM_034466999.1	2993	2894	0	0
XM_034467000.1	2841	2742	1	0.426701
XM_034467001.1	3877	3778	2	0.619382
XM_034467002.1	2474	2375	3.03556	1.49543
XM_034467003.1	3693	3594	11.5073	3.74616
XM_034467004.1	4054	3955	2	0.591663
XM_034467005.1	1727	1628	0	0
XM_034467006.1	1800	1701	6	4.12703
XM_034467007.1	1819	1720	0	0
XM_034467008.1	881	782	0	0
XM_034467009.1	2137	2038	0	0
XM_034467010.1	918	819	2.99942	4.28493
XM_034467011.1	924	825	0.000573551	0.000813409
XM_034467012.1	1602	1503	1.00643	0.783457
XM_034467013.1	824	725	0	0
XM_034467014.1	6824	6725	57.8294	10.0611
XM_034467015.1	7142	7043	1.64709	0.273622
XM_034467016.1	4097	3998	0	0
XM_034467017.1	4063	3964	0	0
XM_034467018.1	1792	1693	0	0
XM_034467019.1	4094	3995	0	0
XM_034467020.1	4321	4222	16.038	4.44449
XM_034467021.1	4329	4230	15.895	4.39653
XM_034467022.1	4323	4224	9.20208	2.5489
XM_034467023.1	4332	4233	0	0
XM_034467024.1	4363	4264	0.000145365	3.98873e-05
XM_034467025.1	4006	3907	0	0
XM_034467026.1	3972	3873	0	0
XM_034467027.1	1903	1804	0	0
XM_034467028.1	3284	3185	6.35608	2.33491
XM_034467029.1	2713	2614	0	0
XM_034467030.1	3729	3630	0	0
XM_034467031.1	3640	3541	17.8079	5.88407
XM_034467032.1	3379	3280	4.91208	1.75219
XM_034467033.1	2287	2188	2.13343	1.14083
XM_034467034.1	2289	2190	0	0
XM_034467035.1	3592	3493	4.01308	1.34422
XM_034467036.1	2626	2527	0	0
XM_034467037.1	2544	2445	2.19381	1.04981
XM_034467038.1	2640	2541	3.62186	1.6677
XM_034467039.1	2630	2531	0	0
XM_034467040.1	1807	1708	0	0
XM_034467041.1	3015	2916	0.999991	0.401236
XM_034467042.1	1814	1715	1.23101e-08	8.39827e-09
XM_034467043.1	2669	2570	0	0
XM_034467044.1	1785	1686	6	4.16375
XM_034467045.1	1783	1684	0	0
XM_034467046.1	2341	2242	3	1.56558
XM_034467047.1	2642	2543	0	0
XM_034467048.1	4287	4188	4.04842	1.13102
XM_034467049.1	1440	1341	1	0.872493
XM_034467050.1	2570	2471	0	0
XM_034467051.1	2535	2436	0	0
XM_034467052.1	2541	2442	17.5095	8.38916
XM_034467053.1	2418	2319	2.99047e-08	1.50879e-08
XM_034467054.1	2330	2231	0	0
XM_034467055.1	2168	2069	0	0
XM_034467056.1	2305	2206	31	16.4417
XM_034467057.1	1262	1163	28.2667	28.4372
XM_034467058.1	1292	1193	1.73326	1.69986
XM_034467059.1	2072	1973	0	0
XM_034467060.1	2068	1969	0	0
XM_034467061.1	1915	1816	10	6.44281
XM_034467062.1	1504	1405	0	0
XM_034467063.1	1408	1309	2	1.78764
XM_034467064.1	2159	2060	0	0
XM_034467065.1	1325	1226	0	0
XM_034467066.1	1687	1588	0	0
XM_034467067.1	1343	1244	0	0
XM_034467068.1	1345	1246	0	0
XM_034467069.1	1913	1814	14.622	9.43106
XM_034467070.1	1335	1236	0	0
XM_034467071.1	762	663	10	17.6473
XM_034467072.1	1885	1786	0	0
XM_034467073.1	1326	1227	2.17062	2.06981
XM_034467074.1	1304	1205	0	0
XM_034467075.1	767	668	0	0
XM_034467076.1	1774	1675	0	0
XM_034467077.1	4973	4874	2	0.480104
XM_034467078.1	3779	3680	8	2.54351
XM_034467079.1	1792	1693	0	0
XM_034467080.1	2771	2672	10	4.37879
XM_034467081.1	1726	1627	0.00174956	0.00125815
XM_034467082.1	1715	1616	4.99825	3.61882
XM_034467083.1	1030	931	0	0
XM_034467084.1	2537	2438	7.00919e-05	3.36376e-05
XM_034467085.1	2510	2411	33.0272	16.0275
XM_034467086.1	3721	3622	8.97275	2.89846
XM_034467087.1	1789	1690	0	0
XM_034467088.1	1162	1063	0	0
XM_034467089.1	992	893	1.34065	1.75653
XM_034467090.1	1194	1095	17.6594	18.8691
XM_034467091.1	1237	1138	0	0
XM_034467092.1	1349	1250	0	0
XM_034467093.1	1343	1244	0	0
XM_034467094.1	1271	1172	0	0
XM_034467095.1	1444	1345	0	0
XM_034467096.1	1335	1236	0	0
XM_034467097.1	1271	1172	47	46.9203
XM_034467098.1	6349	6250	28.9992	5.4287
XM_034467099.1	6411	6312	0.000271498	5.03257e-05
XM_034467100.1	6602	6503	0	0
XM_034467101.1	6407	6308	0.000571084	0.000105925
XM_034467102.1	780	681	0	0
XM_034467103.1	672	573	50	102.095
XM_034467104.1	2405	2306	0	0
XM_034467105.1	1452	1353	0	0
XM_034467106.1	1443	1344	0	0
XM_034467107.1	1762	1663	2.49004e-06	1.75188e-06
XM_034467108.1	3781	3682	41	13.0284
XM_034467109.1	2886	2787	0	0
XM_034467110.1	2877	2778	0	0
XM_034467111.1	3044	2945	0	0
XM_034467112.1	1738	1639	63.3434	45.2182
XM_034467113.1	1445	1346	1	0.869252
XM_034467114.1	780	681	0	0
XM_034467115.1	1849	1750	0	0
XM_034467116.1	1681	1582	49	36.2394
XM_034467117.1	1524	1425	3	2.46319
XM_034467118.1	1400	1301	0	0
XM_034467119.1	1351	1252	0	0
XM_034467120.1	2589	2490	42.0247	19.7468
XM_034467121.1	2504	2405	0	0
XM_034467122.1	2614	2515	0	0
XM_034467123.1	2318	2219	4.11699	2.17077
XM_034467124.1	4607	4508	72.4183	18.7956
XM_034467125.1	1809	1710	0	0
XM_034467126.1	677	578	0	0
XM_034467127.1	607	508	1	2.30318
XM_034467128.1	1744	1645	1.70659e-06	1.21382e-06
XM_034467129.1	1578	1479	2.95112	2.33459
XM_034467130.1	1253	1154	0.103404	0.104839
XM_034467131.1	1796	1697	22	15.1681
XM_034467132.1	1831	1732	0	0
XM_034467133.1	2007	1908	0	0
XM_034467134.1	1939	1840	0	0
XM_034467135.1	1999	1900	0	0
XM_034467136.1	1922	1823	5	3.20903
XM_034467137.1	2243	2144	0	0
XM_034467138.1	1368	1269	0	0
XM_034467139.1	1720	1621	52.3909	37.8149
XM_034467140.1	1368	1269	0	0
XM_034467141.1	3560	3461	1.7464e-06	5.90383e-07
XM_034467142.1	1682	1583	0	0
XM_034467143.1	2137	2038	5	2.87049
XM_034467144.1	3402	3303	13	4.60496
XM_034467145.1	2474	2375	0	0
XM_034467146.1	2185	2086	11	6.16977
XM_034467147.1	2216	2117	18	9.94815
XM_034467148.1	1652	1553	0	0
XM_034467149.1	757	658	0	0
XM_034467150.1	5707	5608	0	0
XM_034467151.1	5553	5454	64	13.7295
XM_034467152.1	1637	1538	0	0
XM_034467153.1	3036	2937	0	0
XM_034467154.1	2897	2798	2	0.836321
XM_034467155.1	5497	5398	10.3689	2.24746
XM_034467156.1	5515	5416	0	0
XM_034467157.1	1607	1508	1.6866e-07	1.30859e-07
XM_034467158.1	4456	4357	196.315	52.7177
XM_034467159.1	5537	5438	0.0017977	0.000386785
XM_034467160.1	2408	2309	0	0
XM_034467161.1	2264	2165	0	0
XM_034467162.1	2589	2490	5.50803	2.58814
XM_034467163.1	2246	2147	16.5883	9.03985
XM_034467164.1	2099	2000	3.86482	2.26095
XM_034467165.1	2173	2074	0	0
XM_034467166.1	1583	1484	25.1085	19.796
XM_034467167.1	2333	2234	0	0
XM_034467168.1	2114	2015	0	0
XM_034467169.1	2326	2227	1	0.525376
XM_034467170.1	1072	973	0	0
XM_034467171.1	1063	964	0	0
XM_034467172.1	1589	1490	1.07667e-07	8.45449e-08
XM_034467173.1	1962	1863	0	0
XM_034467174.1	2035	1936	0	0
XM_034467175.1	2674	2575	0	0
XM_034467176.1	1134	1035	0	0
XM_034467177.1	1052	953	0	0
XM_034467178.1	1565	1466	20.1571	16.0874
XM_034467179.1	926	827	0	0
XM_034467180.1	907	808	0	0
XM_034467181.1	1093	994	0	0
XM_034467182.1	1236	1137	0	0
XM_034467183.1	1125	1026	0	0
XM_034467184.1	1079	980	0	0
XM_034467185.1	1046	947	3	3.70648
XM_034467186.1	889	790	0	0
XM_034467187.1	1110	1011	0	0
XM_034467188.1	995	896	0	0
XM_034467189.1	1000	901	0	0
XM_034467190.1	1085	986	0	0
XM_034467191.1	1128	1029	0	0
XM_034467192.1	1216	1117	0	0
XM_034467193.1	1206	1107	0	0
XM_034467194.1	1089	990	0	0
XM_034467195.1	3166	3067	2	0.762969
XM_034467196.1	2854	2755	1.30734	0.555209
XM_034467197.1	2851	2752	4.69266	1.99509
XM_034467198.1	2464	2365	0	0
XM_034467199.1	6437	6338	34.2982	6.33155
XM_034467200.1	3856	3757	0	0
XM_034467201.1	3844	3745	0	0
XM_034467202.1	3777	3678	9.4136	2.99457
XM_034467203.1	3025	2926	0	0
XM_034467204.1	5057	4958	0	0
XM_034467205.1	2320	2221	5	2.63398
XM_034467206.1	1596	1497	0	0
XM_034467207.1	1536	1437	16	13.0273
XM_034467208.1	1562	1463	1.17304e-08	9.38126e-09
XM_034467209.1	1328	1229	0	0
XM_034467210.1	1987	1888	3.97214	2.46158
XM_034467211.1	1995	1896	0.0278608	0.0171928
XM_034467212.1	2043	1944	0	0
XM_034467213.1	2034	1935	0	0
XM_034467214.1	2398	2299	0	0
XM_034467215.1	2277	2178	0	0
XM_034467216.1	2179	2080	0	0
XM_034467217.1	1222	1123	42	43.7583
XM_034467218.1	1661	1562	0	0
XM_034467219.1	1268	1169	3	3.0026
XM_034467220.1	2967	2868	0.00078549	0.000320444
XM_034467221.1	3125	3026	0	0
XM_034467222.1	3006	2907	0	0
XM_034467223.1	2936	2837	0	0
XM_034467224.1	2932	2833	0	0
XM_034467225.1	2943	2844	14.9992	6.17063
XM_034467226.1	2967	2868	0	0
XM_034467227.1	2908	2809	0	0
XM_034467228.1	3030	2931	0	0
XM_034467229.1	2924	2825	0.997998	0.413335
XM_034467230.1	2962	2863	1.55716e-07	6.36359e-08
XM_034467231.1	2939	2840	0.00200153	0.000824582
XM_034467232.1	1854	1755	0	0
XM_034467233.1	4045	3946	0	0
XM_034467234.1	1875	1776	0	0
XM_034467235.1	1513	1414	0	0
XM_034467236.1	4030	3931	60	17.8583
XM_034467237.1	1526	1427	1	0.819911
XM_034467238.1	960	861	0	0
XM_034467239.1	1314	1215	0	0
XM_034467240.1	1536	1437	0	0
XM_034467241.1	6443	6344	0	0
XM_034467242.1	2737	2638	0	0
XM_034467243.1	1540	1441	21	17.0509
XM_034467244.1	1349	1250	0	0
XM_034467245.1	1875	1776	0	0
XM_034467246.1	1236	1137	0	0
XM_034467247.1	1366	1267	0	0
XM_034467248.1	1059	960	0	0
XM_034467249.1	1798	1699	0	0
XM_034467250.1	1867	1768	0	0
XM_034467251.1	3698	3599	23	7.47716
XM_034467252.1	2129	2030	3	1.72908
XM_034467253.1	2011	1912	0	0
XM_034467254.1	2024	1925	1	0.607799
XM_034467255.1	2084	1985	0	0
XM_034467256.1	1360	1261	0	0
XM_034467257.1	1258	1159	0	0
XM_034467258.1	1020	921	1.55797	1.9792
XM_034467259.1	2716	2617	0	0
XM_034467260.1	2202	2103	0	0
XM_034467261.1	2337	2238	0	0
XM_034467262.1	2394	2295	0	0
XM_034467263.1	3393	3294	0.52698	0.187181
XM_034467264.1	3646	3547	0	0
XM_034467265.1	6084	5985	3.69936	0.723191
XM_034467266.1	2779	2680	0	0
XM_034467267.1	6080	5981	8.10419	1.58536
XM_034467268.1	6081	5982	6.66105	1.30283
XM_034467269.1	2755	2656	9.45871	4.16672
XM_034467270.1	2733	2634	0	0
XM_034467271.1	4526	4427	8.0767	2.13459
XM_034467272.1	599	500	0	0
XM_034467273.1	3911	3812	7	2.1485
XM_034467274.1	3032	2933	0	0
XM_034467275.1	3185	3086	0	0
XM_034467276.1	3162	3063	0	0
XM_034467277.1	3020	2921	0	0
XM_034467278.1	3135	3036	0	0
XM_034467279.1	2931	2832	13.919	5.75052
XM_034467280.1	2933	2834	6.08095	2.51051
XM_034467281.1	3029	2930	0	0
XM_034467282.1	3008	2909	0	0
XM_034467283.1	3005	2906	0	0
XM_034467284.1	3166	3067	0	0
XM_034467285.1	3142	3043	0	0
XM_034467286.1	569	470	13	32.3621
XM_034467287.1	1489	1390	0	0
XM_034467288.1	2041	1942	1	0.602479
XM_034467289.1	2520	2421	3	1.44983
XM_034467290.1	6890	6791	1.20506e-07	2.07618e-08
XM_034467291.1	6790	6691	4.34807	0.760319
XM_034467292.1	5938	5839	8.17152	1.6374
XM_034467293.1	6764	6665	0	0
XM_034467294.1	6735	6636	0	0
XM_034467295.1	6102	6003	20.4984	3.99524
XM_034467296.1	3335	3236	33.3842	12.0704
XM_034467297.1	2483	2384	2	0.981555
XM_034467298.1	2935	2836	0	0
XM_034467299.1	4104	4005	0	0
XM_034467300.1	1484	1385	8.79398	7.42894
XM_034467301.1	1739	1640	0.539381	0.384807
XM_034467302.1	1735	1636	9.46062	6.76592
XM_034467303.1	1448	1349	0	0
XM_034467304.1	1361	1262	0	0
XM_034467305.1	3033	2934	8.47565	3.3799
XM_034467306.1	720	621	2	3.76816
XM_034467307.1	1648	1549	0	0
XM_034467308.1	831	732	1	1.59838
XM_034467309.1	918	819	8	11.4287
XM_034467310.1	11210	11111	0	0
XM_034467311.1	11205	11106	0	0
XM_034467312.1	11158	11059	8.27347e-07	8.75311e-08
XM_034467313.1	11162	11063	5.41331e-07	5.72507e-08
XM_034467314.1	11061	10962	0	0
XM_034467315.1	11019	10920	2.29739	0.246151
XM_034467316.1	10689	10590	0.0273521	0.00302194
XM_034467317.1	6808	6709	0	0
XM_034467318.1	2442	2343	0	0
XM_034467319.1	6721	6622	16.6753	2.94628
XM_034467320.1	4584	4485	23	6.00007
XM_034467321.1	1729	1630	3.19249e-06	2.29157e-06
XM_034467322.1	2426	2327	1.02658e-07	5.16161e-08
XM_034467323.1	3751	3652	0	0
XM_034467324.1	2929	2830	2.30418	0.952622
XM_034467325.1	2406	2307	0.00256283	0.00129976
XM_034467326.1	1918	1819	188.03	120.945
XM_034467327.1	1240	1141	0	0
XM_034467328.1	2390	2291	8.99744	4.59499
XM_034467329.1	1850	1751	5.50021e-08	3.67523e-08
XM_034467330.1	1820	1721	35	23.7946
XM_034467331.1	1775	1676	0	0
XM_034467332.1	1865	1766	30	19.8757
XM_034467333.1	1892	1793	3	1.95764
XM_034467334.1	2506	2407	0	0
XM_034467335.1	4061	3962	25.9963	7.67693
XM_034467336.1	3060	2961	90.9247	35.9281
XM_034467337.1	2466	2367	0	0
XM_034467338.1	2822	2723	0	0
XM_034467339.1	2819	2720	0	0
XM_034467340.1	2819	2720	0	0
XM_034467341.1	2819	2720	0	0
XM_034467342.1	2816	2717	0	0
XM_034467343.1	2816	2717	0	0
XM_034467344.1	2813	2714	0	0
XM_034467345.1	2807	2708	0	0
XM_034467346.1	2804	2705	0	0
XM_034467347.1	2715	2616	0.000103111	4.61167e-05
XM_034467348.1	2801	2702	0	0
XM_034467349.1	2795	2696	0	0
XM_034467350.1	2706	2607	0.00587414	0.00263629
XM_034467351.1	2780	2681	0	0
XM_034467352.1	2691	2592	5.11119	2.30716
XM_034467353.1	2688	2589	19.8828	8.98539
XM_034467354.1	1395	1296	4	3.61115
XM_034467355.1	1164	1065	12	13.1832
XM_034467356.1	1252	1153	8	8.11805
XM_034467357.1	1127	1028	3	3.41444
XM_034467358.1	985	886	17	22.4495
XM_034467359.1	1078	979	4	4.78044
XM_034467360.1	3837	3738	0	0
XM_034467361.1	2072	1973	0	0
XM_034467362.1	1973	1874	19.3644	12.09
XM_034467363.1	1973	1874	19.3644	12.09
XM_034467364.1	3754	3655	0	0
XM_034467365.1	1269	1170	11	11.0001
XM_034467366.1	2570	2471	0	0
XM_034467367.1	2400	2301	0	0
XM_034467368.1	2330	2231	0.00205434	0.00107737
XM_034467369.1	2332	2233	0.00071812	0.000376269
XM_034467370.1	2821	2722	0	0
XM_034467371.1	5092	4993	0	0
XM_034467372.1	4725	4626	5	1.26461
XM_034467373.1	2075	1976	1	0.592112
XM_034467374.1	10923	10824	3.75346e-08	4.05728e-09
XM_034467375.1	10935	10836	1.02322e-08	1.10482e-09
XM_034467376.1	11024	10925	37.543	4.02067
XM_034467377.1	10915	10816	8.93486e-08	9.66523e-09
XM_034467378.1	10733	10634	39.457	4.34129
XM_034467379.1	10743	10644	2.08698	0.229405
XM_034467380.1	10734	10635	5.62917	0.619295
XM_034467381.1	7459	7360	0	0
XM_034467382.1	2655	2556	0	0
XM_034467383.1	2652	2553	0	0
XM_034467384.1	2539	2440	0	0
XM_034467385.1	1693	1594	0	0
XM_034467386.1	3763	3664	11.3341	3.6193
XM_034467387.1	6572	6473	2.98253	0.539101
XM_034467388.1	6668	6569	18.7149	3.33334
XM_034467389.1	11260	11161	8.58642	0.900119
XM_034467390.1	546	447	0	0
XM_034467391.1	1131	1032	4.39499	4.98275
XM_034467392.1	635	536	2	4.36572
XM_034467393.1	509	410	0	0
XM_034467394.1	2625	2526	8	3.70551
XM_034467395.1	735	636	0	0
XM_034467396.1	1958	1859	1	0.629378
XM_034467397.1	1450	1351	0	0
XM_034467398.1	1444	1345	0	0
XM_034467399.1	1452	1353	0	0
XM_034467400.1	1406	1307	1	0.89519
XM_034467401.1	736	637	0	0
XM_034467402.1	894	795	0	0
XM_034467403.1	725	626	3	5.60709
XM_034467404.1	1042	943	0	0
XM_034467405.1	644	545	0	0
XM_034467406.1	584	485	0	0
XM_034467407.1	562	463	0	0
XM_034467408.1	4161	4062	2.05567	0.592112
XM_034467409.1	542	443	10	26.4111
XM_034467410.1	2743	2644	0	0
XM_034467411.1	2479	2380	4	1.96641
XM_034467412.1	2951	2852	4.10187e-06	1.68276e-06
XM_034467413.1	1650	1551	0	0
XM_034467414.1	2659	2560	0	0
XM_034467415.1	2733	2634	0	0
XM_034467416.1	2657	2558	0	0
XM_034467417.1	579	480	0	0
XM_034467418.1	2652	2553	0	0
XM_034467419.1	2957	2858	0	0
XM_034467420.1	2574	2475	1.15098	0.544108
XM_034467421.1	2573	2474	1.84902	0.874443
XM_034467422.1	3875	3776	0	0
XM_034467423.1	2721	2622	0	0
XM_034467424.1	2724	2625	0	0
XM_034467425.1	1421	1322	1	0.885033
XM_034467426.1	2514	2415	0	0
XM_034467427.1	1190	1091	41	43.9693
XM_034467428.1	1580	1481	0	0
XM_034467429.1	1819	1720	0	0
XM_034467430.1	1674	1575	0	0
XM_034467431.1	1817	1718	0	0
XM_034467432.1	641	542	335	723.163
XM_034467433.1	512	413	0	0
XM_034467434.1	2524	2425	1.4346	0.692165
XM_034467435.1	5803	5704	0	0
XM_034467436.1	5083	4984	17.3642	4.0763
XM_034467437.1	5342	5243	4.6809	1.04458
XM_034467438.1	5141	5042	50	11.6027
XM_034467439.1	811	712	0	0
XM_034467440.1	1048	949	0	0
XM_034467441.1	1399	1300	1	0.90001
XM_034467442.1	1084	985	0	0
XM_034467443.1	1050	951	0	0
XM_034467444.1	1252	1153	13	13.1918
XM_034467445.1	1018	919	0	0
XM_034467446.1	4558	4459	121.538	31.8907
XM_034467447.1	1089	990	0	0
XM_034467448.1	1676	1577	8.13796	6.03775
XM_034467449.1	3162	3063	0	0
XM_034467450.1	3138	3039	0	0
XM_034467451.1	2865	2766	56	23.6879
XM_034467452.1	1084	985	0	0
XM_034467453.1	2288	2189	1.14198e-05	6.10382e-06
XM_034467454.1	1097	998	0	0
XM_034467455.1	2720	2621	7	3.1248
XM_034467456.1	1202	1103	18	19.0936
XM_034467457.1	2261	2162	24	12.9881
XM_034467458.1	2393	2294	16	8.16051
XM_034467459.1	2404	2305	2	1.0152
XM_034467460.1	1371	1272	0	0
XM_034467461.1	1899	1800	0	0
XM_034467462.1	3650	3551	0	0
XM_034467463.1	2795	2696	0	0
XM_034467464.1	2687	2588	2	0.904183
XM_034467465.1	916	817	0	0
XM_034467466.1	2513	2414	0	0
XM_034467467.1	2474	2375	0	0
XM_034467468.1	2395	2296	71.1572	36.2608
XM_034467469.1	3015	2916	4	1.60496
XM_034467470.1	1695	1596	0	0
XM_034467471.1	4642	4543	223.347	57.5212
XM_034467472.1	2968	2869	0	0
XM_034467473.1	2975	2876	0	0
XM_034467474.1	2973	2874	0	0
XM_034467475.1	2908	2809	35	14.5783
XM_034467476.1	7559	7460	0	0
XM_034467477.1	1713	1614	0	0
XM_034467478.1	1672	1573	0	0
XM_034467479.1	1704	1605	2.82534e-08	2.05961e-08
XM_034467480.1	1663	1564	0	0
XM_034467481.1	1630	1531	0.000129234	9.87625e-05
XM_034467482.1	4748	4649	0	0
XM_034467483.1	1533	1434	0	0
XM_034467484.1	1524	1425	0	0
XM_034467485.1	1495	1396	48.8366	40.9309
XM_034467486.1	4617	4518	0.56874	0.147285
XM_034467487.1	952	853	0	0
XM_034467488.1	989	890	2.62898e-05	3.45611e-05
XM_034467489.1	2424	2325	1	0.503232
XM_034467490.1	2061	1962	0	0
XM_034467491.1	1517	1418	0	0
XM_034467492.1	1153	1054	32.3106	35.867
XM_034467493.1	973	874	0	0
XM_034467494.1	1643	1544	15.4428	11.7022
XM_034467495.1	3429	3330	47.1333	16.5606
XM_034467496.1	6807	6708	0	0
XM_034467497.1	6486	6387	0	0
XM_034467498.1	5280	5181	21	4.74238
XM_034467499.1	2050	1951	6	3.5982
XM_034467500.1	2559	2460	0	0
XM_034467501.1	1801	1702	0	0
XM_034467502.1	3648	3549	33.2623	10.9657
XM_034467503.1	2409	2310	0.883851	0.44767
XM_034467504.1	7858	7759	3	0.452383
XM_034467505.1	2651	2552	0	0
XM_034467506.1	3038	2939	4	1.5924
XM_034467507.1	3184	3085	0	0
XM_034467508.1	2036	1937	0	0
XM_034467509.1	1828	1729	0	0
XM_034467510.1	3174	3075	0	0
XM_034467511.1	3174	3075	0	0
XM_034467512.1	3089	2990	24.7655	9.69094
XM_034467513.1	2285	2186	0	0
XM_034467514.1	3089	2990	24.7655	9.69094
XM_034467515.1	1938	1839	15	9.54334
XM_034467516.1	1658	1559	0	0
XM_034467517.1	1492	1393	0	0
XM_034467518.1	1654	1555	0	0
XM_034467519.1	2202	2103	0	0
XM_034467520.1	1835	1736	1	0.673971
XM_034467521.1	1867	1768	0	0
XM_034467522.1	2350	2251	0	0
XM_034467523.1	2437	2338	0	0
XM_034467524.1	2682	2583	0	0
XM_034467525.1	3355	3256	0	0
XM_034467526.1	3223	3124	4.99937	1.87238
XM_034467527.1	3313	3214	0	0
XM_034467528.1	2654	2555	0	0
XM_034467529.1	4078	3979	5.13423	1.50971
XM_034467530.1	2544	2445	3.2623	1.56112
XM_034467531.1	2796	2697	0	0
XM_034467532.1	3172	3073	10	3.8074
XM_034467533.1	1700	1601	12.4431	9.09343
XM_034467534.1	2015	1916	1	0.610654
XM_034467535.1	2290	2191	0	0
XM_034467536.1	2239	2140	2	1.09347
XM_034467537.1	1589	1490	2	1.57049
XM_034467538.1	1505	1406	0	0
XM_034467539.1	1254	1155	0	0
XM_034467540.1	2111	2012	0	0
XM_034467541.1	1120	1021	0	0
XM_034467542.1	1235	1136	0	0
XM_034467543.1	2031	1932	36.0122	21.8089
XM_034467544.1	1155	1056	9.32137	10.3278
XM_034467545.1	537	438	0	0
XM_034467546.1	2952	2853	0	0
XM_034467547.1	1934	1835	2	1.27522
XM_034467548.1	1845	1746	0	0
XM_034467549.1	1816	1717	0.115192	0.0784949
XM_034467550.1	2094	1995	0	0
XM_034467551.1	560	461	6	15.2279
XM_034467552.1	7935	7836	0	0
XM_034467553.1	7041	6942	5.02163e-06	8.46352e-07
XM_034467554.1	6944	6845	74	12.6488
XM_034467555.1	4487	4388	1.32914e-05	3.544e-06
XM_034467556.1	4469	4370	0.00165039	0.000441873
XM_034467557.1	4046	3947	0	0
XM_034467558.1	7935	7836	0	0
XM_034467559.1	1814	1715	1	0.682224
XM_034467560.1	2005	1906	0	0
XM_034467561.1	1846	1747	0	0
XM_034467562.1	7815	7716	0	0
XM_034467563.1	1373	1274	0	0
XM_034467564.1	2236	2137	8.99972	4.92737
XM_034467565.1	2255	2156	0.000278575	0.000151176
XM_034467566.1	7692	7593	7.74493e-07	1.19342e-07
XM_034467567.1	6815	6716	0	0
XM_034467568.1	6806	6707	0	0
XM_034467569.1	4862	4763	2.91214	0.715357
XM_034467570.1	4519	4420	3	0.794127
XM_034467571.1	2289	2190	136.785	73.0779
XM_034467572.1	7572	7473	101	15.8131
XM_034467573.1	670	571	0	0
XM_034467574.1	3013	2914	0	0
XM_034467575.1	3044	2945	0	0
XM_034467576.1	2699	2600	0	0
XM_034467577.1	897	798	7	10.2633
XM_034467578.1	1896	1797	0	0
XM_034467579.1	3937	3838	0	0
XM_034467580.1	2758	2659	0	0
XM_034467581.1	2735	2636	0	0
XM_034467582.1	2027	1928	0	0
XM_034467583.1	878	779	2	3.00389
XM_034467584.1	2045	1946	2	1.20248
XM_034467585.1	3709	3610	0	0
XM_034467586.1	2571	2472	0	0
XM_034467587.1	646	547	0	0
XM_034467588.1	660	561	0	0
XM_034467589.1	3710	3611	0	0
XM_034467590.1	2404	2305	12	6.09118
XM_034467591.1	1277	1178	20.9459	20.8039
XM_034467592.1	3710	3611	0	0
XM_034467593.1	2697	2598	0	0
XM_034467594.1	3529	3430	0.0475629	0.0162243
XM_034467595.1	3496	3397	0	0
XM_034467596.1	3605	3506	0	0
XM_034467597.1	3510	3411	32.1377	11.0236
XM_034467598.1	3359	3260	107.006	38.4045
XM_034467599.1	3520	3421	0	0
XM_034467600.1	3710	3611	0	0
XM_034467601.1	2339	2240	0	0
XM_034467602.1	3710	3611	0	0
XM_034467603.1	6470	6371	16.5889	3.0465
XM_034467604.1	3191	3092	0	0
XM_034467605.1	2655	2556	8	3.66201
XM_034467606.1	3482	3383	0	0
XM_034467607.1	1104	1005	4	4.65677
XM_034467608.1	1289	1190	0	0
XM_034467609.1	1175	1076	0	0
XM_034467610.1	2693	2594	39.3029	17.7274
XM_034467611.1	2627	2528	21.4343	9.92028
XM_034467612.1	2647	2548	0	0
XM_034467613.1	2647	2548	0	0
XM_034467614.1	2591	2492	7.22595	3.39264
XM_034467615.1	3482	3383	14.8377	5.13164
XM_034467616.1	2591	2492	0	0
XM_034467617.1	10241	10142	0.000352511	4.06668e-05
XM_034467618.1	10229	10130	0.00141346	0.000163255
XM_034467619.1	10133	10034	100.242	11.6887
XM_034467620.1	982	883	0	0
XM_034467621.1	3254	3155	4.16228	1.54356
XM_034467622.1	7535	7436	78	12.2729
XM_034467623.1	4587	4488	0	0
XM_034467624.1	2418	2319	2	1.00907
XM_034467625.1	1198	1099	3	3.19385
XM_034467626.1	2631	2532	17.2275	7.96068
XM_034467627.1	2625	2526	8.77243	4.06329
XM_034467628.1	2659	2560	4.30195e-05	1.96615e-05
XM_034467629.1	1196	1097	219	233.576
XM_034467630.1	2164	2065	18.7205	10.6069
XM_034467631.1	2164	2065	0	0
XM_034467632.1	2140	2041	0	0
XM_034467633.1	6737	6638	7.15409	1.26098
XM_034467634.1	6730	6631	24.663	4.3517
XM_034467635.1	6727	6628	41.9348	7.40257
XM_034467636.1	6673	6574	0.0428403	0.00762455
XM_034467637.1	6646	6547	5.35088	0.956254
XM_034467638.1	6640	6541	15.6857	2.80576
XM_034467639.1	6637	6538	26.8661	4.80784
XM_034467640.1	6744	6645	0	0
XM_034467641.1	6738	6639	0	0
XM_034467642.1	6735	6636	0	0
XM_034467643.1	6676	6577	0.0262554	0.0046707
XM_034467644.1	6681	6582	0	0
XM_034467645.1	6649	6550	3.27215	0.584497
XM_034467646.1	6654	6555	0	0
XM_034467647.1	6643	6544	9.58733	1.71414
XM_034467648.1	6640	6541	16.4169	2.93655
XM_034467649.1	3446	3347	11	3.84528
XM_034467650.1	3520	3421	22.5634	7.71691
XM_034467651.1	3651	3552	0	0
XM_034467652.1	3261	3162	1.25751e-05	4.65307e-06
XM_034467653.1	3220	3121	56	20.9935
XM_034467654.1	2562	2463	0	0
XM_034467655.1	2151	2052	0	0
XM_034467656.1	2879	2780	0	0
XM_034467657.1	2107	2008	13.2795	7.73765
XM_034467658.1	2453	2354	0	0
XM_034467659.1	817	718	0	0
XM_034467660.1	845	746	0	0
XM_034467661.1	1571	1472	0	0
XM_034467662.1	2292	2193	0	0
XM_034467663.1	2275	2176	6	3.22614
XM_034467664.1	2883	2784	0.368654	0.154932
XM_034467665.1	2969	2870	0	0
XM_034467666.1	2877	2778	4.63135	1.95059
XM_034467667.1	2572	2473	1	0.473115
XM_034467668.1	2429	2330	0.364966	0.183268
XM_034467669.1	2244	2145	13.2954	7.25213
XM_034467670.1	2424	2325	4.53543	2.28237
XM_034467671.1	2015	1916	57.9618	35.3946
XM_034467672.1	2427	2328	0.999348	0.502255
XM_034467673.1	1172	1073	0	0
XM_034467674.1	3925	3826	0.325729	0.0996099
XM_034467675.1	3922	3823	0.817447	0.250176
XM_034467676.1	2278	2179	0	0
XM_034467677.1	2274	2175	0	0
XM_034467678.1	2027	1928	0.0382404	0.0232063
XM_034467679.1	1923	1824	7	4.49018
XM_034467680.1	2257	2158	0	0
XM_034467681.1	2181	2082	0.018515	0.0104048
XM_034467682.1	2223	2124	0	0
XM_034467683.1	2608	2509	0.0222458	0.0103738
XM_034467684.1	2688	2589	0	0
XM_034467685.1	2158	2059	0	0
XM_034467686.1	2607	2508	0.0355083	0.016565
XM_034467687.1	1793	1694	0	0
XM_034467688.1	4387	4288	33	9.0043
XM_034467689.1	2274	2175	9	4.84143
XM_034467690.1	2301	2202	4.66923e-06	2.48096e-06
XM_034467691.1	6111	6012	3.26677	0.635756
XM_034467692.1	6108	6009	5.86661	1.14229
XM_034467693.1	6108	6009	5.86661	1.14229
XM_034467694.1	921	822	4.69714	6.68579
XM_034467695.1	1602	1503	10	7.78452
XM_034467696.1	6931	6832	0	0
XM_034467697.1	7270	7171	0	0
XM_034467698.1	6683	6584	0.000214669	3.81479e-05
XM_034467699.1	6618	6519	24.3243	4.36567
XM_034467700.1	6859	6760	0	0
XM_034467701.1	6895	6796	0	0
XM_034467702.1	6892	6793	0	0
XM_034467703.1	6817	6718	0	0
XM_034467704.1	6812	6713	0	0
XM_034467705.1	6350	6251	25.6755	4.80573
XM_034467706.1	6592	6493	0	0
XM_034467707.1	6621	6522	0	0
XM_034467708.1	1880	1781	3	1.97083
XM_034467709.1	1922	1823	32.109	20.6077
XM_034467710.1	2660	2561	14	6.39601
XM_034467711.1	2829	2730	0	0
XM_034467712.1	4136	4037	6	1.73893
XM_034467713.1	4117	4018	0	0
XM_034467714.1	4081	3982	0	0
XM_034467715.1	4062	3963	0	0
XM_034467716.1	4034	3935	0	0
XM_034467717.1	4023	3924	0	0
XM_034467718.1	2844	2745	1.11461e-08	4.75087e-09
XM_034467719.1	3224	3125	0	0
XM_034467720.1	3216	3117	0	0
XM_034467721.1	3056	2957	0	0
XM_034467722.1	3220	3121	0	0
XM_034467723.1	2992	2893	0	0
XM_034467724.1	2797	2698	7	3.03562
XM_034467725.1	2850	2751	0	0
XM_034467726.1	3120	3021	10.36	4.01234
XM_034467727.1	3919	3820	5.36083	1.64195
XM_034467728.1	3098	2999	7	2.73094
XM_034467729.1	2237	2138	0	0
XM_034467730.1	2223	2124	0.0186969	0.0102992
XM_034467731.1	1568	1469	0	0
XM_034467732.1	2222	2123	0	0
XM_034467733.1	2207	2108	132.981	73.8093
XM_034467734.1	1968	1869	0	0
XM_034467735.1	5196	5097	0	0
XM_034467736.1	987	888	0	0
XM_034467737.1	900	801	0	0
XM_034467738.1	2262	2163	0	0
XM_034467739.1	2136	2037	0	0
XM_034467740.1	4760	4661	24.5	6.15004
XM_034467741.1	4760	4661	24.5	6.15004
XM_034467742.1	4563	4464	0	0
XM_034467743.1	4467	4368	32.4047	8.67992
XM_034467744.1	1792	1693	12	8.29307
XM_034467745.1	4682	4583	4.59533	1.17316
XM_034467746.1	5118	5019	2.9121	0.67886
XM_034467747.1	5133	5034	0.0878983	0.0204295
XM_034467748.1	4027	3928	0	0
XM_034467749.1	745	646	0	0
XM_034467750.1	659	560	1	2.08931
XM_034467751.1	2901	2802	0	0
XM_034467752.1	2847	2748	10	4.25769
XM_034467753.1	6059	5960	130	25.5204
XM_034467754.1	1784	1685	12.4316	8.63212
XM_034467755.1	2374	2275	0	0
XM_034467756.1	2586	2487	0	0
XM_034467757.1	1680	1581	0	0
XM_034467758.1	3640	3541	0	0
XM_034467759.1	3538	3439	63	21.4338
XM_034467760.1	5607	5508	0	0
XM_034467761.1	5586	5487	0	0
XM_034467762.1	5567	5468	1.05767e-07	2.26315e-08
XM_034467763.1	5567	5468	1.05767e-07	2.26315e-08
XM_034467764.1	5552	5453	2.65307e-06	5.69252e-07
XM_034467765.1	5528	5429	0.000468612	0.000100991
XM_034467766.1	5513	5414	0.0120304	0.00259987
XM_034467767.1	5513	5414	0.0120304	0.00259987
XM_034467768.1	5474	5375	57.9755	12.6199
XM_034467769.1	3555	3456	6	2.03127
XM_034467770.1	3164	3065	14	5.34427
XM_034467771.1	4563	4464	0	0
XM_034467772.1	2046	1947	0	0
XM_034467773.1	2024	1925	0	0
XM_034467774.1	2045	1946	0	0
XM_034467775.1	1983	1884	9.52202	5.91343
XM_034467776.1	1396	1297	0	0
XM_034467777.1	1376	1277	0	0
XM_034467778.1	1341	1242	0	0
XM_034467779.1	9750	9651	39.6489	4.80674
XM_034467780.1	2898	2799	1.10901	0.463578
XM_034467781.1	2965	2866	1	0.408239
XM_034467782.1	1089	990	0	0
XM_034467783.1	966	867	1	1.3495
XM_034467784.1	7119	7020	30.5628	5.09385
XM_034467785.1	3054	2955	0	0
XM_034467786.1	3000	2901	2	0.806628
XM_034467787.1	5820	5721	0	0
XM_034467788.1	5092	4993	13	3.0463
XM_034467789.1	3031	2932	0	0
XM_034467790.1	3796	3697	24.7669	7.83814
XM_034467791.1	2607	2508	52	24.2587
XM_034467792.1	6495	6396	0	0
XM_034467793.1	6025	5926	0.0135835	0.00268188
XM_034467794.1	4932	4833	130.465	31.584
XM_034467795.1	2073	1974	0	0
XM_034467796.1	1435	1336	1.01886e-07	8.92274e-08
XM_034467797.1	1414	1315	12	10.6769
XM_034467798.1	3231	3132	10.0424	3.75151
XM_034467799.1	1438	1339	0	0
XM_034467800.1	1488	1389	0	0
XM_034467801.1	1414	1315	0	0
XM_034467802.1	4708	4609	0.0415127	0.0105382
XM_034467803.1	4684	4585	18.9585	4.83788
XM_034467804.1	794	695	90.9999	153.196
XM_034467805.1	839	740	0	0
XM_034467806.1	788	689	0	0
XM_034467807.1	778	679	7.53469e-05	0.000129833
XM_034467808.1	815	716	0	0
XM_034467809.1	1059	960	8	9.75011
XM_034467810.1	1962	1863	0	0
XM_034467811.1	1028	929	0	0
XM_034467812.1	968	869	0	0
XM_034467813.1	967	868	0	0
XM_034467814.1	943	844	0	0
XM_034467815.1	943	844	0	0
XM_034467816.1	7348	7249	0	0
XM_034467817.1	715	616	2	3.79874
XM_034467818.1	911	812	0	0
XM_034467819.1	2668	2569	3.12888e-05	1.425e-05
XM_034467820.1	6961	6862	2.31587	0.39487
XM_034467821.1	508	409	0	0
XM_034467822.1	1328	1229	7	6.66403
XM_034467823.1	818	719	2	3.25456
XM_034467824.1	576	477	0	0
XM_034467825.1	1482	1383	4	3.38399
XM_034467826.1	7295	7196	0	0
XM_034467827.1	4615	4516	2	0.518164
XM_034467828.1	669	570	0	0
XM_034467829.1	693	594	0	0
XM_034467830.1	621	522	0	0
XM_034467831.1	665	566	0	0
XM_034467832.1	795	696	0	0
XM_034467833.1	972	873	0	0
XM_034467834.1	7312	7213	0	0
XM_034467835.1	726	627	0	0
XM_034467836.1	623	524	2.8768e-08	6.42345e-08
XM_034467837.1	615	516	1.97883	4.48694
XM_034467838.1	628	529	0	0
XM_034467839.1	617	518	0.021169	0.0478147
XM_034467840.1	619	520	0	0
XM_034467841.1	7270	7171	0	0
XM_034467842.1	2609	2510	0.713893	0.332775
XM_034467843.1	1895	1796	0	0
XM_034467844.1	7234	7135	0	0
XM_034467845.1	3306	3207	2.71513	0.990565
XM_034467846.1	3303	3204	8.13879	2.97206
XM_034467847.1	3653	3554	0	0
XM_034467848.1	3530	3431	14	4.77417
XM_034467849.1	4676	4577	2	0.511258
XM_034467850.1	7207	7108	0	0
XM_034467851.1	2275	2176	0	0
XM_034467852.1	2690	2591	1	0.451568
XM_034467853.1	1979	1880	10.8749	6.76798
XM_034467854.1	1716	1617	0	0
XM_034467855.1	2231	2132	6.55072	3.59495
XM_034467856.1	2960	2861	0	0
XM_034467857.1	1853	1754	0	0
XM_034467858.1	3264	3165	40.82	15.09
XM_034467859.1	3265	3166	28.18	10.4141
XM_034467860.1	2082	1983	0	0
XM_034467861.1	2012	1913	0	0
XM_034467862.1	2050	1951	0	0
XM_034467863.1	1761	1662	1	0.703979
XM_034467864.1	2406	2307	22	11.1575
XM_034467865.1	2403	2304	1.68413	0.855232
XM_034467866.1	3001	2902	0	0
XM_034467867.1	2802	2703	0	0
XM_034467868.1	1886	1787	0.0329622	0.0215815
XM_034467869.1	1877	1778	12.3074	8.09888
XM_034467870.1	924	825	58.1763	82.5056
XM_034467871.1	3689	3590	45	14.6659
XM_034467872.1	2580	2481	0	0
XM_034467873.1	2667	2568	18	8.20103
XM_034467874.1	1907	1808	0	0
XM_034467875.1	1773	1674	1	0.698933
XM_034467876.1	1659	1560	0	0
XM_034467877.1	1735	1636	0	0
XM_034467878.1	1735	1636	0	0
XM_034467879.1	7800	7701	0.465117	0.0706653
XM_034467880.1	7777	7678	15.5349	2.36729
XM_034467881.1	1873	1774	0	0
XM_034467882.1	4605	4506	4.1561	1.07916
XM_034467883.1	3412	3313	303.101	107.043
XM_034467884.1	2868	2769	0	0
XM_034467885.1	2933	2834	0	0
XM_034467886.1	2969	2870	0	0
XM_034467887.1	2904	2805	23.1913	9.67348
XM_034467888.1	2832	2733	0	0
XM_034467889.1	2939	2840	0	0
XM_034467890.1	2868	2769	0	0
XM_034467891.1	2897	2798	0	0
XM_034467892.1	2707	2608	0	0
XM_034467893.1	716	617	0	0
XM_034467894.1	645	546	0	0
XM_034467895.1	719	620	0	0
XM_034467896.1	644	545	0	0
XM_034467897.1	36188	36089	54	1.75069
XM_034467898.1	2621	2522	4.92455	2.28461
XM_034467899.1	3813	3714	0	0
XM_034467900.1	2460	2361	57	28.2468
XM_034467901.1	10096	9997	0.0892443	0.0104448
XM_034467902.1	1356	1257	0	0
XM_034467903.1	1331	1232	8	7.59749
XM_034467904.1	1065	966	0	0
XM_034467905.1	933	834	53	74.3534
XM_034467906.1	1473	1374	0	0
XM_034467907.1	2909	2810	4.26277	1.77491
XM_034467908.1	1800	1701	12	8.25406
XM_034467909.1	2868	2769	0	0
XM_034467910.1	1062	963	77	93.5525
XM_034467911.1	1305	1206	0	0
XM_034467912.1	1465	1366	0	0
XM_034467913.1	1674	1575	0	0
XM_034467914.1	1331	1232	0	0
XM_034467915.1	1132	1033	0.830266	0.940389
XM_034467916.1	1437	1338	0	0
XM_034467917.1	669	570	0	0
XM_034467918.1	721	622	1	1.88105
XM_034467919.1	827	728	5.64342	9.06989
XM_034467920.1	2330	2231	0	0
XM_034467921.1	2402	2303	0	0
XM_034467922.1	2302	2203	0	0
XM_034467923.1	2382	2283	0	0
XM_034467924.1	3119	3020	0	0
XM_034467925.1	3060	2961	0	0
XM_034467926.1	2361	2262	0	0
XM_034467927.1	2074	1975	0	0
XM_034467928.1	2046	1947	0	0
XM_034467929.1	1971	1872	0	0
XM_034467930.1	1829	1730	13	8.79201
XM_034467931.1	10027	9928	73	8.60304
XM_034467932.1	3696	3597	26.3405	8.5679
XM_034467933.1	2383	2284	11	5.63492
XM_034467934.1	1379	1280	4	3.65629
XM_034467935.1	3295	3196	0	0
XM_034467936.1	3396	3297	0	0
XM_034467937.1	2541	2442	11.2307	5.38089
XM_034467938.1	671	572	0	0
XM_034467939.1	3373	3274	0	0
XM_034467940.1	4592	4493	5.9167	1.54076
XM_034467941.1	2718	2619	0	0
XM_034467942.1	10282	10183	0	0
XM_034467943.1	10276	10177	0	0
XM_034467944.1	10267	10168	0	0
XM_034467945.1	3606	3507	0	0
XM_034467946.1	10165	10066	0	0
XM_034467947.1	10111	10012	0	0
XM_034467948.1	10000	9901	0	0
XM_034467949.1	9829	9730	0	0
XM_034467950.1	9142	9043	0	0
XM_034467951.1	7876	7777	44.5908	6.70847
XM_034467952.1	1606	1507	0	0
XM_034467953.1	1436	1337	0	0
XM_034467954.1	3534	3435	1.05629	0.35979
XM_034467955.1	3188	3089	3	1.1363
XM_034467956.1	4136	4037	7	2.02876
XM_034467957.1	3607	3508	20	6.67054
XM_034467958.1	2609	2510	0	0
XM_034467959.1	3044	2945	4	1.58915
XM_034467960.1	1749	1650	0	0
XM_034467961.1	3305	3206	0	0
XM_034467962.1	2015	1916	12.0394	7.35192
XM_034467963.1	2019	1920	2.99731	1.8265
XM_034467964.1	1860	1761	0	0
XM_034467965.1	2149	2050	26.6035	15.1836
XM_034467966.1	2221	2122	0	0
XM_034467967.1	2017	1918	0	0
XM_034467968.1	3531	3432	2.94371	1.00355
XM_034467969.1	6084	5985	30.349	5.93295
XM_034467970.1	6806	6707	55.8454	9.74204
XM_034467971.1	4113	4014	1.37347e-08	4.00344e-09
XM_034467972.1	4051	3952	1.16898	0.346083
XM_034467973.1	3030	2931	1.13257e-06	4.52104e-07
XM_034467974.1	2775	2676	91	39.7875
XM_034467975.1	1195	1096	1	1.06753
XM_034467976.1	3387	3288	13	4.62597
XM_034467977.1	2333	2234	6	3.14238
XM_034467978.1	5957	5858	0.000101394	2.02514e-05
XM_034467979.1	5359	5260	0	0
XM_034467980.1	5373	5274	0	0
XM_034467981.1	5686	5587	0	0
XM_034467982.1	5897	5798	17.8107	3.59412
XM_034467983.1	4292	4193	67.5191	18.8405
XM_034467984.1	4293	4194	6.44231e-07	1.79723e-07
XM_034467985.1	1963	1864	0	0
XM_034467986.1	2206	2107	5.85996	3.25403
XM_034467987.1	1896	1797	0	0
XM_034467988.1	5471	5372	5.0184	1.093
XM_034467989.1	799	700	14	23.4003
XM_034467990.1	1668	1569	70.9678	52.9211
XM_034467991.1	2505	2406	24	11.671
XM_034467992.1	1014	915	7.18923	9.19289
XM_034467993.1	5659	5560	2.65911e-05	5.59568e-06
XM_034467994.1	6411	6312	0	0
XM_034467995.1	5596	5497	16.9816	3.61446
XM_034467996.1	7871	7772	0	0
XM_034467997.1	6972	6873	0	0
XM_034467998.1	626	527	73	162.07
XM_034467999.1	626	527	73	162.07
XM_034468000.1	1162	1063	2	2.20134
XM_034468001.1	1014	915	0	0
XM_034468002.1	1090	991	0	0
XM_034468003.1	905	806	0	0
XM_034468004.1	914	815	0	0
XM_034468005.1	991	892	0	0
XM_034468006.1	5186	5087	20.0355	4.60817
XM_034468007.1	5143	5044	0	0
XM_034468008.1	4994	4895	0	0
XM_034468009.1	3114	3015	19	7.37322
XM_034468010.1	3245	3146	0	0
XM_034468011.1	2969	2870	0	0
XM_034468012.1	1923	1824	6	3.84873
XM_034468013.1	6930	6831	0	0
XM_034468014.1	6930	6831	0	0
XM_034468015.1	6920	6821	0	0
XM_034468016.1	6918	6819	0	0
XM_034468017.1	6908	6809	0	0
XM_034468018.1	6893	6794	9.90668	1.70606
XM_034468019.1	6891	6792	0	0
XM_034468020.1	6878	6779	0	0
XM_034468021.1	6875	6776	0	0
XM_034468022.1	6869	6770	0	0
XM_034468023.1	6869	6770	0	0
XM_034468024.1	6854	6755	0	0
XM_034468025.1	6848	6749	0	0
XM_034468026.1	6834	6735	0	0
XM_034468027.1	6836	6737	0	0
XM_034468028.1	6827	6728	0	0
XM_034468029.1	6786	6687	0	0
XM_034468030.1	6774	6675	0	0
XM_034468031.1	6765	6666	5.27227	0.925387
XM_034468032.1	6746	6647	49.3467	8.68607
XM_034468033.1	6692	6593	0	0
XM_034468034.1	6813	6714	0	0
XM_034468035.1	6773	6674	1.34942e-08	2.36566e-09
XM_034468036.1	6804	6705	34.4743	6.01573
XM_034468037.1	499	400	0	0
XM_034468038.1	414	315	0	0
XM_034468039.1	3863	3764	5	1.55422
XM_034468040.1	6669	6570	0	0
XM_034468041.1	6367	6268	0	0
XM_034468042.1	6340	6241	0	0
XM_034468043.1	6334	6235	0	0
XM_034468044.1	6307	6208	0	0
XM_034468045.1	7090	6991	0.126845	0.0212288
XM_034468046.1	7063	6964	11.8726	1.99471
XM_034468047.1	3986	3887	0	0
XM_034468048.1	2617	2518	0	0
XM_034468049.1	2401	2302	11.7453	5.96969
XM_034468050.1	2307	2208	47.8618	25.3618
XM_034468051.1	2271	2172	30.3928	16.372
XM_034468052.1	2017	1918	0	0
XM_034468053.1	2413	2314	2.31825	1.17216
XM_034468054.1	2423	2324	0.0147368	0.00741921
XM_034468055.1	5213	5114	0	0
XM_034468056.1	566	467	0	0
XM_034468057.1	1150	1051	0	0
XM_034468058.1	6114	6015	0.000149786	2.91357e-05
XM_034468059.1	6103	6004	0.00128217	0.000249859
XM_034468060.1	6073	5974	0.456842	0.0894729
XM_034468061.1	6058	5959	8.71938	1.712
XM_034468062.1	5758	5659	2.33632	0.483041
XM_034468063.1	5547	5448	9.67056	2.07685
XM_034468064.1	3168	3069	16.9789	6.47295
XM_034468065.1	1243	1144	26	26.5912
XM_034468066.1	1734	1635	19.6002	14.026
XM_034468067.1	2907	2808	3	1.25001
XM_034468068.1	3823	3724	0	0
XM_034468069.1	3802	3703	0	0
XM_034468070.1	3802	3703	0	0
XM_034468071.1	3802	3703	0	0
XM_034468072.1	3799	3700	0	0
XM_034468073.1	3796	3697	0	0
XM_034468074.1	3793	3694	0	0
XM_034468075.1	3790	3691	0	0
XM_034468076.1	3784	3685	0	0
XM_034468077.1	2382	2283	71.1466	36.4619
XM_034468078.1	3784	3685	0	0
XM_034468079.1	3781	3682	0	0
XM_034468080.1	3775	3676	0	0
XM_034468081.1	3747	3648	0	0
XM_034468082.1	3744	3645	0	0
XM_034468083.1	3742	3643	0	0
XM_034468084.1	3732	3633	0	0
XM_034468085.1	3720	3621	0	0
XM_034468086.1	3708	3609	0	0
XM_034468087.1	3705	3606	0	0
XM_034468088.1	3702	3603	0	0
XM_034468089.1	3693	3594	0	0
XM_034468090.1	3687	3588	0	0
XM_034468091.1	3681	3582	0	0
XM_034468092.1	3678	3579	8.05083e-08	2.6319e-08
XM_034468093.1	3666	3567	4.13776e-06	1.35723e-06
XM_034468094.1	3657	3558	8.012e-05	2.63467e-05
XM_034468095.1	3618	3519	32.9999	10.972
XM_034468096.1	909	810	0	0
XM_034468097.1	1188	1089	7	7.52075
XM_034468098.1	4360	4261	15.2016	4.17415
XM_034468099.1	2132	2033	0	0
XM_034468100.1	3641	3542	62	20.4802
XM_034468101.1	1666	1567	0	0
XM_034468102.1	1557	1458	0.79843	0.640723
XM_034468103.1	459	360	0	0
XM_034468104.1	1853	1754	3.98087	2.65546
XM_034468105.1	2083	1984	0	0
XM_034468106.1	2418	2319	0	0
XM_034468107.1	2415	2316	3.12347e-08	1.57794e-08
XM_034468108.1	2376	2277	14	7.19376
XM_034468109.1	1141	1042	3	3.36856
XM_034468110.1	14363	14264	72	5.90584
XM_034468111.1	8885	8786	268	35.689
XM_034468112.1	3038	2939	0	0
XM_034468113.1	2295	2196	0	0
XM_034468114.1	1425	1326	0	0
XM_034468115.1	587	488	0	0
XM_034468116.1	5381	5282	31	6.8668
XM_034468117.1	5182	5083	0	0
XM_034468118.1	5186	5087	0	0
XM_034468119.1	5187	5088	0	0
XM_034468120.1	5172	5073	0	0
XM_034468121.1	5091	4992	0	0
XM_034468122.1	4856	4757	0	0
XM_034468123.1	4865	4766	0	0
XM_034468124.1	5087	4988	0	0
XM_034468125.1	4843	4744	0	0
XM_034468126.1	4855	4756	0	0
XM_034468127.1	4856	4757	0	0
XM_034468128.1	4939	4840	3.55616e-07	8.59659e-08
XM_034468129.1	4921	4822	2.8124e-05	6.82403e-06
XM_034468130.1	4862	4763	52.5615	12.9115
XM_034468131.1	4718	4619	0	0
XM_034468132.1	4983	4884	0	0
XM_034468133.1	4665	4566	6.43846	1.64982
XM_034468134.1	4757	4658	0	0
XM_034468135.1	4599	4500	0	0
XM_034468136.1	4769	4670	0	0
XM_034468137.1	4779	4680	0	0
XM_034468138.1	2606	2507	0	0
XM_034468139.1	2548	2449	0	0
XM_034468140.1	2551	2452	0	0
XM_034468141.1	2469	2370	9.00579	4.44595
XM_034468142.1	2470	2371	5.49059	2.70943
XM_034468143.1	1942	1843	2.16088	1.37181
XM_034468144.1	1421	1322	7	6.19523
XM_034468145.1	895	796	0	0
XM_034468146.1	2068	1969	0	0
XM_034468147.1	874	775	0	0
XM_034468148.1	5708	5609	3	0.625787
XM_034468149.1	2065	1966	0	0
XM_034468150.1	767	668	0	0
XM_034468151.1	3931	3832	0	0
XM_034468152.1	4076	3977	0	0
XM_034468153.1	5054	4955	34.2285	8.0823
XM_034468154.1	3967	3868	0	0
XM_034468155.1	3925	3826	0	0
XM_034468156.1	3905	3806	0	0
XM_034468157.1	3903	3804	0	0
XM_034468158.1	2065	1966	0	0
XM_034468159.1	5027	4928	0	0
XM_034468160.1	3940	3841	0	0
XM_034468161.1	3945	3846	0	0
XM_034468162.1	2065	1966	0	0
XM_034468163.1	2065	1966	0	0
XM_034468164.1	3292	3193	0	0
XM_034468165.1	2062	1963	0	0
XM_034468166.1	3208	3109	0	0
XM_034468167.1	3143	3044	9	3.4593
XM_034468168.1	1581	1482	2	1.57897
XM_034468169.1	2062	1963	0	0
XM_034468170.1	1911	1812	0	0
XM_034468171.1	1877	1778	0	0
XM_034468172.1	1107	1008	7.2076	8.36606
XM_034468173.1	1724	1625	2.88954	2.08049
XM_034468174.1	4301	4202	6	1.67065
XM_034468175.1	836	737	0	0
XM_034468176.1	924	825	21	29.7822
XM_034468177.1	2062	1963	0	0
XM_034468178.1	6672	6573	0	0
XM_034468179.1	6111	6012	0	0
XM_034468180.1	6094	5995	0	0
XM_034468181.1	6241	6142	9.62795	1.83407
XM_034468182.1	6087	5988	0	0
XM_034468183.1	5969	5870	0	0
XM_034468184.1	2059	1960	0	0
XM_034468185.1	2013	1914	0	0
XM_034468186.1	5017	4918	15	3.56856
XM_034468187.1	3227	3128	0	0
XM_034468188.1	786	687	0	0
XM_034468189.1	4264	4165	0	0
XM_034468190.1	2013	1914	0	0
XM_034468191.1	4228	4129	0	0
XM_034468192.1	4198	4099	0	0
XM_034468193.1	4177	4078	0	0
XM_034468194.1	3525	3426	0	0
XM_034468195.1	3504	3405	23	7.90317
XM_034468196.1	2010	1911	0	0
XM_034468197.1	4722	4623	0.190394	0.048186
XM_034468198.1	4722	4623	0.190394	0.048186
XM_034468199.1	4707	4608	8.61495	2.18742
XM_034468200.1	1971	1872	0.000239163	0.000149479
XM_034468201.1	2412	2313	2	1.01168
XM_034468202.1	2010	1911	0	0
XM_034468203.1	2781	2682	1	0.436247
XM_034468204.1	2971	2872	0	0
XM_034468205.1	2007	1908	0	0
XM_034468206.1	1989	1890	3.80633e-06	2.35633e-06
XM_034468207.1	3191	3092	7	2.6488
XM_034468208.1	2007	1908	0	0
XM_034468209.1	2401	2302	4.92682e-05	2.5041e-05
XM_034468210.1	2376	2277	18	9.24909
XM_034468211.1	1707	1608	0	0
XM_034468212.1	2007	1908	0	0
XM_034468213.1	8547	8448	14.4372	1.99949
XM_034468214.1	8536	8437	66.5628	9.2307
XM_034468215.1	8794	8695	0	0
XM_034468216.1	8788	8689	0	0
XM_034468217.1	8781	8682	0	0
XM_034468218.1	8779	8680	0	0
XM_034468219.1	8779	8680	0	0
XM_034468220.1	8775	8676	0	0
XM_034468221.1	8759	8660	0	0
XM_034468222.1	2004	1905	0	0
XM_034468223.1	8734	8635	0	0
XM_034468224.1	1630	1531	5	3.82108
XM_034468225.1	2449	2350	0	0
XM_034468226.1	2004	1905	0	0
XM_034468227.1	2322	2223	4.28079e-08	2.25307e-08
XM_034468228.1	2983	2884	12.6429	5.1291
XM_034468229.1	3767	3668	9.35714	2.98473
XM_034468230.1	3343	3244	43.4751	15.6802
XM_034468231.1	832	733	0	0
XM_034468232.1	734	635	0	0
XM_034468233.1	1970	1871	0	0
XM_034468234.1	1640	1541	0	0
XM_034468235.1	1371	1272	0	0
XM_034468236.1	5436	5337	0	0
XM_034468237.1	2989	2890	0	0
XM_034468238.1	5646	5547	0	0
XM_034468239.1	5223	5124	0.0143791	0.00328333
XM_034468240.1	5560	5461	14.8824	3.18855
XM_034468241.1	5319	5220	0	0
XM_034468242.1	5678	5579	0	0
XM_034468243.1	1920	1821	0	0
XM_034468244.1	5428	5329	0	0
XM_034468245.1	5330	5231	0	0
XM_034468246.1	5226	5127	0.00723703	0.00165153
XM_034468247.1	5193	5094	14.0959	3.23762
XM_034468248.1	5462	5363	0	0
XM_034468249.1	13000	12901	0.139792	0.0126779
XM_034468250.1	1846	1747	0	0
XM_034468251.1	12994	12895	0.241246	0.0218892
XM_034468252.1	12988	12889	0.416438	0.0378027
XM_034468253.1	12988	12889	0.416438	0.0378027
XM_034468254.1	12982	12883	0.719037	0.0653018
XM_034468255.1	12982	12883	0.719037	0.0653018
XM_034468256.1	12917	12818	271.348	24.7684
XM_034468257.1	1955	1856	0	0
XM_034468258.1	2282	2183	3	1.6079
XM_034468259.1	1955	1856	0	0
XM_034468260.1	1602	1503	0	0
XM_034468261.1	1952	1853	0	0
XM_034468262.1	3694	3595	9.52752	3.10079
XM_034468263.1	1949	1850	0	0
XM_034468264.1	1311	1212	3	2.89607
XM_034468265.1	1949	1850	0	0
XM_034468266.1	4132	4033	0	0
XM_034468267.1	1912	1813	0	0
XM_034468268.1	564	465	0	0
XM_034468269.1	4097	3998	15	4.38975
XM_034468270.1	5882	5783	0	0
XM_034468271.1	5303	5204	96	21.5836
XM_034468272.1	3113	3014	20.8709	8.10192
XM_034468273.1	2374	2275	0	0
XM_034468274.1	1909	1810	0	0
XM_034468275.1	3745	3646	1.30299	0.418134
XM_034468276.1	3102	3003	0	0
XM_034468277.1	2194	2095	1.67979	0.938129
XM_034468278.1	2066	1967	0	0
XM_034468279.1	1993	1894	0	0
XM_034468280.1	2426	2327	3.14634	1.58198
XM_034468281.1	2161	2062	0	0
XM_034468282.1	2615	2516	31.8603	14.816
XM_034468283.1	1906	1807	0	0
XM_034468284.1	2990	2891	0	0
XM_034468285.1	1425	1326	0	0
XM_034468286.1	1258	1159	0	0
XM_034468287.1	1185	1086	4	4.30944
XM_034468288.1	1897	1798	0	0
XM_034468289.1	854	755	0	0
XM_034468290.1	927	828	7.55965	10.6822
XM_034468291.1	826	727	0	0
XM_034468292.1	503	404	0	0
XM_034468293.1	354	255	0	0
XM_034468294.1	1854	1755	0	0
XM_034468295.1	574	475	2.44035	6.01103
XM_034468296.1	756	657	0	0
XM_034468297.1	4643	4544	0	0
XM_034468298.1	1851	1752	0	0
XM_034468299.1	4145	4046	102.982	29.7802
XM_034468300.1	1319	1220	1	0.959027
XM_034468301.1	3373	3274	0	0
XM_034468302.1	1851	1752	0	0
XM_034468303.1	3265	3166	60	22.1733
XM_034468304.1	3348	3249	0	0
XM_034468305.1	3137	3038	50	19.2563
XM_034468306.1	3228	3129	24	8.97422
XM_034468307.1	2764	2665	1	0.439029
XM_034468308.1	1848	1749	0	0
XM_034468309.1	2455	2356	1	0.49661
XM_034468310.1	3587	3488	0	0
XM_034468311.1	1365	1266	2	1.84836
XM_034468312.1	1406	1307	0	0
XM_034468313.1	1359	1260	0	0
XM_034468314.1	1354	1255	0	0
XM_034468315.1	1848	1749	0	0
XM_034468316.1	540	441	0	0
XM_034468317.1	6034	5935	0	0
XM_034468318.1	1848	1749	0	0
XM_034468319.1	6031	5932	0	0
XM_034468320.1	6886	6787	9.09176	1.56733
XM_034468321.1	4764	4665	0	0
XM_034468322.1	4764	4665	0	0
XM_034468323.1	4743	4644	0	0
XM_034468324.1	1818	1719	0	0
XM_034468325.1	4734	4635	26	6.56318
XM_034468326.1	4594	4495	0	0
XM_034468327.1	4505	4406	0	0
XM_034468328.1	4584	4485	0	0
XM_034468329.1	1799	1700	0	0
XM_034468330.1	1928	1829	28	17.9116
XM_034468331.1	876	777	0	0
XM_034468332.1	496	397	0	0
XM_034468333.1	496	397	0	0
XM_034468334.1	553	454	0	0
XM_034468335.1	483	384	0	0
XM_034468336.1	498	399	2.02748	5.94532
XM_034468337.1	1796	1697	0	0
XM_034468338.1	815	716	3.26978	5.34313
XM_034468339.1	609	510	0	0
XM_034468340.1	1789	1690	0	0
XM_034468341.1	917	818	1	1.43033
XM_034468342.1	2214	2115	0.0583245	0.032265
XM_034468343.1	5967	5868	0	0
XM_034468344.1	1368	1269	0	0
XM_034468345.1	2018	1919	7	4.2679
XM_034468346.1	2211	2112	0.308288	0.170786
XM_034468347.1	6758	6659	4.99869	0.878291
XM_034468348.1	2215	2116	8	4.42349
XM_034468349.1	2244	2145	9.3056e-07	5.07584e-07
XM_034468350.1	1759	1660	0	0
XM_034468351.1	709	610	2	3.83611
XM_034468352.1	1025	926	1	1.26351
XM_034468353.1	1963	1864	8	5.02152
XM_034468354.1	2208	2109	1.63339	0.906157
XM_034468355.1	3627	3528	0	0
XM_034468356.1	1964	1865	0	0
XM_034468357.1	1814	1715	14.076	9.60297
XM_034468358.1	2287	2188	10.113	5.40786
XM_034468359.1	2098	1999	27	15.8031
XM_034468360.1	1902	1803	0	0
XM_034468361.1	1863	1764	0	0
XM_034468362.1	1851	1752	0	0
XM_034468363.1	2642	2543	1.35809	0.624848
XM_034468364.1	2286	2187	0	0
XM_034468365.1	2409	2310	0	0
XM_034468366.1	4308	4209	50.5007	14.0381
XM_034468367.1	2284	2185	4.58684	2.45614
XM_034468368.1	2251	2152	0	0
XM_034468369.1	1791	1692	0	0
XM_034468370.1	5347	5248	0	0
XM_034468371.1	1717	1618	0	0
XM_034468372.1	2832	2733	0	0
XM_034468373.1	2640	2541	1.5	0.690681
XM_034468374.1	2640	2541	1.5	0.690681
XM_034468375.1	3269	3170	472	174.21
XM_034468376.1	1984	1885	0	0
XM_034468377.1	3836	3737	16	5.00942
XM_034468378.1	3503	3404	33	11.3427
XM_034468379.1	4400	4301	0	0
XM_034468380.1	4397	4298	0	0
XM_034468381.1	4385	4286	28	7.64358
XM_034468382.1	4369	4270	0	0
XM_034468383.1	3881	3782	0	0
XM_034468384.1	1930	1831	0	0
XM_034468385.1	1516	1417	0	0
XM_034468386.1	1484	1385	8.65175	7.30878
XM_034468387.1	3502	3403	3.96205	1.36223
XM_034468388.1	1672	1573	0	0
XM_034468389.1	3499	3400	11.1485	3.83644
XM_034468390.1	1495	1396	0	0
XM_034468391.1	1266	1167	0	0
XM_034468392.1	1305	1206	0	0
XM_034468393.1	1176	1077	8	8.69091
XM_034468394.1	1550	1451	0	0
XM_034468395.1	1979	1880	2.26372	1.40882
XM_034468396.1	1976	1877	14.7363	9.18575
XM_034468397.1	2502	2403	0	0
XM_034468398.1	5270	5171	35.5603	8.04602
XM_034468399.1	5889	5790	0	0
XM_034468400.1	5259	5160	18.4397	4.18115
XM_034468401.1	2114	2015	1	0.580652
XM_034468402.1	2528	2429	0	0
XM_034468403.1	2357	2258	0	0
XM_034468404.1	3283	3184	5.97418	2.19531
XM_034468405.1	1454	1355	49	42.3104
XM_034468406.1	1332	1233	0	0
XM_034468407.1	1017	918	0	0
XM_034468408.1	987	888	0	0
XM_034468409.1	975	876	0	0
XM_034468410.1	948	849	0	0
XM_034468411.1	885	786	0	0
XM_034468412.1	4583	4484	69.6836	18.1826
XM_034468413.1	1487	1388	0	0
XM_034468414.1	2331	2232	5	2.621
XM_034468415.1	2107	2008	0	0
XM_034468416.1	1838	1739	15	10.0921
XM_034468417.1	1002	903	0	0
XM_034468418.1	3097	2998	0	0
XM_034468419.1	2740	2641	10.2906	4.55894
XM_034468420.1	3057	2958	0	0
XM_034468421.1	3981	3882	22.5321	6.79105
XM_034468422.1	2964	2865	0	0
XM_034468423.1	711	612	0	0
XM_034468424.1	1149	1050	1	1.1143
XM_034468425.1	1618	1519	0	0
XM_034468426.1	1272	1173	1	0.997454
XM_034468427.1	1515	1416	0	0
XM_034468428.1	6980	6881	0.997808	0.169663
XM_034468429.1	4648	4549	11	2.82923
XM_034468430.1	5170	5071	0	0
XM_034468431.1	5161	5062	0	0
XM_034468432.1	5155	5056	0	0
XM_034468433.1	6183	6084	4.10526	0.789483
XM_034468434.1	5209	5110	20.1181	4.60635
XM_034468435.1	5905	5806	0	0
XM_034468436.1	5171	5072	0	0
XM_034468437.1	4943	4844	0	0
XM_034468438.1	4701	4602	44.0611	11.2021
XM_034468439.1	3192	3093	87	32.9102
XM_034468440.1	3147	3048	0	0
XM_034468441.1	3287	3188	0	0
XM_034468442.1	3161	3062	0	0
XM_034468443.1	3052	2953	11	4.35833
XM_034468444.1	3035	2936	0	0
XM_034468445.1	3576	3477	3.45681	1.16322
XM_034468446.1	3406	3307	23.739	8.39883
XM_034468447.1	3586	3487	0	0
XM_034468448.1	3437	3338	0	0
XM_034468449.1	1836	1737	55.8042	37.5887
XM_034468450.1	3871	3772	0	0
XM_034468451.1	2407	2308	0	0
XM_034468452.1	1938	1839	0	0
XM_034468453.1	1762	1663	18	12.664
XM_034468454.1	925	826	2	2.83296
XM_034468455.1	941	842	0	0
XM_034468456.1	510	411	1	2.84675
XM_034468457.1	727	628	0	0
XM_034468458.1	649	550	49.5699	105.45
XM_034468459.1	734	635	0	0
XM_034468460.1	2080	1981	0	0
XM_034468461.1	1960	1861	0	0
XM_034468462.1	1924	1825	0	0
XM_034468463.1	1877	1778	0	0
XM_034468464.1	1008	909	0	0
XM_034468465.1	1952	1853	23.9899	15.1476
XM_034468466.1	1969	1870	0.000534185	0.000334226
XM_034468467.1	1959	1860	0.28788	0.181088
XM_034468468.1	1925	1826	0	0
XM_034468469.1	2305	2206	0	0
XM_034468470.1	4929	4830	1	0.242239
XM_034468471.1	5984	5885	0	0
XM_034468472.1	6014	5915	0	0
XM_034468473.1	5938	5839	0	0
XM_034468474.1	5935	5836	0	0
XM_034468475.1	5902	5803	0	0
XM_034468476.1	5902	5803	0	0
XM_034468477.1	5839	5740	0	0
XM_034468478.1	5815	5716	0	0
XM_034468479.1	5797	5698	0	0
XM_034468480.1	6522	6423	69.7211	12.7004
XM_034468481.1	5769	5670	0	0
XM_034468482.1	5769	5670	6.37586	1.31567
XM_034468483.1	5769	5670	20.017	4.13053
XM_034468484.1	5770	5671	0	0
XM_034468485.1	5770	5671	0	0
XM_034468486.1	5701	5602	0	0
XM_034468487.1	6213	6114	0	0
XM_034468488.1	5665	5566	0	0
XM_034468489.1	5665	5566	0	0
XM_034468490.1	5665	5566	0	0
XM_034468491.1	5665	5566	0	0
XM_034468492.1	5665	5566	0	0
XM_034468493.1	5605	5506	16.4849	3.50301
XM_034468494.1	5560	5461	0	0
XM_034468495.1	5524	5425	0	0
XM_034468496.1	5392	5293	0	0
XM_034468497.1	4930	4831	0	0
XM_034468498.1	4884	4785	6.89903	1.68693
XM_034468499.1	3213	3114	2.10317	0.790217
XM_034468500.1	2054	1955	45.575	27.2754
XM_034468501.1	756	657	0	0
XM_034468502.1	750	651	1.14038	2.04955
XM_034468503.1	744	645	0	0
XM_034468504.1	11669	11570	0.12008	0.012143
XM_034468505.1	11657	11558	0.405606	0.0410594
XM_034468506.1	11609	11510	53.4743	5.43577
XM_034468507.1	835	736	1	1.58969
XM_034468508.1	3910	3811	0	0
XM_034468509.1	4118	4019	0	0
XM_034468510.1	4020	3921	18	5.37114
XM_034468511.1	4433	4334	1232.72	332.788
XM_034468512.1	1860	1761	0	0
XM_034468513.1	2456	2357	2.93605	1.45745
XM_034468514.1	1027	928	7	8.82553
XM_034468515.1	1134	1035	0	0
XM_034468516.1	1370	1271	0.00321071	0.00295561
XM_034468517.1	1360	1261	33.9263	31.4783
XM_034468518.1	1130	1031	0	0
XM_034468519.1	1120	1021	0	0
XM_034468520.1	1097	998	0	0
XM_034468521.1	1053	954	7.3991	9.07447
XM_034468522.1	1267	1168	0	0
XM_034468523.1	1198	1099	0	0
XM_034468524.1	1157	1058	0	0
XM_034468525.1	1154	1055	0	0
XM_034468526.1	1903	1804	3.29092	2.13438
XM_034468527.1	961	862	0	0
XM_034468528.1	898	799	0	0
XM_034468529.1	989	890	0	0
XM_034468530.1	1132	1033	0	0
XM_034468531.1	1113	1014	2.07054	2.38911
XM_034468532.1	1115	1016	0.5	0.575794
XM_034468533.1	5390	5291	0	0
XM_034468534.1	5394	5295	0	0
XM_034468535.1	5471	5372	0	0
XM_034468536.1	5575	5476	0	0
XM_034468537.1	5366	5267	1.7071e-06	3.79216e-07
XM_034468538.1	5295	5196	14	3.15246
XM_034468539.1	1035	936	0	0
XM_034468540.1	779	680	0	0
XM_034468541.1	2132	2033	81	46.6164
XM_034468542.1	2258	2159	0	0
XM_034468543.1	2801	2702	0.0160259	0.0069395
XM_034468544.1	2786	2687	10.984	4.7828
XM_034468545.1	1716	1617	0	0
XM_034468546.1	953	854	0.00204753	0.0028052
XM_034468547.1	947	848	7.99795	11.035
XM_034468548.1	919	820	0	0
XM_034468549.1	972	873	32	42.8871
XM_034468550.1	1001	902	0	0
XM_034468551.1	947	848	3	4.1392
XM_034468552.1	940	841	9	12.521
XM_034468553.1	1354	1255	14	13.0519
XM_034468554.1	1534	1435	0	0
XM_034468555.1	1070	971	7.62	9.18177
XM_034468556.1	1075	976	0.0184279	0.022091
XM_034468557.1	1073	974	0.204388	0.24552
XM_034468558.1	1050	951	12.2284	15.0446
XM_034468559.1	413	314	0	0
XM_034468560.1	3654	3555	0	0
XM_034468561.1	1065	966	0	0
XM_034468562.1	3461	3362	4	1.39204
XM_034468563.1	1179	1080	0	0
XM_034468564.1	1164	1065	0	0
XM_034468565.1	3029	2930	0	0
XM_034468566.1	7143	7044	48.9381	8.12866
XM_034468567.1	2601	2502	0.000438211	0.000204921
XM_034468568.1	2189	2090	1	0.559815
XM_034468569.1	2603	2504	0.000171645	8.02023e-05
XM_034468570.1	1848	1749	5.60229	3.74772
XM_034468571.1	1848	1749	0	0
XM_034468572.1	1857	1758	1.39771	0.930225
XM_034468573.1	1848	1749	0	0
XM_034468574.1	1856	1757	0	0
XM_034468575.1	1857	1758	0	0
XM_034468576.1	3987	3888	7.9987	2.40704
XM_034468577.1	3952	3853	0	0
XM_034468578.1	4051	3952	3.8517e-08	1.14032e-08
XM_034468579.1	3970	3871	0	0
XM_034468580.1	3965	3866	0	0
XM_034468581.1	3984	3885	19.781	5.95728
XM_034468582.1	1663	1564	0	0
XM_034468583.1	3845	3746	65.2203	20.3707
XM_034468584.1	1613	1514	40.8385	31.5598
XM_034468585.1	4626	4527	28	7.23666
XM_034468586.1	1086	987	0	0
XM_034468587.1	819	720	47.5605	77.2867
XM_034468588.1	2333	2234	4	2.09492
XM_034468589.1	3385	3286	0	0
XM_034468590.1	1890	1791	0.0382952	0.0250172
XM_034468591.1	1258	1159	0	0
XM_034468592.1	5536	5437	19	4.0887
XM_034468593.1	2484	2385	8	3.92457
XM_034468594.1	1852	1753	1	0.667435
XM_034468595.1	1910	1811	2.71684	1.75524
XM_034468596.1	6035	5936	0	0
XM_034468597.1	6032	5933	0	0
XM_034468598.1	5975	5876	0	0
XM_034468599.1	4527	4428	9	2.37808
XM_034468600.1	4653	4554	17	4.36764
XM_034468601.1	3557	3458	0	0
XM_034468602.1	2277	2178	0	0
XM_034468603.1	3736	3637	2.65128	0.85291
XM_034468604.1	2665	2566	16.0009	7.29591
XM_034468605.1	3649	3550	0	0
XM_034468606.1	2663	2564	39.9355	18.2235
XM_034468607.1	2668	2569	4.06353	1.85068
XM_034468608.1	2483	2384	7.20943e-07	3.53822e-07
XM_034468609.1	1670	1571	0	0
XM_034468610.1	1664	1565	0	0
XM_034468611.1	1660	1561	0	0
XM_034468612.1	1850	1751	0	0
XM_034468613.1	1383	1284	0	0
XM_034468614.1	1194	1095	0	0
XM_034468615.1	4142	4043	4.70869e-07	1.36266e-07
XM_034468616.1	11737	11638	18	1.80961
XM_034468617.1	5420	5321	22.321	4.90807
XM_034468618.1	4142	4043	4.70869e-07	1.36266e-07
XM_034468619.1	784	685	0	0
XM_034468620.1	2858	2759	0.0100055	0.00424305
XM_034468621.1	2843	2744	5.98999	2.55407
XM_034468622.1	5485	5386	0.0102882	0.00223493
XM_034468623.1	5440	5341	193.412	42.3693
XM_034468624.1	5422	5323	57.578	12.6558
XM_034468625.1	1108	1009	5	5.79789
XM_034468626.1	4108	4009	0.00944266	0.00275581
XM_034468627.1	1558	1459	0	0
XM_034468628.1	2565	2466	5.53359	2.62546
XM_034468629.1	1126	1027	0	0
XM_034468630.1	928	829	1	1.41136
XM_034468631.1	983	884	0	0
XM_034468632.1	4105	4006	0.0227222	0.00663636
XM_034468633.1	2316	2217	0	0
XM_034468634.1	3460	3361	0	0
XM_034468635.1	3516	3417	0	0
XM_034468636.1	3427	3328	0	0
XM_034468637.1	3514	3415	65	22.2697
XM_034468638.1	1824	1725	0	0
XM_034468639.1	1630	1531	7	5.34951
XM_034468640.1	3315	3216	0	0
XM_034468641.1	3253	3154	15.6489	5.80513
XM_034468642.1	3028	2929	0	0
XM_034468643.1	3275	3176	0.0045022	0.00165857
XM_034468644.1	3306	3207	5.07182e-08	1.85036e-08
XM_034468645.1	7396	7297	11.7469	1.88351
XM_034468646.1	1464	1365	0	0
XM_034468647.1	3456	3357	0	0
XM_034468648.1	1506	1407	7	5.82096
XM_034468649.1	1956	1857	0	0
XM_034468650.1	2235	2136	0	0
XM_034468651.1	2267	2168	15	8.09511
XM_034468652.1	2165	2066	0	0
XM_034468653.1	1443	1344	0	0
XM_034468654.1	3964	3865	0	0
XM_034468655.1	4562	4463	0	0
XM_034468656.1	3788	3689	0	0
XM_034468657.1	4523	4424	0	0
XM_034468658.1	3004	2905	0	0
XM_034468659.1	4471	4372	4.80218	1.28514
XM_034468660.1	2430	2331	63.8551	32.0512
XM_034468661.1	3704	3605	33.5923	10.9025
XM_034468662.1	3701	3602	0	0
XM_034468663.1	3199	3100	0	0
XM_034468664.1	3075	2976	7.4035	2.91068
XM_034468665.1	4249	4150	26.8111	7.55888
XM_034468666.1	4236	4137	25.1889	7.12384
XM_034468667.1	1413	1314	0	0
XM_034468668.1	2097	1998	0	0
XM_034468669.1	2548	2449	11.2322	5.36621
XM_034468670.1	2974	2875	0	0
XM_034468671.1	2210	2111	2.92029	1.61856
XM_034468672.1	2207	2108	15.4847	8.59455
XM_034468673.1	2956	2857	58.5928	23.9952
XM_034468674.1	3696	3597	17.4077	5.66229
XM_034468675.1	3693	3594	0	0
XM_034468676.1	6807	6708	16.8517	2.93928
XM_034468677.1	2956	2857	0	0
XM_034468678.1	3181	3082	16	6.07405
XM_034468679.1	3175	3076	0	0
XM_034468680.1	1337	1238	0	0
XM_034468681.1	1392	1293	0	0
XM_034468682.1	3696	3597	23.9501	7.79037
XM_034468683.1	2953	2854	0	0
XM_034468684.1	1384	1285	0	0
XM_034468685.1	1301	1202	2.84706	2.77129
XM_034468686.1	1304	1205	0.152943	0.148503
XM_034468687.1	1359	1260	12	11.143
XM_034468688.1	3907	3808	0	0
XM_034468689.1	3077	2978	0.00452094	0.00177621
XM_034468690.1	1371	1272	2.54287e-07	2.33898e-07
XM_034468691.1	3624	3525	103.291	34.2841
XM_034468692.1	2932	2833	0	0
XM_034468693.1	2914	2815	0	0
XM_034468694.1	2551	2452	0	0
XM_034468695.1	2487	2388	6	2.93973
XM_034468696.1	2236	2137	0	0
XM_034468697.1	2281	2182	0	0
XM_034468698.1	3111	3012	0	0
XM_034468699.1	2355	2256	0	0
XM_034468700.1	1936	1837	0	0
XM_034468701.1	2444	2345	0	0
XM_034468702.1	1479	1380	1.90409e-06	1.61435e-06
XM_034468703.1	3638	3539	0	0
XM_034468704.1	1350	1251	76.8919	71.9141
XM_034468705.1	2064	1965	0	0
XM_034468706.1	1577	1478	0	0
XM_034468707.1	1318	1219	0	0
XM_034468708.1	1942	1843	26.8984	17.0762
XM_034468709.1	1061	962	2.11999	2.5784
XM_034468710.1	1654	1555	1	0.75242
XM_034468711.1	1667	1568	0	0
XM_034468712.1	1350	1251	76.8919	71.9141
XM_034468713.1	1565	1466	0	0
XM_034468714.1	1413	1314	1	0.890421
XM_034468715.1	1652	1553	0	0
XM_034468716.1	2085	1986	0	0
XM_034468717.1	1321	1222	1	0.957458
XM_034468718.1	1048	949	0	0
XM_034468719.1	1933	1834	0	0
XM_034468720.1	2911	2812	0	0
XM_034468721.1	5488	5389	0.0473187	0.0102734
XM_034468722.1	5469	5370	2.98054	0.649399
XM_034468723.1	4849	4750	0	0
XM_034468724.1	4748	4649	0	0
XM_034468725.1	4582	4483	0	0
XM_034468726.1	3878	3779	0	0
XM_034468727.1	1383	1284	0	0
XM_034468728.1	1845	1746	0	0
XM_034468729.1	2911	2812	0	0
XM_034468730.1	612	513	0	0
XM_034468731.1	306	207	0	0
XM_034468732.1	1347	1248	11.8185	11.0799
XM_034468733.1	1687	1588	21	15.4725
XM_034468734.1	1324	1225	0	0
XM_034468735.1	1279	1180	0	0
XM_034468736.1	1866	1767	23	15.2294
XM_034468737.1	1363	1264	1	0.925644
XM_034468738.1	1347	1248	0	0
XM_034468739.1	3808	3709	0	0
XM_034468740.1	2863	2764	5.82472e-06	2.46563e-06
XM_034468741.1	1346	1247	13.9658	13.1036
XM_034468742.1	2858	2759	1.8286e-07	7.75456e-08
XM_034468743.1	2860	2761	2.46243e-06	1.04349e-06
XM_034468744.1	2846	2747	3.03847e-05	1.29416e-05
XM_034468745.1	2828	2729	0.0678758	0.0291006
XM_034468746.1	2816	2717	11.9321	5.13828
XM_034468747.1	3013	2914	0.235009	0.0943597
XM_034468748.1	3007	2908	2.63688	1.06093
XM_034468749.1	988	889	0.00359347	0.00472937
XM_034468750.1	982	883	10.1245	13.4154
XM_034468751.1	1026	927	3.70433	4.67542
XM_034468752.1	2821	2722	367.814	158.1
XM_034468753.1	2697	2598	0	0
XM_034468754.1	1781	1682	0	0
XM_034468755.1	1830	1731	0	0
XM_034468756.1	1584	1485	2.00278e-08	1.57797e-08
XM_034468757.1	1636	1537	0	0
XM_034468758.1	1560	1461	4	3.20332
XM_034468759.1	2818	2719	158.583	68.24
XM_034468760.1	2724	2625	1	0.445719
XM_034468761.1	1570	1471	0	0
XM_034468762.1	2348	2249	0	0
XM_034468763.1	2348	2249	0	0
XM_034468764.1	1961	1862	8	5.02691
XM_034468765.1	2205	2106	0	0
XM_034468766.1	1930	1831	5	3.19501
XM_034468767.1	1375	1276	0	0
XM_034468768.1	3426	3327	1	0.351672
XM_034468769.1	4708	4609	6.98064	1.77207
XM_034468770.1	8173	8074	1	0.144911
XM_034468771.1	2633	2534	0	0
XM_034468772.1	2403	2304	6.73874e-08	3.42206e-08
XM_034468773.1	2368	2269	4.2331	2.1828
XM_034468774.1	883	784	33	49.248
XM_034468775.1	1900	1801	68	44.176
XM_034468776.1	1435	1336	0	0
XM_034468777.1	1358	1259	0	0
XM_034468778.1	1530	1431	0	0
XM_034468779.1	1565	1466	0	0
XM_034468780.1	1918	1819	19	12.2211
XM_034468781.1	1167	1068	4.71249	5.16262
XM_034468782.1	2104	2005	1	0.583548
XM_034468783.1	3463	3364	16.4286	5.71393
XM_034468784.1	3591	3492	4	1.34022
XM_034468785.1	3350	3251	23	8.27755
XM_034468786.1	1961	1862	0	0
XM_034468787.1	3690	3591	0	0
XM_034468788.1	4971	4872	0	0
XM_034468789.1	5046	4947	33	7.80482
XM_034468790.1	4969	4870	0	0
XM_034468791.1	1212	1113	0	0
XM_034468792.1	891	792	0	0
XM_034468793.1	10473	10374	2.20625	0.248828
XM_034468794.1	2220	2121	17	9.37776
XM_034468795.1	1511	1412	0	0
XM_034468796.1	1624	1525	0	0
XM_034468797.1	1229	1130	0	0
XM_034468798.1	4753	4654	9	2.2626
XM_034468799.1	4743	4644	0.791671	0.199454
XM_034468800.1	4728	4629	35.2083	8.89916
XM_034468801.1	4502	4403	0	0
XM_034468802.1	1128	1029	1	1.13704
XM_034468803.1	2777	2678	0	0
XM_034468804.1	3983	3884	0	0
XM_034468805.1	3515	3416	0	0
XM_034468806.1	3455	3356	8	2.78907
XM_034468807.1	3371	3272	0	0
XM_034468808.1	3311	3212	0	0
XM_034468809.1	1974	1875	0	0
XM_034468810.1	819	720	0	0
XM_034468811.1	1768	1669	0	0
XM_034468812.1	1765	1666	0	0
XM_034468813.1	1748	1649	0	0
XM_034468814.1	1799	1700	1.52926	1.05251
XM_034468815.1	1602	1503	0	0
XM_034468816.1	1600	1501	0	0
XM_034468817.1	1580	1481	0	0
XM_034468818.1	1666	1567	0	0
XM_034468819.1	1459	1360	3.09285	2.6608
XM_034468820.1	2326	2227	12	6.30452
XM_034468821.1	1673	1574	28	20.8135
XM_034468822.1	3593	3494	0	0
XM_034468823.1	1736	1637	1	0.71473
XM_034468824.1	2327	2228	0	0
XM_034468825.1	1940	1841	0	0
XM_034468826.1	644	545	0	0
XM_034468827.1	1229	1130	0	0
XM_034468828.1	2996	2897	1	0.403871
XM_034468829.1	3141	3042	1	0.38462
XM_034468830.1	1988	1889	61	37.7823
XM_034468831.1	4146	4047	3.3127	0.957724
XM_034468832.1	1781	1682	4	2.78243
XM_034468833.1	4086	3987	32	9.39063
XM_034468834.1	2266	2167	24.6761	13.3232
XM_034468835.1	6325	6226	0	0
XM_034468836.1	6325	6226	0	0
XM_034468837.1	6310	6211	0	0
XM_034468838.1	6292	6193	0	0
XM_034468839.1	6292	6193	0	0
XM_034468840.1	6262	6163	0	0
XM_034468841.1	6247	6148	0	0
XM_034468842.1	6052	5953	42	8.25476
XM_034468843.1	1951	1852	1	0.631757
XM_034468844.1	11771	11672	22	2.2053
XM_034468845.1	3309	3210	7.83552e-08	2.85597e-08
XM_034468846.1	3258	3159	11.2917	4.18216
XM_034468847.1	4098	3999	83.7083	24.4911
XM_034468848.1	2137	2038	16	9.18558
XM_034468849.1	2211	2112	0	0
XM_034468850.1	2557	2458	4.9858	2.37325
XM_034468851.1	1749	1650	6	4.25459
XM_034468852.1	2580	2481	0	0
XM_034468853.1	7379	7280	0	0
XM_034468854.1	6919	6820	66.0398	11.3295
XM_034468855.1	2064	1965	7.0142	4.17644
XM_034468856.1	3497	3398	0	0
XM_034468857.1	1198	1099	0	0
XM_034468858.1	1165	1066	0	0
XM_034468859.1	3371	3272	0	0
XM_034468860.1	1335	1236	0	0
XM_034468861.1	2094	1995	28.714	16.84
XM_034468862.1	1851	1752	0	0
XM_034468863.1	1903	1804	26.6792	17.3033
XM_034468864.1	1788	1689	8.91435	6.1752
XM_034468865.1	1740	1641	0	0
XM_034468866.1	1704	1605	0	0
XM_034468867.1	881	782	0	0
XM_034468868.1	896	797	0	0
XM_034468869.1	1576	1477	1.06064	0.840192
XM_034468870.1	1753	1654	6.32281	4.47266
XM_034468871.1	1053	954	1.73795	2.13147
XM_034468872.1	741	642	2.50018	4.55646
XM_034468873.1	3702	3603	0	0
XM_034468874.1	3629	3530	0	0
XM_034468875.1	4000	3901	0	0
XM_034468876.1	5728	5629	0.00201969	0.000419803
XM_034468877.1	5695	5596	1.99798	0.417738
XM_034468878.1	5033	4934	5.20194e-06	1.23355e-06
XM_034468879.1	5005	4906	0.00412434	0.000983597
XM_034468880.1	4978	4879	0	0
XM_034468881.1	4966	4867	47.9959	11.5381
XM_034468882.1	4924	4825	0	0
XM_034468883.1	4912	4813	0	0
XM_034468884.1	1580	1481	4	3.16006
XM_034468885.1	3149	3050	7	2.68528
XM_034468886.1	2990	2891	47.0465	19.0401
XM_034468887.1	2784	2685	0	0
XM_034468888.1	1166	1067	0	0
XM_034468889.1	979	880	6	7.97736
XM_034468890.1	1538	1439	0	0
XM_034468891.1	2009	1910	0	0
XM_034468892.1	3884	3785	0	0
XM_034468893.1	1844	1745	0	0
XM_034468894.1	1787	1688	4	2.77254
XM_034468895.1	4145	4046	0	0
XM_034468896.1	2110	2011	0	0
XM_034468897.1	4170	4071	0	0
XM_034468898.1	4520	4421	0	0
XM_034468899.1	4574	4475	0	0
XM_034468900.1	4577	4478	0	0
XM_034468901.1	4476	4377	0	0
XM_034468902.1	4508	4409	0	0
XM_034468903.1	4464	4365	0	0
XM_034468904.1	4430	4331	0	0
XM_034468905.1	4397	4298	0	0
XM_034468906.1	4341	4242	0.000318031	8.77181e-05
XM_034468907.1	4307	4208	3.99968	1.11209
XM_034468908.1	4487	4388	0	0
XM_034468909.1	1430	1331	5	4.39524
XM_034468910.1	5357	5258	2.07219e-06	4.61106e-07
XM_034468911.1	5473	5374	0	0
XM_034468912.1	5357	5258	2.07219e-06	4.61106e-07
XM_034468913.1	5295	5196	2.28596	0.514743
XM_034468914.1	5421	5322	0	0
XM_034468915.1	3022	2923	1.71403	0.686091
XM_034468916.1	3547	3448	9.07126e-08	3.07816e-08
XM_034468917.1	2031	1932	3	1.81679
XM_034468918.1	3495	3396	5	1.72263
XM_034468919.1	768	669	0	0
XM_034468920.1	1456	1357	1	0.862206
XM_034468921.1	438	339	0	0
XM_034468922.1	2673	2574	0	0
XM_034468923.1	813	714	0	0
XM_034468924.1	844	745	0	0
XM_034468925.1	1566	1467	0	0
XM_034468926.1	504	405	0	0
XM_034468927.1	300	201	0	0
XM_034468928.1	1320	1221	0	0
XM_034468929.1	591	492	0	0
XM_034468930.1	1116	1017	0	0
XM_034468931.1	1761	1662	0	0
XM_034468932.1	1102	1003	0	0
XM_034468933.1	1371	1272	0	0
XM_034468934.1	3514	3415	14.2065	4.86731
XM_034468935.1	2017	1918	0	0
XM_034468936.1	2821	2722	0	0
XM_034468937.1	995	896	0	0
XM_034468938.1	583	484	0	0
XM_034468939.1	3038	2939	2	0.796198
XM_034468940.1	6400	6301	108.242	20.0992
XM_034468941.1	1176	1077	0	0
XM_034468942.1	795	696	0	0
XM_034468943.1	1767	1668	8.77393	6.15445
XM_034468944.1	1151	1052	0	0
XM_034468945.1	2026	1927	1	0.607168
XM_034468946.1	3012	2913	15.2424	6.12215
XM_034468947.1	1801	1702	0	0
XM_034468948.1	1106	1007	0	0
XM_034468949.1	2860	2761	0	0
XM_034468950.1	599	500	6	14.0402
XM_034468951.1	1170	1071	0	0
XM_034468952.1	1576	1477	26	20.596
XM_034468953.1	5904	5805	1	0.201553
XM_034468954.1	1916	1817	20	12.8785
XM_034468955.1	6491	6392	13.6205	2.49314
XM_034468956.1	2665	2566	4	1.82387
XM_034468957.1	759	660	0	0
XM_034468958.1	516	417	0	0
XM_034468959.1	2499	2400	6	2.92503
XM_034468960.1	2905	2806	105	43.7817
XM_034468961.1	7932	7833	0	0
XM_034468962.1	6789	6690	0	0
XM_034468963.1	6510	6411	2.5	0.456252
XM_034468964.1	6510	6411	2.5	0.456252
XM_034468965.1	3137	3038	13.6258	5.24766
XM_034468966.1	1340	1241	2.58618	2.43825
XM_034468967.1	14309	14210	3.99998	0.329348
XM_034468968.1	14252	14153	0.177486	0.0146726
XM_034468969.1	14191	14092	28.1555	2.33766
XM_034468970.1	14425	14326	0.0391566	0.00319795
XM_034468971.1	14398	14299	0.357949	0.0292891
XM_034468972.1	14321	14222	201.603	16.5854
XM_034468973.1	14457	14358	2.10722e-05	1.71714e-06
XM_034468974.1	14225	14126	1.66702	0.138074
XM_034468975.1	3478	3379	0	0
XM_034468976.1	5767	5668	1.56791	0.323655
XM_034468977.1	2152	2053	1.43209	0.816153
XM_034468978.1	3540	3441	8	2.72017
XM_034468979.1	8696	8597	2.03989	0.27762
XM_034468980.1	2176	2077	23.2675	13.107
XM_034468981.1	1848	1749	31	20.7378
XM_034468982.1	911	812	2	2.88181
XM_034468983.1	761	662	20	35.3478
XM_034468984.1	4768	4669	63.9597	16.0278
XM_034468985.1	1414	1315	0	0
XM_034468986.1	1191	1092	0	0
XM_034468987.1	1014	915	0	0
XM_034468988.1	849	750	0	0
XM_034468989.1	380	281	0	0
XM_034468990.1	4212	4113	15	4.26701
XM_034468991.1	2094	1995	0.255597	0.149901
XM_034468992.1	2154	2055	0	0
XM_034468993.1	815	716	0	0
XM_034468994.1	3397	3298	5.51458e-07	1.95638e-07
XM_034468995.1	1423	1324	0	0
XM_034468996.1	1424	1325	0	0
XM_034468997.1	1343	1244	13	12.2268
XM_034468998.1	1319	1220	0	0
XM_034468999.1	5442	5343	6	1.31388
XM_034469000.1	3655	3556	0	0
XM_034469001.1	3023	2924	0	0
XM_034469002.1	1481	1382	0	0
XM_034469003.1	1659	1560	0	0
XM_034469004.1	1415	1316	0	0
XM_034469005.1	5132	5033	28	6.50911
XM_034469006.1	2122	2023	9	5.2052
XM_034469007.1	5126	5027	0	0
XM_034469008.1	5797	5698	24	4.9281
XM_034469009.1	1177	1078	0	0
XM_034469010.1	1057	958	15	18.3196
XM_034469011.1	2648	2549	2.06793	0.949198
XM_034469012.1	994	895	0	0
XM_034469013.1	612	513	0	0
XM_034469014.1	2480	2381	8.65857	4.25478
XM_034469015.1	2478	2379	4.34143	2.13516
XM_034469016.1	1188	1089	0	0
XM_034469017.1	994	895	0	0
XM_034469018.1	1284	1185	0	0
XM_034469019.1	1090	991	1.23404	1.45695
XM_034469020.1	1148	1049	0	0
XM_034469021.1	1898	1799	16.9037	10.9936
XM_034469022.1	2761	2662	0.78938	0.346952
XM_034469023.1	2521	2422	0	0
XM_034469024.1	4122	4023	0	0
XM_034469025.1	2441	2342	0	0
XM_034469026.1	2377	2278	0	0
XM_034469027.1	4035	3936	16	4.75615
XM_034469028.1	2509	2410	0	0
XM_034469029.1	2991	2892	5	2.02284
XM_034469030.1	1051	952	0	0
XM_034469031.1	4299	4200	6.26404	1.745
XM_034469032.1	4376	4277	0	0
XM_034469033.1	4163	4064	13.0595	3.75978
XM_034469034.1	4163	4064	13.0595	3.75978
XM_034469035.1	4161	4062	23.2643	6.70101
XM_034469036.1	4161	4062	23.2643	6.70101
XM_034469037.1	4248	4149	23.9161	6.74431
XM_034469038.1	4316	4217	0	0
XM_034469039.1	4140	4041	0.0150593	0.00436021
XM_034469040.1	4110	4011	94.1573	27.4658
XM_034469041.1	9272	9173	220	28.0609
XM_034469042.1	5171	5072	0	0
XM_034469043.1	7414	7315	2.90508	0.46466
XM_034469044.1	7414	7315	2.90508	0.46466
XM_034469045.1	4949	4850	3.00542e-06	7.25027e-07
XM_034469046.1	4896	4797	1.18983	0.290206
XM_034469047.1	3728	3629	13	4.19129
XM_034469048.1	3707	3608	0	0
XM_034469049.1	3502	3403	18.8163	6.46939
XM_034469050.1	3394	3295	11	3.90596
XM_034469051.1	1920	1821	0	0
XM_034469052.1	2552	2453	14	6.67761
XM_034469053.1	2583	2484	5.60448e-06	2.63982e-06
XM_034469054.1	4338	4239	3.31735	0.915627
XM_034469055.1	4330	4231	30.4166	8.4112
XM_034469056.1	1428	1329	3.4983	3.07981
XM_034469057.1	2449	2350	33	16.43
XM_034469058.1	2583	2484	7	3.29714
XM_034469059.1	2470	2371	0	0
XM_034469060.1	3238	3139	0	0
XM_034469061.1	2939	2840	0	0
XM_034469062.1	687	588	0	0
XM_034469063.1	627	528	8.80136	19.5032
XM_034469064.1	2714	2615	0	0
XM_034469065.1	1078	979	0	0
XM_034469066.1	5795	5696	15	3.08114
XM_034469067.1	1051	952	0	0
XM_034469068.1	651	552	0	0
XM_034469069.1	2052	1953	0	0
XM_034469070.1	1160	1061	0.917755	1.01205
XM_034469071.1	3701	3602	3	0.97447
XM_034469072.1	2514	2415	1	0.484478
XM_034469073.1	2836	2737	1	0.42748
XM_034469074.1	1148	1049	1	1.11536
XM_034469075.1	738	639	1	1.83101
XM_034469076.1	4248	4149	19.4782	5.49283
XM_034469077.1	2703	2604	0	0
XM_034469078.1	429	330	0	0
XM_034469079.1	1824	1725	0.5	0.339134
XM_034469080.1	1824	1725	0.5	0.339134
XM_034469081.1	3665	3566	11	3.60913
XM_034469082.1	2615	2516	84	39.0625
XM_034469083.1	25787	25688	0	0
XM_034469084.1	25781	25682	50.8312	2.31575
XM_034469085.1	25760	25661	0	0
XM_034469086.1	25785	25686	0	0
XM_034469087.1	25751	25652	34.5313	1.57501
XM_034469088.1	25724	25625	0	0
XM_034469089.1	26208	26109	0	0
XM_034469090.1	25913	25814	130.093	5.89642
XM_034469091.1	25608	25509	0	0
XM_034469092.1	25663	25564	0	0
XM_034469093.1	25734	25635	0	0
XM_034469094.1	21887	21788	208.442	11.1933
XM_034469095.1	2629	2530	0	0
XM_034469096.1	2767	2668	1.96419	0.861367
XM_034469097.1	2047	1948	2.85698e-07	1.71597e-07
XM_034469098.1	1354	1255	658	613.441
XM_034469099.1	1258	1159	43	43.4086
XM_034469100.1	3042	2943	0	0
XM_034469101.1	2922	2823	8.3192	3.44796
XM_034469102.1	6096	5997	0.00171139	0.000333892
XM_034469103.1	6060	5961	1.99829	0.39222
XM_034469104.1	3400	3301	0	0
XM_034469105.1	3385	3286	0	0
XM_034469106.1	1123	1024	0.5	0.571296
XM_034469107.1	1123	1024	0.5	0.571296
XM_034469108.1	939	840	0	0
XM_034469109.1	4665	4566	0.00101352	0.000259709
XM_034469110.1	1643	1544	7	5.30446
XM_034469111.1	2923	2824	1.87025	0.774866
XM_034469112.1	1134	1035	23	26.0003
XM_034469113.1	3018	2919	4	1.60331
XM_034469114.1	2843	2744	1.152e-08	4.91201e-09
XM_034469115.1	2798	2699	3.05511	1.32439
XM_034469116.1	3550	3451	10	3.39036
XM_034469117.1	1264	1165	0	0
XM_034469118.1	1223	1124	0.15041	0.156567
XM_034469119.1	1219	1120	9.84959	10.2894
XM_034469120.1	1755	1656	0	0
XM_034469121.1	2289	2190	2	1.06851
XM_034469122.1	787	688	0	0
XM_034469123.1	598	499	7.47798	17.5337
XM_034469124.1	2187	2088	0	0
XM_034469125.1	778	679	0	0
XM_034469126.1	1330	1231	0.870369	0.827248
XM_034469127.1	1108	1009	1	1.15958
XM_034469128.1	5799	5700	0.000452803	9.29448e-05
XM_034469129.1	4133	4034	0	0
XM_034469130.1	945	846	0	0
XM_034469131.1	4133	4034	0	0
XM_034469132.1	4299	4200	0.00101246	0.000282045
XM_034469133.1	4265	4166	13.999	3.93159
XM_034469134.1	2150	2051	0	0
XM_034469135.1	2150	2051	4.29659e-06	2.45104e-06
XM_034469136.1	2138	2039	0	0
XM_034469137.1	2124	2025	13.5608	7.83524
XM_034469138.1	1985	1886	35.4392	21.9853
XM_034469139.1	1901	1802	47	30.5164
XM_034469140.1	5124	5025	65	15.1345
XM_034469141.1	2183	2084	0	0
XM_034469142.1	2240	2141	8	4.37184
XM_034469143.1	1048	949	22	27.1236
XM_034469144.1	2510	2411	2.81424	1.3657
XM_034469145.1	2159	2060	3.41699	1.94074
XM_034469146.1	560	461	0	0
XM_034469147.1	3099	3000	2	0.780009
XM_034469148.1	2187	2088	8	4.48281
XM_034469149.1	1644	1545	0	0
XM_034469150.1	2078	1979	1.08565e-08	6.41852e-09
XM_034469151.1	2045	1946	4	2.40496
XM_034469152.1	3654	3555	18.8408	6.20084
XM_034469153.1	1767	1668	73.0692	51.2542
XM_034469154.1	838	739	0	0
XM_034469155.1	1817	1718	0	0
XM_034469156.1	2491	2392	0	0
XM_034469157.1	3562	3463	0	0
XM_034469158.1	3391	3292	11.3916	4.04869
XM_034469159.1	3151	3052	124.608	47.7698
XM_034469160.1	1102	1003	7	8.1656
XM_034469161.1	1054	955	0	0
XM_034469162.1	1840	1741	0	0
XM_034469163.1	973	874	0	0
XM_034469164.1	964	865	1.34865e-08	1.8242e-08
XM_034469165.1	949	850	11	15.1414
XM_034469166.1	949	850	11	15.1414
XM_034469167.1	829	730	0	0
XM_034469168.1	805	706	0	0
XM_034469169.1	769	670	0	0
XM_034469170.1	958	859	13	17.7068
XM_034469171.1	2557	2458	0	0
XM_034469172.1	3264	3165	0	0
XM_034469173.1	2937	2838	73	30.0955
XM_034469174.1	990	891	13	17.0709
XM_034469175.1	1195	1096	0	0
XM_034469176.1	1228	1129	0	0
XM_034469177.1	2026	1927	21	12.7505
XM_034469178.1	1151	1052	10	11.1218
XM_034469179.1	1257	1158	30	30.3112
XM_034469180.1	1714	1615	5	3.62233
XM_034469181.1	4245	4146	2	0.564406
XM_034469182.1	1769	1670	0	0
XM_034469183.1	1724	1625	0	0
XM_034469184.1	1361	1262	5.72358	5.30639
XM_034469185.1	5532	5433	0	0
XM_034469186.1	1675	1576	1	0.742394
XM_034469187.1	3017	2918	0	0
XM_034469188.1	2661	2562	21.138	9.65331
XM_034469189.1	6638	6539	99.3331	17.7735
XM_034469190.1	5583	5484	0	0
XM_034469191.1	5580	5481	0	0
XM_034469192.1	5043	4944	9	2.12988
XM_034469193.1	5320	5221	4.66687	1.04583
XM_034469194.1	1233	1134	0	0
XM_034469195.1	5069	4970	126	29.6623
XM_034469196.1	2674	2575	4	1.8175
XM_034469197.1	2384	2285	0	0
XM_034469198.1	4814	4715	3	0.744441
XM_034469199.1	3826	3727	0	0
XM_034469200.1	3857	3758	0	0
XM_034469201.1	5244	5145	152.013	34.5689
XM_034469202.1	5142	5043	0	0
XM_034469203.1	2214	2115	0	0
XM_034469204.1	5066	4967	0	0
XM_034469205.1	6405	6306	7.14466e-05	1.32562e-05
XM_034469206.1	6354	6255	0.978914	0.183108
XM_034469207.1	6384	6285	0.0035751	0.000665539
XM_034469208.1	6348	6249	3.01744	0.564962
XM_034469209.1	2505	2406	0	0
XM_034469210.1	2446	2347	0	0
XM_034469211.1	2861	2762	0	0
XM_034469212.1	3199	3100	0	0
XM_034469213.1	2983	2884	0	0
XM_034469214.1	3230	3131	0	0
XM_034469215.1	3059	2960	1	0.395275
XM_034469216.1	1708	1609	0	0
XM_034469217.1	1726	1627	0	0
XM_034469218.1	8012	7913	4.60201e-06	6.80452e-07
XM_034469219.1	7901	7802	72.3703	10.8529
XM_034469220.1	5936	5837	0.00780109	0.00156371
XM_034469221.1	5521	5422	0	0
XM_034469222.1	1601	1502	0	0
XM_034469223.1	1435	1336	9	7.88183
XM_034469224.1	8624	8525	0	0
XM_034469225.1	8775	8676	0	0
XM_034469226.1	8592	8493	0	0
XM_034469227.1	8068	7969	0	0
XM_034469228.1	7326	7227	0	0
XM_034469229.1	3475	3376	0	0
XM_034469230.1	2323	2224	24.9157	13.1078
XM_034469231.1	2154	2055	0	0
XM_034469232.1	2160	2061	0	0
XM_034469233.1	2047	1948	11	6.60685
XM_034469234.1	2000	1901	0	0
XM_034469235.1	1668	1569	0	0
XM_034469236.1	1136	1037	1	1.12827
XM_034469237.1	2205	2106	1.99999	1.11112
XM_034469238.1	2228	2129	5.85655e-06	3.21853e-06
XM_034469239.1	2188	2089	0	0
XM_034469240.1	3118	3019	0	0
XM_034469241.1	2784	2685	0	0
XM_034469242.1	2633	2534	0	0
XM_034469243.1	2555	2456	0	0
XM_034469244.1	2558	2459	1.17244e-05	5.57859e-06
XM_034469245.1	2530	2431	7.99999	3.85031
XM_034469246.1	6943	6844	0	0
XM_034469247.1	507	408	9	25.8091
XM_034469248.1	3528	3429	0	0
XM_034469249.1	3417	3318	0.0272692	0.00961585
XM_034469250.1	3398	3299	22.9727	8.14744
XM_034469251.1	1943	1844	0	0
XM_034469252.1	1933	1834	0	0
XM_034469253.1	1544	1445	1	0.809698
XM_034469254.1	2128	2029	2	1.15329
XM_034469255.1	2225	2126	0	0
XM_034469256.1	3089	2990	1.99742	0.781607
XM_034469257.1	3106	3007	0.00258381	0.00100535
XM_034469258.1	3976	3877	0	0
XM_034469259.1	3981	3882	0	0
XM_034469260.1	3954	3855	0	0
XM_034469261.1	2591	2492	2	0.939016
XM_034469262.1	2028	1929	0	0
XM_034469263.1	5363	5264	22	4.88987
XM_034469264.1	2439	2340	35.364	17.6822
XM_034469265.1	2821	2722	15	6.44754
XM_034469266.1	3121	3022	0	0
XM_034469267.1	2907	2808	59.9236	24.9685
XM_034469268.1	3765	3666	0	0
XM_034469269.1	3285	3186	0	0
XM_034469270.1	3999	3900	3.65267e-07	1.09581e-07
XM_034469271.1	3601	3502	0	0
XM_034469272.1	3576	3477	0	0
XM_034469273.1	3906	3807	0	0
XM_034469274.1	899	800	11	16.0877
XM_034469275.1	1310	1211	0	0
XM_034469276.1	4615	4516	3.77316	0.977558
XM_034469277.1	4612	4513	8.22684	2.13284
XM_034469278.1	4612	4513	8.22684	2.13284
XM_034469279.1	524	425	0	0
XM_034469280.1	1372	1273	0	0
XM_034469281.1	2126	2027	3	1.73164
XM_034469282.1	2781	2682	0	0
XM_034469283.1	2386	2287	0	0
XM_034469284.1	1504	1405	3	2.49825
XM_034469285.1	1959	1860	0	0
XM_034469286.1	1939	1840	12.1933	7.75341
XM_034469287.1	2524	2425	2	0.96496
XM_034469288.1	659	560	0	0
XM_034469289.1	1405	1306	3.26421	2.92432
XM_034469290.1	803	704	0	0
XM_034469291.1	1913	1814	33	21.2847
XM_034469292.1	3263	3164	1.5723	0.58142
XM_034469293.1	3340	3241	0	0
XM_034469294.1	3456	3357	14.8723	5.18344
XM_034469295.1	3255	3156	30.6356	11.3574
XM_034469296.1	5341	5242	0	0
XM_034469297.1	5260	5161	0	0
XM_034469298.1	4972	4873	1	0.240101
XM_034469299.1	4664	4565	10	2.56301
XM_034469300.1	1618	1519	0	0
XM_034469301.1	1620	1521	15	11.5386
XM_034469302.1	2010	1911	0	0
XM_034469303.1	1826	1727	7.42797e-08	5.03232e-08
XM_034469304.1	1802	1703	1	0.687031
XM_034469305.1	1514	1415	4.54524	3.7583
XM_034469306.1	1600	1501	0	0
XM_034469307.1	2095	1996	0	0
XM_034469308.1	1740	1641	0	0
XM_034469309.1	661	562	1	2.08187
XM_034469310.1	639	540	1	2.16669
XM_034469311.1	621	522	5	11.207
XM_034469312.1	682	583	2	4.01377
XM_034469313.1	642	543	1.45476	3.1346
XM_034469314.1	750	651	0	0
XM_034469315.1	704	605	0	0
XM_034469316.1	686	587	5	9.96604
XM_034469317.1	1489	1390	0	0
XM_034469318.1	2247	2148	12.9963	7.07907
XM_034469319.1	2262	2163	0.0037045	0.00200384
XM_034469320.1	4880	4781	15	3.67082
XM_034469321.1	2741	2642	0	0
XM_034469322.1	2608	2509	4	1.86531
XM_034469323.1	2411	2312	1.26842	0.641898
XM_034469324.1	2405	2306	26.7316	13.563
XM_034469325.1	1889	1790	1	0.653639
XM_034469326.1	1703	1604	0	0
XM_034469327.1	2956	2857	0	0
XM_034469328.1	2926	2827	0	0
XM_034469329.1	2173	2074	0	0
XM_034469330.1	5461	5362	0	0
XM_034469331.1	2090	1991	0	0
XM_034469332.1	1972	1873	18	11.2441
XM_034469333.1	6070	5971	19	3.72304
XM_034469334.1	657	558	5	10.484
XM_034469335.1	2584	2485	31	14.5957
XM_034469336.1	4522	4423	5.25575	1.3903
XM_034469337.1	2504	2405	0	0
XM_034469338.1	1468	1369	0	0
XM_034469339.1	3516	3417	0	0
XM_034469340.1	654	555	0	0
XM_034469341.1	3513	3414	0	0
XM_034469342.1	3489	3390	0	0
XM_034469343.1	3486	3387	0	0
XM_034469344.1	3440	3341	0.00343571	0.00120318
XM_034469345.1	3413	3314	46.7342	16.4996
XM_034469346.1	3168	3069	0	0
XM_034469347.1	3165	3066	0	0
XM_034469348.1	3092	2993	89.2624	34.8941
XM_034469349.1	3461	3362	4	1.39204
XM_034469350.1	3261	3162	12	4.44028
XM_034469351.1	3826	3727	2.93759e-07	9.22193e-08
XM_034469352.1	3772	3673	7.99851	2.54788
XM_034469353.1	1580	1481	0	0
XM_034469354.1	7105	7006	4.62651	0.772635
XM_034469355.1	6186	6087	0	0
XM_034469356.1	6005	5906	4	0.792424
XM_034469357.1	1612	1513	72.868	56.3493
XM_034469358.1	4250	4151	0.0730051	0.0205774
XM_034469359.1	2558	2459	0.771184	0.366936
XM_034469360.1	2555	2456	3.22882	1.53817
XM_034469361.1	4789	4690	5.05651e-05	1.26145e-05
XM_034469362.1	4741	4642	8.79976	2.21798
XM_034469363.1	4564	4465	0	0
XM_034469364.1	671	572	0	0
XM_034469365.1	2030	1931	3	1.81773
XM_034469366.1	5347	5248	0	0
XM_034469367.1	3089	2990	0	0
XM_034469368.1	2037	1938	0	0
XM_034469369.1	1870	1771	0	0
XM_034469370.1	1852	1753	0	0
XM_034469371.1	1493	1394	0	0
XM_034469372.1	5471	5372	0	0
XM_034469373.1	5237	5138	0	0
XM_034469374.1	2004	1905	0	0
XM_034469375.1	1902	1803	0	0
XM_034469376.1	2636	2537	3.73215	1.72119
XM_034469377.1	988	889	0	0
XM_034469378.1	3724	3625	0	0
XM_034469379.1	3422	3323	19.7968	6.97037
XM_034469380.1	5219	5120	0	0
XM_034469381.1	3340	3241	0	0
XM_034469382.1	2731	2632	0	0
XM_034469383.1	2849	2750	0	0
XM_034469384.1	2559	2460	51.2032	24.353
XM_034469385.1	2650	2551	0	0
XM_034469386.1	2768	2669	0	0
XM_034469387.1	5812	5713	34	6.96315
XM_034469388.1	5213	5114	0	0
XM_034469389.1	2344	2245	0	0
XM_034469390.1	1568	1469	6	4.77882
XM_034469391.1	7023	6924	0.000603625	0.000102
XM_034469392.1	7005	6906	0.0127887	0.00216666
XM_034469393.1	5189	5090	0	0
XM_034469394.1	6044	5945	0	0
XM_034469395.1	6933	6834	0	0
XM_034469396.1	6912	6813	0	0
XM_034469397.1	7044	6945	1.73001e-05	2.91452e-06
XM_034469398.1	6750	6651	0	0
XM_034469399.1	6057	5958	0	0
XM_034469400.1	3148	3049	1.22359	0.469536
XM_034469401.1	5105	5006	0	0
XM_034469402.1	4349	4250	10	2.75297
XM_034469403.1	4250	4151	0	0
XM_034469404.1	2263	2164	0	0
XM_034469405.1	4122	4023	0	0
XM_034469406.1	3012	2913	5.83391	2.3432
XM_034469407.1	4045	3946	0	0
XM_034469408.1	3991	3892	0	0
XM_034469409.1	4030	3931	0	0
XM_034469410.1	3864	3765	2	0.621521
XM_034469411.1	1168	1069	4.88128	5.34253
XM_034469412.1	730	631	22.1187	41.013
XM_034469413.1	962	863	0	0
XM_034469414.1	878	779	0	0
XM_034469415.1	605	506	0	0
XM_034469416.1	1347	1248	0	0
XM_034469417.1	1932	1833	1	0.638305
XM_034469418.1	1925	1826	0	0
XM_034469419.1	5487	5388	0	0
XM_034469420.1	1814	1715	8	5.45779
XM_034469421.1	4275	4176	0	0
XM_034469422.1	4258	4159	0	0
XM_034469423.1	3256	3157	20.3713	7.54978
XM_034469424.1	4246	4147	0	0
XM_034469425.1	4126	4027	4.62874	1.34484
XM_034469426.1	1191	1092	38	40.7148
XM_034469427.1	2474	2375	0	0
XM_034469428.1	2560	2461	0	0
XM_034469429.1	2411	2312	3.77546e-06	1.91062e-06
XM_034469430.1	2526	2427	0	0
XM_034469431.1	2381	2282	17	8.71614
XM_034469432.1	1702	1603	0	0
XM_034469433.1	2611	2512	0	0
XM_034469434.1	5094	4995	35.7447	8.37274
XM_034469435.1	2947	2848	0	0
XM_034469436.1	2846	2747	1.98302	0.844615
XM_034469437.1	2969	2870	0	0
XM_034469438.1	2735	2636	3.27225	1.45242
XM_034469439.1	1646	1547	6.0639	4.5862
XM_034469440.1	817	718	0	0
XM_034469441.1	1032	933	9.92552	12.4469
XM_034469442.1	2240	2141	0	0
XM_034469443.1	2129	2030	0.810018	0.466863
XM_034469444.1	5094	4995	21.5416	5.04585
XM_034469445.1	5092	4993	34.4584	8.07465
XM_034469446.1	1279	1180	0.12762	0.126539
XM_034469447.1	2547	2448	0	0
XM_034469448.1	2662	2563	5	2.28251
XM_034469449.1	1770	1671	0	0
XM_034469450.1	2362	2263	2	1.03404
XM_034469451.1	1432	1333	4.71441	4.13798
XM_034469452.1	1566	1467	13.335	10.6354
XM_034469453.1	681	582	0.487487	0.980011
XM_034469454.1	3919	3820	0	0
XM_034469455.1	19974	19875	27	1.58945
XM_034469456.1	4651	4552	0.00182966	0.000470283
XM_034469457.1	4645	4546	0.0085959	0.00221234
XM_034469458.1	4630	4531	0.414934	0.107146
XM_034469459.1	4615	4516	20.2885	5.25639
XM_034469460.1	804	705	0	0
XM_034469461.1	4862	4763	0	0
XM_034469462.1	4612	4513	44.2362	11.4684
XM_034469463.1	4673	4574	68.5018	17.5225
XM_034469464.1	4670	4571	147.889	37.8543
XM_034469465.1	2040	1941	1	0.602789
XM_034469466.1	1350	1251	0	0
XM_034469467.1	1353	1254	0	0
XM_034469468.1	1419	1320	0	0
XM_034469469.1	2966	2867	31.1965	12.7312
XM_034469470.1	2972	2873	2.68597	1.09384
XM_034469471.1	2987	2888	0.0059743	0.00242037
XM_034469472.1	2995	2896	0.000232853	9.4075e-05
XM_034469473.1	3099	3000	0	0
XM_034469474.1	3000	2901	3.07825e-05	1.2415e-05
XM_034469475.1	3530	3431	0	0
XM_034469476.1	2974	2875	46.9144	19.0923
XM_034469477.1	3267	3168	0	0
XM_034469478.1	1722	1623	161.369	116.331
XM_034469479.1	1798	1699	4.21648	2.90367
XM_034469480.1	1666	1567	5.78352	4.31831
XM_034469481.1	4214	4115	0	0
XM_034469482.1	3391	3292	0	0
XM_034469483.1	2584	2485	0	0
XM_034469484.1	3745	3646	4.18804	1.34396
XM_034469485.1	1285	1186	3	2.95956
XM_034469486.1	3250	3151	0	0
XM_034469487.1	2722	2623	9.44658	4.21373
XM_034469488.1	1920	1821	0	0
XM_034469489.1	1703	1604	38	27.7185
XM_034469490.1	802	703	12	19.9718
XM_034469491.1	5424	5325	25	5.49302
XM_034469492.1	5211	5112	9.00001	2.05989
XM_034469493.1	1159	1060	0	0
XM_034469494.1	998	899	0	0
XM_034469495.1	900	801	1	1.46069
XM_034469496.1	975	876	0	0
XM_034469497.1	2924	2825	9	3.72748
XM_034469498.1	3887	3788	0	0
XM_034469499.1	5631	5532	0	0
XM_034469500.1	5616	5517	0	0
XM_034469501.1	5577	5478	0	0
XM_034469502.1	5511	5412	11.968	2.58735
XM_034469503.1	5347	5248	0	0
XM_034469504.1	6237	6138	0	0
XM_034469505.1	6203	6104	53.9182	10.335
XM_034469506.1	6165	6066	0	0
XM_034469507.1	5637	5538	3.08183	0.651098
XM_034469508.1	3951	3852	0.000569165	0.000172879
XM_034469509.1	3776	3677	72.0931	22.9399
XM_034469510.1	3885	3786	0.0337402	0.010427
XM_034469511.1	6910	6811	0	0
XM_034469512.1	5109	5010	0.00717769	0.00167625
XM_034469513.1	5073	4974	33.8654	7.96602
XM_034469514.1	2339	2240	9	4.70095
XM_034469515.1	1328	1229	0	0
XM_034469516.1	1298	1199	32.2698	31.4896
XM_034469517.1	3711	3612	29.9648	9.70632
XM_034469518.1	2780	2681	0	0
XM_034469519.1	6483	6384	482	88.3375
XM_034469520.1	6648	6549	0	0
XM_034469521.1	6630	6531	0	0
XM_034469522.1	2357	2258	0	0
XM_034469523.1	2777	2678	0	0
XM_034469524.1	1738	1639	0	0
XM_034469525.1	2705	2606	0	0
XM_034469526.1	4104	4005	0.00355001	0.00103709
XM_034469527.1	3956	3857	0	0
XM_034469528.1	3959	3860	0.00199301	0.000604106
XM_034469529.1	3902	3803	0	0
XM_034469530.1	3941	3842	0	0
XM_034469531.1	3955	3856	0	0
XM_034469532.1	3981	3882	0	0
XM_034469533.1	2702	2603	0	0
XM_034469534.1	640	541	0	0
XM_034469535.1	2699	2600	0	0
XM_034469536.1	3527	3428	0.394066	0.134499
XM_034469537.1	3518	3419	8.60593	2.94503
XM_034469538.1	4311	4212	134.24	37.2894
XM_034469539.1	3659	3560	3.62333	1.19083
XM_034469540.1	3892	3793	0	0
XM_034469541.1	5126	5027	6.81907e-07	1.58711e-07
XM_034469542.1	6325	6226	5.69783	1.07076
XM_034469543.1	5996	5897	0.0704509	0.013978
XM_034469544.1	5972	5873	8.42206	1.67783
XM_034469545.1	2627	2528	0	0
XM_034469546.1	5037	4938	0	0
XM_034469547.1	2624	2525	0	0
XM_034469548.1	4014	3915	0	0
XM_034469549.1	5065	4966	18.7422	4.41576
XM_034469550.1	3243	3144	0	0
XM_034469551.1	1039	940	0	0
XM_034469552.1	5051	4952	31	7.3244
XM_034469553.1	2673	2574	2	0.909101
XM_034469554.1	2304	2205	2	1.06124
XM_034469555.1	1990	1891	4	2.47491
XM_034469556.1	2839	2740	0	0
XM_034469557.1	2227	2128	1.26858	0.697491
XM_034469558.1	3023	2924	0	0
XM_034469559.1	2764	2665	0	0
XM_034469560.1	2793	2694	5	2.17152
XM_034469561.1	2268	2169	0	0
XM_034469562.1	2402	2303	0	0
XM_034469563.1	1813	1714	0	0
XM_034469564.1	1857	1758	0	0
XM_034469565.1	2282	2183	0	0
XM_034469566.1	1811	1712	0	0
XM_034469567.1	1757	1658	0	0
XM_034469568.1	5089	4990	0	0
XM_034469569.1	5097	4998	0	0
XM_034469570.1	4932	4833	0	0
XM_034469571.1	4941	4842	0	0
XM_034469572.1	5333	5234	0	0
XM_034469573.1	5336	5237	0	0
XM_034469574.1	5071	4972	0	0
XM_034469575.1	5044	4945	6.11458	1.44674
XM_034469576.1	5035	4936	0	0
XM_034469577.1	5032	4933	0	0
XM_034469578.1	5029	4930	0	0
XM_034469579.1	5037	4938	0	0
XM_034469580.1	5029	4930	0	0
XM_034469581.1	5029	4930	0	0
XM_034469582.1	5296	5197	0	0
XM_034469583.1	4872	4773	52.4734	12.8629
XM_034469584.1	5023	4924	0	0
XM_034469585.1	4992	4893	0	0
XM_034469586.1	4972	4873	0	0
XM_034469587.1	4966	4867	0	0
XM_034469588.1	4963	4864	0	0
XM_034469589.1	4912	4813	0	0
XM_034469590.1	4905	4806	0	0
XM_034469591.1	4976	4877	0	0
XM_034469592.1	5085	4986	0	0
XM_034469593.1	4822	4723	0	0
XM_034469594.1	5019	4920	0	0
XM_034469595.1	4783	4684	0	0
XM_034469596.1	4764	4665	0	0
XM_034469597.1	4968	4869	0	0
XM_034469598.1	4738	4639	0	0
XM_034469599.1	4729	4630	0	0
XM_034469600.1	4920	4821	0	0
XM_034469601.1	3771	3672	0.00737571	0.00235013
XM_034469602.1	4671	4572	0	0
XM_034469603.1	4515	4416	0	0
XM_034469604.1	4470	4371	0	0
XM_034469605.1	4461	4362	0	0
XM_034469606.1	4458	4359	0	0
XM_034469607.1	4416	4317	0	0
XM_034469608.1	4404	4305	0	0
XM_034469609.1	4359	4260	0	0
XM_034469610.1	4350	4251	0	0
XM_034469611.1	4319	4220	0	0
XM_034469612.1	4311	4212	0	0
XM_034469613.1	4266	4167	0	0
XM_034469614.1	4180	4081	0	0
XM_034469615.1	4084	3985	42.4047	12.4502
XM_034469616.1	936	837	0	0
XM_034469617.1	1311	1212	8	7.72286
XM_034469618.1	1014	915	4	5.11481
XM_034469619.1	6994	6895	3.738	0.634302
XM_034469620.1	1798	1699	0	0
XM_034469621.1	1481	1382	1	0.846609
XM_034469622.1	1663	1564	0	0
XM_034469623.1	1712	1613	0	0
XM_034469624.1	1482	1383	0	0
XM_034469625.1	2830	2731	0	0
XM_034469626.1	1917	1818	18	11.5843
XM_034469627.1	2928	2829	6.41025e-06	2.65114e-06
XM_034469628.1	2896	2797	3.99999	1.67324
XM_034469629.1	3245	3146	0	0
XM_034469630.1	4774	4675	25.1512	6.29461
XM_034469631.1	1657	1558	158.28	118.864
XM_034469632.1	2236	2137	0	0
XM_034469633.1	1251	1152	0	0
XM_034469634.1	6855	6756	5	0.865907
XM_034469635.1	6251	6152	0	0
XM_034469636.1	6304	6205	0	0
XM_034469637.1	3081	2982	13.9985	5.49243
XM_034469638.1	3116	3017	0	0
XM_034469639.1	3557	3458	8	2.7068
XM_034469640.1	1024	925	0	0
XM_034469641.1	2543	2444	873.026	417.943
XM_034469642.1	2963	2864	0	0
XM_034469643.1	1411	1312	6.8	6.06409
XM_034469644.1	1114	1015	0	0
XM_034469645.1	3254	3155	0	0
XM_034469646.1	2888	2789	0.0153477	0.00643852
XM_034469647.1	876	777	0	0
XM_034469648.1	2139	2040	0	0
XM_034469649.1	8240	8141	0	0
XM_034469650.1	8237	8138	0	0
XM_034469651.1	8228	8129	0	0
XM_034469652.1	8218	8119	0.15665	0.0225746
XM_034469653.1	8218	8119	0	0
XM_034469654.1	8208	8109	0	0
XM_034469655.1	8205	8106	0	0
XM_034469656.1	8197	8098	0	0
XM_034469657.1	8197	8098	0	0
XM_034469658.1	8191	8092	0	0
XM_034469659.1	8175	8076	79.4585	11.5116
XM_034469660.1	8169	8070	2.4305e-08	3.52381e-09
XM_034469661.1	8125	8026	0	0
XM_034469662.1	8116	8017	0	0
XM_034469663.1	7347	7248	0	0
XM_034469664.1	8090	7991	0	0
XM_034469665.1	7313	7214	205.976	33.4065
XM_034469666.1	7893	7794	0	0
XM_034469667.1	7965	7866	0	0
XM_034469668.1	7471	7372	40.1882	6.37829
XM_034469669.1	3460	3361	7	2.4368
XM_034469670.1	7917	7818	0	0
XM_034469671.1	7896	7797	31.6038	4.74244
XM_034469672.1	2355	2256	0	0
XM_034469673.1	1779	1680	0	0
XM_034469674.1	1690	1591	0	0
XM_034469675.1	1709	1610	0	0
XM_034469676.1	1710	1611	0	0
XM_034469677.1	1688	1589	0	0
XM_034469678.1	1667	1568	0	0
XM_034469679.1	1646	1547	3.61709	2.73565
XM_034469680.1	1716	1617	0	0
XM_034469681.1	1595	1496	0	0
XM_034469682.1	1586	1487	0	0
XM_034469683.1	1574	1475	0	0
XM_034469684.1	1779	1680	0	0
XM_034469685.1	1690	1591	3	2.20618
XM_034469686.1	1426	1327	4	3.52679
XM_034469687.1	2525	2426	1	0.482281
XM_034469688.1	2674	2575	0	0
XM_034469689.1	1542	1443	24	19.4597
XM_034469690.1	625	526	0	0
XM_034469691.1	3360	3261	4	1.43516
XM_034469692.1	1205	1106	0	0
XM_034469693.1	2359	2260	0	0
XM_034469694.1	2157	2058	1	0.56852
XM_034469695.1	5694	5595	0	0
XM_034469696.1	4198	4099	0	0
XM_034469697.1	3270	3171	10.9931	4.05616
XM_034469698.1	4068	3969	0	0
XM_034469699.1	3846	3747	0	0
XM_034469700.1	3643	3544	3.26849	1.07906
XM_034469701.1	3610	3511	0	0
XM_034469702.1	3938	3839	0	0
XM_034469703.1	5631	5532	0	0
XM_034469704.1	5631	5532	0	0
XM_034469705.1	4254	4155	2.28498	0.64343
XM_034469706.1	5622	5523	0	0
XM_034469707.1	4248	4149	12.4465	3.50991
XM_034469708.1	2083	1984	1	0.589725
XM_034469709.1	2153	2054	2	1.13925
XM_034469710.1	2153	2054	2	1.13925
XM_034469711.1	1983	1884	0	0
XM_034469712.1	1929	1830	0	0
XM_034469713.1	2073	1974	5.04991e-08	2.99314e-08
XM_034469714.1	2069	1970	0	0
XM_034469715.1	2069	1970	0	0
XM_034469716.1	2063	1964	0	0
XM_034469717.1	1977	1878	1.35533e-07	8.44385e-08
XM_034469718.1	2043	1944	3.19724	1.92429
XM_034469719.1	2028	1929	0	0
XM_034469720.1	1801	1702	0	0
XM_034469721.1	1658	1559	0	0
XM_034469722.1	2224	2125	0.0797565	0.0439135
XM_034469723.1	2216	2117	6.65625	3.67874
XM_034469724.1	1961	1862	3.06523	1.92608
XM_034469725.1	580	481	63	153.245
XM_034469726.1	2699	2600	17.1308	7.70897
XM_034469727.1	2736	2637	1.08476e-06	4.81299e-07
XM_034469728.1	1936	1837	9.40615	5.99092
XM_034469729.1	1865	1766	2.20039	1.45781
XM_034469730.1	1880	1781	0.000108097	7.10134e-05
XM_034469731.1	1148	1049	0	0
XM_034469732.1	5863	5764	0	0
XM_034469733.1	5863	5764	0	0
XM_034469734.1	5863	5764	0	0
XM_034469735.1	5860	5761	0	0
XM_034469736.1	5857	5758	0	0
XM_034469737.1	5853	5754	0	0
XM_034469738.1	5853	5754	0	0
XM_034469739.1	5851	5752	0	0
XM_034469740.1	5838	5739	1.88886e-08	3.85084e-09
XM_034469741.1	5839	5740	1.53972e-08	3.1385e-09
XM_034469742.1	5826	5727	2.20042e-07	4.49542e-08
XM_034469743.1	5814	5715	2.57661e-06	5.27501e-07
XM_034469744.1	5814	5715	2.57661e-06	5.27501e-07
XM_034469745.1	5805	5706	1.63655e-05	3.35574e-06
XM_034469746.1	5805	5706	1.63655e-05	3.35574e-06
XM_034469747.1	5775	5676	0.00793182	0.00163501
XM_034469748.1	5760	5661	0.176775	0.0365359
XM_034469749.1	5751	5652	1.14279	0.236568
XM_034469750.1	5736	5637	25.8076	5.35661
XM_034469751.1	5812	5713	3.8847e-06	7.95581e-07
XM_034469752.1	5037	4938	0	0
XM_034469753.1	5013	4914	0	0
XM_034469754.1	4998	4899	0	0
XM_034469755.1	5001	4902	0	0
XM_034469756.1	4698	4599	13.8646	3.52723
XM_034469757.1	1005	906	0	0
XM_034469758.1	2683	2584	0	0
XM_034469759.1	3397	3298	5	1.77382
XM_034469760.1	2662	2563	0	0
XM_034469761.1	2653	2554	0	0
XM_034469762.1	2631	2532	0	0
XM_034469763.1	2623	2524	0	0
XM_034469764.1	2592	2493	0.000571063	0.000268011
XM_034469765.1	2571	2472	11.643	5.51072
XM_034469766.1	2666	2567	0	0
XM_034469767.1	2636	2537	0	0
XM_034469768.1	2615	2516	1.19768e-08	5.56955e-09
XM_034469769.1	15633	15534	4	0.301278
XM_034469770.1	1793	1694	0.0306737	0.0211857
XM_034469771.1	6684	6585	0	0
XM_034469772.1	6197	6098	2.28855e-08	4.391e-09
XM_034469773.1	6430	6331	0	0
XM_034469774.1	6244	6145	0	0
XM_034469775.1	6216	6117	50	9.56362
XM_034469776.1	6305	6206	0	0
XM_034469777.1	6956	6857	0	0
XM_034469778.1	935	836	15	20.9931
XM_034469779.1	708	609	0	0
XM_034469780.1	1506	1407	0	0
XM_034469781.1	1551	1452	0	0
XM_034469782.1	1614	1515	0	0
XM_034469783.1	1447	1348	0.00468806	0.00406906
XM_034469784.1	1659	1560	0	0
XM_034469785.1	1492	1393	0	0
XM_034469786.1	2094	1995	16.7463	9.82126
XM_034469787.1	2577	2478	13	6.13808
XM_034469788.1	5121	5022	3	0.698933
XM_034469789.1	1767	1668	7	4.91013
XM_034469790.1	3390	3291	40	14.2208
XM_034469791.1	1778	1679	0.00313617	0.00218544
XM_034469792.1	673	574	0	0
XM_034469793.1	1240	1141	1	1.02543
XM_034469794.1	4368	4269	5	1.37036
XM_034469795.1	983	884	2	2.64709
XM_034469796.1	1200	1101	0	0
XM_034469797.1	2759	2660	1	0.439855
XM_034469798.1	1595	1496	1	0.782095
XM_034469799.1	624	525	0	0
XM_034469800.1	1534	1435	2	1.63068
XM_034469801.1	2751	2652	7	3.08827
XM_034469802.1	1628	1529	0	0
XM_034469803.1	1599	1500	0	0
XM_034469804.1	1608	1509	0	0
XM_034469805.1	2368	2269	3.05678	1.57623
XM_034469806.1	1739	1640	1.02638	0.732241
XM_034469807.1	2239	2140	0	0
XM_034469808.1	2234	2135	0	0
XM_034469809.1	1154	1055	0	0
XM_034469810.1	2452	2353	0	0
XM_034469811.1	2064	1965	0	0
XM_034469812.1	2444	2345	0	0
XM_034469813.1	2866	2767	24.3478	10.2953
XM_034469814.1	4892	4793	61.373	14.9817
XM_034469815.1	4069	3970	0	0
XM_034469816.1	7822	7723	0	0
XM_034469817.1	7816	7717	0	0
XM_034469818.1	7758	7659	0	0
XM_034469819.1	7752	7653	0	0
XM_034469820.1	7753	7654	0	0
XM_034469821.1	7576	7477	8.6055	1.3466
XM_034469822.1	3531	3432	2.02929	0.691812
XM_034469823.1	7507	7408	0	0
XM_034469824.1	3462	3363	0	0
XM_034469825.1	3142	3043	0.210343	0.0808756
XM_034469826.1	3399	3300	13.9554	4.94787
XM_034469827.1	3330	3231	0.0113096	0.00409545
XM_034469828.1	2623	2524	0	0
XM_034469829.1	2604	2505	0	0
XM_034469830.1	2598	2499	0	0
XM_034469831.1	3198	3099	0	0
XM_034469832.1	2666	2567	6.7293	3.06715
XM_034469833.1	2553	2454	0.000727652	0.000346929
XM_034469834.1	2538	2439	0.966806	0.463787
XM_034469835.1	2483	2384	0	0
XM_034469836.1	2439	2340	8.30316	4.15163
XM_034469837.1	4801	4702	34.193	8.50836
XM_034469838.1	5821	5722	0	0
XM_034469839.1	5349	5250	0	0
XM_034469840.1	5557	5458	0	0
XM_034469841.1	3189	3090	0	0
XM_034469842.1	5532	5433	0	0
XM_034469843.1	5324	5225	0	0
XM_034469844.1	5952	5853	2.95508	0.59072
XM_034469845.1	5745	5646	0	0
XM_034469846.1	5263	5164	0	0
XM_034469847.1	2174	2075	0	0
XM_034469848.1	2056	1957	0	0
XM_034469849.1	1469	1370	0	0
XM_034469850.1	3410	3311	1	0.353372
XM_034469851.1	5980	5881	2.37128	0.471761
XM_034469852.1	5977	5878	4.31436	0.858772
XM_034469853.1	1492	1393	0	0
XM_034469854.1	11811	11712	9.99522e-07	9.9851e-08
XM_034469855.1	11805	11706	1.82321e-06	1.8223e-07
XM_034469856.1	11802	11703	2.46268e-06	2.46208e-07
XM_034469857.1	11802	11703	2.46268e-06	2.46208e-07
XM_034469858.1	11796	11697	4.49421e-06	4.49542e-07
XM_034469859.1	11787	11688	1.10859e-05	1.10974e-06
XM_034469860.1	11775	11676	3.69885e-05	3.7065e-06
XM_034469861.1	11763	11664	0.000123566	1.23949e-05
XM_034469862.1	11747	11648	0.000618276	6.21044e-05
XM_034469863.1	11726	11627	0.00513394	0.000516623
XM_034469864.1	1505	1406	0	0
XM_034469865.1	11663	11564	3.0078	0.304321
XM_034469866.1	11630	11531	85.9156	8.71758
XM_034469867.1	1667	1568	25	18.6546
XM_034469868.1	3484	3385	29.9999	10.3694
XM_034469869.1	1973	1874	4	2.49736
XM_034469870.1	2021	1922	0	0
XM_034469871.1	1667	1568	0	0
XM_034469872.1	4594	4495	29	7.54847
XM_034469873.1	3261	3162	0	0
XM_034469874.1	1750	1651	0.000960909	0.000680967
XM_034469875.1	2211	2112	0	0
XM_034469876.1	3118	3019	0	0
XM_034469877.1	2251	2152	0	0
XM_034469878.1	15092	14993	62	4.83831
XM_034469879.1	2393	2294	0	0
XM_034469880.1	2022	1923	0	0
XM_034469881.1	1827	1728	0	0
XM_034469882.1	3114	3015	0	0
XM_034469883.1	5294	5195	0.000128559	2.8954e-05
XM_034469884.1	5264	5165	0.114674	0.0259767
XM_034469885.1	3105	3006	0	0
XM_034469886.1	5246	5147	6.8852	1.56514
XM_034469887.1	2676	2577	2.58145	1.17203
XM_034469888.1	2587	2488	0	0
XM_034469889.1	957	858	9	12.2729
XM_034469890.1	2043	1944	0.00114511	0.000689193
XM_034469891.1	2069	1970	0	0
XM_034469892.1	2030	1931	2.99884	1.81703
XM_034469893.1	3269	3170	0	0
XM_034469894.1	2349	2250	0	0
XM_034469895.1	2629	2530	2.98697	1.38134
XM_034469896.1	2629	2530	2.98697	1.38134
XM_034469897.1	2626	2527	12.013	5.56209
XM_034469898.1	2626	2527	12.013	5.56209
XM_034469899.1	2950	2851	20	8.20774
XM_034469900.1	2308	2209	0	0
XM_034469901.1	1655	1556	1.40923	1.05965
XM_034469902.1	1016	917	13.9933	17.8543
XM_034469903.1	3020	2921	0	0
XM_034469904.1	6743	6644	2	0.352202
XM_034469905.1	6923	6824	15	2.57183
XM_034469906.1	4360	4261	0	0
XM_034469907.1	2366	2267	0	0
XM_034469908.1	1233	1134	0	0
XM_034469909.1	2653	2554	0	0
XM_034469910.1	8907	8808	0	0
XM_034469911.1	8910	8811	0	0
XM_034469912.1	8905	8806	66	8.76912
XM_034469913.1	8824	8725	0	0
XM_034469914.1	3232	3133	2	0.746897
XM_034469915.1	2670	2571	5	2.27541
XM_034469916.1	640	541	20	43.2537
XM_034469917.1	4807	4708	1.12094e-06	2.78571e-07
XM_034469918.1	4762	4663	0.0875406	0.0219652
XM_034469919.1	3194	3095	0	0
XM_034469920.1	4746	4647	4.93398	1.24227
XM_034469921.1	4748	4649	2.97848	0.749593
XM_034469922.1	2029	1930	3	1.81867
XM_034469923.1	3378	3279	13	4.63866
XM_034469924.1	1451	1352	0	0
XM_034469925.1	1397	1298	15.4598	13.9354
XM_034469926.1	1399	1300	2.54019	2.2862
XM_034469927.1	3308	3209	0	0
XM_034469928.1	1887	1788	4	2.61748
XM_034469929.1	1535	1436	0	0
XM_034469930.1	3432	3333	13	4.56351
XM_034469931.1	1004	905	0	0
XM_034469932.1	636	537	0	0
XM_034469933.1	588	489	0	0
XM_034469934.1	1630	1531	7	5.34951
XM_034469935.1	5591	5492	65.4071	13.9343
XM_034469936.1	1979	1880	22	13.6916
XM_034469937.1	937	838	0	0
XM_034469938.1	867	768	0	0
XM_034469939.1	1121	1022	0	0
XM_034469940.1	1672	1573	0	0
XM_034469941.1	5744	5645	0	0
XM_034469942.1	5639	5540	0.0109041	0.00230287
XM_034469943.1	5691	5592	1.89784e-07	3.97085e-08
XM_034469944.1	5601	5502	34.986	7.43986
XM_034469945.1	5352	5253	0	0
XM_034469946.1	5352	5253	0	0
XM_034469947.1	5320	5221	2.38275e-07	5.33969e-08
XM_034469948.1	5239	5140	22	5.00784
XM_034469949.1	2056	1957	2.14454	1.28214
XM_034469950.1	4001	3902	25.3073	7.58838
XM_034469951.1	1944	1845	9.45029	5.99294
XM_034469952.1	2106	2007	12.5497	7.31606
XM_034469953.1	2849	2750	0	0
XM_034469954.1	1087	988	3	3.55267
XM_034469955.1	8684	8585	9.49706	1.29431
XM_034469956.1	8675	8576	32.5029	4.43434
XM_034469957.1	7419	7320	0	0
XM_034469958.1	3811	3712	0.00338119	0.00106574
XM_034469959.1	3790	3691	0	0
XM_034469960.1	3787	3688	6.81514	2.16209
XM_034469961.1	2592	2493	0	0
XM_034469962.1	3895	3796	8.98609	2.76972
XM_034469963.1	3942	3843	4.84002e-06	1.47356e-06
XM_034469964.1	3562	3463	0	0
XM_034469965.1	3581	3482	0	0
XM_034469966.1	3513	3414	0	0
XM_034469967.1	3496	3397	0	0
XM_034469968.1	2080	1981	0	0
XM_034469969.1	4100	4001	0	0
XM_034469970.1	2710	2611	0	0
XM_034469971.1	3433	3334	8.88611e-07	3.11844e-07
XM_034469972.1	2026	1927	0	0
XM_034469973.1	4048	3949	0	0
XM_034469974.1	2012	1913	0	0
XM_034469975.1	3384	3285	31	11.0412
XM_034469976.1	1951	1852	7.9959	5.05146
XM_034469977.1	3969	3870	0	0
XM_034469978.1	3918	3819	0	0
XM_034469979.1	2609	2510	0	0
XM_034469980.1	3666	3567	0	0
XM_034469981.1	3234	3135	0	0
XM_034469982.1	1673	1574	0	0
XM_034469983.1	3995	3896	13	3.90405
XM_034469984.1	3803	3704	0	0
XM_034469985.1	4278	4179	0	0
XM_034469986.1	3794	3695	0	0
XM_034469987.1	3773	3674	0	0
XM_034469988.1	3773	3674	0	0
XM_034469989.1	2653	2554	0	0
XM_034469990.1	4248	4149	0	0
XM_034469991.1	4239	4140	0	0
XM_034469992.1	4227	4128	0	0
XM_034469993.1	3698	3599	9.7713e-08	3.17659e-08
XM_034469994.1	4173	4074	6.17402e-06	1.77312e-06
XM_034469995.1	3689	3590	1.84277e-06	6.00574e-07
XM_034469996.1	3667	3568	0.0024941	0.000817862
XM_034469997.1	2538	2439	0.0116661	0.00559635
XM_034469998.1	4152	4053	0.00265017	0.000765047
XM_034469999.1	3668	3569	0.00179538	0.000588575
XM_034470000.1	4142	4043	0.0480553	0.0139068
XM_034470001.1	3659	3560	0.0347065	0.0114065
XM_034470002.1	4134	4035	0.490635	0.142268
XM_034470003.1	3548	3449	1.01547e-07	3.44482e-08
XM_034470004.1	4121	4022	21.6116	6.28688
XM_034470005.1	3391	3292	18.1471	6.44967
XM_034470006.1	2524	2425	9.98833	4.81917
XM_034470007.1	4436	4337	1.29797e-08	3.50158e-09
XM_034470008.1	4433	4334	2.92259e-08	7.88986e-09
XM_034470009.1	4433	4334	2.92259e-08	7.88986e-09
XM_034470010.1	4430	4331	6.5844e-08	1.77876e-08
XM_034470011.1	4391	4292	0.00267062	0.000728019
XM_034470012.1	1873	1774	0	0
XM_034470013.1	2622	2523	6	2.78243
XM_034470014.1	2692	2593	0	0
XM_034470015.1	2647	2548	0	0
XM_034470016.1	1838	1739	10.6752	7.18235
XM_034470017.1	4452	4353	1	0.268783
XM_034470018.1	15384	15285	24.5977	1.88287
XM_034470019.1	2956	2857	2.71201	1.11064
XM_034470020.1	2692	2593	0	0
XM_034470021.1	1143	1044	3	3.36211
XM_034470022.1	610	511	6	13.7379
XM_034470023.1	14712	14613	7.04128	0.563771
XM_034470024.1	14709	14610	8.95872	0.717442
XM_034470025.1	3324	3225	3	1.08838
XM_034470026.1	4922	4823	0	0
XM_034470027.1	4919	4820	0	0
XM_034470028.1	4901	4802	0	0
XM_034470029.1	4889	4790	0	0
XM_034470030.1	4886	4787	0	0
XM_034470031.1	4938	4839	0	0
XM_034470032.1	4727	4628	1.89635e-05	4.7942e-06
XM_034470033.1	5058	4959	0	0
XM_034470034.1	4851	4752	0	0
XM_034470035.1	7133	7034	0	0
XM_034470036.1	4905	4806	0	0
XM_034470037.1	4671	4572	30.1801	7.72334
XM_034470038.1	4675	4576	10.8199	2.76648
XM_034470039.1	537	438	0	0
XM_034470040.1	2613	2514	4.9926	2.32355
XM_034470041.1	2627	2528	0.00740099	0.00342534
XM_034470042.1	1878	1779	3.05903e-08	2.01187e-08
XM_034470043.1	1846	1747	54	36.1653
XM_034470044.1	649	550	0	0
XM_034470045.1	1870	1771	6.04782e-06	3.9955e-06
XM_034470046.1	626	527	0	0
XM_034470047.1	553	454	0	0
XM_034470048.1	438	339	1	3.45137
XM_034470049.1	2857	2758	0	0
XM_034470050.1	2228	2129	5.19288	2.8538
XM_034470051.1	2443	2344	0	0
XM_034470052.1	3079	2980	1.31081	0.514654
XM_034470053.1	3520	3421	40.4781	13.8439
XM_034470054.1	1889	1790	0.441352	0.288485
XM_034470055.1	2392	2293	4.55865	2.32607
XM_034470056.1	2015	1916	0	0
XM_034470057.1	2517	2418	0	0
XM_034470058.1	4722	4623	4	1.01234
XM_034470059.1	4722	4623	4	1.01234
XM_034470060.1	4552	4453	0	0
XM_034470061.1	1281	1182	0	0
XM_034470062.1	1222	1123	0	0
XM_034470063.1	1497	1398	0	0
XM_034470064.1	1162	1063	1	1.10067
XM_034470065.1	1293	1194	0	0
XM_034470066.1	1312	1213	0	0
XM_034470067.1	2065	1966	0	0
XM_034470068.1	880	781	13	19.4753
XM_034470069.1	5587	5488	33.6583	7.17578
XM_034470070.1	3503	3404	0	0
XM_034470071.1	3437	3338	0	0
XM_034470072.1	3438	3339	26.009	9.11377
XM_034470073.1	3362	3263	0	0
XM_034470074.1	3362	3263	0	0
XM_034470075.1	1588	1489	9.66653	7.59568
XM_034470076.1	10159	10060	0	0
XM_034470077.1	10114	10015	0	0
XM_034470078.1	10069	9970	0	0
XM_034470079.1	10024	9925	0	0
XM_034470080.1	10024	9925	0	0
XM_034470081.1	9982	9883	0	0
XM_034470082.1	9982	9883	0	0
XM_034470083.1	9892	9793	0	0
XM_034470084.1	9847	9748	0	0
XM_034470085.1	9847	9748	0	0
XM_034470086.1	9622	9523	32	3.93158
XM_034470087.1	1787	1688	22	15.249
XM_034470088.1	1785	1686	1.71936	1.19316
XM_034470089.1	3927	3828	1.14354e-05	3.49518e-06
XM_034470090.1	3897	3798	0.116508	0.0358914
XM_034470091.1	6964	6865	0	0
XM_034470092.1	2049	1950	0	0
XM_034470093.1	2250	2151	0	0
XM_034470094.1	1986	1887	22	13.6409
XM_034470095.1	2861	2762	31	13.1319
XM_034470096.1	546	447	0	0
XM_034470097.1	3614	3515	93.003	30.9572
XM_034470098.1	2043	1944	19.997	12.0354
XM_034470099.1	7518	7419	0.004541	0.000716138
XM_034470100.1	7496	7397	0.147921	0.0233973
XM_034470101.1	1646	1547	0	0
XM_034470102.1	7485	7386	0.847538	0.134258
XM_034470103.1	1960	1861	28.0668	17.6456
XM_034470104.1	2229	2130	0	0
XM_034470105.1	2199	2100	0	0
XM_034470106.1	2120	2021	1.08906	0.630489
XM_034470107.1	1803	1704	2	1.37326
XM_034470108.1	1840	1741	0	0
XM_034470109.1	1603	1504	5.95272	4.63083
XM_034470110.1	3348	3249	10.9974	3.96033
XM_034470111.1	3339	3240	0	0
XM_034470112.1	3555	3456	0	0
XM_034470113.1	5463	5364	0.0743765	0.0162233
XM_034470114.1	3540	3441	0	0
XM_034470115.1	5447	5348	2.47316	0.541067
XM_034470116.1	1958	1859	0	0
XM_034470117.1	2091	1992	0	0
XM_034470118.1	2910	2811	4.45507	1.85432
XM_034470119.1	3531	3432	0	0
XM_034470120.1	2248	2149	1	0.544446
XM_034470121.1	7415	7316	0.560531	0.0896431
XM_034470122.1	1887	1788	31	20.2855
XM_034470123.1	1728	1629	0	0
XM_034470124.1	1261	1162	0	0
XM_034470125.1	3487	3388	0.00385882	0.00133261
XM_034470126.1	3469	3370	1.99614	0.69303
XM_034470127.1	712	613	0	0
XM_034470128.1	2152	2053	1.35117e-05	7.7004e-06
XM_034470129.1	3047	2948	0	0
XM_034470130.1	2047	1948	0	0
XM_034470131.1	429	330	0	0
XM_034470132.1	3594	3495	1	0.334768
XM_034470133.1	2841	2742	0	0
XM_034470134.1	1000	901	0	0
XM_034470135.1	1143	1044	0	0
XM_034470136.1	6291	6192	0	0
XM_034470137.1	4032	3933	2	0.594972
XM_034470138.1	6075	5976	25.3099	4.9553
XM_034470139.1	1131	1032	0	0
XM_034470140.1	1227	1128	1	1.03725
XM_034470141.1	2151	2052	1.30475	0.743943
XM_034470142.1	1359	1260	0	0
XM_034470143.1	826	727	0	0
XM_034470144.1	1398	1299	0	0
XM_034470145.1	1242	1143	10	10.2363
XM_034470146.1	219	120	0	0
XM_034470147.1	580	481	0	0
XM_034470148.1	1134	1035	1.30862	1.47932
XM_034470149.1	789	690	15.6465	26.5314
XM_034470150.1	2343	2244	18	9.38513
XM_034470151.1	630	531	0	0
XM_034470152.1	516	417	0	0
XM_034470153.1	682	583	0	0
XM_034470154.1	2063	1964	1.35519	0.80733
XM_034470155.1	1729	1630	21	15.0738
XM_034470156.1	2142	2043	5	2.86347
XM_034470157.1	2818	2719	21	9.03651
XM_034470158.1	969	870	0	0
XM_034470159.1	2067	1968	0.124602	0.0740785
XM_034470160.1	2308	2209	0	0
XM_034470161.1	3957	3858	3	0.909808
XM_034470162.1	948	849	0	0
XM_034470163.1	891	792	1	1.47729
XM_034470164.1	1446	1347	1.05542	0.916747
XM_034470165.1	2063	1964	1.35519	0.80733
XM_034470166.1	577	478	0	0
XM_034470167.1	1422	1323	2.97595	2.63182
XM_034470168.1	933	834	0	0
XM_034470169.1	762	663	0	0
XM_034470170.1	594	495	4	9.45465
XM_034470171.1	2059	1960	14.8112	8.84148
XM_034470172.1	2033	1934	21.6379	13.0903
XM_034470173.1	2727	2628	0	0
XM_034470174.1	1909	1810	0	0
XM_034470175.1	836	737	0	0
XM_034470176.1	2085	1986	0	0
XM_034470177.1	612	513	0	0
XM_034470178.1	5484	5385	0	0
XM_034470179.1	2213	2114	3	1.66038
XM_034470180.1	1316	1217	13.5195	12.9975
XM_034470181.1	657	558	0	0
XM_034470182.1	1570	1471	1	0.795386
XM_034470183.1	570	471	0	0
XM_034470184.1	2430	2331	0	0
XM_034470185.1	1587	1488	0	0
XM_034470186.1	3405	3306	7	2.47734
XM_034470187.1	656	557	0	0
XM_034470188.1	509	410	1	2.85369
XM_034470189.1	419	320	1	3.65629
XM_034470190.1	2175	2076	0	0
XM_034470191.1	519	420	0	0
XM_034470192.1	675	576	30.4293	61.8102
XM_034470193.1	639	540	0	0
XM_034470194.1	2830	2731	1	0.428419
XM_034470195.1	559	460	0	0
XM_034470196.1	369	270	0	0
XM_034470197.1	1281	1182	0	0
XM_034470198.1	1913	1814	0	0
XM_034470199.1	1504	1405	0	0
XM_034470200.1	663	564	0	0
XM_034470201.1	3069	2970	0	0
XM_034470202.1	426	327	0	0
XM_034470203.1	7854	7755	1	0.150872
XM_034470204.1	10598	10499	15	1.67161
XM_034470205.1	1583	1484	10	7.88419
XM_034470206.1	1147	1048	10.5018	11.7245
XM_034470207.1	1311	1212	0	0
XM_034470208.1	2559	2460	0	0
XM_034470209.1	15655	15556	57	4.28714
XM_034470210.1	1371	1272	8	7.35857
XM_034470211.1	660	561	0	0
XM_034470212.1	2169	2070	19	10.7393
XM_034470213.1	1272	1173	0	0
XM_034470214.1	699	600	0	0
XM_034470215.1	500	401	0	0
XM_034470216.1	5178	5079	144.953	33.3919
XM_034470217.1	1130	1031	0	0
XM_034470218.1	3275	3176	30	11.0518
XM_034470219.1	1044	945	0	0
XM_034470220.1	951	852	0	0
XM_034470221.1	1985	1886	35	21.7129
XM_034470222.1	1953	1854	0	0
XM_034470223.1	2958	2859	0	0
XM_034470224.1	2134	2035	0	0
XM_034470225.1	467	368	0	0
XM_034470226.1	2711	2612	0	0
XM_034470227.1	3803	3704	0.762904	0.240985
XM_034470228.1	678	579	2	4.0415
XM_034470229.1	627	528	2	4.43187
XM_034470230.1	768	669	0	0
XM_034470231.1	636	537	0	0
XM_034470232.1	528	429	0	0
XM_034470233.1	860	761	0	0
XM_034470234.1	1300	1201	3	2.9226
XM_034470235.1	1095	996	0	0
XM_034470236.1	4087	3988	0	0
XM_034470237.1	3150	3051	0	0
XM_034470238.1	530	431	335	909.407
XM_034470239.1	1916	1817	0.00498074	0.00320723
XM_034470240.1	975	876	27	36.0621
XM_034470241.1	920	821	0	0
XM_034470242.1	3403	3304	6.2687	2.21987
XM_034470243.1	3135	3036	0	0
XM_034470244.1	2806	2707	2	0.864435
XM_034470245.1	2643	2544	4.62866	2.12877
XM_034470246.1	2492	2393	0	0
XM_034470247.1	2438	2339	78.7313	39.3829
XM_034470248.1	2781	2682	13	5.67121
XM_034470249.1	2781	2682	13	5.67121
XM_034470250.1	1015	916	0	0
XM_034470251.1	1990	1891	0	0
XM_034470252.1	31968	31869	77.8764	2.85909
XM_034470253.1	31962	31863	97.1236	3.56639
XM_034470254.1	3660	3561	0	0
XM_034470255.1	3742	3643	35	11.2409
XM_034470256.1	6078	5979	0.713863	0.139694
XM_034470257.1	6075	5976	1.28614	0.251807
XM_034470258.1	718	619	0	0
XM_034470259.1	2884	2785	0.000152487	6.40618e-05
XM_034470260.1	6402	6303	0	0
XM_034470261.1	6399	6300	0	0
XM_034470262.1	6399	6300	0	0
XM_034470263.1	6399	6300	0	0
XM_034470264.1	6399	6300	0	0
XM_034470265.1	6372	6273	0	0
XM_034470266.1	6372	6273	0	0
XM_034470267.1	6372	6273	6.70007	1.24967
XM_034470268.1	6369	6270	11.7427	2.19124
XM_034470269.1	6363	6264	0	0
XM_034470270.1	6351	6252	0	0
XM_034470271.1	6342	6243	0	0
XM_034470272.1	6321	6222	0	0
XM_034470273.1	6318	6219	0	0
XM_034470274.1	6315	6216	0	0
XM_034470275.1	2362	2263	3	1.55106
XM_034470276.1	6294	6195	0	0
XM_034470277.1	6294	6195	0	0
XM_034470278.1	6294	6195	0	0
XM_034470279.1	6294	6195	0	0
XM_034470280.1	6282	6183	0	0
XM_034470281.1	6264	6165	0	0
XM_034470282.1	6264	6165	0	0
XM_034470283.1	6237	6138	0	0
XM_034470284.1	6213	6114	0	0
XM_034470285.1	6003	5904	0	0
XM_034470286.1	6003	5904	0	0
XM_034470287.1	6003	5904	0	0
XM_034470288.1	6003	5904	0	0
XM_034470289.1	5973	5874	0	0
XM_034470290.1	5973	5874	0	0
XM_034470291.1	5350	5251	74.5573	16.6126
XM_034470292.1	2391	2292	0	0
XM_034470293.1	2431	2332	0	0
XM_034470294.1	1606	1507	0	0
XM_034470295.1	1114	1015	0	0
XM_034470296.1	712	613	0	0
XM_034470297.1	2511	2412	0	0
XM_034470298.1	4559	4460	60	15.7401
XM_034470299.1	1411	1312	0	0
XM_034470300.1	2561	2462	0	0
XM_034470301.1	2058	1959	12	7.167
XM_034470302.1	2123	2024	0	0
XM_034470303.1	2132	2033	0	0
XM_034470304.1	2083	1984	0	0
XM_034470305.1	1995	1896	23.9993	14.8099
XM_034470306.1	2012	1913	0.000680618	0.000416274
XM_034470307.1	2108	2009	0	0
XM_034470308.1	2176	2077	0	0
XM_034470309.1	2124	2025	0	0
XM_034470310.1	2317	2218	0	0
XM_034470311.1	2132	2033	0	0
XM_034470312.1	3943	3844	29	8.82684
XM_034470313.1	4494	4395	49.0161	13.0488
XM_034470314.1	4050	3951	25.8835	7.66489
XM_034470315.1	1726	1627	2.78228	2.0008
XM_034470316.1	2131	2032	0	0
XM_034470317.1	1356	1257	4	3.72319
XM_034470318.1	2579	2480	0	0
XM_034470319.1	2612	2513	0	0
XM_034470320.1	2526	2427	3	1.44625
XM_034470321.1	771	672	19	33.0807
XM_034470322.1	1560	1461	0	0
XM_034470323.1	2033	1934	0	0
XM_034470324.1	1903	1804	3.56625	2.31295
XM_034470325.1	2046	1947	11	6.61025
XM_034470326.1	2013	1914	0	0
XM_034470327.1	3485	3386	0	0
XM_034470328.1	704	605	0	0
XM_034470329.1	1661	1562	0	0
XM_034470330.1	2467	2368	0	0
XM_034470331.1	4586	4487	0	0
XM_034470332.1	2994	2895	0	0
XM_034470333.1	3807	3708	0	0
XM_034470334.1	3007	2908	0	0
XM_034470335.1	2964	2865	0.000168756	6.89167e-05
XM_034470336.1	1092	993	40	47.1304
XM_034470337.1	747	648	63	113.751
XM_034470338.1	874	775	12	18.1163
XM_034470339.1	2455	2356	0	0
XM_034470340.1	2374	2275	2	1.02858
XM_034470341.1	6881	6782	0	0
XM_034470342.1	3534	3435	0	0
XM_034470343.1	3886	3787	10.3401	3.19462
XM_034470344.1	3233	3134	2.65993	0.99303
XM_034470345.1	3170	3071	0	0
XM_034470346.1	3549	3450	0	0
XM_034470347.1	3999	3900	0	0
XM_034470348.1	3981	3882	0	0
XM_034470349.1	3893	3794	0.0263521	0.0081266
XM_034470350.1	3875	3776	6.97365	2.16082
XM_034470351.1	3503	3404	0	0
XM_034470352.1	3384	3285	4.66216e-05	1.66051e-05
XM_034470353.1	3357	3258	0.746386	0.268042
XM_034470354.1	2986	2887	1	0.40527
XM_034470355.1	3413	3314	8	2.82441
XM_034470356.1	1733	1634	0	0
XM_034470357.1	1110	1011	0	0
XM_034470358.1	1190	1091	0	0
XM_034470359.1	1101	1002	0	0
XM_034470360.1	3694	3595	5.14495	1.67446
XM_034470361.1	3706	3607	3.85505	1.25047
XM_034470362.1	2434	2335	1.55391e-07	7.78629e-08
XM_034470363.1	2403	2304	1	0.507818
XM_034470364.1	2429	2330	0	0
XM_034470365.1	2486	2387	0	0
XM_034470366.1	2207	2108	0	0
XM_034470367.1	1802	1703	0	0
XM_034470368.1	2064	1965	10.4408	6.21675
XM_034470369.1	2699	2600	5.67612	2.55429
XM_034470370.1	1974	1875	0.00248811	0.0015526
XM_034470371.1	2097	1998	21.9079	12.8291
XM_034470372.1	1961	1862	8.71366	5.47535
XM_034470373.1	1816	1717	39.5799	26.9709
XM_034470374.1	1734	1635	0	0
XM_034470375.1	1701	1602	30.4201	22.2172
XM_034470376.1	1844	1745	0	0
XM_034470377.1	1640	1541	0	0
XM_034470378.1	1726	1627	19.9972	14.3805
XM_034470379.1	1750	1651	0	0
XM_034470380.1	1546	1447	0	0
XM_034470381.1	3521	3422	0	0
XM_034470382.1	2236	2137	0	0
XM_034470383.1	1630	1531	0	0
XM_034470384.1	1533	1434	11.0224	8.99326
XM_034470385.1	2561	2462	15.7047	7.46334
XM_034470386.1	1398	1299	0	0
XM_034470387.1	1368	1269	1.82315	1.68094
XM_034470388.1	1483	1384	0	0
XM_034470389.1	1452	1353	64.1768	55.4972
XM_034470390.1	2107	2008	39.2487	22.8693
XM_034470391.1	2114	2015	0.662248	0.384536
XM_034470392.1	895	796	2	2.93973
XM_034470393.1	908	809	0	0
XM_034470394.1	646	547	0	0
XM_034470395.1	652	553	0	0
XM_034470396.1	520	421	2	5.55826
XM_034470397.1	9567	9468	0	0
XM_034470398.1	9528	9429	0	0
XM_034470399.1	9561	9462	0	0
XM_034470400.1	9278	9179	0.00247635	0.000315651
XM_034470401.1	9305	9206	88.9975	11.3109
XM_034470402.1	2501	2402	0.546938	0.266413
XM_034470403.1	2499	2400	1.45306	0.708376
XM_034470404.1	2579	2480	0	0
XM_034470405.1	3447	3348	1.92243e-07	6.71826e-08
XM_034470406.1	3447	3348	0.020069	0.00701345
XM_034470407.1	3438	3339	0.497843	0.174448
XM_034470408.1	1856	1757	0	0
XM_034470409.1	3375	3276	0	0
XM_034470410.1	3360	3261	0	0
XM_034470411.1	1912	1813	0	0
XM_034470412.1	1931	1832	0	0
XM_034470413.1	3333	3234	6.57551e-06	2.37892e-06
XM_034470414.1	3324	3225	0.000172825	6.27002e-05
XM_034470415.1	1896	1797	0	0
XM_034470416.1	3324	3225	25.837	9.37354
XM_034470417.1	3315	3216	0.00458409	0.00166774
XM_034470418.1	1760	1661	4.01972e-05	2.8315e-05
XM_034470419.1	3340	3241	5.20552e-07	1.87921e-07
XM_034470420.1	1798	1699	0	0
XM_034470421.1	1817	1718	0	0
XM_034470422.1	1789	1690	0	0
XM_034470423.1	1824	1725	0	0
XM_034470424.1	1808	1709	0	0
XM_034470425.1	1773	1674	0	0
XM_034470426.1	1776	1677	0	0
XM_034470427.1	2016	1917	19.3856	11.8317
XM_034470428.1	6952	6853	3	0.51219
XM_034470429.1	845	746	0	0
XM_034470430.1	2202	2103	41.9095	23.3166
XM_034470431.1	1885	1786	0	0
XM_034470432.1	2321	2222	3.70167	1.94914
XM_034470433.1	791	692	0	0
XM_034470434.1	518	419	0	0
XM_034470435.1	1345	1246	5.4273	5.09631
XM_034470436.1	1115	1016	0.5	0.575794
XM_034470437.1	980	881	16	21.2488
XM_034470438.1	1045	946	0	0
XM_034470439.1	1073	974	0	0
XM_034470440.1	1057	958	0	0
XM_034470441.1	1008	909	0	0
XM_034470442.1	1139	1040	0	0
XM_034470443.1	1249	1150	0	0
XM_034470444.1	1180	1081	3.6009	3.89741
XM_034470445.1	1273	1174	0	0
XM_034470446.1	2232	2133	10	5.48529
XM_034470447.1	3150	3051	5	1.91743
XM_034470448.1	1773	1674	0	0
XM_034470449.1	7558	7459	31	4.86264
XM_034470450.1	5185	5086	0	0
XM_034470451.1	5673	5574	4.79273e-07	1.00602e-07
XM_034470452.1	5664	5565	0	0
XM_034470453.1	5583	5484	94	20.0549
XM_034470454.1	3730	3631	0	0
XM_034470455.1	3711	3612	0	0
XM_034470456.1	4186	4087	0	0
XM_034470457.1	4005	3906	0	0
XM_034470458.1	4053	3954	0	0
XM_034470459.1	2628	2529	0	0
XM_034470460.1	2516	2417	0.000120296	5.82325e-05
XM_034470461.1	2761	2662	0	0
XM_034470462.1	2580	2481	0.000718173	0.000338683
XM_034470463.1	2628	2529	0	0
XM_034470464.1	989	890	0	0
XM_034470465.1	2084	1985	22	12.9674
XM_034470466.1	2984	2885	0	0
XM_034470467.1	1427	1328	0	0
XM_034470468.1	3728	3629	17.288	5.57377
XM_034470469.1	775	676	11.042	19.1114
XM_034470470.1	737	638	0	0
XM_034470471.1	1940	1841	154	97.8718
XM_034470472.1	12687	12588	0.00319616	0.000297072
XM_034470473.1	12684	12585	0.00422718	0.000392996
XM_034470474.1	12684	12585	0.00422718	0.000392996
XM_034470475.1	12678	12579	0.00739575	0.000687902
XM_034470476.1	12660	12561	0	0
XM_034470477.1	12599	12500	11.9793	1.12128
XM_034470478.1	12648	12549	0.121725	0.0113491
XM_034470479.1	12639	12540	0.282402	0.0263488
XM_034470480.1	12585	12486	44.5975	4.17906
XM_034470481.1	3332	3233	37	13.3902
XM_034470482.1	1109	1010	7.5	8.68822
XM_034470483.1	1109	1010	7.5	8.68822
XM_034470484.1	915	816	0	0
XM_034470485.1	1113	1014	0	0
XM_034470486.1	1705	1606	0	0
XM_034470487.1	1493	1394	0	0
XM_034470488.1	1470	1371	0	0
XM_034470489.1	1378	1279	3	2.74436
XM_034470490.1	3022	2923	0	0
XM_034470491.1	3654	3555	32	10.5318
XM_034470492.1	3928	3829	0	0
XM_034470493.1	3928	3829	0	0
XM_034470494.1	3806	3707	0	0
XM_034470495.1	3924	3825	0	0
XM_034470496.1	3780	3681	0	0
XM_034470497.1	3724	3625	0	0
XM_034470498.1	3853	3754	0	0
XM_034470499.1	3840	3741	0	0
XM_034470500.1	3776	3677	0	0
XM_034470501.1	3764	3665	0	0
XM_034470502.1	3781	3682	0	0
XM_034470503.1	4357	4258	0	0
XM_034470504.1	3763	3664	0	0
XM_034470505.1	2127	2028	0	0
XM_034470506.1	6337	6238	5.62596	1.05522
XM_034470507.1	5146	5047	0	0
XM_034470508.1	5056	4957	0	0
XM_034470509.1	5160	5061	0	0
XM_034470510.1	5036	4937	16.5596	3.92445
XM_034470511.1	2495	2396	0	0
XM_034470512.1	2202	2103	0	0
XM_034470513.1	1133	1034	0	0
XM_034470514.1	2106	2007	22	12.8253
XM_034470515.1	5641	5542	0	0
XM_034470516.1	2144	2045	20	11.4427
XM_034470517.1	2054	1955	0	0
XM_034470518.1	1378	1279	10	9.14788
XM_034470519.1	979	880	1	1.32956
XM_034470520.1	2052	1953	34.7129	20.796
XM_034470521.1	1466	1367	604	516.963
XM_034470522.1	2978	2879	0	0
XM_034470523.1	2605	2506	0	0
XM_034470524.1	2487	2388	6	2.93973
XM_034470525.1	2977	2878	0	0
XM_034470526.1	2954	2855	0	0
XM_034470527.1	2038	1939	10.2871	6.20733
XM_034470528.1	5593	5494	0	0
XM_034470529.1	1618	1519	4	3.08101
XM_034470530.1	1704	1605	0	0
XM_034470531.1	4649	4550	7.89219	2.02944
XM_034470532.1	4646	4547	17.1078	4.4021
XM_034470533.1	1995	1896	0	0
XM_034470534.1	2512	2413	4.84098	2.34729
XM_034470535.1	638	539	0	0
XM_034470536.1	1372	1273	0	0
XM_034470537.1	1957	1858	0	0
XM_034470538.1	2187	2088	0	0
XM_034470539.1	2140	2041	9.98969	5.72664
XM_034470540.1	4402	4303	97	26.3749
XM_034470541.1	1348	1249	2	1.87352
XM_034470542.1	3334	3235	0	0
XM_034470543.1	2786	2687	0	0
XM_034470544.1	4449	4350	0	0
XM_034470545.1	4323	4224	0	0
XM_034470546.1	2472	2373	12	5.91663
XM_034470547.1	3918	3819	0	0
XM_034470548.1	1473	1374	0	0
XM_034470549.1	1357	1258	0.401894	0.373785
XM_034470550.1	1355	1256	2.59811	2.42024
XM_034470551.1	1860	1761	0	0
XM_034470552.1	1809	1710	11	7.5264
XM_034470553.1	1197	1098	0	0
XM_034470554.1	2443	2344	12	5.98983
XM_034470555.1	2537	2438	0	0
XM_034470556.1	2595	2496	0	0
XM_034470557.1	2856	2757	12.2164	5.18438
XM_034470558.1	2837	2738	0	0
XM_034470559.1	1636	1537	0	0
XM_034470560.1	1527	1428	0	0
XM_034470561.1	4675	4576	0	0
XM_034470562.1	1427	1328	0	0
XM_034470563.1	2131	2032	2.80663	1.61604
XM_034470564.1	1570	1471	0	0
XM_034470565.1	2937	2838	2	0.824534
XM_034470566.1	2989	2890	0	0
XM_034470567.1	595	496	0	0
XM_034470568.1	4944	4845	0	0
XM_034470569.1	4929	4830	0	0
XM_034470570.1	4911	4812	0	0
XM_034470571.1	4896	4797	0	0
XM_034470572.1	5071	4972	0	0
XM_034470573.1	6152	6053	0	0
XM_034470574.1	4890	4791	0	0
XM_034470575.1	4879	4780	0	0
XM_034470576.1	4871	4772	0	0
XM_034470577.1	4824	4725	0	0
XM_034470578.1	4791	4692	0	0
XM_034470579.1	4776	4677	0	0
XM_034470580.1	4761	4662	0	0
XM_034470581.1	4749	4650	0	0
XM_034470582.1	4743	4644	0	0
XM_034470583.1	4711	4612	0	0
XM_034470584.1	4703	4604	0	0
XM_034470585.1	4656	4557	0	0
XM_034470586.1	4623	4524	0	0
XM_034470587.1	4593	4494	4.14832e-08	1.08002e-08
XM_034470588.1	4581	4482	9.54946e-07	2.49286e-07
XM_034470589.1	4560	4461	0.000235757	6.18333e-05
XM_034470590.1	4518	4419	15.5385	4.1141
XM_034470591.1	4528	4429	0	0
XM_034470592.1	4520	4421	6.04576e-08	1.60001e-08
XM_034470593.1	4495	4396	0	0
XM_034470594.1	4487	4388	0.000396526	0.000105729
XM_034470595.1	4453	4354	0	0
XM_034470596.1	4445	4346	31.4609	8.46979
XM_034470597.1	5373	5274	0	0
XM_034470598.1	5370	5271	0	0
XM_034470599.1	5370	5271	0	0
XM_034470600.1	5316	5217	0	0
XM_034470601.1	2213	2114	0	0
XM_034470602.1	5304	5205	0	0
XM_034470603.1	5301	5202	0	0
XM_034470604.1	5301	5202	0	0
XM_034470605.1	3404	3305	0	0
XM_034470606.1	5097	4998	7.46145e-05	1.7467e-05
XM_034470607.1	5040	4941	51.9999	12.3134
XM_034470608.1	2705	2606	0	0
XM_034470609.1	2073	1974	0	0
XM_034470610.1	3039	2940	21.2786	8.46813
XM_034470611.1	2067	1968	0	0
XM_034470612.1	4929	4830	0	0
XM_034470613.1	4934	4835	0	0
XM_034470614.1	4669	4570	0	0
XM_034470615.1	3017	2918	18.5813	7.45044
XM_034470616.1	3148	3049	2	0.767474
XM_034470617.1	2190	2091	5	2.79774
XM_034470618.1	1944	1845	3	1.90246
XM_034470619.1	2016	1917	4	2.44134
XM_034470620.1	1689	1590	0	0
XM_034470621.1	1853	1754	0	0
XM_034470622.1	9278	9179	0	0
XM_034470623.1	9269	9170	0	0
XM_034470624.1	9251	9152	40	5.11369
XM_034470625.1	9241	9142	0	0
XM_034470626.1	9242	9143	0	0
XM_034470627.1	9214	9115	0	0
XM_034470628.1	5589	5490	0.984619	0.209839
XM_034470629.1	5571	5472	46.3731	9.91542
XM_034470630.1	5288	5189	0	0
XM_034470631.1	5591	5492	0.642271	0.136829
XM_034470632.1	2282	2183	0	0
XM_034470633.1	2275	2176	0	0
XM_034470634.1	2279	2180	0	0
XM_034470635.1	2145	2046	0	0
XM_034470636.1	2237	2138	0	0
XM_034470637.1	2277	2178	0	0
XM_034470638.1	2145	2046	0	0
XM_034470639.1	2103	2004	0	0
XM_034470640.1	3039	2940	46.5179	18.5124
XM_034470641.1	2912	2813	43.9978	18.3001
XM_034470642.1	3793	3694	0	0
XM_034470643.1	2934	2835	0.00472916	0.00195174
XM_034470644.1	990	891	0	0
XM_034470645.1	2972	2873	0	0
XM_034470646.1	2917	2818	5.47958	2.27508
XM_034470647.1	1934	1835	0	0
XM_034470648.1	4543	4444	0	0
XM_034470649.1	3968	3869	0	0
XM_034470650.1	5739	5640	3.99574	0.828912
XM_034470651.1	5842	5743	0	0
XM_034470652.1	5824	5725	9.57933e-08	1.95772e-08
XM_034470653.1	5812	5713	1.12267e-06	2.2992e-07
XM_034470654.1	5772	5673	0.00426178	0.000878959
XM_034470655.1	1873	1774	2	1.31907
XM_034470656.1	1913	1814	0	0
XM_034470657.1	1534	1435	9.26215	7.5518
XM_034470658.1	1864	1765	33.7379	22.3647
XM_034470659.1	1688	1589	2.20563	1.62405
XM_034470660.1	2443	2344	12.5692	6.27394
XM_034470661.1	2854	2755	0	0
XM_034470662.1	2441	2342	7	3.49705
XM_034470663.1	2576	2477	0	0
XM_034470664.1	2500	2401	71	34.5985
XM_034470665.1	2477	2378	7	3.44411
XM_034470666.1	2505	2406	3	1.45887
XM_034470667.1	8573	8474	0	0
XM_034470668.1	8546	8447	0.0241225	0.00334126
XM_034470669.1	8503	8404	0	0
XM_034470670.1	8574	8475	0	0
XM_034470671.1	8560	8461	0	0
XM_034470672.1	8561	8462	0	0
XM_034470673.1	8551	8452	0	0
XM_034470674.1	8544	8445	0	0
XM_034470675.1	8545	8446	0	0
XM_034470676.1	8540	8441	0	0
XM_034470677.1	8522	8423	0	0
XM_034470678.1	8486	8387	0	0
XM_034470679.1	8450	8351	0	0
XM_034470680.1	8165	8066	0	0
XM_034470681.1	8104	8005	0	0
XM_034470682.1	8075	7976	35.6591	5.23089
XM_034470683.1	8506	8407	6.31682	0.879121
XM_034470684.1	988	889	0	0
XM_034470685.1	899	800	0	0
XM_034470686.1	1052	953	5	6.13858
XM_034470687.1	1833	1734	45	30.3637
XM_034470688.1	6148	6049	1408.9	272.514
XM_034470689.1	5705	5606	28	5.84381
XM_034470690.1	4233	4134	0	0
XM_034470691.1	1960	1861	0	0
XM_034470692.1	8132	8033	5	0.728254
XM_034470693.1	6908	6809	33.7382	5.79734
XM_034470694.1	7649	7550	0	0
XM_034470695.1	6913	6814	14.2618	2.44886
XM_034470696.1	6928	6829	0	0
XM_034470697.1	1536	1437	2	1.62841
XM_034470698.1	1270	1171	7.94634	7.93965
XM_034470699.1	1275	1176	0.0536558	0.0533827
XM_034470700.1	678	579	0	0
XM_034470701.1	14590	14491	21	1.69555
XM_034470702.1	811	712	0	0
XM_034470703.1	739	640	0	0
XM_034470704.1	834	735	0	0
XM_034470705.1	1255	1156	0	0
XM_034470706.1	758	659	0	0
XM_034470707.1	10785	10686	59	6.45993
XM_034470708.1	2787	2688	2.5	1.08818
XM_034470709.1	15101	15002	22.3814	1.74554
XM_034470710.1	6788	6689	149.835	26.2085
XM_034470711.1	7981	7882	15.3932	2.28498
XM_034470712.1	7975	7876	37.6068	5.58665
XM_034470713.1	8350	8251	60	8.50816
XM_034470714.1	2055	1956	0.00154387	0.000923491
XM_034470715.1	4935	4836	5	1.20969
XM_034470716.1	2413	2314	23.7539	12.0105
XM_034470717.1	1440	1341	1	0.872493
XM_034470718.1	1656	1557	13	9.7689
XM_034470719.1	4598	4499	2.93463	0.763183
XM_034470720.1	4589	4490	30.7366	8.00941
XM_034470721.1	4586	4487	67.32	17.5541
XM_034470722.1	4574	4475	0.00871629	0.00227892
XM_034470723.1	1228	1129	0	0
XM_034470724.1	1279	1180	16	15.8646
XM_034470725.1	3985	3886	0	0
XM_034470726.1	1390	1291	4	3.62514
XM_034470727.1	1410	1311	5.89637e-08	5.26227e-08
XM_034470728.1	1412	1313	9.86321e-09	8.7891e-09
XM_034470729.1	2209	2110	5.92697	3.28655
XM_034470730.1	3978	3879	0	0
XM_034470731.1	3854	3755	9	2.80429
XM_034470732.1	1992	1893	0	0
XM_034470733.1	2158	2059	0	0
XM_034470734.1	2060	1961	20	11.9328
XM_034470735.1	1314	1215	203.138	195.616
XM_034470736.1	2834	2735	0	0
XM_034470737.1	2207	2108	4.99997	2.77516
XM_034470738.1	2426	2327	0	0
XM_034470739.1	2318	2219	10.8119	5.70081
XM_034470740.1	2724	2625	4	1.78288
XM_034470741.1	6756	6657	116.484	20.4729
XM_034470742.1	929	830	68	95.8565
XM_034470743.1	1387	1288	0	0
XM_034470744.1	2704	2605	0	0
XM_034470745.1	2073	1974	19	11.2615
XM_034470746.1	1573	1474	0	0
XM_034470747.1	1768	1669	0	0
XM_034470748.1	2043	1944	2.10649	1.26781
XM_034470749.1	2942	2843	0	0
XM_034470750.1	2939	2840	0	0
XM_034470751.1	2921	2822	0	0
XM_034470752.1	2915	2816	0	0
XM_034470753.1	2909	2810	0	0
XM_034470754.1	1777	1678	0	0
XM_034470755.1	2906	2807	0	0
XM_034470756.1	2888	2789	6.75209e-07	2.83257e-07
XM_034470757.1	2885	2786	2.38617e-06	1.0021e-06
XM_034470758.1	2882	2783	8.44413e-06	3.55003e-06
XM_034470759.1	2879	2780	2.99227e-05	1.25935e-05
XM_034470760.1	2876	2777	0.000106179	4.47357e-05
XM_034470761.1	2858	2759	0.218173	0.092521
XM_034470762.1	2855	2756	0.781679	0.331849
XM_034470763.1	1784	1685	13	9.02681
XM_034470764.1	4190	4091	0	0
XM_034470765.1	4203	4104	24.2407	6.91081
XM_034470766.1	4066	3967	0	0
XM_034470767.1	1742	1643	0	0
XM_034470768.1	2859	2760	0	0
XM_034470769.1	1434	1335	0	0
XM_034470770.1	2222	2123	135.124	74.4684
XM_034470771.1	2629	2530	55	25.4351
XM_034470772.1	2589	2490	0	0
XM_034470773.1	2586	2487	0	0
XM_034470774.1	3078	2979	0	0
XM_034470775.1	1355	1256	0	0
XM_034470776.1	1043	944	1	1.23942
XM_034470777.1	7594	7495	3.65704	0.570885
XM_034470778.1	1776	1677	0	0
XM_034470779.1	1357	1258	141	131.138
XM_034470780.1	2976	2877	0	0
XM_034470781.1	7579	7480	38.343	5.99756
XM_034470782.1	2200	2101	0	0
XM_034470783.1	2040	1941	12.892	7.77114
XM_034470784.1	7728	7629	0	0
XM_034470785.1	2084	1985	2.87442e-08	1.69426e-08
XM_034470786.1	2053	1954	3	1.79634
XM_034470787.1	7715	7616	2.53843e-08	3.89968e-09
XM_034470788.1	2600	2501	0	0
XM_034470789.1	2569	2470	18.5366	8.78059
XM_034470790.1	7552	7453	0	0
XM_034470791.1	2572	2473	4.46342	2.11171
XM_034470792.1	2698	2599	0	0
XM_034470793.1	2675	2576	0	0
XM_034470794.1	2826	2727	45	19.3072
XM_034470795.1	7175	7076	20	3.30699
XM_034470796.1	4002	3903	7.79042	2.33536
XM_034470797.1	4096	3997	0	0
XM_034470798.1	3626	3527	0	0
XM_034470799.1	3000	2901	5.20958	2.1011
XM_034470800.1	8185	8086	0.0357124	0.00516744
XM_034470801.1	8139	8040	28.7837	4.18872
XM_034470802.1	6336	6237	0.000314952	5.90826e-05
XM_034470803.1	8184	8085	0.041288	0.00597495
XM_034470804.1	8186	8087	0.0308902	0.00446915
XM_034470805.1	8143	8044	16.0607	2.33605
XM_034470806.1	3645	3546	8	2.63962
XM_034470807.1	8053	7954	0	0
XM_034470808.1	6404	6305	0	0
XM_034470809.1	1729	1630	0	0
XM_034470810.1	2998	2899	0	0
XM_034470811.1	2954	2855	0	0
XM_034470812.1	4882	4783	0.0536632	0.0131271
XM_034470813.1	4905	4806	0	0
XM_034470814.1	2951	2852	0	0
XM_034470815.1	4834	4735	0	0
XM_034470816.1	4685	4586	1.6364	0.417489
XM_034470817.1	4786	4687	0	0
XM_034470818.1	2027	1928	0	0
XM_034470819.1	2884	2785	7.22419	3.03497
XM_034470820.1	4714	4615	0.00100605	0.000255058
XM_034470821.1	4677	4578	12.6861	3.24224
XM_034470822.1	1628	1529	1	0.765215
XM_034470823.1	1685	1586	0	0
XM_034470824.1	2695	2596	0.999999	0.450698
XM_034470825.1	1762	1663	0	0
XM_034470826.1	2065	1966	0	0
XM_034470827.1	2647	2548	27	12.3981
XM_034470828.1	2496	2397	0	0
XM_034470829.1	7657	7558	0	0
XM_034470830.1	6806	6707	0	0
XM_034470831.1	7603	7504	0	0
XM_034470832.1	6688	6589	0	0
XM_034470833.1	6517	6418	1.19293e-08	2.17474e-09
XM_034470834.1	6556	6457	0	0
XM_034470835.1	6678	6579	0	0
XM_034470836.1	6642	6543	0	0
XM_034470837.1	6630	6531	0	0
XM_034470838.1	2004	1905	4	2.45672
XM_034470839.1	7454	7355	0	0
XM_034470840.1	6519	6420	0	0
XM_034470841.1	6400	6301	28.1293	5.22325
XM_034470842.1	6557	6458	0	0
XM_034470843.1	6176	6077	10.8707	2.09295
XM_034470844.1	2392	2293	13	6.63331
XM_034470845.1	1980	1881	5	3.11008
XM_034470846.1	7328	7229	21	3.39885
XM_034470847.1	1321	1222	6	5.74475
XM_034470848.1	4669	4570	0	0
XM_034470849.1	4609	4510	1.99076e-05	5.16456e-06
XM_034470850.1	4553	4454	46.1427	12.1211
XM_034470851.1	4713	4614	46.9356	11.9019
XM_034470852.1	4739	4640	0.0644057	0.0162404
XM_034470853.1	3901	3802	3.58553	1.1034
XM_034470854.1	2984	2885	76.3022	30.9444
XM_034470855.1	4192	4093	9.99553	2.85729
XM_034470856.1	4492	4393	0	0
XM_034470857.1	4432	4333	4	1.0801
XM_034470858.1	3094	2995	0	0
XM_034470859.1	5808	5709	8.01576	1.64277
XM_034470860.1	4452	4353	2.98424	0.802113
XM_034470861.1	3520	3421	0	0
XM_034470862.1	3435	3336	0	0
XM_034470863.1	786	687	0	0
XM_034470864.1	849	750	0	0
XM_034470865.1	650	551	0	0
XM_034470866.1	782	683	0	0
XM_034470867.1	397	298	0	0
XM_034470868.1	2347	2248	1.50799	0.784864
XM_034470869.1	1129	1030	0	0
XM_034470870.1	4281	4182	0	0
XM_034470871.1	4360	4261	0	0
XM_034470872.1	4158	4059	0	0
XM_034470873.1	4136	4037	0	0
XM_034470874.1	4348	4249	0	0
XM_034470875.1	4333	4234	0	0
XM_034470876.1	4255	4156	0	0
XM_034470877.1	4053	3954	0.0199837	0.00591329
XM_034470878.1	4029	3930	25.2477	7.51657
XM_034470879.1	4243	4144	38.7253	10.9337
XM_034470880.1	4219	4120	0	0
XM_034470881.1	4207	4108	0.00705567	0.00200955
XM_034470882.1	4114	4015	0	0
XM_034470883.1	3336	3237	104	37.5908
XM_034470884.1	3237	3138	10	3.72853
XM_034470885.1	4113	4014	0	0
XM_034470886.1	3693	3594	13.7701	4.48281
XM_034470887.1	4139	4040	0	0
XM_034470888.1	4266	4167	0	0
XM_034470889.1	4383	4284	0	0
XM_034470890.1	4207	4108	0	0
XM_034470891.1	1884	1785	0	0
XM_034470892.1	4181	4082	0	0
XM_034470893.1	4240	4141	0	0
XM_034470894.1	3432	3333	3.22989	1.13382
XM_034470895.1	3641	3542	0	0
XM_034470896.1	1685	1586	20	14.7543
XM_034470897.1	1230	1131	0	0
XM_034470898.1	1227	1128	0	0
XM_034470899.1	1091	992	0.00265872	0.00313582
XM_034470900.1	1086	987	0.997341	1.18227
XM_034470901.1	820	721	0	0
XM_034470902.1	1395	1296	5	4.51394
XM_034470903.1	4827	4728	50	12.3732
XM_034470904.1	2750	2651	2	0.882696
XM_034470905.1	4006	3907	0.71102	0.212926
XM_034470906.1	4009	3910	0.28898	0.0864731
XM_034470907.1	2161	2062	0	0
XM_034470908.1	1394	1295	0	0
XM_034470909.1	1337	1238	0	0
XM_034470910.1	1824	1725	1.03232e-06	7.00188e-07
XM_034470911.1	1803	1704	1.79307	1.23117
XM_034470912.1	1477	1378	2.13566	1.81331
XM_034470913.1	3067	2968	2.16901e-08	8.55043e-09
XM_034470914.1	3091	2992	0	0
XM_034470915.1	3028	2929	0.118738	0.0474308
XM_034470916.1	813	714	0	0
XM_034470917.1	420	321	0	0
XM_034470918.1	3475	3376	0	0
XM_034470919.1	995	896	0	0
XM_034470920.1	814	715	0	0
XM_034470921.1	7466	7367	0	0
XM_034470922.1	7824	7725	0	0
XM_034470923.1	7544	7445	0	0
XM_034470924.1	7463	7364	0	0
XM_034470925.1	7463	7364	0	0
XM_034470926.1	7457	7358	0	0
XM_034470927.1	7438	7339	0	0
XM_034470928.1	7412	7313	0	0
XM_034470929.1	7388	7289	0	0
XM_034470930.1	6940	6841	7.10859	1.21578
XM_034470931.1	6937	6838	11.8914	2.03467
XM_034470932.1	5694	5595	0	0
XM_034470933.1	5691	5592	0	0
XM_034470934.1	1740	1641	0	0
XM_034470935.1	2244	2145	0	0
XM_034470936.1	1030	931	22.5	28.2764
XM_034470937.1	1296	1197	4.5	4.39855
XM_034470938.1	1693	1594	20	14.6802
XM_034470939.1	2811	2712	0	0
XM_034470940.1	3115	3016	0	0
XM_034470941.1	2827	2728	4	1.71556
XM_034470942.1	1685	1586	0	0
XM_034470943.1	2873	2774	1.21235e-08	5.11343e-09
XM_034470944.1	1711	1612	0	0
XM_034470945.1	1679	1580	0	0
XM_034470946.1	2619	2520	2	0.928582
XM_034470947.1	2106	2007	17	9.91043
XM_034470948.1	1784	1685	0	0
XM_034470949.1	1784	1685	0	0
XM_034470950.1	2492	2393	0	0
XM_034470951.1	1723	1624	11.8373	8.5282
XM_034470952.1	2046	1947	0.50053	0.300784
XM_034470953.1	2280	2181	0	0
XM_034470954.1	2412	2313	0	0
XM_034470955.1	1730	1631	0.0762366	0.054689
XM_034470956.1	11109	11010	23.1239	2.45734
XM_034470957.1	2042	1943	5.58594	3.36368
XM_034470958.1	2461	2362	0	0
XM_034470959.1	2158	2059	0	0
XM_034470960.1	2037	1938	20	12.0744
XM_034470961.1	2121	2022	0	0
XM_034470962.1	11106	11007	31.8338	3.38384
XM_034470963.1	2630	2531	0	0
XM_034470964.1	2648	2549	0	0
XM_034470965.1	2611	2512	0	0
XM_034470966.1	2456	2357	0	0
XM_034470967.1	2637	2538	17.7258	8.17157
XM_034470968.1	3203	3104	0	0
XM_034470969.1	2545	2446	0	0
XM_034470970.1	2341	2242	0.00149671	0.000781075
XM_034470971.1	2405	2306	0	0
XM_034470972.1	7060	6961	0	0
XM_034470973.1	4457	4358	17	4.56407
XM_034470974.1	1018	919	17.5229	22.3091
XM_034470975.1	3244	3145	8.47709	3.15367
XM_034470976.1	2099	2000	0	0
XM_034470977.1	6891	6792	0	0
XM_034470978.1	1685	1586	37	27.2954
XM_034470979.1	1025	926	0	0
XM_034470980.1	918	819	0	0
XM_034470981.1	4971	4872	0.0131021	0.00314647
XM_034470982.1	7044	6945	0	0
XM_034470983.1	4938	4839	37.9869	9.18479
XM_034470984.1	752	653	1.76815	3.16808
XM_034470985.1	1857	1758	1	0.665537
XM_034470986.1	1002	903	0	0
XM_034470987.1	813	714	0	0
XM_034470988.1	1836	1737	7	4.71508
XM_034470989.1	7044	6945	0	0
XM_034470990.1	2943	2844	0	0
XM_034470991.1	1058	959	2	2.44007
XM_034470992.1	7044	6945	0	0
XM_034470993.1	709	610	0	0
XM_034470994.1	2711	2612	54.9734	24.6246
XM_034470995.1	1811	1712	0	0
XM_034470996.1	1585	1486	0	0
XM_034470997.1	7044	6945	0	0
XM_034470998.1	1378	1279	2	1.82958
XM_034470999.1	1034	935	10.4916	13.1287
XM_034471000.1	6429	6330	0	0
XM_034471001.1	7024	6925	0	0
XM_034471002.1	6464	6365	0	0
XM_034471003.1	6411	6312	0	0
XM_034471004.1	6408	6309	0	0
XM_034471005.1	6402	6303	0	0
XM_034471006.1	6337	6238	3.73852e-05	7.01206e-06
XM_034471007.1	6321	6222	0.000760364	0.000142982
XM_034471008.1	6319	6220	0.00110866	0.000208545
XM_034471009.1	6283	6184	1.0042	0.189994
XM_034471010.1	6265	6166	30.6754	5.82073
XM_034471011.1	6592	6493	0	0
XM_034471012.1	2703	2604	0.561828	0.252437
XM_034471013.1	2699	2600	3.40985	1.53445
XM_034471014.1	4331	4232	8	2.21175
XM_034471015.1	6990	6891	1	0.169789
XM_034471016.1	1274	1175	6.48586	6.45833
XM_034471017.1	1160	1061	20	22.0549
XM_034471018.1	6383	6284	0	0
XM_034471019.1	2280	2181	0	0
XM_034471020.1	2187	2088	0	0
XM_034471021.1	6312	6213	0	0
XM_034471022.1	4395	4296	7.91202	2.15484
XM_034471023.1	10162	10063	7	0.813882
XM_034471024.1	4170	4071	0	0
XM_034471025.1	4192	4093	13	3.71614
XM_034471026.1	1116	1017	7.89478	9.08259
XM_034471027.1	5332	5233	1.74402e-08	3.89935e-09
XM_034471028.1	3085	2986	0	0
XM_034471029.1	4878	4779	0.00406412	0.000994994
XM_034471030.1	1566	1467	6.18914	4.93618
XM_034471031.1	5330	5231	2.73079e-08	6.10793e-09
XM_034471032.1	1925	1826	0	0
XM_034471033.1	1659	1560	0	0
XM_034471034.1	1548	1449	0	0
XM_034471035.1	1759	1660	149.519	105.385
XM_034471036.1	1791	1692	2.80455e-08	1.93934e-08
XM_034471037.1	5242	5143	12	2.72996
XM_034471038.1	2706	2607	14	6.28316
XM_034471039.1	429	330	0	0
XM_034471040.1	3545	3446	0	0
XM_034471041.1	3244	3145	3	1.11607
XM_034471042.1	3196	3097	0	0
XM_034471043.1	1529	1430	141	115.365
XM_034471044.1	3814	3715	5	1.57472
XM_034471045.1	3508	3409	0	0
XM_034471046.1	3524	3425	0	0
XM_034471047.1	3372	3273	0	0
XM_034471048.1	3372	3273	0	0
XM_034471049.1	551	452	19.9095	51.5362
XM_034471050.1	2268	2169	0	0
XM_034471051.1	2178	2079	3	1.68833
XM_034471052.1	4997	4898	23.6976	5.66078
XM_034471053.1	1690	1591	52.3024	38.4629
XM_034471054.1	591	492	7.47408	17.7739
XM_034471055.1	836	737	0	0
XM_034471056.1	4627	4528	1.20811e-06	3.12169e-07
XM_034471057.1	4624	4525	2.62867e-06	6.79685e-07
XM_034471058.1	4660	4561	50.2704	12.8956
XM_034471059.1	4575	4476	0.925279	0.241865
XM_034471060.1	3450	3351	0	0
XM_034471061.1	3258	3159	0	0
XM_034471062.1	1387	1288	0	0
XM_034471063.1	3413	3314	38	13.416
XM_034471064.1	3189	3090	0	0
XM_034471065.1	2956	2857	6	2.45715
XM_034471066.1	2365	2266	2	1.03267
XM_034471067.1	2462	2363	2	0.990278
XM_034471068.1	2606	2507	0	0
XM_034471069.1	2552	2453	2	0.953945
XM_034471070.1	3154	3055	83	31.7876
XM_034471071.1	2448	2349	32	15.9389
XM_034471072.1	2936	2837	1	0.412412
XM_034471073.1	3651	3552	0	0
XM_034471074.1	2637	2538	0	0
XM_034471075.1	2546	2447	1	0.478142
XM_034471076.1	715	616	0	0
XM_034471077.1	7527	7428	0	0
XM_034471078.1	7098	6999	0	0
XM_034471079.1	7098	6999	0.000174392	2.91529e-05
XM_034471080.1	7098	6999	33.5995	5.61679
XM_034471081.1	7100	7001	24.0316	4.01618
XM_034471082.1	6843	6744	21.694	3.76368
XM_034471083.1	6844	6745	18.2309	3.16239
XM_034471084.1	7413	7314	0	0
XM_034471085.1	7298	7199	0	0
XM_034471086.1	6956	6857	0	0
XM_034471087.1	6384	6285	8.60907	1.60266
XM_034471088.1	6384	6285	8.60907	1.60266
XM_034471089.1	5300	5201	0	0
XM_034471090.1	2115	2016	7	4.06255
XM_034471091.1	3205	3106	4	1.50678
XM_034471092.1	3205	3106	0.0662003	0.0249373
XM_034471093.1	3198	3099	0.9338	0.352552
XM_034471094.1	1272	1173	0	0
XM_034471095.1	2653	2554	0	0
XM_034471096.1	2645	2546	0	0
XM_034471097.1	1465	1366	50	42.8263
XM_034471098.1	1340	1241	0	0
XM_034471099.1	2984	2885	15	6.08326
XM_034471100.1	3699	3600	0	0
XM_034471101.1	3684	3585	0	0
XM_034471102.1	3669	3570	0	0
XM_034471103.1	3654	3555	0	0
XM_034471104.1	3883	3784	23.8199	7.36512
XM_034471105.1	3908	3809	0	0
XM_034471106.1	3875	3776	0	0
XM_034471107.1	3761	3662	58.983	18.8451
XM_034471108.1	2362	2263	0	0
XM_034471109.1	1715	1616	2	1.44804
XM_034471110.1	3130	3031	0	0
XM_034471111.1	2080	1981	4.65005	2.7464
XM_034471112.1	2082	1983	8.08412	4.76981
XM_034471113.1	2064	1965	7.84009	4.6682
XM_034471114.1	1263	1164	3.18036	3.1968
XM_034471115.1	1752	1653	0	0
XM_034471116.1	1271	1172	0.00103094	0.00102919
XM_034471117.1	1954	1855	8.89379	5.60962
XM_034471118.1	1378	1279	1	0.914788
XM_034471119.1	1048	949	0	0
XM_034471120.1	923	824	13.9247	19.7719
XM_034471121.1	1756	1657	0	0
XM_034471122.1	1388	1289	0	0
XM_034471123.1	1060	961	0	0
XM_034471124.1	1053	954	0	0
XM_034471125.1	914	815	0	0
XM_034471126.1	844	745	1	1.57049
XM_034471127.1	1065	966	0	0
XM_034471128.1	1251	1152	0	0
XM_034471129.1	1764	1665	0	0
XM_034471130.1	1989	1890	7.6832	4.75632
XM_034471131.1	747	648	0	0
XM_034471132.1	478	379	2.31705	7.15298
XM_034471133.1	390	291	0	0
XM_034471134.1	1656	1557	1.56383	1.17514
XM_034471135.1	2308	2209	0	0
XM_034471136.1	2337	2238	9.34446	4.88523
XM_034471137.1	2414	2315	40.5607	20.4996
XM_034471138.1	1778	1679	0	0
XM_034471139.1	2268	2169	19.4562	10.4951
XM_034471140.1	2073	1974	1.74652	1.03518
XM_034471141.1	781	682	0	0
XM_034471142.1	2679	2580	0	0
XM_034471143.1	2206	2107	0	0
XM_034471144.1	2018	1919	1.61443	0.984316
XM_034471145.1	2260	2161	0	0
XM_034471146.1	2034	1935	2.72523	1.64783
XM_034471147.1	5447	5348	30.4757	6.66735
XM_034471148.1	5438	5339	229.878	50.3764
XM_034471149.1	1865	1766	0	0
XM_034471150.1	1446	1347	0.101854	0.0884715
XM_034471151.1	5375	5276	2.32711e-05	5.16062e-06
XM_034471152.1	5360	5261	0.000656467	0.000145994
XM_034471153.1	1908	1809	0	0
XM_034471154.1	1931	1832	0	0
XM_034471155.1	5333	5234	0.274397	0.061339
XM_034471156.1	5324	5225	2.06589	0.462607
XM_034471157.1	1892	1793	0	0
XM_034471158.1	5315	5216	15.608	3.50106
XM_034471159.1	1769	1670	0.00011478	8.04157e-05
XM_034471160.1	5340	5241	0.0572166	0.0127732
XM_034471161.1	1794	1695	0	0
XM_034471162.1	1817	1718	0	0
XM_034471163.1	1785	1686	0	0
XM_034471164.1	1824	1725	0	0
XM_034471165.1	1808	1709	0	0
XM_034471166.1	1769	1670	0	0
XM_034471167.1	1646	1547	224.256	169.607
XM_034471168.1	7064	6965	0	0
XM_034471169.1	2260	2161	3.10806	1.68277
XM_034471170.1	2473	2374	0	0
XM_034471171.1	3164	3065	4.04676	1.54479
XM_034471172.1	3178	3079	0.0192972	0.0073329
XM_034471173.1	3163	3064	5.93394	2.26592
XM_034471174.1	3059	2960	0	0
XM_034471175.1	2744	2645	5.83194	2.57975
XM_034471176.1	2760	2661	0.00493735	0.0021709
XM_034471177.1	2856	2757	0	0
XM_034471178.1	1830	1731	2	1.35184
XM_034471179.1	2785	2686	8.50714e-08	3.70568e-08
XM_034471180.1	1642	1543	2.09019e-07	1.58493e-07
XM_034471181.1	2465	2366	16	7.91218
XM_034471182.1	1104	1005	0	0
XM_034471183.1	2969	2870	0	0
XM_034471184.1	2966	2867	0	0
XM_034471185.1	2698	2599	7.70876e-07	3.47032e-07
XM_034471186.1	2671	2572	0.161031	0.0732536
XM_034471187.1	3163	3064	0	0
XM_034471188.1	4887	4788	1.31937	0.322407
XM_034471189.1	5093	4994	0	0
XM_034471190.1	2178	2079	1059	595.981
XM_034471191.1	2060	1961	0	0
XM_034471192.1	2362	2263	111.966	57.8884
XM_034471193.1	2119	2020	0	0
XM_034471194.1	3301	3202	0	0
XM_034471195.1	2442	2343	0	0
XM_034471196.1	2316	2217	2.97031	1.56757
XM_034471197.1	1145	1046	0	0
XM_034471198.1	1076	977	0	0
XM_034471199.1	2496	2397	10.2072	4.98227
XM_034471200.1	1972	1873	0	0
XM_034471201.1	1476	1377	0	0
XM_034471202.1	1615	1516	4.76551	3.67791
XM_034471203.1	1666	1567	0	0
XM_034471204.1	1455	1356	0	0
XM_034471205.1	1273	1174	0	0
XM_034471206.1	1204	1105	1.26278	1.33707
XM_034471207.1	1688	1589	0	0
XM_034471208.1	833	734	2	3.18805
XM_034471209.1	1492	1393	0	0
XM_034471210.1	1250	1151	1	1.01652
XM_034471211.1	1112	1013	0	0
XM_034471212.1	1042	943	3	3.72221
XM_034471213.1	836	737	0	0
XM_034471214.1	1191	1092	0	0
XM_034471215.1	1467	1368	2	1.71055
XM_034471216.1	1315	1216	116.903	112.482
XM_034471217.1	657	558	0	0
XM_034471218.1	752	653	1	1.79175
XM_034471219.1	739	640	9	16.4533
XM_034471220.1	1283	1184	43	42.492
XM_034471221.1	995	896	0	0
XM_034471222.1	512	413	1	2.83296
XM_034471223.1	1161	1062	1	1.10171
XM_034471224.1	1844	1745	36	24.1378
XM_034471225.1	681	582	1	2.01033
XM_034471226.1	3306	3207	10.9529	3.99595
XM_034471227.1	4144	4045	17.4423	5.04516
XM_034471228.1	4125	4026	0	0
XM_034471229.1	1522	1423	2	1.64443
XM_034471230.1	3272	3173	3	1.10622
XM_034471231.1	1972	1873	0	0
XM_034471232.1	1934	1835	0	0
XM_034471233.1	4079	3980	0	0
XM_034471234.1	4076	3977	0	0
XM_034471235.1	2121	2022	0	0
XM_034471236.1	2120	2021	0	0
XM_034471237.1	4012	3913	0	0
XM_034471238.1	1252	1153	0	0
XM_034471239.1	2055	1956	0.991738	0.593224
XM_034471240.1	2063	1964	0.00826225	0.00492207
XM_034471241.1	1932	1833	3.58374e-05	2.28752e-05
XM_034471242.1	1346	1247	1	0.938263
XM_034471243.1	6338	6239	0	0
XM_034471244.1	6288	6189	0	0
XM_034471245.1	6138	6039	3	0.581229
XM_034471246.1	6305	6206	0	0
XM_034471247.1	3911	3812	2.63948	0.810132
XM_034471248.1	3963	3864	12	3.63358
XM_034471249.1	3142	3043	0	0
XM_034471250.1	3905	3806	16.7485	5.14871
XM_034471251.1	2733	2634	0	0
XM_034471252.1	2655	2556	0.776179	0.355298
XM_034471253.1	2649	2550	12.2238	5.60864
XM_034471254.1	2737	2638	0	0
XM_034471255.1	3047	2948	0	0
XM_034471256.1	1149	1050	0	0
XM_034471257.1	955	856	0	0
XM_034471258.1	2271	2172	0.0841811	0.0453467
XM_034471259.1	2431	2332	0	0
XM_034471260.1	2447	2348	0	0
XM_034471261.1	2259	2160	55.9158	30.2881
XM_034471262.1	2441	2342	0	0
XM_034471263.1	2966	2867	6.86579	2.80191
XM_034471264.1	2334	2235	57.6957	30.2035
XM_034471265.1	802	703	0	0
XM_034471266.1	800	701	0	0
XM_034471267.1	2192	2093	1	0.559013
XM_034471268.1	5839	5740	3.31395	0.675499
XM_034471269.1	1952	1853	49	30.9394
XM_034471270.1	2542	2443	0	0
XM_034471271.1	3264	3165	0	0
XM_034471272.1	3094	2995	0	0
XM_034471273.1	5504	5405	0	0
XM_034471274.1	1900	1801	6	3.89788
XM_034471275.1	3947	3848	30.8174	9.37027
XM_034471276.1	3731	3632	0	0
XM_034471277.1	3012	2913	41.6456	16.7271
XM_034471278.1	1867	1768	1.08388	0.71728
XM_034471279.1	820	721	0	0
XM_034471280.1	764	665	2.46982	4.34545
XM_034471281.1	779	680	0	0
XM_034471282.1	768	669	0.0021758	0.00380526
XM_034471283.1	792	693	0	0
XM_034471284.1	3784	3685	4	1.27003
XM_034471285.1	3875	3776	1	0.309855
XM_034471286.1	4120	4021	0	0
XM_034471287.1	3734	3635	0	0
XM_034471288.1	1972	1873	15	9.3701
XM_034471289.1	2229	2130	0	0
XM_034471290.1	1722	1623	0	0
XM_034471291.1	1674	1575	0.289583	0.215121
XM_034471292.1	1129	1030	0	0
XM_034471293.1	3513	3414	0.626425	0.214682
XM_034471294.1	2052	1953	0	0
XM_034471295.1	3102	3003	0	0
XM_034471296.1	2960	2861	2	0.817905
XM_034471297.1	3022	2923	0	0
XM_034471298.1	2052	1953	0	0
XM_034471299.1	2228	2129	1	0.54956
XM_034471300.1	2228	2129	1	0.54956
XM_034471301.1	388	289	0	0
XM_034471302.1	2854	2755	0	0
XM_034471303.1	1814	1715	0	0
XM_034471304.1	2337	2238	3.63902	1.90246
XM_034471305.1	1722	1623	13.361	9.63187
XM_034471306.1	4682	4583	0	0
XM_034471307.1	4709	4610	0	0
XM_034471308.1	4722	4623	27	6.8333
XM_034471309.1	4664	4565	0	0
XM_034471310.1	3884	3785	20.3683	6.29621
XM_034471311.1	3831	3732	0	0
XM_034471312.1	2849	2750	0	0
XM_034471313.1	3759	3660	0	0
XM_034471314.1	3760	3661	0	0
XM_034471315.1	3687	3588	0	0
XM_034471316.1	3615	3516	9.41647	3.1335
XM_034471317.1	3071	2972	0	0
XM_034471318.1	2735	2636	0	0
XM_034471319.1	3167	3068	0.564597	0.215315
XM_034471320.1	3161	3062	5.6103	2.14374
XM_034471321.1	3162	3063	3.8251	1.46112
XM_034471322.1	2707	2608	2.76455	1.24024
XM_034471323.1	3169	3070	0	0
XM_034471324.1	3070	2971	1.02908	0.405262
XM_034471325.1	3002	2903	0	0
XM_034471326.1	2865	2766	6.18779	2.61742
XM_034471327.1	3010	2911	0	0
XM_034471328.1	2002	1903	0	0
XM_034471329.1	1900	1801	0	0
XM_034471330.1	2904	2805	0	0
XM_034471331.1	2834	2735	7.22165	3.08937
XM_034471332.1	466	367	0	0
XM_034471333.1	2356	2257	1.08497	0.562442
XM_034471334.1	3247	3148	27.5468	10.2383
XM_034471335.1	1997	1898	0	0
XM_034471336.1	1955	1856	21.8878	13.798
XM_034471337.1	2353	2254	5.90466	3.06501
XM_034471338.1	1177	1078	0	0
XM_034471339.1	1159	1060	0	0
XM_034471340.1	487	388	0	0
XM_034471341.1	2425	2326	0	0
XM_034471342.1	1201	1102	2.51563	2.67089
XM_034471343.1	725	626	0	0
XM_034471344.1	1064	965	0	0
XM_034471345.1	1308	1209	0	0
XM_034471346.1	973	874	0	0
XM_034471347.1	1043	944	61	75.6047
XM_034471348.1	2133	2034	0	0
XM_034471349.1	2085	1986	0	0
XM_034471350.1	2055	1956	0	0
XM_034471351.1	4305	4206	0	0
XM_034471352.1	2021	1922	0	0
XM_034471353.1	2029	1930	0	0
XM_034471354.1	2351	2252	0	0
XM_034471355.1	2466	2367	16	7.90884
XM_034471356.1	3119	3020	14.6447	5.67368
XM_034471357.1	3137	3038	3.16337e-05	1.2183e-05
XM_034471358.1	3106	3007	5.30998	2.0661
XM_034471359.1	3141	3042	6.75851e-06	2.59946e-06
XM_034471360.1	3110	3011	1.11658	0.433878
XM_034471361.1	3146	3047	18.435	7.07884
XM_034471362.1	2107	2008	0	0
XM_034471363.1	1915	1816	36.9282	23.7921
XM_034471364.1	1331	1232	0	0
XM_034471365.1	2144	2045	0	0
XM_034471366.1	3233	3134	0	0
XM_034471367.1	1067	968	259	313.051
XM_034471368.1	1584	1485	0	0
XM_034471369.1	2389	2290	6	3.06554
XM_034471370.1	2382	2283	0	0
XM_034471371.1	2833	2734	9.15664	3.91858
XM_034471372.1	1066	967	8.81764	10.6688
XM_034471373.1	2070	1971	17.0835	10.141
XM_034471374.1	2379	2280	0	0
XM_034471375.1	2163	2064	0	0
XM_034471376.1	1366	1267	5	4.61726
XM_034471377.1	2563	2464	0	0
XM_034471378.1	2513	2414	0	0
XM_034471379.1	2510	2411	0	0
XM_034471380.1	2437	2338	33	16.5143
XM_034471381.1	2396	2297	1.67122e-06	8.51261e-07
XM_034471382.1	8272	8173	24.1328	3.45476
XM_034471383.1	4258	4159	0	0
XM_034471384.1	4416	4317	0	0
XM_034471385.1	1883	1784	0	0
XM_034471386.1	4582	4483	12	3.13187
XM_034471387.1	3955	3856	2	0.606853
XM_034471388.1	3538	3439	2.23886	0.761701
XM_034471389.1	1767	1668	0	0
XM_034471390.1	3692	3593	63.8938	20.8062
XM_034471391.1	1154	1055	3	3.32705
XM_034471392.1	3870	3771	12	3.72319
XM_034471393.1	2872	2773	0	0
XM_034471394.1	2834	2735	0	0
XM_034471395.1	8848	8749	0	0
XM_034471396.1	2743	2644	9	3.98265
XM_034471397.1	1404	1305	1	0.896562
XM_034471398.1	1445	1346	0	0
XM_034471399.1	2100	2001	1	0.584714
XM_034471400.1	2097	1998	0	0
XM_034471401.1	2502	2403	0	0
XM_034471402.1	2296	2197	0	0
XM_034471403.1	2293	2194	0	0
XM_034471404.1	2280	2181	0	0
XM_034471405.1	8361	8262	0	0
XM_034471406.1	2269	2170	0	0
XM_034471407.1	2267	2168	0	0
XM_034471408.1	2384	2285	0	0
XM_034471409.1	2253	2154	0	0
XM_034471410.1	2382	2283	0	0
XM_034471411.1	2168	2069	0	0
XM_034471412.1	2293	2194	0	0
XM_034471413.1	2141	2042	0	0
XM_034471414.1	2391	2292	2.04341e-07	1.04311e-07
XM_034471415.1	7994	7895	4.88612e-07	7.24107e-08
XM_034471416.1	2267	2168	0	0
XM_034471417.1	2418	2319	30.9551	15.6179
XM_034471418.1	1716	1617	41.0449	29.6989
XM_034471419.1	3835	3736	10	3.13173
XM_034471420.1	8099	8000	0	0
XM_034471421.1	1884	1785	0	0
XM_034471422.1	2655	2556	0	0
XM_034471423.1	2108	2009	0	0
XM_034471424.1	2046	1947	0	0
XM_034471425.1	1875	1776	0	0
XM_034471426.1	1572	1473	3	2.38292
XM_034471427.1	3223	3124	0	0
XM_034471428.1	3115	3016	4.31692	1.67469
XM_034471429.1	4238	4139	3.44901e-08	9.74968e-09
XM_034471430.1	4248	4149	0	0
XM_034471431.1	2074	1975	7	4.14688
XM_034471432.1	2300	2201	5.20193	2.76526
XM_034471433.1	2080	1981	14	8.26865
XM_034471434.1	4167	4068	22.5	6.47131
XM_034471435.1	1050	951	0	0
XM_034471436.1	1058	959	0	0
XM_034471437.1	1074	975	0	0
XM_034471438.1	833	734	0	0
XM_034471439.1	4376	4277	0	0
XM_034471440.1	817	718	0	0
XM_034471441.1	997	898	0	0
XM_034471442.1	719	620	0	0
XM_034471443.1	1907	1808	0	0
XM_034471444.1	4167	4068	22.5	6.47131
XM_034471445.1	1265	1166	0	0
XM_034471446.1	1259	1160	0	0
XM_034471447.1	1195	1096	29.1497	31.1182
XM_034471448.1	1086	987	0	0
XM_034471449.1	2372	2273	7	3.60321
XM_034471450.1	4065	3966	9	2.6551
XM_034471451.1	4159	4060	0	0
XM_034471452.1	2349	2250	0	0
XM_034471453.1	2295	2196	0	0
XM_034471454.1	2105	2006	58	33.8289
XM_034471455.1	2843	2744	0	0
XM_034471456.1	3612	3513	4	1.33221
XM_034471457.1	3542	3443	0	0
XM_034471458.1	1172	1073	0	0
XM_034471459.1	2782	2683	0	0
XM_034471460.1	2374	2275	0	0
XM_034471461.1	2844	2745	0	0
XM_034471462.1	8856	8757	0	0
XM_034471463.1	8853	8754	0	0
XM_034471464.1	2782	2683	0	0
XM_034471465.1	8999	8900	0	0
XM_034471466.1	8825	8726	0	0
XM_034471467.1	6982	6883	6	1.01992
XM_034471468.1	959	860	0	0
XM_034471469.1	1692	1593	0	0
XM_034471470.1	1565	1466	1	0.798099
XM_034471471.1	1484	1385	10	8.44775
XM_034471472.1	1368	1269	0	0
XM_034471473.1	2785	2686	0	0
XM_034471474.1	4900	4801	0.000502549	0.000122472
XM_034471475.1	4943	4844	1.44152e-08	3.48182e-09
XM_034471476.1	4872	4773	0.479642	0.117575
XM_034471477.1	4855	4756	31.5199	7.75413
XM_034471478.1	923	824	0	0
XM_034471479.1	898	799	3	4.39304
XM_034471480.1	3003	2904	0.0154253	0.00621482
XM_034471481.1	2779	2680	0	0
XM_034471482.1	3439	3340	8.60793e-07	3.01539e-07
XM_034471483.1	1291	1192	0	0
XM_034471484.1	1228	1129	0	0
XM_034471485.1	2664	2565	0	0
XM_034471486.1	4939	4840	0	0
XM_034471487.1	5119	5020	72.5887	16.9183
XM_034471488.1	1311	1212	4	3.86143
XM_034471489.1	2414	2315	0	0
XM_034471490.1	2162	2063	0	0
XM_034471491.1	3984	3885	0	0
XM_034471492.1	4050	3951	54	15.9911
XM_034471493.1	3745	3646	0	0
XM_034471494.1	2324	2225	0	0
XM_034471495.1	2870	2771	41	17.3116
XM_034471496.1	4044	3945	2	0.593163
XM_034471497.1	3755	3656	61	19.5216
XM_034471498.1	2078	1979	0	0
XM_034471499.1	9781	9682	0.719838	0.0869883
XM_034471500.1	9781	9682	0.719838	0.0869883
XM_034471501.1	9756	9657	14.9394	1.81002
XM_034471502.1	9769	9670	52.5249	6.3552
XM_034471503.1	9754	9655	19.048	2.30828
XM_034471504.1	9754	9655	19.048	2.30828
XM_034471505.1	4638	4539	30	7.73307
XM_034471506.1	2030	1931	0	0
XM_034471507.1	2490	2391	0	0
XM_034471508.1	2394	2295	8.82601	4.49959
XM_034471509.1	1957	1858	2	1.25943
XM_034471510.1	3218	3119	0	0
XM_034471511.1	3200	3101	0	0
XM_034471512.1	3200	3101	0	0
XM_034471513.1	3197	3098	0	0
XM_034471514.1	3188	3089	0	0
XM_034471515.1	3182	3083	7.24164e-08	2.74824e-08
XM_034471516.1	2496	2397	0	0
XM_034471517.1	3170	3071	7.02355e-06	2.67589e-06
XM_034471518.1	3160	3061	0.000322178	0.000123147
XM_034471519.1	3152	3053	0.00693809	0.00265891
XM_034471520.1	3149	3050	0.0219821	0.00843259
XM_034471521.1	3130	3031	33.5334	12.9444
XM_034471522.1	5990	5891	9	1.78749
XM_034471523.1	2466	2367	0	0
XM_034471524.1	1381	1282	0	0
XM_034471525.1	1399	1300	0	0
XM_034471526.1	1440	1341	0	0
XM_034471527.1	1371	1272	1	0.919822
XM_034471528.1	1390	1291	2.79833e-08	2.53609e-08
XM_034471529.1	1431	1332	0	0
XM_034471530.1	1359	1260	0	0
XM_034471531.1	1324	1225	5	4.77556
XM_034471532.1	2439	2340	0	0
XM_034471533.1	3395	3296	75.2008	26.6948
XM_034471534.1	1658	1559	17	12.7583
XM_034471535.1	2427	2328	0	0
XM_034471536.1	4321	4222	4.99995	1.3856
XM_034471537.1	4391	4292	2.09896e-08	5.72184e-09
XM_034471538.1	4363	4264	4.53187e-05	1.24352e-05
XM_034471539.1	3237	3138	3.04546e-05	1.13551e-05
XM_034471540.1	3201	3102	23	8.67514
XM_034471541.1	3913	3814	0	0
XM_034471542.1	3176	3077	3.599e-07	1.3685e-07
XM_034471543.1	3197	3098	0	0
XM_034471544.1	3130	3031	16.9602	6.54692
XM_034471545.1	2027	1928	0	0
XM_034471546.1	3151	3052	0.00515326	0.00197555
XM_034471547.1	1218	1119	3	3.13677
XM_034471548.1	1102	1003	0	0
XM_034471549.1	2879	2780	105	44.1912
XM_034471550.1	2002	1903	0	0
XM_034471551.1	1942	1843	0	0
XM_034471552.1	3691	3592	0	0
XM_034471553.1	3681	3582	0	0
XM_034471554.1	3669	3570	0	0
XM_034471555.1	3512	3413	0.683735	0.234392
XM_034471556.1	3583	3484	0	0
XM_034471557.1	3500	3401	42.577	14.6474
XM_034471558.1	2338	2239	9	4.70305
XM_034471559.1	3570	3471	0.0083325	0.00280874
XM_034471560.1	3606	3507	0.0345145	0.0115148
XM_034471561.1	3546	3447	28.5372	9.68637
XM_034471562.1	3544	3445	0	0
XM_034471563.1	1741	1642	0	0
XM_034471564.1	3734	3635	0	0
XM_034471565.1	2342	2243	0	0
XM_034471566.1	1638	1539	8.9907	6.83511
XM_034471567.1	6854	6755	84.4328	14.6244
XM_034471568.1	2856	2757	0	0
XM_034471569.1	963	864	1	1.35418
XM_034471570.1	2055	1956	0	0
XM_034471571.1	3407	3308	0	0
XM_034471572.1	3403	3304	0	0
XM_034471573.1	3760	3661	0	0
XM_034471574.1	2439	2340	0	0
XM_034471575.1	2406	2307	69	34.9939
XM_034471576.1	2340	2241	0	0
XM_034471577.1	6091	5992	9.00632e-05	1.7586e-05
XM_034471578.1	6091	5992	9.00632e-05	1.7586e-05
XM_034471579.1	5188	5089	19.99	4.59591
XM_034471580.1	6085	5986	0.000291683	5.70118e-05
XM_034471581.1	6049	5950	0.345043	0.0678496
XM_034471582.1	6034	5935	6.66447	1.31382
XM_034471583.1	2214	2115	41	22.6811
XM_034471584.1	3420	3321	0.00146676	0.000516749
XM_034471585.1	2318	2219	0	0
XM_034471586.1	3399	3300	2.49975	0.886287
XM_034471587.1	3396	3297	7.2648	2.57808
XM_034471588.1	5011	4912	0	0
XM_034471589.1	4543	4444	9.84983	2.59326
XM_034471590.1	4512	4413	5.74745e-08	1.52381e-08
XM_034471591.1	4717	4618	0	0
XM_034471592.1	4582	4483	0	0
XM_034471593.1	5104	5005	60.793	14.2115
XM_034471594.1	4307	4208	0	0
XM_034471595.1	4538	4439	0	0
XM_034471596.1	4307	4208	0	0
XM_034471597.1	3961	3862	3	0.908866
XM_034471598.1	4820	4721	0	0
XM_034471599.1	4385	4286	0	0
XM_034471600.1	5211	5112	0	0
XM_034471601.1	4411	4312	0	0
XM_034471602.1	4501	4402	0	0
XM_034471603.1	4622	4523	0	0
XM_034471604.1	4514	4415	0	0
XM_034471605.1	4397	4298	0	0
XM_034471606.1	4388	4289	0	0
XM_034471607.1	4379	4280	75.3572	20.6002
XM_034471608.1	4371	4272	0	0
XM_034471609.1	2687	2588	0	0
XM_034471610.1	1363	1264	0	0
XM_034471611.1	2067	1968	0	0
XM_034471612.1	2271	2172	0	0
XM_034471613.1	4346	4247	31.4894	8.67508
XM_034471614.1	3298	3199	0	0
XM_034471615.1	3170	3071	4	1.52395
XM_034471616.1	3535	3436	0	0
XM_034471617.1	3172	3073	0	0
XM_034471618.1	5220	5121	0	0
XM_034471619.1	5205	5106	0	0
XM_034471620.1	5175	5076	1.32989e-06	3.06539e-07
XM_034471621.1	5142	5043	0.00279582	0.00064865
XM_034471622.1	5127	5028	7.07392e-07	1.6461e-07
XM_034471623.1	5097	4998	102.959	24.1024
XM_034471624.1	3191	3092	3	1.1352
XM_034471625.1	1442	1343	374	325.827
XM_034471626.1	674	575	0	0
XM_034471627.1	584	485	0	0
XM_034471628.1	665	566	0	0
XM_034471629.1	4491	4392	2	0.532793
XM_034471630.1	3183	3084	12	4.55258
XM_034471631.1	3028	2929	0	0
XM_034471632.1	2032	1933	11	6.65812
XM_034471633.1	6785	6686	3	0.524984
XM_034471634.1	1498	1399	0	0
XM_034471635.1	952	853	6	8.22987
XM_034471636.1	2433	2334	3	1.50387
XM_034471637.1	680	581	0	0
XM_034471638.1	5656	5557	0	0
XM_034471639.1	5313	5214	6	1.34639
XM_034471640.1	1481	1382	0	0
XM_034471641.1	3896	3797	0	0
XM_034471642.1	3308	3209	0	0
XM_034471643.1	2548	2449	4.27076	2.04036
XM_034471644.1	3524	3425	0	0
XM_034471645.1	1729	1630	0	0
XM_034471646.1	2805	2706	0	0
XM_034471647.1	2517	2418	8.54963	4.13696
XM_034471648.1	1887	1788	7	4.58059
XM_034471649.1	4129	4030	0	0
XM_034471650.1	4107	4008	0	0
XM_034471651.1	4127	4028	0	0
XM_034471652.1	3918	3819	4	1.22547
XM_034471653.1	831	732	0	0
XM_034471654.1	1871	1772	0	0
XM_034471655.1	10010	9911	0	0
XM_034471656.1	10007	9908	0	0
XM_034471657.1	10004	9905	0	0
XM_034471658.1	10001	9902	0	0
XM_034471659.1	10001	9902	0	0
XM_034471660.1	9998	9899	0	0
XM_034471661.1	9998	9899	0	0
XM_034471662.1	742	643	0	0
XM_034471663.1	9995	9896	0	0
XM_034471664.1	9995	9896	0	0
XM_034471665.1	9995	9896	0	0
XM_034471666.1	9992	9893	0	0
XM_034471667.1	9992	9893	0	0
XM_034471668.1	9989	9890	0	0
XM_034471669.1	9986	9887	0	0
XM_034471670.1	9986	9887	0	0
XM_034471671.1	9986	9887	0	0
XM_034471672.1	9983	9884	0	0
XM_034471673.1	9983	9884	0	0
XM_034471674.1	9983	9884	0	0
XM_034471675.1	9983	9884	0	0
XM_034471676.1	9980	9881	10.4797	1.24091
XM_034471677.1	9980	9881	3.46168	0.409899
XM_034471678.1	846	747	0	0
XM_034471679.1	9977	9878	0	0
XM_034471680.1	9977	9878	0	0
XM_034471681.1	9974	9875	0	0
XM_034471682.1	9974	9875	7.0586	0.83632
XM_034471683.1	9971	9872	0	0
XM_034471684.1	9965	9866	0	0
XM_034471685.1	9962	9863	0	0
XM_034471686.1	9959	9860	0	0
XM_034471687.1	9953	9854	0	0
XM_034471688.1	9947	9848	0	0
XM_034471689.1	9944	9845	0	0
XM_034471690.1	9923	9824	0	0
XM_034471691.1	9893	9794	0	0
XM_034471692.1	531	432	0	0
XM_034471693.1	28513	28414	1.67364e-08	6.89161e-10
XM_034471694.1	28000	27901	32	1.3419
XM_034471695.1	7325	7226	77	12.4676
XM_034471696.1	7021	6922	2.20695	0.373037
XM_034471697.1	7296	7197	8.79305	1.42948
XM_034471698.1	2687	2588	0	0
XM_034471699.1	5601	5502	2.94868e-06	6.27044e-07
XM_034471700.1	5595	5496	1.0604e-05	2.25742e-06
XM_034471701.1	5589	5490	3.8187e-05	8.1383e-06
XM_034471702.1	5583	5484	0.000137712	2.93808e-05
XM_034471703.1	5580	5481	0.000261654	5.58545e-05
XM_034471704.1	5562	5463	0.0124016	0.00265605
XM_034471705.1	5556	5457	0.0450078	0.00964993
XM_034471706.1	1214	1115	0	0
XM_034471707.1	5556	5457	0.0450078	0.00964993
XM_034471708.1	5550	5451	0.163574	0.0351098
XM_034471709.1	5544	5445	0.595329	0.127923
XM_034471710.1	5529	5430	15.1382	3.26187
XM_034471711.1	1114	1015	20	23.0545
XM_034471712.1	1761	1662	0	0
XM_034471713.1	1267	1168	1	1.00172
XM_034471714.1	1591	1492	0	0
XM_034471715.1	2573	2474	0.00147474	0.000697441
XM_034471716.1	2557	2458	2.97862	1.41783
XM_034471717.1	2569	2470	0.00984085	0.00466151
XM_034471718.1	2569	2470	0.00984085	0.00466151
XM_034471719.1	2577	2478	0.000221683	0.00010467
XM_034471720.1	481	382	0	0
XM_034471721.1	1814	1715	3.28037	2.23795
XM_034471722.1	3255	3156	2	0.741453
XM_034471723.1	1701	1602	6	4.38207
XM_034471724.1	2336	2237	1.64003	0.857781
XM_034471725.1	3030	2931	7.07059	2.82248
XM_034471726.1	2460	2361	4	1.98223
XM_034471727.1	2347	2248	0.000491056	0.000255579
XM_034471728.1	2328	2229	10.3535	5.43463
XM_034471729.1	437	338	0	0
XM_034471730.1	575	476	0	0
XM_034471731.1	2522	2423	0	0
XM_034471732.1	2394	2295	0	0
XM_034471733.1	3116	3017	0	0
XM_034471734.1	861	762	0	0
XM_034471735.1	1913	1814	0.999169	0.644455
XM_034471736.1	1924	1825	0.000831431	0.000533033
XM_034471737.1	1289	1190	0	0
XM_034471738.1	1300	1201	0	0
XM_034471739.1	714	615	0	0
XM_034471740.1	760	661	0	0
XM_034471741.1	757	658	0	0
XM_034471742.1	688	589	3	5.95932
XM_034471743.1	685	586	0	0
XM_034471744.1	646	547	0	0
XM_034471745.1	2210	2111	0	0
XM_034471746.1	2266	2167	2.90571	1.56886
XM_034471747.1	2285	2186	0	0
XM_034471748.1	2342	2243	0.00018994	9.9078e-05
XM_034471749.1	2321	2222	11.7646	6.19476
XM_034471750.1	470	371	0	0
XM_034471751.1	2445	2346	3	1.49618
XM_034471752.1	1441	1342	13	11.334
XM_034471753.1	1589	1490	0	0
XM_034471754.1	3696	3597	0	0
XM_034471755.1	3424	3325	19.0818	6.71457
XM_034471756.1	3776	3677	0	0
XM_034471757.1	3174	3075	0	0
XM_034471758.1	2727	2628	1.91822	0.854012
XM_034471759.1	2840	2741	25.047	10.6915
XM_034471760.1	1059	960	0	0
XM_034471761.1	4371	4272	0	0
XM_034471762.1	4233	4134	2	0.566044
XM_034471763.1	4351	4252	0	0
XM_034471764.1	1493	1394	16.313	13.6919
XM_034471765.1	1832	1733	5.89767	3.98174
XM_034471766.1	1595	1496	0	0
XM_034471767.1	1607	1508	0	0
XM_034471768.1	4276	4177	5.51759e-07	1.54552e-07
XM_034471769.1	4225	4126	0.999999	0.283571
XM_034471770.1	2261	2162	0	0
XM_034471771.1	2522	2423	0	0
XM_034471772.1	2963	2864	0	0
XM_034471773.1	2581	2482	0	0
XM_034471774.1	2603	2504	0	0
XM_034471775.1	1334	1235	0	0
XM_034471776.1	1469	1370	0	0
XM_034471777.1	1348	1249	0	0
XM_034471778.1	1642	1543	0	0
XM_034471779.1	1301	1202	0	0
XM_034471780.1	2870	2771	28	11.8226
XM_034471781.1	1623	1524	0	0
XM_034471782.1	1563	1464	14.5865	11.6574
XM_034471783.1	1593	1494	0	0
XM_034471784.1	1513	1414	7.41349	6.13429
XM_034471785.1	1986	1887	4	2.48016
XM_034471786.1	1739	1640	0	0
XM_034471787.1	1645	1546	0	0
XM_034471788.1	5530	5431	3	0.646297
XM_034471789.1	1930	1831	7	4.47302
XM_034471790.1	7280	7181	0	0
XM_034471791.1	7268	7169	0	0
XM_034471792.1	7262	7163	0	0
XM_034471793.1	7175	7076	0.00272937	0.000451301
XM_034471794.1	7157	7058	0.0541503	0.00897656
XM_034471795.1	7133	7034	2.94312	0.489549
XM_034471796.1	7228	7129	0	0
XM_034471797.1	7105	7006	3	0.501005
XM_034471798.1	2240	2141	0	0
XM_034471799.1	2390	2291	0	0
XM_034471800.1	2301	2202	2	1.06268
XM_034471801.1	1298	1199	8.30593	8.10512
XM_034471802.1	1656	1557	8.12315	6.10417
XM_034471803.1	2087	1988	2.67288e-08	1.57309e-08
XM_034471804.1	2087	1988	2.67288e-08	1.57309e-08
XM_034471805.1	2054	1955	9	5.38625
XM_034471806.1	2027	1928	0	0
XM_034471807.1	1994	1895	0	0
XM_034471808.1	1994	1895	0	0
XM_034471809.1	2184	2085	0	0
XM_034471810.1	10632	10533	59	6.55376
XM_034471811.1	2992	2893	0	0
XM_034471812.1	1541	1442	0	0
XM_034471813.1	1490	1391	0	0
XM_034471814.1	2977	2878	0	0
XM_034471815.1	2953	2854	0	0
XM_034471816.1	2938	2839	0	0
XM_034471817.1	2929	2830	0	0
XM_034471818.1	3782	3683	0	0
XM_034471819.1	3765	3666	0	0
XM_034471820.1	2895	2796	0	0
XM_034471821.1	2880	2781	0	0
XM_034471822.1	7179	7080	3.65898e-08	6.04669e-09
XM_034471823.1	3696	3597	0	0
XM_034471824.1	3670	3571	0	0
XM_034471825.1	2793	2694	45.1462	19.6071
XM_034471826.1	7173	7074	9.89149e-08	1.63602e-08
XM_034471827.1	3032	2933	0	0
XM_034471828.1	1354	1255	0	0
XM_034471829.1	3018	2919	1.21725e-08	4.87907e-09
XM_034471830.1	7056	6957	31	5.21351
XM_034471831.1	5611	5512	32.4777	6.89393
XM_034471832.1	4453	4354	12.1747	3.2716
XM_034471833.1	3802	3703	0	0
XM_034471834.1	4453	4354	0	0
XM_034471835.1	2720	2621	1	0.4464
XM_034471836.1	2582	2483	1	0.47121
XM_034471837.1	3149	3050	3.48917	1.33848
XM_034471838.1	3995	3896	0	0
XM_034471839.1	3977	3878	0	0
XM_034471840.1	3395	3296	0	0
XM_034471841.1	3204	3105	2	0.753632
XM_034471842.1	2110	2011	2.40766	1.40079
XM_034471843.1	2164	2065	3.59234	2.03539
XM_034471844.1	2039	1940	0	0
XM_034471845.1	2043	1944	0	0
XM_034471846.1	1986	1887	2	1.24008
XM_034471847.1	2430	2331	39.7592	19.9566
XM_034471848.1	2918	2819	0	0
XM_034471849.1	2726	2627	0	0
XM_034471850.1	1090	991	0	0
XM_034471851.1	1083	984	0	0
XM_034471852.1	1081	982	0	0
XM_034471853.1	2333	2234	0	0
XM_034471854.1	2310	2211	1.28861e-07	6.81902e-08
XM_034471855.1	1057	958	0	0
XM_034471856.1	2300	2201	2.62667e-05	1.39629e-05
XM_034471857.1	1048	949	0	0
XM_034471858.1	1050	951	0	0
XM_034471859.1	2291	2192	0.00321181	0.00171435
XM_034471860.1	2622	2523	0	0
XM_034471861.1	2277	2178	5.89966	3.16928
XM_034471862.1	2276	2177	10.1106	5.43388
XM_034471863.1	1438	1339	0	0
XM_034471864.1	1423	1324	0	0
XM_034471865.1	1461	1362	0	0
XM_034471866.1	2374	2275	0	0
XM_034471867.1	2351	2252	9.65522e-07	5.01631e-07
XM_034471868.1	1405	1306	0	0
XM_034471869.1	1431	1332	0	0
XM_034471870.1	1309	1210	0	0
XM_034471871.1	2707	2608	0	0
XM_034471872.1	1309	1210	0	0
XM_034471873.1	1310	1211	0	0
XM_034471874.1	1428	1329	0	0
XM_034471875.1	2341	2242	0.000178612	9.32107e-05
XM_034471876.1	2318	2219	31.9863	16.8654
XM_034471877.1	2344	2245	3.7214e-05	1.93946e-05
XM_034471878.1	1507	1408	0	0
XM_034471879.1	2678	2579	0	0
XM_034471880.1	4801	4702	45	11.1975
XM_034471881.1	3425	3326	1	0.351778
XM_034471882.1	3195	3096	0	0
XM_034471883.1	780	681	0	0
XM_034471884.1	687	588	4	7.95927
XM_034471885.1	2656	2557	0	0
XM_034471886.1	2292	2193	2.15147e-05	1.14785e-05
XM_034471887.1	2272	2173	0.999978	0.538421
XM_034471888.1	3098	2999	0	0
XM_034471889.1	1290	1191	4.44403	4.36572
XM_034471890.1	1022	923	4.55597	5.77524
XM_034471891.1	3723	3624	11.1452	3.59823
XM_034471892.1	2517	2418	0	0
XM_034471893.1	2230	2131	2.01552	1.10661
XM_034471894.1	2292	2193	0	0
XM_034471895.1	3338	3239	0	0
XM_034471896.1	1585	1486	1	0.787358
XM_034471897.1	1489	1390	3.67802	3.09593
XM_034471898.1	3357	3258	0	0
XM_034471899.1	2597	2498	0	0
XM_034471900.1	3314	3215	0	0
XM_034471901.1	3406	3307	0	0
XM_034471902.1	3226	3127	0	0
XM_034471903.1	644	545	0	0
XM_034471904.1	1114	1015	2	2.30545
XM_034471905.1	2268	2169	16	8.6308
XM_034471906.1	525	426	0	0
XM_034471907.1	7717	7618	0	0
XM_034471908.1	7717	7618	0	0
XM_034471909.1	7708	7609	0.000187924	2.88965e-05
XM_034471910.1	7705	7606	0	0
XM_034471911.1	7705	7606	0	0
XM_034471912.1	7705	7606	0	0
XM_034471913.1	7705	7606	0	0
XM_034471914.1	7705	7606	0	0
XM_034471915.1	7702	7603	0	0
XM_034471916.1	3076	2977	49	19.2579
XM_034471917.1	7699	7600	20.3933	3.13953
XM_034471918.1	7699	7600	0	0
XM_034471919.1	7699	7600	0	0
XM_034471920.1	7696	7597	0.00119681	0.00018432
XM_034471921.1	7693	7594	0	0
XM_034471922.1	7693	7594	20.7106	3.1909
XM_034471923.1	7693	7594	0	0
XM_034471924.1	7684	7585	0	0
XM_034471925.1	7672	7573	0	0
XM_034471926.1	7663	7564	0.197563	0.0305594
XM_034471927.1	3005	2906	0	0
XM_034471928.1	7630	7531	0	0
XM_034471929.1	7591	7492	0	0
XM_034471930.1	7566	7467	0.39608	0.0620623
XM_034471931.1	7533	7434	71.4758	11.2494
XM_034471932.1	7503	7404	0	0
XM_034471933.1	7379	7280	13.4014	2.15383
XM_034471934.1	7632	7533	24.4238	3.79346
XM_034471935.1	2047	1948	10	6.00623
XM_034471936.1	2137	2038	5	2.87049
XM_034471937.1	4800	4701	33	8.21324
XM_034471938.1	4237	4138	0	0
XM_034471939.1	3846	3747	1.75026	0.546525
XM_034471940.1	2449	2350	0	0
XM_034471941.1	1447	1348	0	0
XM_034471942.1	1406	1307	0	0
XM_034471943.1	576	477	49	120.19
XM_034471944.1	614	515	0	0
XM_034471945.1	533	434	0	0
XM_034471946.1	578	479	0	0
XM_034471947.1	1026	927	0	0
XM_034471948.1	519	420	0	0
XM_034471949.1	6474	6375	0	0
XM_034471950.1	6476	6377	0	0
XM_034471951.1	5173	5074	19	4.38121
XM_034471952.1	5272	5173	0	0
XM_034471953.1	5275	5176	0	0
XM_034471954.1	5034	4935	9	2.13376
XM_034471955.1	1502	1403	0	0
XM_034471956.1	5398	5299	0	0
XM_034471957.1	5322	5223	0	0
XM_034471958.1	4707	4608	9.88849	2.51078
XM_034471959.1	2331	2232	1	0.5242
XM_034471960.1	999	900	0	0
XM_034471961.1	2202	2103	0	0
XM_034471962.1	5757	5658	0.000783785	0.000162078
XM_034471963.1	5715	5616	0	0
XM_034471964.1	5715	5616	4.89601	1.02001
XM_034471965.1	5564	5465	0	0
XM_034471966.1	5709	5610	17.1551	3.57784
XM_034471967.1	3805	3706	8.94632	2.82442
XM_034471968.1	3805	3706	8.94632	2.82442
XM_034471969.1	3031	2932	43	17.1591
XM_034471970.1	5379	5280	4	0.886374
XM_034471971.1	2915	2816	7	2.90841
XM_034471972.1	3003	2904	0	0
XM_034471973.1	3060	2961	0	0
XM_034471974.1	5556	5457	0	0
XM_034471975.1	1879	1780	2.37366	1.56023
XM_034471976.1	2559	2460	1.11898	0.532206
XM_034471977.1	3095	2996	2.25081	0.879
XM_034471978.1	2104	2005	0	0
XM_034471979.1	3490	3391	21	7.24573
XM_034471980.1	3467	3368	3.6723	1.27572
XM_034471981.1	3481	3382	0.0282979	0.00978975
XM_034471982.1	3485	3386	0.00707285	0.00244398
XM_034471983.1	3470	3371	1.29233	0.448545
XM_034471984.1	2520	2421	2.58989	1.25163
XM_034471985.1	1871	1772	0	0
XM_034471986.1	2276	2177	0	0
XM_034471987.1	2038	1939	0	0
XM_034471988.1	2290	2191	0	0
XM_034471989.1	2164	2065	0	0
XM_034471990.1	3760	3661	5	1.59794
XM_034471991.1	1995	1896	1.41011	0.870172
XM_034471992.1	1856	1757	0	0
XM_034471993.1	3193	3094	49.7847	18.8264
XM_034471994.1	1534	1435	3.29594	2.68731
XM_034471995.1	4929	4830	1.77401e-08	4.29734e-09
XM_034471996.1	826	727	0	0
XM_034471997.1	587	488	1	2.39757
XM_034471998.1	622	523	0	0
XM_034471999.1	1743	1644	54.5803	38.8441
XM_034472000.1	2639	2540	0	0
XM_034472001.1	1885	1786	0	0
XM_034472002.1	2001	1902	0	0
XM_034472003.1	1942	1843	0	0
XM_034472004.1	1734	1635	0	0
XM_034472005.1	1757	1658	0	0
XM_034472006.1	1785	1686	0	0
XM_034472007.1	1764	1665	0	0
XM_034472008.1	1758	1659	0	0
XM_034472009.1	2546	2447	11.9018	5.69073
XM_034472010.1	1973	1874	0	0
XM_034472011.1	1853	1754	0	0
XM_034472012.1	1794	1695	0	0
XM_034472013.1	1586	1487	0	0
XM_034472014.1	1607	1508	0	0
XM_034472015.1	1637	1538	0	0
XM_034472016.1	1518	1419	21.0982	17.3962
XM_034472017.1	1616	1517	0	0
XM_034472018.1	2678	2579	0	0
XM_034472019.1	2685	2586	0	0
XM_034472020.1	2680	2581	0	0
XM_034472021.1	2703	2604	0	0
XM_034472022.1	2709	2610	0	0
XM_034472023.1	2263	2164	0	0
XM_034472024.1	1862	1763	0	0
XM_034472025.1	1856	1757	0	0
XM_034472026.1	389	290	0	0
XM_034472027.1	2231	2132	0.997616	0.547478
XM_034472028.1	3303	3204	0	0
XM_034472029.1	3677	3578	9.39821e-05	3.07323e-05
XM_034472030.1	3666	3567	0.00348026	0.00114156
XM_034472031.1	3638	3539	35.9964	11.9006
XM_034472032.1	3234	3135	38.8976	14.517
XM_034472033.1	1914	1815	0	0
XM_034472034.1	3184	3085	6.96542e-05	2.6417e-05
XM_034472035.1	3174	3075	0.00314003	0.00119476
XM_034472036.1	9279	9180	0.000127754	1.62825e-05
XM_034472037.1	9167	9068	229	29.5471
XM_034472038.1	1414	1315	0	0
XM_034472039.1	950	851	0	0
XM_034472040.1	647	548	0	0
XM_034472041.1	592	493	0	0
XM_034472042.1	1976	1877	16.3335	10.1813
XM_034472043.1	1101	1002	1.65641	1.93416
XM_034472044.1	2705	2606	5.64584	2.53481
XM_034472045.1	2675	2576	54	24.5267
XM_034472046.1	2433	2334	0	0
XM_034472047.1	2401	2302	0	0
XM_034472048.1	2393	2294	0	0
XM_034472049.1	2528	2429	0	0
XM_034472050.1	2519	2420	0	0
XM_034472051.1	2479	2380	0	0
XM_034472052.1	2534	2435	0	0
XM_034472053.1	2468	2369	0	0
XM_034472054.1	2380	2281	12	6.15527
XM_034472055.1	2306	2207	0	0
XM_034472056.1	3031	2932	2	0.798099
XM_034472057.1	1278	1179	0	0
XM_034472058.1	1642	1543	0	0
XM_034472059.1	1269	1170	0	0
XM_034472060.1	2793	2694	9	3.90873
XM_034472061.1	1308	1209	0	0
XM_034472062.1	1544	1445	0	0
XM_034472063.1	3229	3130	2.11062	0.788963
XM_034472064.1	3101	3002	0	0
XM_034472065.1	3145	3046	0	0
XM_034472066.1	2134	2035	0	0
XM_034472067.1	3022	2923	0	0
XM_034472068.1	2843	2744	0	0
XM_034472069.1	2726	2627	0	0
XM_034472070.1	3186	3087	17.2626	6.54275
XM_034472071.1	3016	2917	0	0
XM_034472072.1	2840	2741	0	0
XM_034472073.1	2020	1921	0	0
XM_034472074.1	3739	3640	1.83202	0.588869
XM_034472075.1	5429	5330	0.000569156	0.000124938
XM_034472076.1	5414	5315	0.0155208	0.00341665
XM_034472077.1	5405	5306	0.11331	0.0249857
XM_034472078.1	5384	5285	11.8706	2.62796
XM_034472079.1	1669	1570	0	0
XM_034472080.1	1665	1566	0	0
XM_034472081.1	12277	12178	3.50152e-06	3.36412e-07
XM_034472082.1	12106	12007	56	5.45688
XM_034472083.1	6986	6887	0	0
XM_034472084.1	1665	1566	1	0.747135
XM_034472085.1	7117	7018	60	10.003
XM_034472086.1	6440	6341	0	0
XM_034472087.1	5843	5744	0	0
XM_034472088.1	5827	5728	0	0
XM_034472089.1	1152	1053	0	0
XM_034472090.1	1213	1114	1	1.05028
XM_034472091.1	2747	2648	1.08924	0.481279
XM_034472092.1	1413	1314	3	2.67126
XM_034472093.1	1438	1339	0	0
XM_034472094.1	13236	13137	170.407	15.1769
XM_034472095.1	13228	13129	0.0762538	0.00679549
XM_034472096.1	13210	13111	0.381216	0.0340194
XM_034472097.1	13162	13063	28.1599	2.5222
XM_034472098.1	1697	1598	6	4.39304
XM_034472099.1	1111	1012	0	0
XM_034472100.1	1004	905	6	7.75699
XM_034472101.1	982	883	20	26.5009
XM_034472102.1	977	878	7	9.32813
XM_034472103.1	973	874	21	28.1125
XM_034472104.1	953	854	3.59454	4.92466
XM_034472105.1	964	865	0	0
XM_034472106.1	979	880	0	0
XM_034472107.1	979	880	0	0
XM_034472108.1	979	880	0	0
XM_034472109.1	973	874	0	0
XM_034472110.1	973	874	0	0
XM_034472111.1	967	868	0	0
XM_034472112.1	811	712	1.88224	3.09304
XM_034472113.1	919	820	10.1178	14.4365
XM_034472114.1	2363	2264	0	0
XM_034472115.1	947	848	8	11.0379
XM_034472116.1	937	838	2.40546	3.3585
XM_034472117.1	942	843	0	0
XM_034472118.1	972	873	1	1.34022
XM_034472119.1	956	857	5	6.82622
XM_034472120.1	540	441	0	0
XM_034472121.1	2719	2620	2	0.89314
XM_034472122.1	1866	1767	26	17.2158
XM_034472123.1	1603	1504	0	0
XM_034472124.1	1550	1451	1	0.80635
XM_034472125.1	10701	10602	24	2.64859
XM_034472126.1	10722	10623	0	0
XM_034472127.1	4168	4069	2.51785	0.723991
XM_034472128.1	4166	4067	4.48215	1.28945
XM_034472129.1	2629	2530	6	2.77474
XM_034472130.1	2435	2336	2	1.00172
XM_034472131.1	2091	1992	22.111	12.987
XM_034472132.1	2107	2008	0	0
XM_034472133.1	2019	1920	0	0
XM_034472134.1	2043	1944	94.7341	57.0166
XM_034472135.1	2163	2064	47	26.6427
XM_034472136.1	2523	2424	4.27525	2.06357
XM_034472137.1	3169	3070	1.72475	0.657322
XM_034472138.1	1362	1263	5.15117	4.77192
XM_034472139.1	1331	1232	0	0
XM_034472140.1	1265	1166	77	77.265
XM_034472141.1	1466	1367	0	0
XM_034472142.1	1188	1089	0	0
XM_034472143.1	1242	1143	0	0
XM_034472144.1	1100	1001	0	0
XM_034472145.1	3938	3839	154.332	47.0359
XM_034472146.1	6307	6208	39.9638	7.53192
XM_034472147.1	2545	2446	17	8.13174
XM_034472148.1	1585	1486	2.40357	1.89247
XM_034472149.1	1315	1216	27.8488	26.7956
XM_034472150.1	2269	2170	10.3136	5.56085
XM_034472151.1	2296	2197	5.17632e-06	2.75665e-06
XM_034472152.1	3093	2994	6.69884	2.61781
XM_034472153.1	6568	6469	2.59643	0.469602
XM_034472154.1	1578	1479	4	3.16434
XM_034472155.1	704	605	0	0
XM_034472156.1	2445	2346	0	0
XM_034472157.1	3803	3704	0	0
XM_034472158.1	2015	1916	1.64734	1.00596
XM_034472159.1	1725	1626	9	6.47609
XM_034472160.1	1447	1348	3	2.60389
XM_034472161.1	1296	1197	8	7.81964
XM_034472162.1	3104	3005	30	11.6807
XM_034472163.1	7463	7364	0	0
XM_034472164.1	7460	7361	0	0
XM_034472165.1	8028	7929	0	0
XM_034472166.1	6946	6847	22.1222	3.78023
XM_034472167.1	2202	2103	37	20.5851
XM_034472168.1	2818	2719	6.37753e-05	2.74432e-05
XM_034472169.1	4469	4370	0	0
XM_034472170.1	6117	6018	5.19578	1.01016
XM_034472171.1	6767	6668	0	0
XM_034472172.1	6767	6668	0	0
XM_034472173.1	2838	2739	1.17815e-08	5.03267e-09
XM_034472174.1	1492	1393	0.0102355	0.00859706
XM_034472175.1	4047	3948	2	0.592712
XM_034472176.1	3619	3520	29	9.63932
XM_034472177.1	7438	7339	0.00277926	0.000443081
XM_034472178.1	7435	7336	0.00448966	0.000716052
XM_034472179.1	7425	7326	0.0222386	0.00355167
XM_034472180.1	7464	7365	4.38896e-05	6.97236e-06
XM_034472181.1	7413	7314	0	0
XM_034472182.1	2785	2686	106	46.1732
XM_034472183.1	7398	7299	1.69073	0.27102
XM_034472184.1	7395	7296	2.73841	0.439142
XM_034472185.1	7386	7287	11.6491	1.8704
XM_034472186.1	7459	7360	9.7347e-05	1.54752e-05
XM_034472187.1	7422	7323	0.0359552	0.00574465
XM_034472188.1	7413	7314	0.152137	0.0243372
XM_034472189.1	7361	7262	0	0
XM_034472190.1	7348	7249	0	0
XM_034472191.1	7388	7289	0	0
XM_034472192.1	7408	7309	0.33932	0.0543178
XM_034472193.1	2827	2728	1.32194e-06	5.66968e-07
XM_034472194.1	7401	7302	1.04408	0.167295
XM_034472195.1	7427	7328	0.0161456	0.00257786
XM_034472196.1	7434	7335	0.00526817	0.000840332
XM_034472197.1	7383	7284	0	0
XM_034472198.1	7376	7277	0	0
XM_034472199.1	7402	7303	0	0
XM_034472200.1	1687	1588	0	0
XM_034472201.1	2819	2720	4.14313e-05	1.78218e-05
XM_034472202.1	3433	3334	15	5.26401
XM_034472203.1	3507	3408	0	0
XM_034472204.1	3459	3360	14.359	5.00006
XM_034472205.1	3447	3348	0	0
XM_034472206.1	3379	3280	0	0
XM_034472207.1	3420	3321	0	0
XM_034472208.1	3345	3246	0	0
XM_034472209.1	3321	3222	0	0
XM_034472210.1	3285	3186	0	0
XM_034472211.1	3285	3186	0	0
XM_034472212.1	3261	3162	8.28237e-06	3.06467e-06
XM_034472213.1	3225	3126	5.64101	2.11134
XM_034472214.1	12905	12806	0.641895	0.0586464
XM_034472215.1	12673	12574	0	0
XM_034472216.1	12668	12569	0	0
XM_034472217.1	1831	1732	0	0
XM_034472218.1	1765	1666	0	0
XM_034472219.1	1765	1666	0	0
XM_034472220.1	639	540	39	84.501
XM_034472221.1	1765	1666	0	0
XM_034472222.1	1732	1633	1	0.716481
XM_034472223.1	7575	7476	0.000441949	6.91661e-05
XM_034472224.1	7570	7471	0.000968712	0.000151707
XM_034472225.1	7511	7412	10.5978	1.6729
XM_034472226.1	7505	7406	27.4008	4.32883
XM_034472227.1	4539	4440	0	0
XM_034472228.1	4515	4416	4.26418e-08	1.12979e-08
XM_034472229.1	4449	4350	2	0.537937
XM_034472230.1	4781	4682	8.65276e-07	2.16229e-07
XM_034472231.1	4769	4670	1.75589e-05	4.39917e-06
XM_034472232.1	4715	4616	14.7711	3.74403
XM_034472233.1	5422	5323	0	0
XM_034472234.1	4521	4422	0	0
XM_034472235.1	3229	3130	0	0
XM_034472236.1	4249	4150	0	0
XM_034472237.1	4176	4077	2	0.573958
XM_034472238.1	2909	2810	0	0
XM_034472239.1	1375	1276	4	3.66775
XM_034472240.1	1330	1231	0	0
XM_034472241.1	1902	1803	0	0
XM_034472242.1	1526	1427	11.9537	9.801
XM_034472243.1	784	685	2.40293	4.10433
XM_034472244.1	1089	990	0	0
XM_034472245.1	1485	1386	0	0
XM_034472246.1	1555	1456	2	1.60716
XM_034472247.1	975	876	1	1.33563
XM_034472248.1	1605	1506	0	0
XM_034472249.1	2513	2414	0	0
XM_034472250.1	2745	2646	0	0
XM_034472251.1	4417	4318	0	0
XM_034472252.1	2749	2650	0	0
XM_034472253.1	970	871	0	0
XM_034472254.1	976	877	0	0
XM_034472255.1	950	851	0	0
XM_034472256.1	925	826	0	0
XM_034472257.1	1024	925	0	0
XM_034472258.1	827	728	0.851891	1.36913
XM_034472259.1	1230	1131	0	0
XM_034472260.1	794	695	2.01579	3.39353
XM_034472261.1	2134	2035	0	0
XM_034472262.1	1405	1306	0	0
XM_034472263.1	1795	1696	0	0
XM_034472264.1	858	759	30.6438	47.2379
XM_034472265.1	873	774	17.3562	26.2365
XM_034472266.1	1492	1393	0	0
XM_034472267.1	1328	1229	0	0
XM_034472268.1	1618	1519	0	0
XM_034472269.1	1712	1613	0	0
XM_034472270.1	823	724	0	0
XM_034472271.1	836	737	0	0
XM_034472272.1	777	678	0	0
XM_034472273.1	1784	1685	0	0
XM_034472274.1	1728	1629	0	0
XM_034472275.1	7091	6992	75.5041	12.6346
XM_034472276.1	8712	8613	45.3995	6.1672
XM_034472277.1	1761	1662	0	0
XM_034472278.1	1426	1327	0	0
XM_034472279.1	2080	1981	6	3.54371
XM_034472280.1	1423	1324	0	0
XM_034472281.1	3552	3453	24.0271	8.14134
XM_034472282.1	4972	4873	15.6219	3.75083
XM_034472283.1	1284	1185	0	0
XM_034472284.1	555	456	84.9498	217.966
XM_034472285.1	705	606	0	0
XM_034472286.1	5428	5329	13.5758	2.98065
XM_034472287.1	1852	1753	11.4387	7.63458
XM_034472288.1	540	441	0	0
XM_034472289.1	6713	6614	60.4556	10.6946
XM_034472290.1	4660	4561	21.2913	5.46176
XM_034472291.1	6226	6127	0	0
XM_034472292.1	702	603	0	0
XM_034472293.1	1413	1314	92.8941	82.7149
XM_034472294.1	1238	1139	0	0
XM_034472295.1	1252	1153	0	0
XM_034472296.1	1106	1007	9.21783	10.71
XM_034472297.1	1216	1117	9.88806	10.3573
XM_034472298.1	497	398	0	0
XM_034472299.1	1963	1864	0	0
XM_034472300.1	6323	6224	49	9.21122
XM_034472301.1	5839	5740	0	0
XM_034472302.1	1447	1348	0	0
XM_034472303.1	1423	1324	0	0
XM_034472304.1	4423	4324	0	0
XM_034472305.1	1335	1236	0	0
XM_034472306.1	965	866	0	0
XM_034472307.1	914	815	0	0
XM_034472308.1	1082	983	1	1.19025
XM_034472309.1	1707	1608	1	0.72762
XM_034472310.1	688	589	3	5.95932
XM_034472311.1	2646	2547	0	0
XM_034472312.1	2628	2529	0	0
XM_034472313.1	2547	2448	1.03244	0.49345
XM_034472314.1	1459	1360	43	36.9931
XM_034472315.1	4225	4126	5.66864	1.60746
XM_034472316.1	4235	4136	0.331357	0.0937361
XM_034472317.1	1154	1055	0	0
XM_034472318.1	2435	2336	0	0
XM_034472319.1	2250	2151	1	0.543939
XM_034472320.1	2457	2358	1	0.496189
XM_034472321.1	2561	2462	0	0
XM_034472322.1	1470	1371	0	0
XM_034472323.1	1112	1013	18	20.79
XM_034472324.1	3026	2927	5.00876e-06	2.00216e-06
XM_034472325.1	3045	2946	0	0
XM_034472326.1	3011	2912	0.00207542	0.000833883
XM_034472327.1	3008	2909	0.00695342	0.0027967
XM_034472328.1	2993	2894	2.99097	1.20922
XM_034472329.1	2776	2677	0	0
XM_034472330.1	5909	5810	72.3889	14.5776
XM_034472331.1	2217	2118	63.6111	35.1397
XM_034472332.1	1619	1520	17	13.0857
XM_034472333.1	3147	3048	28	10.7482
XM_034472334.1	1088	989	0	0
XM_034472335.1	1073	974	6.25649	7.51558
XM_034472336.1	1157	1058	0	0
XM_034472337.1	4692	4593	14	3.56634
XM_034472338.1	4683	4584	0	0
XM_034472339.1	4448	4349	0	0
XM_034472340.1	4363	4264	0	0
XM_034472341.1	4180	4081	19	5.44726
XM_034472342.1	4430	4331	0	0
XM_034472343.1	1223	1124	1	1.04094
XM_034472344.1	4914	4815	1.21936e-05	2.96295e-06
XM_034472345.1	4914	4815	1.21936e-05	2.96295e-06
XM_034472346.1	4860	4761	6.78599	1.66765
XM_034472347.1	3978	3879	0	0
XM_034472348.1	1856	1757	35.9996	23.9727
XM_034472349.1	2010	1911	0	0
XM_034472350.1	2370	2271	0	0
XM_034472351.1	2194	2095	1	0.558479
XM_034472352.1	2613	2514	0	0
XM_034472353.1	1953	1854	0	0
XM_034472354.1	1998	1899	4.30469	2.65221
XM_034472355.1	2515	2416	6	2.90566
XM_034472356.1	3043	2944	0	0
XM_034472357.1	2882	2783	0	0
XM_034472358.1	2440	2341	0	0
XM_034472359.1	2440	2341	0	0
XM_034472360.1	1634	1535	39	29.7267
XM_034472361.1	1724	1625	0	0
XM_034472362.1	2262	2163	18.4498	9.97989
XM_034472363.1	772	673	2	3.47701
XM_034472364.1	4032	3933	6	1.78492
XM_034472365.1	1087	988	0	0
XM_034472366.1	1941	1842	6	3.81112
XM_034472367.1	1133	1034	11.3697	12.8652
XM_034472368.1	4432	4333	0	0
XM_034472369.1	1743	1644	0	0
XM_034472370.1	1612	1513	3	2.31992
XM_034472371.1	1608	1509	49	37.9925
XM_034472372.1	1814	1715	0	0
XM_034472373.1	4838	4739	0.000144204	3.56026e-05
XM_034472374.1	4798	4699	2.99986	0.74694
XM_034472375.1	1687	1588	2	1.47357
XM_034472376.1	4281	4182	0	0
XM_034472377.1	4064	3965	4.34496	1.28213
XM_034472378.1	4266	4167	0	0
XM_034472379.1	2956	2857	0	0
XM_034472380.1	2940	2841	0	0
XM_034472381.1	5044	4945	143.655	33.9896
XM_034472382.1	2095	1996	1	0.586179
XM_034472383.1	2222	2123	18	9.92004
XM_034472384.1	3232	3133	0	0
XM_034472385.1	3237	3138	32.1546	11.989
XM_034472386.1	4118	4019	41.2909	12.0206
XM_034472387.1	1736	1637	0	0
XM_034472388.1	1681	1582	16.5062	12.2076
XM_034472389.1	1674	1575	6.28309	4.66749
XM_034472390.1	1624	1525	4.14831	3.18268
XM_034472391.1	2795	2696	0	0
XM_034472392.1	2159	2060	0	0
XM_034472393.1	2045	1946	1.66209	0.999317
XM_034472394.1	783	684	11	18.816
XM_034472395.1	1217	1118	3.30306	3.45673
XM_034472396.1	2963	2864	0	0
XM_034472397.1	3011	2912	1	0.40179
XM_034472398.1	1926	1827	0.0336162	0.0215278
XM_034472399.1	6210	6111	0	0
XM_034472400.1	6188	6089	0	0
XM_034472401.1	6197	6098	0	0
XM_034472402.1	6188	6089	0	0
XM_034472403.1	6170	6071	5.76691e-08	1.11141e-08
XM_034472404.1	6156	6057	8.65093e-07	1.67107e-07
XM_034472405.1	6146	6047	6.00915e-06	1.16269e-06
XM_034472406.1	6119	6020	0.00114423	0.000222386
XM_034472407.1	6083	5984	1.30037	0.254253
XM_034472408.1	6071	5972	13.6985	2.68376
XM_034472409.1	3697	3598	0	0
XM_034472410.1	3713	3614	0	0
XM_034472411.1	3276	3177	0	0
XM_034472412.1	4700	4601	15	3.81443
XM_034472413.1	1382	1283	0	0
XM_034472414.1	3025	2926	0	0
XM_034472415.1	2631	2532	0	0
XM_034472416.1	2434	2335	0	0
XM_034472417.1	2251	2152	33	17.9417
XM_034472418.1	2873	2774	0	0
XM_034472419.1	2438	2339	14	7.00307
XM_034472420.1	2189	2090	0	0
XM_034472421.1	5389	5290	3.61264	0.799024
XM_034472422.1	1359	1260	0	0
XM_034472423.1	2557	2458	0	0
XM_034472424.1	2178	2079	0	0
XM_034472425.1	1608	1509	0	0
XM_034472426.1	1394	1295	0	0
XM_034472427.1	2008	1909	22	13.4837
XM_034472428.1	1875	1776	0	0
XM_034472429.1	1419	1320	0.418365	0.370828
XM_034472430.1	1895	1796	0	0
XM_034472431.1	1764	1665	0	0
XM_034472432.1	1823	1724	0	0
XM_034472433.1	1151	1052	0	0
XM_034472434.1	495	396	0	0
XM_034472435.1	784	685	2	3.4161
XM_034472436.1	4843	4744	0.286327	0.070617
XM_034472437.1	578	479	0	0
XM_034472438.1	692	593	0	0
XM_034472439.1	563	464	0	0
XM_034472440.1	3110	3011	2.18257	0.848104
XM_034472441.1	1571	1472	0	0
XM_034472442.1	2120	2021	0	0
XM_034472443.1	2094	1995	0	0
XM_034472444.1	3356	3257	0	0
XM_034472445.1	1967	1868	0	0
XM_034472446.1	1829	1730	11	7.43939
XM_034472447.1	5175	5076	0	0
XM_034472448.1	3356	3257	0	0
XM_034472449.1	4684	4585	8	2.04146
XM_034472450.1	4314	4215	0	0
XM_034472451.1	4308	4209	0	0
XM_034472452.1	4305	4206	0	0
XM_034472453.1	4209	4110	1	0.284675
XM_034472454.1	3339	3240	23.2675	8.40224
XM_034472455.1	1430	1331	0	0
XM_034472456.1	1558	1459	2	1.60386
XM_034472457.1	3311	3212	0	0
XM_034472458.1	2195	2096	0	0
XM_034472459.1	2136	2037	0	0
XM_034472460.1	2260	2161	0	0
XM_034472461.1	2100	2001	5	2.92357
XM_034472462.1	3278	3179	0	0
XM_034472463.1	2190	2091	0	0
XM_034472464.1	2141	2042	0.0792589	0.0454133
XM_034472465.1	2133	2034	7.92074	4.55623
XM_034472466.1	2754	2655	11	4.84751
XM_034472467.1	2926	2827	25	10.3468
XM_034472468.1	5390	5291	0	0
XM_034472469.1	3239	3140	17.5967	6.55681
XM_034472470.1	1279	1180	19.9262	19.7575
XM_034472471.1	2297	2198	0	0
XM_034472472.1	3215	3116	0.00886301	0.00332794
XM_034472473.1	993	894	0	0
XM_034472474.1	1236	1137	1	1.02904
XM_034472475.1	5946	5847	0	0
XM_034472476.1	550	451	0	0
XM_034472477.1	1255	1156	0	0
XM_034472478.1	3141	3042	0	0
XM_034472479.1	1077	978	0	0
XM_034472480.1	657	558	0	0
XM_034472481.1	1119	1020	0	0
XM_034472482.1	780	681	0	0
XM_034472483.1	4218	4119	0	0
XM_034472484.1	2992	2893	10.3425	4.18279
XM_034472485.1	856	757	1	1.54559
XM_034472486.1	3019	2920	15.127	6.06121
XM_034472487.1	1107	1008	0	0
XM_034472488.1	2390	2291	0	0
XM_034472489.1	1258	1159	0	0
XM_034472490.1	8129	8030	2	0.291411
XM_034472491.1	981	882	0	0
XM_034472492.1	525	426	0	0
XM_034472493.1	916	817	2	2.86417
XM_034472494.1	2783	2684	0	0
XM_034472495.1	1723	1624	0	0
XM_034472496.1	2343	2244	15	7.82095
XM_034472497.1	1707	1608	0	0
XM_034472498.1	3155	3056	29	11.1029
XM_034472499.1	3768	3669	0	0
XM_034472500.1	1738	1639	1944.24	1387.91
XM_034472501.1	4161	4062	336.681	96.9771
XM_034472502.1	690	591	1	1.97972
XM_034472503.1	980	881	2	2.6561
XM_034472504.1	783	684	0	0
XM_034472505.1	1173	1074	1.24452	1.35578
XM_034472506.1	904	805	0	0
XM_034472507.1	2032	1933	4	2.42113
XM_034472508.1	3995	3896	9.6866	2.909
XM_034472509.1	2046	1947	2	1.20186
XM_034472510.1	300	201	0	0
XM_034472511.1	4122	4023	2.64752	0.769982
XM_034472512.1	1563	1464	11.0691	8.8463
XM_034472513.1	1077	978	0	0
XM_034472514.1	771	672	0	0
XM_034472515.1	1662	1563	0	0
XM_034472516.1	1513	1414	0	0
XM_034472517.1	879	780	0	0
XM_034472518.1	1569	1470	0	0
XM_034472519.1	4383	4284	0	0
XM_034472520.1	387	288	0	0
XM_034472521.1	1263	1164	0	0
XM_034472522.1	944	845	0	0
XM_034472523.1	900	801	0	0
XM_034472524.1	2570	2471	21.2761	10.0742
XM_034472525.1	2834	2735	1	0.427793
XM_034472526.1	708	609	0	0
XM_034472527.1	720	621	0	0
XM_034472528.1	704	605	0	0
XM_034472529.1	4145	4046	0	0
XM_034472530.1	3743	3644	0.164388	0.0527817
XM_034472531.1	3740	3641	0.431957	0.138807
XM_034472532.1	3734	3635	2.98964	0.962287
XM_034472533.1	4750	4651	0	0
XM_034472534.1	3481	3382	0	0
XM_034472535.1	3488	3389	0	0
XM_034472536.1	3411	3312	0	0
XM_034472537.1	4741	4642	0	0
XM_034472538.1	3479	3380	0	0
XM_034472539.1	3403	3304	0	0
XM_034472540.1	1136	1037	0	0
XM_034472541.1	1083	984	0	0
XM_034472542.1	1258	1159	0	0
XM_034472543.1	1255	1156	0	0
XM_034472544.1	1509	1410	0	0
XM_034472545.1	1489	1390	1	0.841736
XM_034472546.1	1782	1683	0	0
XM_034472547.1	3278	3179	0.996017	0.366579
XM_034472548.1	1617	1518	3	2.31228
XM_034472549.1	1277	1178	0	0
XM_034472550.1	1180	1081	0	0
XM_034472551.1	1482	1383	0	0
XM_034472552.1	1134	1035	0	0
XM_034472553.1	1623	1524	0	0
XM_034472554.1	1565	1466	1.33716	1.06719
XM_034472555.1	1584	1485	2.66284	2.09802
XM_034472556.1	1383	1284	0	0
XM_034472557.1	1920	1821	0	0
XM_034472558.1	1916	1817	0	0
XM_034472559.1	1890	1791	39.6111	25.8769
XM_034472560.1	3086	2987	0	0
XM_034472561.1	2521	2422	0	0
XM_034472562.1	4701	4602	22.3659	5.6863
XM_034472563.1	3926	3827	0	0
XM_034472564.1	3719	3620	0	0
XM_034472565.1	3908	3809	0	0
XM_034472566.1	3701	3602	0	0
XM_034472567.1	3833	3734	0	0
XM_034472568.1	3839	3740	0	0
XM_034472569.1	3632	3533	4.765e-06	1.57801e-06
XM_034472570.1	1452	1353	0	0
XM_034472571.1	3746	3647	136.863	43.9077
XM_034472572.1	1592	1493	1.4115	1.10614
XM_034472573.1	1607	1508	0	0
XM_034472574.1	2789	2690	64	27.8368
XM_034472575.1	2413	2314	0	0
XM_034472576.1	890	791	0	0
XM_034472577.1	861	762	74	113.623
XM_034472578.1	894	795	1.99676	2.93867
XM_034472579.1	2748	2649	20.0032	8.83505
XM_034472580.1	4539	4440	0	0
XM_034472581.1	4458	4359	4.72887	1.26929
XM_034472582.1	3430	3331	0	0
XM_034472583.1	1821	1722	6.66684	4.52978
XM_034472584.1	803	704	0	0
XM_034472585.1	772	673	0	0
XM_034472586.1	2134	2035	0	0
XM_034472587.1	2206	2107	0	0
XM_034472588.1	2097	1998	0	0
XM_034472589.1	1475	1376	0	0
XM_034472590.1	1108	1009	0	0
XM_034472591.1	2721	2622	52.6066	23.4746
XM_034472592.1	5026	4927	0	0
XM_034472593.1	2431	2332	0	0
XM_034472594.1	2419	2320	0	0
XM_034472595.1	2406	2307	0	0
XM_034472596.1	2376	2277	0.000123995	6.37134e-05
XM_034472597.1	2352	2253	30.9999	16.0987
XM_034472598.1	4532	4433	0.109528	0.028908
XM_034472599.1	3974	3875	2.12501	0.641623
XM_034472600.1	1267	1168	0	0
XM_034472601.1	427	328	0	0
XM_034472602.1	1984	1885	68	42.2074
XM_034472603.1	2542	2443	1.54959	0.742138
XM_034472604.1	3010	2911	0	0
XM_034472605.1	1078	979	0.000441942	0.00052817
XM_034472606.1	1217	1118	7.99471	8.36666
XM_034472607.1	1097	998	0	0
XM_034472608.1	1224	1125	0.00528603	0.00549753
XM_034472609.1	5907	5808	0	0
XM_034472610.1	2539	2440	6.54904	3.14036
XM_034472611.1	5715	5616	88	18.3335
XM_034472612.1	1474	1375	0	0
XM_034472613.1	2525	2426	41.1625	19.8519
XM_034472614.1	2367	2268	0	0
XM_034472615.1	1559	1460	0	0
XM_034472616.1	2247	2148	0	0
XM_034472617.1	1435	1336	3.12286	2.73487
XM_034472618.1	2268	2169	3.21999e-05	1.73694e-05
XM_034472619.1	2244	2145	15	8.18189
XM_034472620.1	2581	2482	0	0
XM_034472621.1	2570	2471	0	0
XM_034472622.1	2904	2805	0	0
XM_034472623.1	2361	2262	12	6.20697
XM_034472624.1	1210	1111	0	0
XM_034472625.1	2372	2273	0	0
XM_034472626.1	945	846	0	0
XM_034472627.1	4264	4165	0	0
XM_034472628.1	2635	2536	76	35.0635
XM_034472629.1	666	567	0	0
XM_034472630.1	878	779	0	0
XM_034472631.1	3136	3037	13	5.00829
XM_034472632.1	4867	4768	0	0
XM_034472633.1	4833	4734	0	0
XM_034472634.1	4713	4614	0.000640383	0.000162388
XM_034472635.1	2475	2376	0	0
XM_034472636.1	1080	981	0	0
XM_034472637.1	2322	2223	0	0
XM_034472638.1	2860	2761	6	2.54259
XM_034472639.1	1632	1533	6	4.57931
XM_034472640.1	1635	1536	0	0
XM_034472641.1	3396	3297	12	4.25847
XM_034472642.1	2526	2427	0	0
XM_034472643.1	1398	1299	0	0
XM_034472644.1	2545	2446	0	0
XM_034472645.1	3144	3045	14.2531	5.47664
XM_034472646.1	3182	3083	6.85275e-06	2.60065e-06
XM_034472647.1	967	868	0	0
XM_034472648.1	4751	4652	1	0.251508
XM_034472649.1	1409	1310	10.9788	9.80563
XM_034472650.1	1416	1317	0.0211676	0.0188052
XM_034472651.1	2911	2812	0.439174	0.182731
XM_034472652.1	2118	2019	12	6.95402
XM_034472653.1	1448	1349	1	0.867319
XM_034472654.1	1681	1582	10.1493	7.50621
XM_034472655.1	1898	1799	0	0
XM_034472656.1	1922	1823	0	0
XM_034472657.1	8358	8259	4.75877e-06	6.74152e-07
XM_034472658.1	8254	8155	13.5863	1.94925
XM_034472659.1	8219	8120	0	0
XM_034472660.1	2478	2379	0	0
XM_034472661.1	2436	2337	0	0
XM_034472662.1	2394	2295	12	6.11772
XM_034472663.1	3596	3497	14.1781	4.74364
XM_034472664.1	1271	1172	8	7.98644
XM_034472665.1	3488	3389	0	0
XM_034472666.1	3247	3148	4	1.48668
XM_034472667.1	3358	3259	0	0
XM_034472668.1	3449	3350	0	0
XM_034472669.1	3267	3168	0	0
XM_034472670.1	1321	1222	20.8034	19.9183
XM_034472671.1	3272	3173	0	0
XM_034472672.1	3189	3090	2.23926e-07	8.47885e-08
XM_034472673.1	851	752	0	0
XM_034472674.1	3885	3786	2.86565	0.88559
XM_034472675.1	2184	2085	0	0
XM_034472676.1	3787	3688	2	0.634498
XM_034472677.1	3844	3745	3.07456e-08	9.60554e-09
XM_034472678.1	2939	2840	0	0
XM_034472679.1	1635	1536	1	0.761727
XM_034472680.1	9852	9753	0.93742	0.112457
XM_034472681.1	9813	9714	103.063	12.4135
XM_034472682.1	1684	1585	5	3.69089
XM_034472683.1	1394	1295	7	6.3244
XM_034472684.1	2779	2680	0	0
XM_034472685.1	1115	1016	0	0
XM_034472686.1	1395	1296	1	0.902788
XM_034472687.1	5603	5504	0	0
XM_034472688.1	2836	2737	0	0
XM_034472689.1	4796	4697	0	0
XM_034472690.1	1114	1015	17.4314	20.0936
XM_034472691.1	4826	4727	0	0
XM_034472692.1	1236	1137	0	0
XM_034472693.1	1076	977	9.41326	11.2729
XM_034472694.1	992	893	1.82812	2.39522
XM_034472695.1	5784	5685	32.0871	6.60376
XM_034472696.1	1223	1124	0	0
XM_034472697.1	6523	6424	0	0
XM_034472698.1	6328	6229	16.4701	3.09364
XM_034472699.1	4437	4338	14.6822	3.95997
XM_034472700.1	3384	3285	0	0
XM_034472701.1	2937	2838	0	0
XM_034472702.1	2237	2138	3	1.64174
XM_034472703.1	1001	902	0	0
XM_034472704.1	4751	4652	12.2428	3.07915
XM_034472705.1	4752	4653	9.51446	2.39245
XM_034472706.1	4751	4652	12.2428	3.07915
XM_034472707.1	3239	3140	14	5.21662
XM_034472708.1	2127	2028	61	35.1927
XM_034472709.1	1977	1878	0	0
XM_034472710.1	2129	2030	10	5.76361
XM_034472711.1	2540	2441	6	2.8759
XM_034472712.1	2163	2064	6.88404	3.90234
XM_034472713.1	3754	3655	0	0
XM_034472714.1	3387	3288	0	0
XM_034472715.1	2261	2162	0.368143	0.199229
XM_034472716.1	1439	1340	0	0
XM_034472717.1	2849	2750	0	0
XM_034472718.1	1518	1419	0	0
XM_034472719.1	1821	1722	0	0
XM_034472720.1	559	460	23.0987	58.7517
XM_034472721.1	728	629	7.96203	14.8103
XM_034472722.1	2080	1981	0	0
XM_034472723.1	1859	1760	0	0
XM_034472724.1	1255	1156	1	1.01212
XM_034472725.1	1879	1780	0	0
XM_034472726.1	1637	1538	11.9972	9.12671
XM_034472727.1	1648	1549	0.00280898	0.00212172
XM_034472728.1	1793	1694	0	0
XM_034472729.1	4218	4119	0	0
XM_034472730.1	3950	3851	0	0
XM_034472731.1	4026	3927	0	0
XM_034472732.1	3842	3743	13	4.06363
XM_034472733.1	4156	4057	0	0
XM_034472734.1	4153	4054	0	0
XM_034472735.1	4153	4054	0	0
XM_034472736.1	4150	4051	0	0
XM_034472737.1	2184	2085	7.43177	4.17039
XM_034472738.1	6921	6822	29.699	5.09356
XM_034472739.1	687	588	0	0
XM_034472740.1	619	520	16	36.0004
XM_034472741.1	1528	1429	0	0
XM_034472742.1	1449	1350	0	0
XM_034472743.1	2537	2438	0	0
XM_034472744.1	3956	3857	574.625	174.311
XM_034472745.1	3992	3893	0	0
XM_034472746.1	6232	6133	1.30097	0.24819
XM_034472747.1	1974	1875	0	0
XM_034472748.1	3150	3051	8	3.06788
XM_034472749.1	502	403	0	0
XM_034472750.1	2301	2202	7	3.71939
XM_034472751.1	7627	7528	29.7201	4.61915
XM_034472752.1	7657	7558	0.279869	0.043325
XM_034472753.1	4546	4447	0	0
XM_034472754.1	6231	6132	0	0
XM_034472755.1	4516	4417	0	0
XM_034472756.1	3395	3296	0	0
XM_034472757.1	2536	2437	26	12.4827
XM_034472758.1	4513	4414	0	0
XM_034472759.1	895	796	0	0
XM_034472760.1	1531	1432	0	0
XM_034472761.1	4510	4411	0	0
XM_034472762.1	2304	2205	0	0
XM_034472763.1	4339	4240	0	0
XM_034472764.1	2951	2852	4	1.64097
XM_034472765.1	4306	4207	6.7725e-08	1.88351e-08
XM_034472766.1	4105	4006	1.48649	0.434154
XM_034472767.1	4096	3997	20.7944	6.08699
XM_034472768.1	4084	3985	1.65315	0.485373
XM_034472769.1	4075	3976	23.4499	6.90058
XM_034472770.1	4066	3967	1.35761e-06	4.00409e-07
XM_034472771.1	4045	3946	0	0
XM_034472772.1	4276	4177	0.000299555	8.39079e-05
XM_034472773.1	4036	3937	0	0
XM_034472774.1	1225	1126	8.61608	8.95286
XM_034472775.1	785	686	1	1.70556
XM_034472776.1	3758	3659	15	4.79645
XM_034472777.1	2896	2797	0	0
XM_034472778.1	632	533	0	0
XM_034472779.1	4898	4799	1	0.243804
XM_034472780.1	1337	1238	0	0
XM_034472781.1	2666	2567	0.383708	0.174891
XM_034472782.1	2657	2558	23.6163	10.8019
XM_034472783.1	4026	3927	0	0
XM_034472784.1	4026	3927	0	0
XM_034472785.1	2142	2043	3	1.71808
XM_034472786.1	7284	7185	0	0
XM_034472787.1	7487	7388	0	0
XM_034472788.1	7106	7007	138.402	23.1101
XM_034472789.1	7428	7329	0	0
XM_034472790.1	1759	1660	0	0
XM_034472791.1	4017	3918	0	0
XM_034472792.1	2248	2149	7.85664	4.27751
XM_034472793.1	1724	1625	0	0
XM_034472794.1	1718	1619	0	0
XM_034472795.1	1616	1517	0	0
XM_034472796.1	1881	1782	2	1.31315
XM_034472797.1	1734	1635	11	7.87165
XM_034472798.1	4011	3912	0	0
XM_034472799.1	1714	1615	6	4.3468
XM_034472800.1	4004	3905	0	0
XM_034472801.1	1321	1222	4	3.82983
XM_034472802.1	2205	2106	1	0.555562
XM_034472803.1	1822	1723	0	0
XM_034472804.1	4005	3906	0	0
XM_034472805.1	1826	1727	0	0
XM_034472806.1	1807	1708	0	0
XM_034472807.1	1203	1104	6	6.35877
XM_034472808.1	3657	3558	1	0.32884
XM_034472809.1	2591	2492	2	0.939016
XM_034472810.1	4265	4166	0	0
XM_034472811.1	2977	2878	0	0
XM_034472812.1	2888	2789	0	0
XM_034472813.1	2889	2790	0	0
XM_034472814.1	2890	2791	0	0
XM_034472815.1	2800	2701	0.981588	0.425202
XM_034472816.1	2799	2700	1.51555	0.656747
XM_034472817.1	1808	1709	0	0
XM_034472818.1	1718	1619	0.251429	0.181702
XM_034472819.1	1718	1619	0.251429	0.181702
XM_034472820.1	3999	3900	0	0
XM_034472821.1	4056	3957	0	0
XM_034472822.1	6300	6201	0	0
XM_034472823.1	6300	6201	29.5992	5.58482
XM_034472824.1	3177	3078	3	1.14036
XM_034472825.1	3996	3897	0	0
XM_034472826.1	3819	3720	4	1.25808
XM_034472827.1	3854	3755	0	0
XM_034472828.1	3846	3747	0	0
XM_034472829.1	3179	3080	0	0
XM_034472830.1	3300	3201	0	0
XM_034472831.1	1517	1418	0	0
XM_034472832.1	4285	4186	0	0
XM_034472833.1	2375	2276	0	0
XM_034472834.1	1713	1614	0	0
XM_034472835.1	1133	1034	2	2.26308
XM_034472836.1	2170	2071	0	0
XM_034472837.1	3990	3891	0	0
XM_034472838.1	1809	1710	0	0
XM_034472839.1	1917	1818	0	0
XM_034472840.1	1643	1544	1	0.757781
XM_034472841.1	5340	5241	13	2.90215
XM_034472842.1	3969	3870	0	0
XM_034472843.1	1765	1666	0	0
XM_034472844.1	1716	1617	0	0
XM_034472845.1	1519	1420	0	0
XM_034472846.1	961	862	0	0
XM_034472847.1	3956	3857	6.46338	1.96065
XM_034472848.1	2061	1962	17.4325	10.3957
XM_034472849.1	1281	1182	0	0
XM_034472850.1	4305	4206	0.00112025	0.000311629
XM_034472851.1	4275	4176	4.96493	1.39105
XM_034472852.1	4293	4194	0.031976	0.00892044
XM_034472853.1	4290	4191	0.0740204	0.0206645
XM_034472854.1	709	610	3.55127	6.81154
XM_034472855.1	3947	3848	0	0
XM_034472856.1	1793	1694	0	0
XM_034472857.1	1751	1652	0	0
XM_034472858.1	2505	2406	0	0
XM_034472859.1	2409	2310	0	0
XM_034472860.1	2409	2310	0	0
XM_034472861.1	2405	2306	0	0
XM_034472862.1	2406	2307	0	0
XM_034472863.1	2311	2212	29.8786	15.804
XM_034472864.1	3939	3840	0	0
XM_034472865.1	1842	1743	3.04713	2.04543
XM_034472866.1	1271	1172	0	0
XM_034472867.1	2292	2193	0	0
XM_034472868.1	2222	2123	0	0
XM_034472869.1	3037	2938	0	0
XM_034472870.1	2963	2864	8.64941	3.53349
XM_034472871.1	3018	2919	0	0
XM_034472872.1	4422	4323	0	0
XM_034472873.1	3930	3831	0	0
XM_034472874.1	3006	2907	2.21467e-07	8.91364e-08
XM_034472875.1	3064	2965	0	0
XM_034472876.1	3030	2931	0	0
XM_034472877.1	6544	6445	0	0
XM_034472878.1	6541	6442	0	0
XM_034472879.1	6508	6409	2.17673e-07	3.97379e-08
XM_034472880.1	6457	6358	0.00255752	0.00047064
XM_034472881.1	6421	6322	1.99744	0.369667
XM_034472882.1	4377	4278	0	0
XM_034472883.1	3927	3828	0	0
XM_034472884.1	4260	4161	3.32086	0.933778
XM_034472885.1	4322	4223	9.69712e-08	2.68666e-08
XM_034472886.1	4353	4254	0	0
XM_034472887.1	4273	4174	0	0
XM_034472888.1	9526	9427	0.000361524	4.48699e-05
XM_034472889.1	9445	9346	8.99964	1.12665
XM_034472890.1	3616	3517	5.12927	1.70637
XM_034472891.1	2805	2706	0	0
XM_034472892.1	4185	4086	0	0
XM_034472893.1	1774	1675	0	0
XM_034472894.1	881	782	17.4833	26.1582
XM_034472895.1	4177	4078	86.3194	24.7658
XM_034472896.1	4045	3946	0	0
XM_034472897.1	4006	3907	0	0
XM_034472898.1	4006	3907	0	0
XM_034472899.1	3977	3878	22	6.63752
XM_034472900.1	3923	3824	0	0
XM_034472901.1	5309	5210	0.281376	0.0631888
XM_034472902.1	5300	5201	2.13824	0.481018
XM_034472903.1	5294	5195	8.28102	1.86504
XM_034472904.1	5285	5186	63.2994	14.281
XM_034472905.1	3735	3636	0	0
XM_034472906.1	4726	4627	1.21477	0.307176
XM_034472907.1	2158	2059	1.11092	0.631273
XM_034472908.1	3912	3813	0	0
XM_034472909.1	1608	1509	0	0
XM_034472910.1	8007	7908	0	0
XM_034472911.1	7256	7157	22.84	3.73384
XM_034472912.1	7264	7165	6.16002	1.00591
XM_034472913.1	12696	12597	2043.79	189.828
XM_034472914.1	3909	3810	0	0
XM_034472915.1	1502	1403	8	6.67149
XM_034472916.1	1754	1655	0	0
XM_034472917.1	1876	1777	0	0
XM_034472918.1	3909	3810	0	0
XM_034472919.1	1704	1605	0	0
XM_034472920.1	1643	1544	0	0
XM_034472921.1	4257	4158	7.52584e-08	2.11768e-08
XM_034472922.1	4239	4140	1.22083e-05	3.45021e-06
XM_034472923.1	3900	3801	0	0
XM_034472924.1	2871	2772	0	0
XM_034472925.1	2891	2792	0	0
XM_034472926.1	3900	3801	0	0
XM_034472927.1	708	609	1	1.9212
XM_034472928.1	2925	2826	21.578	8.93368
XM_034472929.1	3895	3796	0	0
XM_034472930.1	1654	1555	2	1.50484
XM_034472931.1	2044	1945	2	1.2031
XM_034472932.1	4425	4326	0	0
XM_034472933.1	3885	3786	0	0
XM_034472934.1	8233	8134	0	0
XM_034472935.1	7938	7839	0.0276343	0.00412457
XM_034472936.1	3885	3786	0	0
XM_034472937.1	7896	7797	15.0734	2.2619
XM_034472938.1	7967	7868	160.778	23.9085
XM_034472939.1	3841	3742	0	0
XM_034472940.1	7404	7305	116.522	18.6629
XM_034472941.1	7584	7485	1.77845e-08	2.77997e-09
XM_034472942.1	7562	7463	5.61774e-07	8.80722e-08
XM_034472943.1	1996	1897	4	2.46708
XM_034472944.1	1721	1622	0	0
XM_034472945.1	3755	3656	39.3749	12.601
XM_034472946.1	4208	4109	0	0
XM_034472947.1	5243	5144	0	0
XM_034472948.1	5183	5084	0	0
XM_034472949.1	5054	4955	2.22292e-06	5.24893e-07
XM_034472950.1	5030	4931	102	24.2023
XM_034472951.1	858	759	0	0
XM_034472952.1	827	728	3	4.82148
XM_034472953.1	2438	2339	0	0
XM_034472954.1	3824	3725	2.59128	0.813913
XM_034472955.1	2495	2396	0	0
XM_034472956.1	2462	2363	6.3508	3.14453
XM_034472957.1	897	798	0	0
XM_034472958.1	894	795	0	0
XM_034472959.1	622	523	5.2689	11.7871
XM_034472960.1	2852	2753	0	0
XM_034472961.1	3809	3710	7.92389	2.49894
XM_034472962.1	1913	1814	2.08972	1.34785
XM_034472963.1	9160	9061	0	0
XM_034472964.1	8893	8794	0	0
XM_034472965.1	8596	8497	0	0
XM_034472966.1	4263	4164	9.48847	2.6661
XM_034472967.1	3810	3711	0	0
XM_034472968.1	1678	1579	4.27859e-08	3.17036e-08
XM_034472969.1	3803	3704	0	0
XM_034472970.1	3742	3643	19.8768	6.38379
XM_034472971.1	2215	2116	41.1232	22.7385
XM_034472972.1	2631	2532	0	0
XM_034472973.1	2579	2480	10	4.7178
XM_034472974.1	1891	1792	16	10.4465
XM_034472975.1	2257	2158	0	0
XM_034472976.1	3779	3680	0	0
XM_034472977.1	1059	960	14	17.0627
XM_034472978.1	1031	932	0	0
XM_034472979.1	1017	918	0	0
XM_034472980.1	5126	5027	0	0
XM_034472981.1	5120	5021	0	0
XM_034472982.1	5109	5010	0	0
XM_034472983.1	5109	5010	0.0872232	0.0203697
XM_034472984.1	5099	5000	0	0
XM_034472985.1	4137	4038	0	0
XM_034472986.1	5092	4993	4.70075	1.10153
XM_034472987.1	5087	4988	15.2253	3.57132
XM_034472988.1	4839	4740	110.987	27.3958
XM_034472989.1	6147	6048	0.0472569	0.00914206
XM_034472990.1	6095	5996	0	0
XM_034472991.1	6016	5917	0	0
XM_034472992.1	6083	5984	0	0
XM_034472993.1	6114	6015	28.9527	5.63177
XM_034472994.1	6182	6083	0	0
XM_034472995.1	1738	1639	1944.24	1387.91
XM_034472996.1	3108	3009	0	0
XM_034472997.1	4128	4029	0	0
XM_034472998.1	2272	2173	14	7.53805
XM_034472999.1	853	754	5	7.75871
XM_034473000.1	3749	3650	0	0
XM_034473001.1	4093	3994	0	0
XM_034473002.1	2477	2378	0	0
XM_034473003.1	2245	2146	0	0
XM_034473004.1	1244	1145	33	33.7209
XM_034473005.1	1710	1611	1	0.726265
XM_034473006.1	3731	3632	0	0
XM_034473007.1	994	895	0	0
XM_034473008.1	1223	1124	3	3.12281
XM_034473009.1	3719	3620	10.0626	3.25233
XM_034473010.1	1786	1687	0	0
XM_034473011.1	1144	1045	0	0
XM_034473012.1	2813	2714	0	0
XM_034473013.1	3704	3605	0	0
XM_034473014.1	2163	2064	4	2.26747
XM_034473015.1	3644	3545	0	0
XM_034473016.1	2182	2083	4	2.24679
XM_034473017.1	3635	3536	0	0
XM_034473018.1	6546	6447	0	0
XM_034473019.1	5230	5131	0	0
XM_034473020.1	5244	5145	10.0969	2.29611
XM_034473021.1	4734	4635	47.2313	11.9226
XM_034473022.1	6513	6414	0	0
XM_034473023.1	6513	6414	0	0
XM_034473024.1	6495	6396	0	0
XM_034473025.1	6489	6390	0	0
XM_034473026.1	6465	6366	0	0
XM_034473027.1	3629	3530	0	0
XM_034473028.1	6441	6342	0	0
XM_034473029.1	3590	3491	0	0
XM_034473030.1	1302	1203	4	3.89032
XM_034473031.1	2447	2348	213.777	106.525
XM_034473032.1	2412	2313	0	0
XM_034473033.1	3487	3388	0	0
XM_034473034.1	1785	1686	3.11965	2.16491
XM_034473035.1	4342	4243	6	1.65451
XM_034473036.1	3442	3343	4.86763	1.70362
XM_034473037.1	2373	2274	0	0
XM_034473038.1	1695	1596	3	2.19927
XM_034473039.1	3427	3328	15.0912	5.30555
XM_034473040.1	730	631	27	50.064
XM_034473041.1	6585	6486	7.00914e-07	1.26438e-07
XM_034473042.1	6556	6457	0.000134434	2.43595e-05
XM_034473043.1	6550	6451	0.000400037	7.25545e-05
XM_034473044.1	6511	6412	0.491167	0.0896244
XM_034473045.1	6505	6406	1.47281	0.268999
XM_034473046.1	6490	6391	23.0355	4.21715
XM_034473047.1	3418	3319	0	0
XM_034473048.1	2693	2594	0	0
XM_034473049.1	2302	2203	0	0
XM_034473050.1	3719	3620	0	0
XM_034473051.1	2318	2219	0	0
XM_034473052.1	2315	2216	0	0
XM_034473053.1	2467	2368	0	0
XM_034473054.1	2461	2362	0	0
XM_034473055.1	2326	2227	0	0
XM_034473056.1	2323	2224	0	0
XM_034473057.1	2848	2749	1.94793	0.829066
XM_034473058.1	2845	2746	7.01161	2.9875
XM_034473059.1	1394	1295	31	28.008
XM_034473060.1	2468	2369	0	0
XM_034473061.1	1658	1559	0	0
XM_034473062.1	4795	4696	1.38616e-06	3.45363e-07
XM_034473063.1	4874	4775	0	0
XM_034473064.1	4798	4699	6.55351e-07	1.63177e-07
XM_034473065.1	4410	4311	0	0
XM_034473066.1	4797	4698	8.41196e-07	2.09496e-07
XM_034473067.1	4812	4713	1.9997e-08	4.96429e-09
XM_034473068.1	4765	4666	0	0
XM_034473069.1	4380	4281	0	0
XM_034473070.1	4743	4644	0	0
XM_034473071.1	4358	4259	0	0
XM_034473072.1	4754	4655	0	0
XM_034473073.1	4368	4269	0	0
XM_034473074.1	3256	3157	0	0
XM_034473075.1	2471	2372	19.9997	9.86505
XM_034473076.1	2471	2372	19.9997	9.86505
XM_034473077.1	979	880	6.45067	8.57656
XM_034473078.1	867	768	0	0
XM_034473079.1	807	708	0	0
XM_034473080.1	967	868	5.25749	7.08679
XM_034473081.1	1739	1640	0	0
XM_034473082.1	1694	1595	0	0
XM_034473083.1	1565	1466	0	0
XM_034473084.1	1565	1466	0	0
XM_034473085.1	1539	1440	0	0
XM_034473086.1	1466	1367	0	0
XM_034473087.1	4224	4125	28.823	8.17534
XM_034473088.1	1364	1265	0	0
XM_034473089.1	1334	1235	0	0
XM_034473090.1	1776	1677	1.49527	1.04323
XM_034473091.1	1989	1890	2	1.23811
XM_034473092.1	1590	1491	0	0
XM_034473093.1	959	860	0	0
XM_034473094.1	4080	3981	12.3925	3.64216
XM_034473095.1	868	769	0	0
XM_034473096.1	1327	1228	0	0
XM_034473097.1	769	670	0	0
XM_034473098.1	882	783	0	0
XM_034473099.1	3260	3161	0	0
XM_034473100.1	4089	3990	0.876553	0.257037
XM_034473101.1	3212	3113	17	6.38941
XM_034473102.1	3244	3145	0	0
XM_034473103.1	2778	2679	29	12.6653
XM_034473104.1	1858	1759	0	0
XM_034473105.1	1845	1746	0	0
XM_034473106.1	1984	1885	0	0
XM_034473107.1	1878	1779	0	0
XM_034473108.1	1869	1770	10.9151	7.21518
XM_034473109.1	1871	1772	2.90222	1.91627
XM_034473110.1	4097	3998	0.0836359	0.024476
XM_034473111.1	2010	1911	0	0
XM_034473112.1	1901	1802	0	0
XM_034473113.1	1911	1812	20.1718	13.025
XM_034473114.1	4736	4637	0	0
XM_034473115.1	4630	4531	0	0
XM_034473116.1	4733	4634	0	0
XM_034473117.1	4534	4435	0	0
XM_034473118.1	4658	4559	34.8258	8.93764
XM_034473119.1	3031	2932	39.0091	15.5666
XM_034473120.1	4175	4076	0	0
XM_034473121.1	2108	2009	0	0
XM_034473122.1	4026	3927	80	23.8353
XM_034473123.1	5120	5021	0	0
XM_034473124.1	880	781	14	20.9734
XM_034473125.1	1589	1490	0	0
XM_034473126.1	1560	1461	2	1.60166
XM_034473127.1	2878	2779	0	0
XM_034473128.1	1705	1606	0	0
XM_034473129.1	6071	5972	2.20315e-08	4.31634e-09
XM_034473130.1	6068	5969	3.97207e-08	7.78585e-09
XM_034473131.1	6085	5986	0	0
XM_034473132.1	6010	5911	0.00374338	0.000740958
XM_034473133.1	5967	5868	19.6189	3.9118
XM_034473134.1	5957	5858	0	0
XM_034473135.1	5066	4967	0	0
XM_034473136.1	5954	5855	0	0
XM_034473137.1	5951	5852	0	0
XM_034473138.1	5864	5765	0	0
XM_034473139.1	5852	5753	0	0
XM_034473140.1	5843	5744	0	0
XM_034473141.1	5840	5741	0	0
XM_034473142.1	5840	5741	0	0
XM_034473143.1	5837	5738	0	0
XM_034473144.1	5759	5660	62.1756	12.8527
XM_034473145.1	5735	5636	5.71941e-06	1.18733e-06
XM_034473146.1	6312	6213	0	0
XM_034473147.1	5729	5630	1.99512e-05	4.14621e-06
XM_034473148.1	5726	5627	3.72816e-05	7.7519e-06
XM_034473149.1	2676	2577	0	0
XM_034473150.1	2488	2389	0	0
XM_034473151.1	1237	1138	0	0
XM_034473152.1	856	757	0	0
XM_034473153.1	1795	1696	0	0
XM_034473154.1	2405	2306	0	0
XM_034473155.1	2322	2223	7.87008	4.14219
XM_034473156.1	1508	1409	0	0
XM_034473157.1	1671	1572	0	0
XM_034473158.1	2307	2208	7.37159	3.90619
XM_034473159.1	3211	3112	5.85788	2.20238
XM_034473160.1	1626	1527	1	0.766217
XM_034473161.1	2613	2514	0	0
XM_034473162.1	2613	2514	0	0
XM_034473163.1	2619	2520	0	0
XM_034473164.1	2682	2583	0	0
XM_034473165.1	2498	2399	0	0
XM_034473166.1	2498	2399	0	0
XM_034473167.1	2434	2335	10	5.01076
XM_034473168.1	3643	3544	275.062	90.8088
XM_034473169.1	2231	2132	8.13149e-08	4.46245e-08
XM_034473170.1	2680	2581	27	12.2396
XM_034473171.1	3029	2930	3	1.19797
XM_034473172.1	2485	2386	4	1.96146
XM_034473173.1	4361	4262	0.000715804	0.000196504
XM_034473174.1	2210	2111	0	0
XM_034473175.1	2976	2877	2.02204	0.822318
XM_034473176.1	3671	3572	0	0
XM_034473177.1	3010	2911	2.09286e-06	8.4118e-07
XM_034473178.1	2766	2667	0	0
XM_034473179.1	3684	3585	0.00037999	0.000124015
XM_034473180.1	2671	2572	13.9961	6.36687
XM_034473181.1	2468	2369	0	0
XM_034473182.1	3669	3570	9.49093e-08	3.11051e-08
XM_034473183.1	4725	4626	23.6596	5.98401
XM_034473184.1	2134	2035	0	0
XM_034473185.1	2343	2244	0	0
XM_034473186.1	2164	2065	6.93456e-05	3.92907e-05
XM_034473187.1	2146	2047	1.99993	1.14311
XM_034473188.1	2356	2257	0	0
XM_034473189.1	2215	2116	0	0
XM_034473190.1	2258	2159	0	0
XM_034473191.1	2430	2331	0	0
XM_034473192.1	2231	2132	0	0
XM_034473193.1	3375	3276	32	11.4287
XM_034473194.1	2406	2307	0	0
XM_034473195.1	2265	2166	0	0
XM_034473196.1	3289	3190	1	0.366775
XM_034473197.1	2365	2266	0	0
XM_034473198.1	1504	1405	4.2583	3.5461
XM_034473199.1	1529	1430	55.7417	45.6074
XM_034473200.1	3664	3565	0.0250992	0.0082374
XM_034473201.1	3646	3547	9.51302	3.13797
XM_034473202.1	3681	3582	9.46642e-05	3.09208e-05
XM_034473203.1	3596	3497	0	0
XM_034473204.1	2727	2628	3.86864	1.72236
XM_034473205.1	2542	2443	0	0
XM_034473206.1	2854	2755	1.85445	0.787561
XM_034473207.1	1942	1843	0	0
XM_034473208.1	2915	2816	10	4.15488
XM_034473209.1	1386	1287	1.32472	1.2043
XM_034473210.1	653	554	0	0
XM_034473211.1	552	453	0	0
XM_034473212.1	1207	1108	0	0
XM_034473213.1	1831	1732	0	0
XM_034473214.1	1201	1102	0	0
XM_034473215.1	3199	3100	53	20.0035
XM_034473216.1	1127	1028	0	0
XM_034473217.1	2978	2879	10	4.06396
XM_034473218.1	3240	3141	0	0
XM_034473219.1	3216	3117	0	0
XM_034473220.1	3042	2943	0	0
XM_034473221.1	3167	3068	0	0
XM_034473222.1	3504	3405	1.67389	0.575175
XM_034473223.1	2238	2139	1.20693	0.66018
XM_034473224.1	3495	3396	37.3261	12.8599
XM_034473225.1	2037	1938	5.32304	3.21363
XM_034473226.1	2227	2128	0	0
XM_034473227.1	1567	1468	22	17.5343
XM_034473228.1	3407	3308	0	0
XM_034473229.1	2082	1983	0	0
XM_034473230.1	928	829	0	0
XM_034473231.1	1293	1194	54	52.9152
XM_034473232.1	2702	2603	0	0
XM_034473233.1	2702	2603	0	0
XM_034473234.1	2702	2603	0	0
XM_034473235.1	2702	2603	0	0
XM_034473236.1	2699	2600	0	0
XM_034473237.1	2660	2561	0	0
XM_034473238.1	2660	2561	0	0
XM_034473239.1	2660	2561	0	0
XM_034473240.1	2660	2561	0	0
XM_034473241.1	2660	2561	0	0
XM_034473242.1	2660	2561	0	0
XM_034473243.1	2660	2561	0	0
XM_034473244.1	2660	2561	0	0
XM_034473245.1	2660	2561	0	0
XM_034473246.1	2660	2561	0	0
XM_034473247.1	2660	2561	0	0
XM_034473248.1	2660	2561	0	0
XM_034473249.1	2648	2549	0	0
XM_034473250.1	2624	2525	0	0
XM_034473251.1	2618	2519	0	0
XM_034473252.1	2618	2519	0	0
XM_034473253.1	2618	2519	0	0
XM_034473254.1	2618	2519	0	0
XM_034473255.1	2618	2519	0	0
XM_034473256.1	2618	2519	0	0
XM_034473257.1	2618	2519	0	0
XM_034473258.1	2618	2519	0	0
XM_034473259.1	2576	2477	0	0
XM_034473260.1	2576	2477	0	0
XM_034473261.1	2576	2477	0	0
XM_034473262.1	2576	2477	0	0
XM_034473263.1	2576	2477	0	0
XM_034473264.1	2576	2477	0	0
XM_034473265.1	2576	2477	0	0
XM_034473266.1	2576	2477	0	0
XM_034473267.1	2576	2477	0	0
XM_034473268.1	2576	2477	0	0
XM_034473269.1	2576	2477	0	0
XM_034473270.1	2576	2477	0	0
XM_034473271.1	2534	2435	0	0
XM_034473272.1	2534	2435	0	0
XM_034473273.1	2534	2435	0	0
XM_034473274.1	2534	2435	0	0
XM_034473275.1	2534	2435	0	0
XM_034473276.1	2492	2393	0	0
XM_034473277.1	2492	2393	0	0
XM_034473278.1	2489	2390	0	0
XM_034473279.1	2450	2351	0	0
XM_034473280.1	2450	2351	0	0
XM_034473281.1	2408	2309	1	0.506719
XM_034473282.1	1096	997	0	0
XM_034473283.1	973	874	0	0
XM_034473284.1	1177	1078	0	0
XM_034473285.1	6647	6548	0	0
XM_034473286.1	966	867	0	0
XM_034473287.1	6375	6276	0	0
XM_034473288.1	6811	6712	0	0
XM_034473289.1	4814	4715	0	0
XM_034473290.1	4688	4589	25.5542	6.51531
XM_034473291.1	2469	2370	2.08559	1.02961
XM_034473292.1	2212	2113	4	2.21489
XM_034473293.1	2304	2205	0	0
XM_034473294.1	917	818	14	20.0247
XM_034473295.1	2549	2450	4.261	2.03487
XM_034473296.1	2517	2418	4	1.93551
XM_034473297.1	3253	3154	0	0
XM_034473298.1	3333	3234	0	0
XM_034473299.1	2749	2650	18	7.94726
XM_034473300.1	3740	3641	8.99983	2.89204
XM_034473301.1	1850	1751	0	0
XM_034473302.1	1027	928	3.11839	3.93164
XM_034473303.1	1838	1739	0	0
XM_034473304.1	4033	3934	0	0
XM_034473305.1	2327	2228	0.0101101	0.00530922
XM_034473306.1	2313	2214	16.4409	8.68836
XM_034473307.1	2379	2280	0	0
XM_034473308.1	4261	4162	7.10899	1.99847
XM_034473309.1	7722	7623	0.050833	0.00780209
XM_034473310.1	7674	7575	83.9492	12.9666
XM_034473311.1	2195	2096	0	0
XM_034473312.1	6391	6292	81.1851	15.0966
XM_034473313.1	1368	1269	0	0
XM_034473314.1	1327	1228	0	0
XM_034473315.1	22474	22375	43	2.24852
XM_034473316.1	2622	2523	0	0
XM_034473317.1	887	788	0	0
XM_034473318.1	830	731	0	0
XM_034473319.1	3422	3323	0	0
XM_034473320.1	3414	3315	0	0
XM_034473321.1	3360	3261	0	0
XM_034473322.1	3354	3255	0	0
XM_034473323.1	3333	3234	0	0
XM_034473324.1	3273	3174	11	4.05487
XM_034473325.1	973	874	0	0
XM_034473326.1	2722	2623	0	0
XM_034473327.1	1772	1673	2	1.3987
XM_034473328.1	1721	1622	0	0
XM_034473329.1	1041	942	0	0
XM_034473330.1	1801	1702	0	0
XM_034473331.1	1688	1589	0	0
XM_034473332.1	1702	1603	0	0
XM_034473333.1	1477	1378	8	6.79253
XM_034473334.1	2781	2682	0	0
XM_034473335.1	3518	3419	2	0.684418
XM_034473336.1	2380	2281	35.0142	17.9602
XM_034473337.1	3160	3061	17.2403	6.58982
XM_034473338.1	2214	2115	3.24417	1.79467
XM_034473339.1	2292	2193	0	0
XM_034473340.1	2410	2311	0	0
XM_034473341.1	2281	2182	0	0
XM_034473342.1	1437	1338	0	0
XM_034473343.1	1428	1329	0	0
XM_034473344.1	1410	1311	0	0
XM_034473345.1	12202	12103	0	0
XM_034473346.1	12199	12100	0	0
XM_034473347.1	8500	8401	0	0
XM_034473348.1	8499	8400	0	0
XM_034473349.1	12011	11912	18.0655	1.77442
XM_034473350.1	2088	1989	0	0
XM_034473351.1	1642	1543	0	0
XM_034473352.1	2392	2293	1	0.510254
XM_034473353.1	1627	1528	8.23664	6.30693
XM_034473354.1	3593	3494	18	6.02754
XM_034473355.1	9101	9002	0	0
XM_034473356.1	1403	1304	0	0
XM_034473357.1	2650	2551	6.26703e-07	2.87437e-07
XM_034473358.1	2665	2566	18.4043	8.39175
XM_034473359.1	2611	2512	44.1975	20.5859
XM_034473360.1	9064	8965	0	0
XM_034473361.1	2581	2482	0	0
XM_034473362.1	2546	2447	0.00270945	0.0012955
XM_034473363.1	1659	1560	0	0
XM_034473364.1	2499	2400	0	0
XM_034473365.1	2497	2398	0	0
XM_034473366.1	9062	8963	0	0
XM_034473367.1	3203	3104	0	0
XM_034473368.1	3182	3083	0	0
XM_034473369.1	3137	3038	0	0
XM_034473370.1	3134	3035	0	0
XM_034473371.1	3134	3035	0	0
XM_034473372.1	3113	3014	0	0
XM_034473373.1	3113	3014	0	0
XM_034473374.1	3080	2981	0	0
XM_034473375.1	3059	2960	0	0
XM_034473376.1	2879	2780	0	0
XM_034473377.1	8902	8803	0	0
XM_034473378.1	2858	2759	0	0
XM_034473379.1	2810	2711	0	0
XM_034473380.1	2810	2711	0	0
XM_034473381.1	2735	2636	0	0
XM_034473382.1	2666	2567	8	3.64632
XM_034473383.1	2666	2567	8	3.64632
XM_034473384.1	2570	2471	0	0
XM_034473385.1	639	540	0	0
XM_034473386.1	6925	6826	0	0
XM_034473387.1	3423	3324	12	4.22388
XM_034473388.1	4930	4831	8.92232	2.16089
XM_034473389.1	6340	6241	0	0
XM_034473390.1	4269	4170	0	0
XM_034473391.1	2892	2793	16.6729	6.98443
XM_034473392.1	3966	3867	5.07768	1.53632
XM_034473393.1	587	488	0	0
XM_034473394.1	1575	1476	0	0
XM_034473395.1	1425	1326	3	2.64709
XM_034473396.1	1121	1022	0	0
XM_034473397.1	2368	2269	0	0
XM_034473398.1	6062	5963	19.7658	3.87829
XM_034473399.1	1102	1003	1	1.16651
XM_034473400.1	5926	5827	10.2342	2.05494
XM_034473401.1	5926	5827	18.7238	3.75959
XM_034473402.1	3646	3547	0	0
XM_034473403.1	3039	2940	0	0
XM_034473404.1	4256	4157	0.00157324	0.000442799
XM_034473405.1	4228	4129	4.36232	1.23613
XM_034473406.1	4231	4132	31.6361	8.95805
XM_034473407.1	2413	2314	0	0
XM_034473408.1	2160	2061	41	23.2754
XM_034473409.1	1915	1816	0	0
XM_034473410.1	1910	1811	0	0
XM_034473411.1	3042	2943	0	0
XM_034473412.1	1905	1806	0	0
XM_034473413.1	1863	1764	6	3.97964
XM_034473414.1	1609	1510	0	0
XM_034473415.1	1491	1392	0	0
XM_034473416.1	1648	1549	0	0
XM_034473417.1	1643	1544	1	0.757781
XM_034473418.1	1405	1306	0	0
XM_034473419.1	1653	1554	0	0
XM_034473420.1	1405	1306	0	0
XM_034473421.1	4367	4268	5	1.37068
XM_034473422.1	2014	1915	0	0
XM_034473423.1	1617	1518	0	0
XM_034473424.1	1077	978	1	1.19633
XM_034473425.1	1152	1053	0	0
XM_034473426.1	1232	1133	2.9476	3.04389
XM_034473427.1	1138	1039	60.0524	67.6247
XM_034473428.1	1063	964	0	0
XM_034473429.1	977	878	1	1.33259
XM_034473430.1	689	590	0	0
XM_034473431.1	1029	930	3	3.77424
XM_034473432.1	1785	1686	0	0
XM_034473433.1	1835	1736	0	0
XM_034473434.1	1712	1613	0	0
XM_034473435.1	2043	1944	3.6789	2.21418
XM_034473436.1	1397	1298	0	0
XM_034473437.1	1409	1310	0	0
XM_034473438.1	1336	1237	0	0
XM_034473439.1	3679	3580	0.000237282	7.75485e-05
XM_034473440.1	3778	3679	0	0
XM_034473441.1	4022	3923	0	0
XM_034473442.1	3745	3646	0	0
XM_034473443.1	2489	2390	0	0
XM_034473444.1	2732	2633	0	0
XM_034473445.1	2736	2637	0	0
XM_034473446.1	2506	2407	0	0
XM_034473447.1	4305	4206	0	0
XM_034473448.1	4391	4292	4.89159	1.33346
XM_034473449.1	4302	4203	0	0
XM_034473450.1	3644	3545	23.9998	7.92103
XM_034473451.1	4302	4203	0	0
XM_034473452.1	4388	4289	11.1084	3.03031
XM_034473453.1	4299	4200	0	0
XM_034473454.1	4210	4111	0	0
XM_034473455.1	4207	4108	0	0
XM_034473456.1	4388	4289	0	0
XM_034473457.1	4385	4286	0	0
XM_034473458.1	1924	1825	2.99998	1.9233
XM_034473459.1	3280	3181	7	2.57469
XM_034473460.1	2321	2222	1.6492	0.868402
XM_034473461.1	2410	2311	0	0
XM_034473462.1	2390	2291	0	0
XM_034473463.1	1124	1025	0	0
XM_034473464.1	5420	5321	0	0
XM_034473465.1	1090	991	0	0
XM_034473466.1	3552	3453	8.50592	2.88214
XM_034473467.1	1496	1397	0	0
XM_034473468.1	1316	1217	0	0
XM_034473469.1	1313	1214	0	0
XM_034473470.1	5417	5318	0	0
XM_034473471.1	1802	1703	0	0
XM_034473472.1	1816	1717	0	0
XM_034473473.1	1865	1766	13	8.61278
XM_034473474.1	5417	5318	0	0
XM_034473475.1	1041	942	0	0
XM_034473476.1	2465	2366	0	0
XM_034473477.1	2119	2020	0	0
XM_034473478.1	5417	5318	0	0
XM_034473479.1	2073	1974	0	0
XM_034473480.1	1389	1290	0	0
XM_034473481.1	5654	5555	1.49724	0.315354
XM_034473482.1	5631	5532	194.496	41.1357
XM_034473483.1	3143	3044	0	0
XM_034473484.1	3014	2915	6.10166	2.44906
XM_034473485.1	5414	5315	0	0
XM_034473486.1	1594	1495	21.9414	17.1718
XM_034473487.1	2665	2566	0	0
XM_034473488.1	3283	3184	0	0
XM_034473489.1	1164	1065	0	0
XM_034473490.1	5411	5312	37.9606	8.36116
XM_034473491.1	3861	3762	0.0286726	0.00891742
XM_034473492.1	3843	3744	7.95735	2.4867
XM_034473493.1	3837	3738	0.034051	0.0106581
XM_034473494.1	3819	3720	9.79843	3.0818
XM_034473495.1	2796	2697	0.000329209	0.000142818
XM_034473496.1	2776	2677	2.03837	0.890892
XM_034473497.1	2656	2557	0	0
XM_034473498.1	5408	5309	73.6408	16.2292
XM_034473499.1	3008	2909	7.89329	3.17472
XM_034473500.1	2889	2790	20.3802	8.54662
XM_034473501.1	836	737	0	0
XM_034473502.1	2353	2254	0	0
XM_034473503.1	2541	2442	19.485	9.33567
XM_034473504.1	3898	3799	2	0.615959
XM_034473505.1	5351	5252	20.6976	4.6109
XM_034473506.1	3886	3787	0	0
XM_034473507.1	1845	1746	33	22.1137
XM_034473508.1	1606	1507	2	1.55277
XM_034473509.1	6233	6134	9	1.71668
XM_034473510.1	6116	6017	6.89611e-05	1.34096e-05
XM_034473511.1	6127	6028	8.09362e-06	1.57094e-06
XM_034473512.1	5351	5252	0.00211452	0.000471061
XM_034473513.1	6110	6011	0.000222252	4.32603e-05
XM_034473514.1	6060	5961	3.9997	0.785053
XM_034473515.1	3925	3826	0	0
XM_034473516.1	2122	2023	0	0
XM_034473517.1	1198	1099	0	0
XM_034473518.1	709	610	0	0
XM_034473519.1	5327	5228	0.455481	0.101936
XM_034473520.1	2077	1978	0	0
XM_034473521.1	2707	2608	3	1.34587
XM_034473522.1	4208	4109	14	3.98642
XM_034473523.1	5324	5225	0.000104391	2.3376e-05
XM_034473524.1	2315	2216	0	0
XM_034473525.1	3796	3697	30.7555	9.73338
XM_034473526.1	2068	1969	7	4.15952
XM_034473527.1	5114	5015	12.2433	2.85638
XM_034473528.1	2894	2795	0	0
XM_034473529.1	1517	1418	8	6.60092
XM_034473530.1	3406	3307	0	0
XM_034473531.1	2672	2573	0	0
XM_034473532.1	1929	1830	1.25802	0.804319
XM_034473533.1	2998	2899	44.3524	17.9003
XM_034473534.1	7101	7002	0	0
XM_034473535.1	7999	7900	9.47854	1.4038
XM_034473536.1	950	851	0	0
XM_034473537.1	941	842	0	0
XM_034473538.1	1680	1581	0	0
XM_034473539.1	7098	6999	0	0
XM_034473540.1	2644	2545	0	0
XM_034473541.1	2649	2550	0	0
XM_034473542.1	2389	2290	0	0
XM_034473543.1	6220	6121	0	0
XM_034473544.1	7098	6999	0	0
XM_034473545.1	7619	7520	1.86577	0.290289
XM_034473546.1	7481	7382	7.37565	1.16901
XM_034473547.1	7613	7514	4.75858	0.740964
XM_034473548.1	4191	4092	0	0
XM_034473549.1	2792	2693	0	0
XM_034473550.1	7058	6959	1.02593e-07	1.72489e-08
XM_034473551.1	2450	2351	4.8071	2.39233
XM_034473552.1	2405	2306	5.1929	2.63476
XM_034473553.1	2003	1904	4	2.45801
XM_034473554.1	1919	1820	22	14.143
XM_034473555.1	2658	2559	14	6.40101
XM_034473556.1	7049	6950	64.441	10.8485
XM_034473557.1	3257	3158	0	0
XM_034473558.1	2978	2879	3	1.21919
XM_034473559.1	2197	2098	0	0
XM_034473560.1	6989	6890	0.0122295	0.00207674
XM_034473561.1	2286	2187	0	0
XM_034473562.1	1586	1487	4	3.14731
XM_034473563.1	6941	6842	44.5468	7.61771
XM_034473564.1	2514	2415	3	1.45343
XM_034473565.1	2150	2051	2.33465	1.33182
XM_034473566.1	3292	3193	0	0
XM_034473567.1	1534	1435	5	4.0767
XM_034473568.1	1522	1423	0	0
XM_034473569.1	6250	6151	0	0
XM_034473570.1	5770	5671	275.548	56.8498
XM_034473571.1	5939	5840	0	0
XM_034473572.1	4720	4621	10.9681	2.77707
XM_034473573.1	4726	4627	0	0
XM_034473574.1	4726	4627	0	0
XM_034473575.1	4538	4439	9.37567	2.4712
XM_034473576.1	4144	4045	55	15.9087
XM_034473577.1	1528	1429	1.44673	1.18453
XM_034473578.1	684	585	0	0
XM_034473579.1	572	473	0	0
XM_034473580.1	4720	4621	0	0
XM_034473581.1	3424	3325	1	0.351884
XM_034473582.1	1657	1558	106.52	79.9933
XM_034473583.1	9846	9747	0	0
XM_034473584.1	9843	9744	0	0
XM_034473585.1	9816	9717	0	0
XM_034473586.1	9942	9843	0	0
XM_034473587.1	9777	9678	0	0
XM_034473588.1	9711	9612	21.123	2.57118
XM_034473589.1	4552	4453	13	3.41571
XM_034473590.1	9546	9447	0	0
XM_034473591.1	9891	9792	0	0
XM_034473592.1	9033	8934	37.7765	4.94728
XM_034473593.1	8011	7912	18.1005	2.67668
XM_034473594.1	5070	4971	104	24.4783
XM_034473595.1	2027	1928	1.59641	0.968787
XM_034473596.1	2634	2535	1.23583	0.570389
XM_034473597.1	2770	2671	4.1955	1.83781
XM_034473598.1	2818	2719	8.10158	3.48619
XM_034473599.1	2775	2676	2.94299	1.28675
XM_034473600.1	2449	2350	6.72719	3.34932
XM_034473601.1	3948	3849	10	3.03979
XM_034473602.1	2075	1976	0	0
XM_034473603.1	1435	1336	0	0
XM_034473604.1	1969	1870	0	0
XM_034473605.1	1297	1198	0	0
XM_034473606.1	1272	1173	1.90847	1.90361
XM_034473607.1	1607	1508	0	0
XM_034473608.1	1445	1346	0	0
XM_034473609.1	1923	1824	6.2739	4.02442
XM_034473610.1	2604	2505	1.40359	0.655576
XM_034473611.1	1361	1262	55.4691	51.426
XM_034473612.1	863	764	0	0
XM_034473613.1	2417	2318	0	0
XM_034473614.1	789	690	0	0
XM_034473615.1	697	598	2	3.91309
XM_034473616.1	4366	4267	77.9203	21.3658
XM_034473617.1	1383	1284	0	0
XM_034473618.1	1379	1280	0	0
XM_034473619.1	1358	1259	1	0.92932
XM_034473620.1	1430	1331	0	0
XM_034473621.1	1869	1770	1	0.661025
XM_034473622.1	2112	2013	0	0
XM_034473623.1	6837	6738	8.11798	1.40964
XM_034473624.1	4680	4581	69.6855	17.7981
XM_034473625.1	5725	5626	13	2.70355
XM_034473626.1	2756	2657	0	0
XM_034473627.1	2285	2186	44	23.5501
XM_034473628.1	2210	2111	0	0
XM_034473629.1	2833	2734	0	0
XM_034473630.1	1080	981	0	0
XM_034473631.1	1029	930	0	0
XM_034473632.1	872	773	16.7997	25.4281
XM_034473633.1	749	650	0	0
XM_034473634.1	687	588	3.20028	6.36797
XM_034473635.1	7614	7515	0.0192876	0.00300289
XM_034473636.1	7611	7512	0.0308093	0.00479863
XM_034473637.1	7572	7473	13.8154	2.16301
XM_034473638.1	7611	7512	0.0308093	0.00479863
XM_034473639.1	7584	7485	2.10373	0.328843
XM_034473640.1	3405	3306	7.10901	2.51592
XM_034473641.1	5186	5087	13	2.99001
XM_034473642.1	4548	4449	7.86441	2.06821
XM_034473643.1	3256	3157	0	0
XM_034473644.1	2245	2146	0	0
XM_034473645.1	1704	1605	0	0
XM_034473646.1	1668	1569	0	0
XM_034473647.1	1682	1583	0	0
XM_034473648.1	2232	2133	0	0
XM_034473649.1	2194	2095	2	1.11696
XM_034473650.1	1751	1652	0	0
XM_034473651.1	1713	1614	0	0
XM_034473652.1	1133	1034	1	1.13154
XM_034473653.1	3052	2953	16.9938	6.73315
XM_034473654.1	1245	1146	0	0
XM_034473655.1	1087	988	1.03534	1.22608
XM_034473656.1	6580	6481	0	0
XM_034473657.1	6343	6244	0	0
XM_034473658.1	6612	6513	0	0
XM_034473659.1	6563	6464	0	0
XM_034473660.1	5937	5838	8.7915e-07	1.76193e-07
XM_034473661.1	5856	5757	11.5256	2.34239
XM_034473662.1	6202	6103	0	0
XM_034473663.1	5869	5770	0.817735	0.165816
XM_034473664.1	1178	1079	0	0
XM_034473665.1	5869	5770	0.817735	0.165816
XM_034473666.1	6232	6133	0	0
XM_034473667.1	5869	5770	0.817735	0.165816
XM_034473668.1	5887	5788	0.021178	0.00428102
XM_034473669.1	4178	4079	0	0
XM_034473670.1	3310	3211	0	0
XM_034473671.1	3165	3066	1	0.381609
XM_034473672.1	2482	2383	1.41423	0.694363
XM_034473673.1	6270	6171	2.69476	0.510923
XM_034473674.1	2836	2737	19	8.12212
XM_034473675.1	1479	1380	0	0
XM_034473676.1	1426	1327	2.92291	2.57713
XM_034473677.1	1543	1444	0	0
XM_034473678.1	1478	1379	0	0
XM_034473679.1	1442	1343	2.29216e-06	1.99692e-06
XM_034473680.1	1425	1326	7.07709	6.24456
XM_034473681.1	3686	3587	6.08624	1.98522
XM_034473682.1	3739	3640	0.342289	0.110023
XM_034473683.1	3731	3632	4.52112	1.45643
XM_034473684.1	4262	4163	0	0
XM_034473685.1	6684	6585	0	0
XM_034473686.1	6683	6584	14.0799	2.50208
XM_034473687.1	7429	7330	6.0398	0.964071
XM_034473688.1	2613	2514	7	3.25779
XM_034473689.1	1241	1142	0	0
XM_034473690.1	1237	1138	0	0
XM_034473691.1	2872	2773	4.44882	1.87709
XM_034473692.1	2969	2870	0	0
XM_034473693.1	1341	1242	0	0
XM_034473694.1	2574	2475	15	7.09099
XM_034473695.1	1679	1580	1	0.740515
XM_034473696.1	1750	1651	9.55327	6.77011
XM_034473697.1	1198	1099	0	0
XM_034473698.1	1706	1607	0	0
XM_034473699.1	1562	1463	1	0.799736
XM_034473700.1	727	628	0	0
XM_034473701.1	528	429	11	30.0003
XM_034473702.1	672	573	0	0
XM_034473703.1	3079	2980	1.03117	0.404858
XM_034473704.1	3429	3330	3	1.05407
XM_034473705.1	1554	1455	2.70342	2.17391
XM_034473706.1	3278	3179	3	1.10413
XM_034473707.1	1613	1514	0.266828	0.206204
XM_034473708.1	1959	1860	0	0
XM_034473709.1	1889	1790	2	1.30728
XM_034473710.1	1545	1446	0	0
XM_034473711.1	2396	2297	8	4.07493
XM_034473712.1	2653	2554	11.397	5.22109
XM_034473713.1	2022	1923	0	0
XM_034473714.1	2512	2413	38	18.4254
XM_034473715.1	2060	1961	0	0
XM_034473716.1	1823	1724	0	0
XM_034473717.1	1647	1548	7	5.29076
XM_034473718.1	1473	1374	0	0
XM_034473719.1	1373	1274	0	0
XM_034473720.1	1117	1018	0	0
XM_034473721.1	3383	3284	0	0
XM_034473722.1	3365	3266	0	0
XM_034473723.1	3231	3132	8	2.98854
XM_034473724.1	1114	1015	0	0
XM_034473725.1	1718	1619	3.48758e-05	2.52039e-05
XM_034473726.1	991	892	0	0
XM_034473727.1	968	869	0	0
XM_034473728.1	890	791	2	2.95831
XM_034473729.1	5359	5260	2	0.444872
XM_034473730.1	5151	5052	2	0.463188
XM_034473731.1	1702	1603	3.99997	2.91953
XM_034473732.1	3235	3136	0	0
XM_034473733.1	885	786	2	2.97713
XM_034473734.1	832	733	6	9.57719
XM_034473735.1	912	813	212.35	305.6
XM_034473736.1	852	753	70.8943	110.156
XM_034473737.1	774	675	50.2578	87.1146
XM_034473738.1	734	635	0	0
XM_034473739.1	789	690	1030.74	1747.8
XM_034473740.1	795	696	39.7552	66.8306
XM_034473741.1	1500	1401	3.01484	2.51778
XM_034473742.1	2600	2501	0.393137	0.183917
XM_034473743.1	2588	2489	0	0
XM_034473744.1	2588	2489	0	0
XM_034473745.1	2600	2501	0	0
XM_034473746.1	2600	2501	0	0
XM_034473747.1	2597	2498	1.60686	0.752623
XM_034473748.1	2597	2498	0	0
XM_034473749.1	3815	3716	0	0
XM_034473750.1	1292	1193	0	0
XM_034473751.1	3399	3300	5.23695	1.85676
XM_034473752.1	3868	3769	0	0
XM_034473753.1	2552	2453	1	0.476972
XM_034473754.1	1741	1642	22.4137	15.971
XM_034473755.1	1202	1103	0	0
XM_034473756.1	1825	1726	0	0
XM_034473757.1	946	847	0	0
XM_034473758.1	2048	1949	7.30592	4.38585
XM_034473759.1	1667	1568	1	0.746182
XM_034473760.1	819	720	0	0
XM_034473761.1	861	762	0	0
XM_034473762.1	941	842	0	0
XM_034473763.1	1009	910	0	0
XM_034473764.1	697	598	0	0
XM_034473765.1	675	576	0	0
XM_034473766.1	3347	3248	21.5751	7.77191
XM_034473767.1	1939	1840	4.67652	2.97369
XM_034473768.1	939	840	0	0
XM_034473769.1	2063	1964	0	0
XM_034473770.1	2010	1911	20.1302	12.3248
XM_034473771.1	5751	5652	0	0
XM_034473772.1	5759	5660	0	0
XM_034473773.1	5754	5655	0	0
XM_034473774.1	5630	5531	73	15.4422
XM_034473775.1	4090	3991	0	0
XM_034473776.1	1435	1336	0	0
XM_034473777.1	1113	1014	0	0
XM_034473778.1	1097	998	0	0
XM_034473779.1	1183	1084	0	0
XM_034473780.1	1075	976	0	0
XM_034473781.1	1078	979	0	0
XM_034473782.1	1013	914	0	0
XM_034473783.1	1318	1219	1	0.959814
XM_034473784.1	992	893	0.753853	0.987702
XM_034473785.1	1373	1274	0	0
XM_034473786.1	1494	1395	0	0
XM_034473787.1	1437	1338	1.5837	1.38486
XM_034473788.1	2785	2686	3	1.30679
XM_034473789.1	2898	2799	0	0
XM_034473790.1	1403	1304	0	0
XM_034473791.1	1302	1203	8.59286	8.35724
XM_034473792.1	1162	1063	26.0696	28.694
XM_034473793.1	1491	1392	0	0
XM_034473794.1	951	852	52.8331	72.5534
XM_034473795.1	1204	1105	0	0
XM_034473796.1	1931	1832	0	0
XM_034473797.1	2648	2549	4.9987	2.29445
XM_034473798.1	619	520	0	0
XM_034473799.1	771	672	3	5.22327
XM_034473800.1	1952	1853	4.47765	2.82726
XM_034473801.1	682	583	0	0
XM_034473802.1	670	571	0	0
XM_034473803.1	2220	2121	1	0.551633
XM_034473804.1	1147	1048	0	0
XM_034473805.1	1115	1016	0	0
XM_034473806.1	2321	2222	3	1.57968
XM_034473807.1	1269	1170	0	0
XM_034473808.1	5723	5624	11.7471	2.44386
XM_034473809.1	5699	5600	1772.25	370.279
XM_034473810.1	2388	2289	0	0
XM_034473811.1	2384	2285	0	0
XM_034473812.1	2326	2227	35.7498	18.7821
XM_034473813.1	3053	2954	0	0
XM_034473814.1	3051	2952	0	0
XM_034473815.1	4183	4084	0	0
XM_034473816.1	1956	1857	0	0
XM_034473817.1	1936	1837	0	0
XM_034473818.1	3229	3130	8.22022	3.07277
XM_034473819.1	1420	1321	5	4.42851
XM_034473820.1	2680	2581	1.9405e-06	8.79662e-07
XM_034473821.1	3112	3013	0	0
XM_034473822.1	2668	2569	0.000459143	0.00020911
XM_034473823.1	2659	2560	0.0281684	0.012874
XM_034473824.1	2647	2548	6.97137	3.20118
XM_034473825.1	5702	5603	7.59468e-08	1.58591e-08
XM_034473826.1	5698	5599	1.75518e-07	3.66777e-08
XM_034473827.1	5375	5276	0	0
XM_034473828.1	5689	5590	1.15837e-06	2.42453e-07
XM_034473829.1	5475	5376	0	0
XM_034473830.1	5395	5296	0	0
XM_034473831.1	2949	2850	0.0897787	0.0368569
XM_034473832.1	5353	5254	0	0
XM_034473833.1	5643	5544	0.0187612	0.00395939
XM_034473834.1	5472	5373	0	0
XM_034473835.1	5640	5541	0.0353997	0.00747484
XM_034473836.1	5418	5319	0	0
XM_034473837.1	6443	6344	33.5224	6.18247
XM_034473838.1	2944	2845	0.704191	0.2896
XM_034473839.1	2944	2845	0.704191	0.2896
XM_034473840.1	3886	3787	0.00337345	0.00104224
XM_034473841.1	1701	1602	0	0
XM_034473842.1	1680	1581	0	0
XM_034473843.1	1800	1701	11	7.56622
XM_034473844.1	2944	2845	0.704191	0.2896
XM_034473845.1	4985	4886	0	0
XM_034473846.1	3246	3147	2.13214e-05	7.92703e-06
XM_034473847.1	3213	3114	4.99998	1.87863
XM_034473848.1	3021	2922	0	0
XM_034473849.1	3504	3405	2.67952	0.920728
XM_034473850.1	3092	2993	0	0
XM_034473851.1	7283	7184	60	9.77183
XM_034473852.1	2886	2787	0	0
XM_034473853.1	2180	2081	0	0
XM_034473854.1	2884	2785	0	0
XM_034473855.1	2471	2372	24	11.8382
XM_034473856.1	2464	2365	0	0
XM_034473857.1	5162	5063	21.874	5.05489
XM_034473858.1	2601	2502	0	0
XM_034473859.1	3012	2913	0	0
XM_034473860.1	2153	2054	5.82057	3.31555
XM_034473861.1	2509	2410	0.000499957	0.00024272
XM_034473862.1	2510	2411	7.5827	3.67974
XM_034473863.1	1066	967	0	0
XM_034473864.1	687	588	0	0
XM_034473865.1	3029	2930	0	0
XM_034473866.1	1753	1654	0	0
XM_034473867.1	3165	3066	0	0
XM_034473868.1	3008	2909	0	0
XM_034473869.1	6326	6227	4.11629	0.773425
XM_034473870.1	3561	3462	0	0
XM_034473871.1	3636	3537	3.28111	1.08537
XM_034473872.1	2771	2672	1	0.437879
XM_034473873.1	1846	1747	0	0
XM_034473874.1	1742	1643	0	0
XM_034473875.1	1738	1639	0	0
XM_034473876.1	1326	1227	0	0
XM_034473877.1	760	661	0.565378	1.00076
XM_034473878.1	2979	2880	4.15725e-07	1.6889e-07
XM_034473879.1	1303	1204	4.43462	4.30944
XM_034473880.1	3828	3729	0	0
XM_034473881.1	2979	2880	4.15725e-07	1.6889e-07
XM_034473882.1	4564	4465	3.78694	0.992335
XM_034473883.1	2984	2885	0	0
XM_034473884.1	1446	1347	0.000856416	0.000743888
XM_034473885.1	1801	1702	0	0
XM_034473886.1	2743	2644	0	0
XM_034473887.1	3791	3692	2.01571	0.63879
XM_034473888.1	2967	2868	0	0
XM_034473889.1	4437	4338	101	27.241
XM_034473890.1	5163	5064	174	40.2019
XM_034473891.1	9180	9081	1.15581e-06	1.48916e-07
XM_034473892.1	9642	9543	0.000117191	1.43681e-05
XM_034473893.1	9170	9071	4.20897e-06	5.42889e-07
XM_034473894.1	9163	9064	1.04099e-05	1.34375e-06
XM_034473895.1	2933	2834	0	0
XM_034473896.1	9164	9065	9.14633e-06	1.18051e-06
XM_034473897.1	9165	9066	8.03624e-06	1.03712e-06
XM_034473898.1	9155	9056	2.93273e-05	3.78902e-06
XM_034473899.1	9143	9044	0.000138917	1.79716e-05
XM_034473900.1	9144	9045	0.00012202	1.57839e-05
XM_034473901.1	9138	9039	0.00026575	3.43988e-05
XM_034473902.1	8766	8667	28.1738	3.80337
XM_034473903.1	9122	9023	0.00212331	0.00027533
XM_034473904.1	9125	9026	0.00143769	0.000186363
XM_034473905.1	9125	9026	3.36115e-06	4.35695e-07
XM_034473906.1	2865	2766	0	0
XM_034473907.1	9112	9013	1.82279e-05	2.36623e-06
XM_034473908.1	9113	9014	0.00684535	0.000888523
XM_034473909.1	9113	9014	0.00684535	0.000888523
XM_034473910.1	8756	8657	109.135	14.7498
XM_034473911.1	9089	8990	0.156159	0.0203235
XM_034473912.1	9073	8974	1.26192	0.164527
XM_034473913.1	9141	9042	0.000180063	2.32997e-05
XM_034473914.1	7008	6909	0	0
XM_034473915.1	9543	9444	24.0629	2.98114
XM_034473916.1	9049	8950	29.1921	3.81622
XM_034473917.1	2934	2835	43.7976	18.0754
XM_034473918.1	828	729	1	1.60496
XM_034473919.1	1957	1858	2	1.25943
XM_034473920.1	2035	1936	0	0
XM_034473921.1	2747	2648	0	0
XM_034473922.1	2922	2823	0	0
XM_034473923.1	2334	2235	4	2.09398
XM_034473924.1	2564	2465	0	0
XM_034473925.1	1996	1897	0	0
XM_034473926.1	4158	4059	32	9.22405
XM_034473927.1	1531	1432	1	0.817048
XM_034473928.1	2214	2115	0	0
XM_034473929.1	2048	1949	0	0
XM_034473930.1	2071	1972	0	0
XM_034473931.1	895	796	0	0
XM_034473932.1	933	834	0	0
XM_034473933.1	1167	1068	1	1.09552
XM_034473934.1	5766	5667	0	0
XM_034473935.1	5430	5331	0	0
XM_034473936.1	5397	5298	0	0
XM_034473937.1	5430	5331	0	0
XM_034473938.1	5430	5331	0	0
XM_034473939.1	5095	4996	0	0
XM_034473940.1	5095	4996	6	1.40514
XM_034473941.1	4758	4659	0	0
XM_034473942.1	3393	3294	1	0.355195
XM_034473943.1	2929	2830	3	1.2403
XM_034473944.1	2757	2658	0	0
XM_034473945.1	2762	2663	0	0
XM_034473946.1	2539	2440	0.744341	0.356922
XM_034473947.1	1122	1023	1	1.14371
XM_034473948.1	2534	2435	8.25566	3.96683
XM_034473949.1	2211	2112	0	0
XM_034473950.1	2822	2723	0	0
XM_034473951.1	1025	926	3	3.79054
XM_034473952.1	3337	3238	10	3.61338
XM_034473953.1	2640	2541	1	0.460454
XM_034473954.1	4248	4149	3.8226	1.07797
XM_034473955.1	4418	4319	0	0
XM_034473956.1	3393	3294	3.5494	1.26073
XM_034473957.1	3395	3296	1.74158	0.618224
XM_034473958.1	3387	3288	30.1245	10.7196
XM_034473959.1	3389	3290	14.7619	5.24974
XM_034473960.1	3907	3808	21	6.45228
XM_034473961.1	9621	9522	46.3747	5.69828
XM_034473962.1	1475	1376	13	11.0539
XM_034473963.1	2030	1931	0	0
XM_034473964.1	2087	1988	2	1.17708
XM_034473965.1	8880	8781	0	0
XM_034473966.1	4919	4820	4.10025e-05	9.953e-06
XM_034473967.1	2378	2279	7.73489	3.971
XM_034473968.1	8868	8769	0	0
XM_034473969.1	1202	1103	0	0
XM_034473970.1	1191	1092	0	0
XM_034473971.1	1059	960	1	1.21876
XM_034473972.1	1439	1340	0	0
XM_034473973.1	1494	1395	0	0
XM_034473974.1	8856	8757	0	0
XM_034473975.1	3021	2922	3	1.20125
XM_034473976.1	3444	3345	0	0
XM_034473977.1	3432	3333	1.41266e-08	4.959e-09
XM_034473978.1	3390	3291	0.040762	0.0144917
XM_034473979.1	3495	3396	0	0
XM_034473980.1	3378	3279	2.95924	1.05592
XM_034473981.1	8844	8745	0	0
XM_034473982.1	5864	5765	13.1614	2.67113
XM_034473983.1	5989	5890	58.8386	11.6879
XM_034473984.1	5112	5013	6.86729	1.6028
XM_034473985.1	1197	1098	0	0
XM_034473986.1	8844	8745	0	0
XM_034473987.1	1309	1210	0	0
XM_034473988.1	2204	2105	0	0
XM_034473989.1	3909	3810	16	4.91344
XM_034473990.1	8820	8721	0	0
XM_034473991.1	1761	1662	10	7.03979
XM_034473992.1	4016	3917	9.59489e-07	2.86601e-07
XM_034473993.1	4080	3981	0	0
XM_034473994.1	8396	8297	46.9457	6.62011
XM_034473995.1	1766	1667	0	0
XM_034473996.1	1662	1563	6.10924	4.57319
XM_034473997.1	8337	8238	8.23787e-07	1.16999e-07
XM_034473998.1	1685	1586	0.00836921	0.00617408
XM_034473999.1	2032	1933	0	0
XM_034474000.1	1627	1528	0	0
XM_034474001.1	1555	1456	0	0
XM_034474002.1	1521	1422	27.9999	23.0381
XM_034474003.1	892	793	0	0
XM_034474004.1	751	652	0	0
XM_034474005.1	694	595	0	0
XM_034474006.1	759	660	0	0
XM_034474007.1	8998	8899	0	0
XM_034474008.1	1056	957	0	0
XM_034474009.1	1004	905	12	15.514
XM_034474010.1	1885	1786	2	1.31021
XM_034474011.1	1719	1620	0	0
XM_034474012.1	1394	1295	0	0
XM_034474013.1	1362	1263	19.5222	18.0849
XM_034474014.1	1363	1264	7.71509	7.14143
XM_034474015.1	8925	8826	54.6796	7.24857
XM_034474016.1	1163	1064	0	0
XM_034474017.1	1440	1341	0	0
XM_034474018.1	1414	1315	50.8653	45.2571
XM_034474019.1	1105	1006	20.8974	24.3044
XM_034474020.1	707	608	10	19.2436
XM_034474021.1	5145	5046	17.9031	4.15119
XM_034474022.1	3330	3231	0	0
XM_034474023.1	1056	957	0	0
XM_034474024.1	1030	931	2	2.51346
XM_034474025.1	3947	3848	10	3.04058
XM_034474026.1	1314	1215	0	0
XM_034474027.1	1310	1211	6.28052e-08	6.06795e-08
XM_034474028.1	1293	1194	1	0.979911
XM_034474029.1	596	497	6.71163	15.8002
XM_034474030.1	554	455	4.28837	11.0274
XM_034474031.1	1924	1825	0	0
XM_034474032.1	1759	1660	19	13.3917
XM_034474033.1	17730	17631	0	0
XM_034474034.1	1203	1104	0	0
XM_034474035.1	16327	16228	1.90811	0.137572
XM_034474036.1	16333	16234	1.23676	0.0891357
XM_034474037.1	769	670	0	0
XM_034474038.1	2012	1913	16	9.78579
XM_034474039.1	3362	3263	0	0
XM_034474040.1	3338	3239	76.3288	27.572
XM_034474041.1	3023	2924	0	0
XM_034474042.1	3024	2925	0	0
XM_034474043.1	3115	3016	59.1505	22.9466
XM_034474044.1	3024	2925	0	0
XM_034474045.1	1821	1722	3	2.03835
XM_034474046.1	1645	1546	0	0
XM_034474047.1	1653	1554	0	0
XM_034474048.1	1667	1568	2.17175	1.62052
XM_034474049.1	2446	2347	1	0.498514
XM_034474050.1	5581	5482	38	8.11027
XM_034474051.1	2723	2624	0	0
XM_034474052.1	1530	1431	0	0
XM_034474053.1	1461	1362	2	1.71808
XM_034474054.1	2289	2190	5.34525	2.85571
XM_034474055.1	435	336	0	0
XM_034474056.1	1911	1812	1	0.645703
XM_034474057.1	2173	2074	6	3.3848
XM_034474058.1	7841	7742	6	0.906753
XM_034474059.1	1037	938	0	0
XM_034474060.1	1646	1547	29	21.933
XM_034474061.1	1756	1657	0	0
XM_034474062.1	1685	1586	0	0
XM_034474063.1	1517	1418	0	0
XM_034474064.1	1487	1388	1	0.842949
XM_034474065.1	2806	2707	0.0280175	0.0121096
XM_034474066.1	2791	2692	18.972	8.24572
XM_034474067.1	794	695	0	0
XM_034474068.1	868	769	0	0
XM_034474069.1	859	760	0	0
XM_034474070.1	844	745	0	0
XM_034474071.1	841	742	0	0
XM_034474072.1	825	726	0	0
XM_034474073.1	825	726	0	0
XM_034474074.1	768	669	0	0
XM_034474075.1	765	666	0	0
XM_034474076.1	679	580	1	2.01726
XM_034474077.1	665	566	0	0
XM_034474078.1	5055	4956	2.74003e-08	6.46866e-09
XM_034474079.1	4971	4872	14	3.36211
XM_034474080.1	3916	3817	0	0
XM_034474081.1	1939	1840	0	0
XM_034474082.1	2064	1965	0	0
XM_034474083.1	1898	1799	3	1.95111
XM_034474084.1	830	731	0	0
XM_034474085.1	1815	1716	0	0
XM_034474086.1	1689	1590	0	0
XM_034474087.1	3870	3771	0	0
XM_034474088.1	1922	1823	0	0
XM_034474089.1	1796	1697	0	0
XM_034474090.1	1331	1232	35	33.239
XM_034474091.1	1381	1282	0	0
XM_034474092.1	1260	1161	24	24.1863
XM_034474093.1	1412	1313	0	0
XM_034474094.1	4021	3922	30.034	8.95977
XM_034474095.1	1544	1445	0	0
XM_034474096.1	1310	1211	0	0
XM_034474097.1	1491	1392	0.000432936	0.000363894
XM_034474098.1	1369	1270	0	0
XM_034474099.1	1505	1406	0	0
XM_034474100.1	1176	1077	0	0
XM_034474101.1	1448	1349	2.10608	1.82664
XM_034474102.1	3035	2936	0.0782902	0.0311991
XM_034474103.1	3840	3741	0	0
XM_034474104.1	3027	2928	1.92171	0.767905
XM_034474105.1	2727	2628	0	0
XM_034474106.1	2924	2825	358	148.271
XM_034474107.1	2654	2555	0	0
XM_034474108.1	2726	2627	0	0
XM_034474109.1	1572	1473	0	0
XM_034474110.1	1577	1478	0	0
XM_034474111.1	3865	3766	0	0
XM_034474112.1	5925	5826	339.718	68.2242
XM_034474113.1	3972	3873	2	0.60419
XM_034474114.1	1822	1723	2	1.35811
XM_034474115.1	1086	987	0	0
XM_034474116.1	986	887	41	54.0818
XM_034474117.1	1059	960	0	0
XM_034474118.1	3900	3801	0	0
XM_034474119.1	1269	1170	1	1.00001
XM_034474120.1	1354	1255	5	4.66141
XM_034474121.1	2066	1967	0	0
XM_034474122.1	3309	3210	29.3151	10.6851
XM_034474123.1	2319	2220	0	0
XM_034474124.1	3807	3708	0	0
XM_034474125.1	3090	2991	8.68493	3.39735
XM_034474126.1	2097	1998	0	0
XM_034474127.1	2339	2240	61.6113	32.1813
XM_034474128.1	5698	5599	10	2.08968
XM_034474129.1	1945	1846	124.891	79.157
XM_034474130.1	3799	3700	0	0
XM_034474131.1	2377	2278	0	0
XM_034474132.1	1692	1593	0	0
XM_034474133.1	860	761	0	0
XM_034474134.1	2131	2032	0	0
XM_034474135.1	2107	2008	0	0
XM_034474136.1	3708	3609	0	0
XM_034474137.1	1616	1517	3.79551e-07	2.92736e-07
XM_034474138.1	1690	1591	0	0
XM_034474139.1	1597	1498	1	0.78105
XM_034474140.1	1111	1012	11	12.7175
XM_034474141.1	667	568	0	0
XM_034474142.1	3904	3805	25.9542	7.98077
XM_034474143.1	1678	1579	3	2.22295
XM_034474144.1	1783	1684	0	0
XM_034474145.1	1365	1266	0	0
XM_034474146.1	3885	3786	1.76586e-06	5.45716e-07
XM_034474147.1	2397	2298	3.21121	1.63497
XM_034474148.1	1396	1297	2	1.80418
XM_034474149.1	665	566	0	0
XM_034474150.1	644	545	0	0
XM_034474151.1	3839	3740	2.98141	0.932699
XM_034474152.1	624	525	0	0
XM_034474153.1	3560	3461	0.231096	0.0781236
XM_034474154.1	3862	3763	0	0
XM_034474155.1	3089	2990	1.3016	0.509328
XM_034474156.1	2612	2513	0	0
XM_034474157.1	2811	2712	0	0
XM_034474158.1	2862	2763	0	0
XM_034474159.1	2953	2854	5.51411	2.26054
XM_034474160.1	2703	2604	0	0
XM_034474161.1	5216	5117	0	0
XM_034474162.1	2927	2828	39.5524	16.3638
XM_034474163.1	3835	3736	0	0
XM_034474164.1	4960	4861	3.14471	0.756913
XM_034474165.1	3131	3032	0	0
XM_034474166.1	2838	2739	0	0
XM_034474167.1	5098	4999	6.19111	1.44903
XM_034474168.1	2667	2568	0	0
XM_034474169.1	2327	2228	0	0
XM_034474170.1	3818	3719	6.0303	1.89716
XM_034474171.1	2657	2558	0	0
XM_034474172.1	2606	2507	0	0
XM_034474173.1	6178	6079	0.00348107	0.000669995
XM_034474174.1	3728	3629	0	0
XM_034474175.1	3717	3618	0	0
XM_034474176.1	3725	3626	0	0
XM_034474177.1	3589	3490	0	0
XM_034474178.1	3680	3581	0	0
XM_034474179.1	3669	3570	0	0
XM_034474180.1	3630	3531	0	0
XM_034474181.1	3624	3525	0	0
XM_034474182.1	3626	3527	0	0
XM_034474183.1	3622	3523	0	0
XM_034474184.1	3563	3464	0	0
XM_034474185.1	3716	3617	0	0
XM_034474186.1	6133	6034	21.2223	4.11508
XM_034474187.1	3490	3391	1.77966	0.614044
XM_034474188.1	6122	6023	0	0
XM_034474189.1	6106	6007	0	0
XM_034474190.1	6125	6026	0	0
XM_034474191.1	3963	3864	0	0
XM_034474192.1	1557	1458	0	0
XM_034474193.1	1515	1416	0	0
XM_034474194.1	1004	905	17	21.9782
XM_034474195.1	3627	3528	0	0
XM_034474196.1	2130	2031	0.0301658	0.0173778
XM_034474197.1	2124	2025	0.969834	0.560355
XM_034474198.1	881	782	0	0
XM_034474199.1	3826	3727	0	0
XM_034474200.1	3793	3694	0	0
XM_034474201.1	6846	6747	15	2.60119
XM_034474202.1	2113	2014	79	45.8943
XM_034474203.1	3900	3801	16.1573	4.97349
XM_034474204.1	3793	3694	0	0
XM_034474205.1	2228	2129	0	0
XM_034474206.1	3548	3449	0	0
XM_034474207.1	3519	3420	0	0
XM_034474208.1	3747	3648	0	0
XM_034474209.1	2990	2891	6.06859e-05	2.45601e-05
XM_034474210.1	2959	2860	18.8427	7.70845
XM_034474211.1	3349	3250	0	0
XM_034474212.1	3757	3658	0	0
XM_034474213.1	1705	1606	0	0
XM_034474214.1	2508	2409	0	0
XM_034474215.1	1480	1381	0	0
XM_034474216.1	1112	1013	0	0
XM_034474217.1	3739	3640	0	0
XM_034474218.1	1884	1785	0	0
XM_034474219.1	2047	1948	3	1.80187
XM_034474220.1	2444	2345	0	0
XM_034474221.1	1855	1756	1	0.666295
XM_034474222.1	3646	3547	0	0
XM_034474223.1	1953	1854	0	0
XM_034474224.1	2169	2070	1	0.565224
XM_034474225.1	2867	2768	0	0
XM_034474226.1	3637	3538	0	0
XM_034474227.1	849	750	1	1.56002
XM_034474228.1	3794	3695	0	0
XM_034474229.1	3785	3686	0	0
XM_034474230.1	3749	3650	0	0
XM_034474231.1	3743	3644	0	0
XM_034474232.1	3701	3602	0	0
XM_034474233.1	3698	3599	0	0
XM_034474234.1	3656	3557	0	0
XM_034474235.1	3549	3450	0	0
XM_034474236.1	3650	3551	0	0
XM_034474237.1	3599	3500	0	0
XM_034474238.1	3557	3458	1.34825e-06	4.5618e-07
XM_034474239.1	3506	3407	50	17.1707
XM_034474240.1	3487	3388	0	0
XM_034474241.1	3895	3796	0	0
XM_034474242.1	3886	3787	0	0
XM_034474243.1	3607	3508	0	0
XM_034474244.1	882	783	29	43.3338
XM_034474245.1	3736	3637	0	0
XM_034474246.1	1374	1275	3	2.75297
XM_034474247.1	849	750	0	0
XM_034474248.1	849	750	4	6.24007
XM_034474249.1	843	744	0	0
XM_034474250.1	1084	985	0.185169	0.219949
XM_034474251.1	1084	985	0.185169	0.219949
XM_034474252.1	1081	982	6.62966	7.89898
XM_034474253.1	3703	3604	0	0
XM_034474254.1	2394	2295	0.000145279	7.40648e-05
XM_034474255.1	2521	2422	0	0
XM_034474256.1	2289	2190	2	1.06851
XM_034474257.1	2622	2523	0	0
XM_034474258.1	3682	3583	0	0
XM_034474259.1	2390	2291	0	0
XM_034474260.1	609	510	0	0
XM_034474261.1	8031	7932	3.53515	0.521454
XM_034474262.1	8022	7923	13.3892	1.97722
XM_034474263.1	8022	7923	13.3892	1.97722
XM_034474264.1	6194	6095	54.0997	10.3851
XM_034474265.1	7989	7890	0.012333	0.00182887
XM_034474266.1	5889	5790	0	0
XM_034474267.1	6069	5970	0	0
XM_034474268.1	1247	1148	0	0
XM_034474269.1	1636	1537	0.000101633	7.73665e-05
XM_034474270.1	2784	2685	14	6.10063
XM_034474271.1	1185	1086	0	0
XM_034474272.1	1181	1082	0	0
XM_034474273.1	4865	4766	0	0
XM_034474274.1	3139	3040	3.29652	1.26874
XM_034474275.1	3162	3063	3.24064	1.23787
XM_034474276.1	4264	4165	20	5.61831
XM_034474277.1	1243	1144	0	0
XM_034474278.1	1190	1091	0	0
XM_034474279.1	1046	947	0	0
XM_034474280.1	3172	3073	8	3.04592
XM_034474281.1	1059	960	0	0
XM_034474282.1	8358	8259	45	6.37494
XM_034474283.1	1122	1023	7.99161	9.14007
XM_034474284.1	3572	3473	0	0
XM_034474285.1	3589	3490	0	0
XM_034474286.1	4275	4176	119	33.3409
XM_034474287.1	1745	1646	0	0
XM_034474288.1	3765	3666	0	0
XM_034474289.1	3744	3645	0	0
XM_034474290.1	3738	3639	0	0
XM_034474291.1	3716	3617	0	0
XM_034474292.1	3687	3588	2.99209e-08	9.75694e-09
XM_034474293.1	3677	3578	7.90253e-07	2.58414e-07
XM_034474294.1	3629	3530	6	1.98869
XM_034474295.1	1731	1632	3.99999	2.86767
XM_034474296.1	4057	3958	2	0.591214
XM_034474297.1	1373	1274	14.9793	13.7567
XM_034474298.1	2445	2346	0	0
XM_034474299.1	4754	4655	0.000196474	4.93829e-05
XM_034474300.1	5020	4921	0	0
XM_034474301.1	4730	4631	0.0844459	0.0213351
XM_034474302.1	4730	4631	0.0844459	0.0213351
XM_034474303.1	4706	4607	37.4571	9.51275
XM_034474304.1	6124	6025	0.100691	0.0195536
XM_034474305.1	6102	6003	7.35439	1.43341
XM_034474306.1	6097	5998	19.5449	3.81257
XM_034474307.1	5318	5219	10.6335	2.38385
XM_034474308.1	5315	5216	20.8733	4.68213
XM_034474309.1	5319	5220	8.49326	1.90368
XM_034474310.1	1343	1244	116	109.101
XM_034474311.1	762	663	47	82.9421
XM_034474312.1	7913	7814	70	10.4813
XM_034474313.1	1093	994	27	31.781
XM_034474314.1	2484	2385	0	0
XM_034474315.1	1746	1647	0	0
XM_034474316.1	886	787	0	0
XM_034474317.1	988	889	0	0
XM_034474318.1	895	796	0	0
XM_034474319.1	961	862	1	1.35732
XM_034474320.1	869	770	4.66938	7.09512
XM_034474321.1	943	844	8	11.0902
XM_034474322.1	3026	2927	0	0
XM_034474323.1	922	823	0	0
XM_034474324.1	892	793	0	0
XM_034474325.1	802	703	7.1805	11.9506
XM_034474326.1	883	784	2	2.98473
XM_034474327.1	866	767	1	1.52544
XM_034474328.1	1733	1634	0	0
XM_034474329.1	1628	1529	37	28.3129
XM_034474330.1	1140	1041	0	0
XM_034474331.1	2850	2751	0	0
XM_034474332.1	2384	2285	0	0
XM_034474333.1	3125	3026	4.72674e-05	1.82761e-05
XM_034474334.1	3108	3009	0.0350415	0.0136255
XM_034474335.1	3093	2994	12.3155	4.81273
XM_034474336.1	3021	2922	0	0
XM_034474337.1	2993	2894	4.11829e-07	1.66498e-07
XM_034474338.1	1720	1621	0	0
XM_034474339.1	1708	1609	0	0
XM_034474340.1	2500	2401	3	1.46191
XM_034474341.1	1392	1293	0	0
XM_034474342.1	1499	1400	0	0
XM_034474343.1	1540	1441	0	0
XM_034474344.1	6948	6849	0	0
XM_034474345.1	6948	6849	0	0
XM_034474346.1	6945	6846	0	0
XM_034474347.1	6912	6813	0	0
XM_034474348.1	6861	6762	0	0
XM_034474349.1	6825	6726	0	0
XM_034474350.1	3745	3646	0	0
XM_034474351.1	4472	4373	2.97854e-08	7.9692e-09
XM_034474352.1	4483	4384	0	0
XM_034474353.1	4487	4388	0	0
XM_034474354.1	4485	4386	0	0
XM_034474355.1	4400	4301	8.53836	2.32271
XM_034474356.1	1273	1174	0	0
XM_034474357.1	4431	4332	0.00187405	0.000506155
XM_034474358.1	4442	4343	9.56887e-05	2.57787e-05
XM_034474359.1	487	388	0	0
XM_034474360.1	3698	3599	15	4.87641
XM_034474361.1	3689	3590	0	0
XM_034474362.1	1093	994	2	2.35415
XM_034474363.1	1455	1356	0	0
XM_034474364.1	1591	1492	0	0
XM_034474365.1	1056	957	1	1.22258
XM_034474366.1	1533	1434	5	4.07954
XM_034474367.1	1009	910	0	0
XM_034474368.1	3776	3677	0	0
XM_034474369.1	4932	4833	0	0
XM_034474370.1	1197	1098	44.7036	47.6355
XM_034474371.1	4182	4083	0	0
XM_034474372.1	3335	3236	0	0
XM_034474373.1	3087	2988	0	0
XM_034474374.1	3019	2920	0	0
XM_034474375.1	2808	2709	0	0
XM_034474376.1	2677	2578	1.10456	0.501297
XM_034474377.1	2215	2116	46.8784	25.9208
XM_034474378.1	4334	4235	10.8694	3.00292
XM_034474379.1	3384	3285	0	0
XM_034474380.1	2251	2152	0	0
XM_034474381.1	2456	2357	1.19875	0.595059
XM_034474382.1	2058	1959	0	0
XM_034474383.1	1860	1761	0	0
XM_034474384.1	2614	2515	26.0939	12.1392
XM_034474385.1	1448	1349	0	0
XM_034474386.1	1301	1202	0	0
XM_034474387.1	1205	1106	0	0
XM_034474388.1	1506	1407	3	2.4947
XM_034474389.1	1813	1714	0	0
XM_034474390.1	649	550	14.038	29.8629
XM_034474391.1	904	805	0	0
XM_034474392.1	6114	6015	9.94306	1.93408
XM_034474393.1	5539	5440	0.010158	0.00218474
XM_034474394.1	1340	1241	0	0
XM_034474395.1	5590	5491	1.79132e-07	3.81692e-08
XM_034474396.1	5509	5410	6.66691	1.44184
XM_034474397.1	4470	4371	12.3799	3.3138
XM_034474398.1	2475	2376	0	0
XM_034474399.1	3522	3423	0	0
XM_034474400.1	1955	1856	23	14.4991
XM_034474401.1	1967	1868	3	1.87904
XM_034474402.1	1528	1429	0	0
XM_034474403.1	2518	2419	0	0
XM_034474404.1	1786	1687	8	5.54837
XM_034474405.1	4215	4116	0	0
XM_034474406.1	4601	4502	0	0
XM_034474407.1	4524	4425	0	0
XM_034474408.1	4212	4113	2.10245e-08	5.98079e-09
XM_034474409.1	4184	4085	6.34754e-05	1.81804e-05
XM_034474410.1	4519	4420	0	0
XM_034474411.1	4134	4035	119.24	34.5755
XM_034474412.1	4242	4143	0	0
XM_034474413.1	4391	4292	0	0
XM_034474414.1	4230	4131	0	0
XM_034474415.1	4205	4106	1.55049e-07	4.41817e-08
XM_034474416.1	6910	6811	43.6008	7.48988
XM_034474417.1	5823	5724	40.8954	8.35921
XM_034474418.1	4898	4799	0	0
XM_034474419.1	4896	4797	0	0
XM_034474420.1	6013	5914	0	0
XM_034474421.1	5895	5796	24.6502	4.97603
XM_034474422.1	1623	1524	0	0
XM_034474423.1	1662	1563	0.00252344	0.00188897
XM_034474424.1	1651	1552	9.99748	7.53684
XM_034474425.1	2862	2763	47	19.9025
XM_034474426.1	1838	1739	11	7.40089
XM_034474427.1	2116	2017	0	0
XM_034474428.1	1963	1864	1.50089	0.942096
XM_034474429.1	2985	2886	0	0
XM_034474430.1	2982	2883	0	0
XM_034474431.1	3036	2937	0	0
XM_034474432.1	3033	2934	0	0
XM_034474433.1	2190	2091	0	0
XM_034474434.1	3018	2919	0	0
XM_034474435.1	2967	2868	1.1461e-08	4.67555e-09
XM_034474436.1	2990	2891	6.61726e-06	2.67806e-06
XM_034474437.1	2954	2855	16	6.55699
XM_034474438.1	4265	4166	0.014772	0.0041487
XM_034474439.1	4244	4145	5.54446	1.56504
XM_034474440.1	2462	2363	0	0
XM_034474441.1	3600	3501	19.0503	6.36649
XM_034474442.1	2526	2427	46.5007	22.4172
XM_034474443.1	1742	1643	0	0
XM_034474444.1	1690	1591	14.8779	10.9411
XM_034474445.1	2545	2446	0	0
XM_034474446.1	2033	1934	53.5027	32.3676
XM_034474447.1	1989	1890	0	0
XM_034474448.1	1953	1854	0	0
XM_034474449.1	1938	1839	2.49729	1.58883
XM_034474450.1	12735	12636	121	11.2038
XM_034474451.1	12501	12402	0	0
XM_034474452.1	5649	5550	0.75	0.15811
XM_034474453.1	5649	5550	0.75	0.15811
XM_034474454.1	5649	5550	0.75	0.15811
XM_034474455.1	4418	4319	0	0
XM_034474456.1	4422	4323	0	0
XM_034474457.1	4409	4310	0	0
XM_034474458.1	1800	1701	0	0
XM_034474459.1	1661	1562	0	0
XM_034474460.1	1672	1573	0	0
XM_034474461.1	1460	1361	0	0
XM_034474462.1	1432	1333	0	0
XM_034474463.1	5538	5439	0	0
XM_034474464.1	5135	5036	0	0
XM_034474465.1	5432	5333	0	0
XM_034474466.1	5361	5262	0	0
XM_034474467.1	5307	5208	0	0
XM_034474468.1	5249	5150	0	0
XM_034474469.1	5282	5183	0	0
XM_034474470.1	5135	5036	0	0
XM_034474471.1	5203	5104	0	0
XM_034474472.1	5015	4916	5.80447	1.38147
XM_034474473.1	5009	4910	24.3165	5.79442
XM_034474474.1	5008	4909	30.8791	7.35973
XM_034474475.1	2696	2597	0	0
XM_034474476.1	5203	5104	0	0
XM_034474477.1	2695	2596	1.92271e-07	8.66565e-08
XM_034474478.1	2719	2620	0	0
XM_034474479.1	2659	2560	0	0
XM_034474480.1	2661	2562	1	0.45668
XM_034474481.1	2610	2511	0	0
XM_034474482.1	2696	2597	0	0
XM_034474483.1	2068	1969	11	6.53639
XM_034474484.1	2986	2887	1	0.40527
XM_034474485.1	3305	3206	64.1466	23.41
XM_034474486.1	1471	1372	44	37.5223
XM_034474487.1	3959	3860	25.7678	7.81055
XM_034474488.1	3293	3194	2.10204e-07	7.70012e-08
XM_034474489.1	3970	3871	0	0
XM_034474490.1	3246	3147	7.21032e-05	2.6807e-05
XM_034474491.1	3210	3111	52.3746	19.6975
XM_034474492.1	2302	2203	5.22244e-07	2.77364e-07
XM_034474493.1	2438	2339	0	0
XM_034474494.1	2866	2767	71.7875	30.355
XM_034474495.1	3975	3876	0.000176296	5.32168e-05
XM_034474496.1	5176	5077	9	2.07408
XM_034474497.1	4568	4469	183.429	48.023
XM_034474498.1	1384	1285	0	0
XM_034474499.1	2804	2705	31	13.4087
XM_034474500.1	1042	943	0	0
XM_034474501.1	393	294	0	0
XM_034474502.1	7216	7117	29.4401	4.83986
XM_034474503.1	7195	7096	0	0
XM_034474504.1	1730	1631	0	0
XM_034474505.1	1598	1499	0	0
XM_034474506.1	1708	1609	0	0
XM_034474507.1	1466	1367	6	5.13539
XM_034474508.1	5001	4902	0	0
XM_034474509.1	1530	1431	0	0
XM_034474510.1	1533	1434	0	0
XM_034474511.1	1529	1430	0	0
XM_034474512.1	1399	1300	0	0
XM_034474513.1	1402	1303	0	0
XM_034474514.1	1398	1299	0	0
XM_034474515.1	1350	1251	3	2.80579
XM_034474516.1	1820	1721	1	0.679845
XM_034474517.1	2402	2303	39	19.8135
XM_034474518.1	5084	4985	14.2225	3.33813
XM_034474519.1	4932	4833	0	0
XM_034474520.1	4811	4712	0	0
XM_034474521.1	1788	1689	0	0
XM_034474522.1	4531	4432	0	0
XM_034474523.1	4383	4284	5.91733	1.6161
XM_034474524.1	4731	4632	8.2611e-06	2.0867e-06
XM_034474525.1	2347	2248	0	0
XM_034474526.1	4674	4575	16.7799	4.2913
XM_034474527.1	4671	4572	36.2201	9.26903
XM_034474528.1	2277	2178	0	0
XM_034474529.1	777	678	66.6709	115.053
XM_034474530.1	935	836	42.3291	59.2412
XM_034474531.1	3564	3465	1.14263	0.385826
XM_034474532.1	3561	3462	3.15615	1.06665
XM_034474533.1	4727	4628	0	0
XM_034474534.1	2182	2083	1	0.561696
XM_034474535.1	2234	2135	0	0
XM_034474536.1	6703	6604	3.75774	0.665749
XM_034474537.1	12385	12286	0	0
XM_034474538.1	12350	12251	0	0
XM_034474539.1	12320	12221	0	0
XM_034474540.1	12235	12136	0	0
XM_034474541.1	12178	12079	0	0
XM_034474542.1	11584	11485	5.71102e-07	5.818e-08
XM_034474543.1	10537	10438	52.3894	5.87241
XM_034474544.1	10537	10438	7.93537e-08	8.8949e-09
XM_034474545.1	11360	11261	122.386	12.7159
XM_034474546.1	11388	11289	0	0
XM_034474547.1	10745	10646	4.43612	0.487538
XM_034474548.1	10749	10650	11.3741	1.24956
XM_034474549.1	3167	3068	2	0.762721
XM_034474550.1	1291	1192	0.113224	0.111135
XM_034474551.1	1189	1090	6	6.44044
XM_034474552.1	2428	2329	1.49422	0.750647
XM_034474553.1	2937	2838	0	0
XM_034474554.1	2946	2847	0	0
XM_034474555.1	2931	2832	0	0
XM_034474556.1	2067	1968	0	0
XM_034474557.1	2005	1906	0	0
XM_034474558.1	2804	2705	0.037971	0.0164239
XM_034474559.1	2788	2689	39.962	17.3879
XM_034474560.1	2484	2385	7.15357e-07	3.50934e-07
XM_034474561.1	2525	2426	0	0
XM_034474562.1	2574	2475	0	0
XM_034474563.1	2462	2363	0.0376228	0.0186285
XM_034474564.1	2451	2352	8.96238	4.45838
XM_034474565.1	4292	4193	6	1.67424
XM_034474566.1	2757	2658	45	19.8084
XM_034474567.1	3562	3463	4	1.35144
XM_034474568.1	2434	2335	32.6598	16.3651
XM_034474569.1	1499	1400	25	20.8931
XM_034474570.1	1799	1700	0	0
XM_034474571.1	1758	1659	0	0
XM_034474572.1	1714	1615	2.99785	2.17184
XM_034474573.1	766	667	63	110.511
XM_034474574.1	2345	2246	2.11998	1.10436
XM_034474575.1	966	867	5.60777e-06	7.56766e-06
XM_034474576.1	1095	996	0	0
XM_034474577.1	1088	989	0	0
XM_034474578.1	1324	1225	0	0
XM_034474579.1	1174	1075	9	9.79546
XM_034474580.1	2329	2230	0	0
XM_034474581.1	3024	2925	0	0
XM_034474582.1	2441	2342	0	0
XM_034474583.1	2505	2406	11	5.34919
XM_034474584.1	2782	2683	61	26.6011
XM_034474585.1	1361	1262	0	0
XM_034474586.1	838	739	0	0
XM_034474587.1	835	736	0	0
XM_034474588.1	1506	1407	30.3732	25.2573
XM_034474589.1	876	777	0	0
XM_034474590.1	3040	2941	35.7414	14.2189
XM_034474591.1	1093	994	0	0
XM_034474592.1	543	444	0	0
XM_034474593.1	1356	1257	0	0
XM_034474594.1	813	714	2	3.27735
XM_034474595.1	708	609	1	1.9212
XM_034474596.1	537	438	0	0
XM_034474597.1	1368	1269	0	0
XM_034474598.1	1309	1210	0	0
XM_034474599.1	1124	1025	0	0
XM_034474600.1	591	492	0	0
XM_034474601.1	3308	3209	11.2737	4.11044
XM_034474602.1	1342	1243	0	0
XM_034474603.1	969	870	0	0
XM_034474604.1	1662	1563	7.55153	5.65284
XM_034474605.1	2067	1968	0	0
XM_034474606.1	662	563	9	18.7036
XM_034474607.1	9493	9394	10.7442	1.33818
XM_034474608.1	1576	1477	2.11096	1.67221
XM_034474609.1	1523	1424	0	0
XM_034474610.1	888	789	0	0
XM_034474611.1	926	827	0	0
XM_034474612.1	1775	1676	56	39.0935
XM_034474613.1	1456	1357	1	0.862206
XM_034474614.1	1011	912	3.3677	4.32045
XM_034474615.1	2616	2517	93	43.2305
XM_034474616.1	550	451	0	0
XM_034474617.1	934	835	3	4.20364
XM_034474618.1	693	594	0	0
XM_034474619.1	2645	2546	0	0
XM_034474620.1	905	806	0.0633261	0.091926
XM_034474621.1	660	561	0	0
XM_034474622.1	1708	1609	1	0.727168
XM_034474623.1	711	612	0	0
XM_034474624.1	1558	1459	0	0
XM_034474625.1	1209	1110	2	2.10813
XM_034474626.1	2252	2153	0	0
XM_034474627.1	4180	4081	1	0.286698
XM_034474628.1	846	747	2.33487	3.65707
XM_034474629.1	1805	1706	1.77894	1.22003
XM_034474630.1	3712	3613	0	0
XM_034474631.1	10182	10083	47	5.4538
XM_034474632.1	1058	959	0	0
XM_034474633.1	1246	1147	0	0
XM_034474634.1	774	675	0	0
XM_034474635.1	6767	6668	150	26.32
XM_034474636.1	1399	1300	45	40.5005
XM_034474637.1	1217	1118	0	0
XM_034474638.1	5191	5092	0	0
XM_034474639.1	1741	1642	0	0
XM_034474640.1	1688	1589	0	0
XM_034474641.1	2956	2857	13.9757	5.72341
XM_034474642.1	425	326	0	0
XM_034474643.1	1030	931	0	0
XM_034474644.1	8272	8173	8.86555e-06	1.26916e-06
XM_034474645.1	1317	1218	0	0
XM_034474646.1	645	546	0	0
XM_034474647.1	3141	3042	1.29921	0.499703
XM_034474648.1	991	892	0	0
XM_034474649.1	2790	2691	3	1.30436
XM_034474650.1	1239	1140	1	1.02633
XM_034474651.1	5182	5083	0	0
XM_034474652.1	4020	3921	0	0
XM_034474653.1	9909	9810	19	2.26608
XM_034474654.1	3888	3789	2	0.617584
XM_034474655.1	571	472	2	4.95768
XM_034474656.1	2388	2289	0	0
XM_034474657.1	8263	8164	0	0
XM_034474658.1	1395	1296	0	0
XM_034474659.1	1228	1129	0	0
XM_034474660.1	622	523	0	0
XM_034474661.1	723	624	0	0
XM_034474662.1	1260	1161	1	1.00776
XM_034474663.1	5176	5077	0	0
XM_034474664.1	1987	1888	0	0
XM_034474665.1	1691	1592	0	0
XM_034474666.1	1495	1396	0	0
XM_034474667.1	642	543	0	0
XM_034474668.1	384	285	0	0
XM_034474669.1	5149	5050	0	0
XM_034474670.1	869	770	0	0
XM_034474671.1	2317	2218	5.27616	2.78322
XM_034474672.1	3784	3685	3	0.952521
XM_034474673.1	585	486	2	4.81487
XM_034474674.1	471	372	0	0
XM_034474675.1	5098	4999	0	0
XM_034474676.1	1070	971	0	0
XM_034474677.1	2881	2782	2	0.841131
XM_034474678.1	1892	1793	0	0
XM_034474679.1	895	796	0	0
XM_034474680.1	625	526	0	0
XM_034474681.1	1233	1134	2	2.06352
XM_034474682.1	2289	2190	3.25348	1.73818
XM_034474683.1	5089	4990	0	0
XM_034474684.1	603	504	0	0
XM_034474685.1	708	609	0	0
XM_034474686.1	2733	2634	2.45251	1.0894
XM_034474687.1	2043	1944	20	12.0372
XM_034474688.1	873	774	0	0
XM_034474689.1	902	803	0	0
XM_034474690.1	5062	4963	0	0
XM_034474691.1	1695	1596	0	0
XM_034474692.1	432	333	0	0
XM_034474693.1	1172	1073	8	8.72331
XM_034474694.1	463	364	14	45.0005
XM_034474695.1	5094	4995	0	0
XM_034474696.1	786	687	0	0
XM_034474697.1	330	231	0	0
XM_034474698.1	2466	2367	0	0
XM_034474699.1	1275	1176	0	0
XM_034474700.1	843	744	3	4.7178
XM_034474701.1	3446	3347	0	0
XM_034474702.1	1126	1027	0	0
XM_034474703.1	480	381	0	0
XM_034474704.1	4969	4870	0	0
XM_034474705.1	894	795	0	0
XM_034474706.1	684	585	0	0
XM_034474707.1	916	817	26.5709	38.0518
XM_034474708.1	1872	1773	6	3.95944
XM_034474709.1	5378	5279	140.429	31.1241
XM_034474710.1	819	720	0	0
XM_034474711.1	8164	8065	53	7.68887
XM_034474712.1	3965	3866	2	0.605284
XM_034474713.1	1329	1230	0	0
XM_034474714.1	1694	1595	0	0
XM_034474715.1	1029	930	2.40918	3.03094
XM_034474716.1	2955	2856	0	0
XM_034474717.1	1773	1674	1	0.698933
XM_034474718.1	1219	1120	24	25.0717
XM_034474719.1	8748	8649	17.9481	2.42797
XM_034474720.1	1498	1399	0	0
XM_034474721.1	2547	2448	6	2.86768
XM_034474722.1	1773	1674	0	0
XM_034474723.1	1269	1170	0	0
XM_034474724.1	2031	1932	0	0
XM_034474725.1	4514	4415	22.9488	6.08163
XM_034474726.1	1589	1490	9.84418	7.73008
XM_034474727.1	1073	974	1	1.20125
XM_034474728.1	1460	1361	2.30239	1.9793
XM_034474729.1	792	693	0	0
XM_034474730.1	7012	6913	0.175577	0.0297161
XM_034474731.1	1442	1343	0	0
XM_034474732.1	4700	4601	5	1.27148
XM_034474733.1	2587	2488	5.32438	2.50386
XM_034474734.1	1240	1141	9	9.22885
XM_034474735.1	945	846	0	0
XM_034474736.1	1678	1579	1	0.740984
XM_034474737.1	5712	5613	0	0
XM_034474738.1	5670	5571	0	0
XM_034474739.1	5670	5571	0.000477919	0.000100372
XM_034474740.1	5628	5529	0	0
XM_034474741.1	5628	5529	3.42373	0.724509
XM_034474742.1	5628	5529	0	0
XM_034474743.1	5628	5529	0	0
XM_034474744.1	5586	5487	0	0
XM_034474745.1	5586	5487	0	0
XM_034474746.1	5586	5487	0	0
XM_034474747.1	5544	5445	0	0
XM_034474748.1	5540	5441	0	0
XM_034474749.1	5401	5302	0	0
XM_034474750.1	2150	2051	0	0
XM_034474751.1	5498	5399	3.85801	0.836065
XM_034474752.1	5502	5403	0	0
XM_034474753.1	5372	5273	0	0
XM_034474754.1	5151	5052	0	0
XM_034474755.1	5284	5185	0	0
XM_034474756.1	5012	4913	0	0
XM_034474757.1	5089	4990	0	0
XM_034474758.1	5109	5010	0	0
XM_034474759.1	5109	5010	0	0
XM_034474760.1	5067	4968	0	0
XM_034474761.1	2135	2036	0	0
XM_034474762.1	4802	4703	12.8452	3.19562
XM_034474763.1	4782	4683	11.8212	2.95345
XM_034474764.1	4200	4101	10.0894	2.87851
XM_034474765.1	4113	4014	12.365	3.60418
XM_034474766.1	4051	3952	0.189546	0.0561161
XM_034474767.1	4084	3985	0	0
XM_034474768.1	4078	3979	0	0
XM_034474769.1	3893	3794	0	0
XM_034474770.1	3945	3846	0	0
XM_034474771.1	3760	3661	29.5436	9.44179
XM_034474772.1	3787	3688	0	0
XM_034474773.1	4036	3937	0	0
XM_034474774.1	2505	2406	0	0
XM_034474775.1	2548	2449	17	8.12178
XM_034474776.1	2400	2301	0	0
XM_034474777.1	3262	3163	5.50458e-07	2.03618e-07
XM_034474778.1	3104	3005	0	0
XM_034474779.1	3216	3117	15.9885	6.00152
XM_034474780.1	3252	3153	2.2587e-05	8.38157e-06
XM_034474781.1	3249	3150	6.89916e-05	2.56258e-05
XM_034474782.1	2951	2852	2.70663e-05	1.11038e-05
XM_034474783.1	1763	1664	7	4.92193
XM_034474784.1	2183	2084	7	3.92999
XM_034474785.1	1536	1437	4.59707	3.74296
XM_034474786.1	1814	1715	7	4.77556
XM_034474787.1	1156	1057	0	0
XM_034474788.1	2436	2337	0	0
XM_034474789.1	1777	1678	0	0
XM_034474790.1	1239	1140	1	1.02633
XM_034474791.1	812	713	0	0
XM_034474792.1	1183	1084	0	0
XM_034474793.1	696	597	12	23.5179
XM_034474794.1	450	351	0	0
XM_034474795.1	734	635	0	0
XM_034474796.1	732	633	1	1.84836
XM_034474797.1	4200	4101	57.2093	16.3218
XM_034474798.1	1569	1470	6	4.77556
XM_034474799.1	6963	6864	0.00148112	0.000252466
XM_034474800.1	5860	5761	66.5436	13.5145
XM_034474801.1	5729	5630	0	0
XM_034474802.1	1040	941	0	0
XM_034474803.1	3787	3688	19.4972	6.18545
XM_034474804.1	3679	3580	43.8844	14.3423
XM_034474805.1	1313	1214	0	0
XM_034474806.1	1698	1599	0	0
XM_034474807.1	1713	1614	0	0
XM_034474808.1	1554	1455	1	0.804133
XM_034474809.1	1693	1594	0	0
XM_034474810.1	1375	1276	0	0
XM_034474811.1	1013	914	66.0664	84.5718
XM_034474812.1	1297	1198	1.18789	1.16014
XM_034474813.1	1401	1302	11.653	10.4717
XM_034474814.1	1723	1624	0	0
XM_034474815.1	1931	1832	0	0
XM_034474816.1	671	572	23.18	47.4143
XM_034474817.1	977	878	0	0
XM_034474818.1	511	412	0	0
XM_034474819.1	950	851	222.152	305.43
XM_034474820.1	926	827	171.054	242.001
XM_034474821.1	4284	4185	0.661603	0.184966
XM_034474822.1	4628	4529	0	0
XM_034474823.1	4500	4401	0	0
XM_034474824.1	4271	4172	25.4397	7.13441
XM_034474825.1	916	817	0	0
XM_034474826.1	4836	4737	0	0
XM_034474827.1	4647	4548	0	0
XM_034474828.1	4815	4716	30	7.44283
XM_034474829.1	890	791	84.7276	125.326
XM_034474830.1	4611	4512	0	0
XM_034474831.1	1448	1349	4.81354	4.17488
XM_034474832.1	14420	14321	0.398144	0.032528
XM_034474833.1	14420	14321	0	0
XM_034474834.1	14075	13976	0	0
XM_034474835.1	14363	14264	1.09652e-07	8.99427e-09
XM_034474836.1	14363	14264	1.09652e-07	8.99427e-09
XM_034474837.1	14363	14264	1.09652e-07	8.99427e-09
XM_034474838.1	14363	14264	1.09652e-07	8.99427e-09
XM_034474839.1	14363	14264	1.46665e-06	1.20303e-07
XM_034474840.1	13797	13698	0	0
XM_034474841.1	14075	13976	0	0
XM_034474842.1	14363	14264	1.09652e-07	8.99427e-09
XM_034474843.1	13797	13698	0	0
XM_034474844.1	14363	14264	42.8246	3.51271
XM_034474845.1	13797	13698	0	0
XM_034474846.1	14363	14264	1.09652e-07	8.99427e-09
XM_034474847.1	14363	14264	0	0
XM_034474848.1	14363	14264	0	0
XM_034474849.1	13067	12968	0	0
XM_034474850.1	12492	12393	0	0
XM_034474851.1	12199	12100	0	0
XM_034474852.1	12115	12016	0	0
XM_034474853.1	13825	13726	0	0
XM_034474854.1	13825	13726	0	0
XM_034474855.1	13825	13726	0	0
XM_034474856.1	13825	13726	0	0
XM_034474857.1	13777	13678	0	0
XM_034474858.1	13561	13462	0	0
XM_034474859.1	12527	12428	0	0
XM_034474860.1	12208	12109	0	0
XM_034474861.1	12208	12109	0	0
XM_034474862.1	12353	12254	0	0
XM_034474863.1	11917	11818	0.274177	0.0271442
XM_034474864.1	11898	11799	1.81011	0.179494
XM_034474865.1	7802	7703	0	0
XM_034474866.1	4718	4619	5.66973	1.43617
XM_034474867.1	3621	3522	2.17614e-07	7.22916e-08
XM_034474868.1	3591	3492	0.00496042	0.00166201
XM_034474869.1	5493	5394	5.00577	1.0858
XM_034474870.1	2175	2076	0	0
XM_034474871.1	2533	2434	0	0
XM_034474872.1	2496	2397	20.9052	10.2041
XM_034474873.1	2285	2186	16.161	8.64986
XM_034474874.1	2256	2157	9.79478e-08	5.31294e-08
XM_034474875.1	2535	2436	0	0
XM_034474876.1	2243	2144	2.63865e-05	1.43995e-05
XM_034474877.1	2241	2142	0	0
XM_034474878.1	2220	2121	8.23846	4.54461
XM_034474879.1	2189	2090	0	0
XM_034474880.1	3816	3717	14.5851	4.591
XM_034474881.1	2101	2002	1.08841	0.636088
XM_034474882.1	2290	2191	7.69147	4.10731
XM_034474883.1	2216	2117	10.0398	5.54874
XM_034474884.1	2458	2359	0.00263136	0.0013051
XM_034474885.1	2456	2357	0	0
XM_034474886.1	2441	2342	12.7242	6.35676
XM_034474887.1	2428	2329	0	0
XM_034474888.1	3606	3507	6.46258	2.15606
XM_034474889.1	1935	1836	1.00849	0.642671
XM_034474890.1	1580	1481	1.5286	1.20762
XM_034474891.1	1593	1494	5.39669e-05	4.22637e-05
XM_034474892.1	2927	2828	3.50895e-05	1.45174e-05
XM_034474893.1	2895	2796	22	9.2061
XM_034474894.1	1788	1689	23.944	16.5866
XM_034474895.1	1266	1167	0	0
XM_034474896.1	1179	1080	0	0
XM_034474897.1	1710	1611	3	2.1788
XM_034474898.1	1361	1262	1.77497	1.6456
XM_034474899.1	2151	2052	3.61787	2.06285
XM_034474900.1	666	567	3	6.19055
XM_034474901.1	3100	3001	33	12.8659
XM_034474902.1	883	784	0	0
XM_034474903.1	832	733	6.54933	10.454
XM_034474904.1	933	834	2	2.80579
XM_034474905.1	2180	2081	0	0
XM_034474906.1	2428	2329	0	0
XM_034474907.1	2674	2575	5.76703	2.62039
XM_034474908.1	964	865	0	0
XM_034474909.1	849	750	30.7425	47.9589
XM_034474910.1	927	828	0	0
XM_034474911.1	1319	1220	0	0
XM_034474912.1	1755	1656	1.50473	1.06313
XM_034474913.1	2665	2566	16.2182	7.39496
XM_034474914.1	905	806	0	0
XM_034474915.1	875	776	0	0
XM_034474916.1	875	776	0	0
XM_034474917.1	2009	1910	0	0
XM_034474918.1	814	715	0	0
XM_034474919.1	991	892	0	0
XM_034474920.1	2478	2379	0	0
XM_034474921.1	2436	2337	0	0
XM_034474922.1	2463	2364	0	0
XM_034474923.1	2009	1910	0	0
XM_034474924.1	1936	1837	0.000729394	0.000464562
XM_034474925.1	1924	1825	1.59095	1.01997
XM_034474926.1	2063	1964	0	0
XM_034474927.1	1924	1825	1.59095	1.01997
XM_034474928.1	1689	1590	0	0
XM_034474929.1	1690	1591	0	0
XM_034474930.1	1829	1730	0	0
XM_034474931.1	1690	1591	0	0
XM_034474932.1	1864	1765	0	0
XM_034474933.1	1838	1739	2	1.34562
XM_034474934.1	1716	1617	64.8282	46.9078
XM_034474935.1	1863	1764	1.94255e-05	1.28844e-05
XM_034474936.1	1846	1747	1.66583	1.11565
XM_034474937.1	1791	1692	5	3.45749
XM_034474938.1	1707	1608	12.4976	9.0935
XM_034474939.1	9256	9157	9.21029	1.17682
XM_034474940.1	3003	2904	15.7187	6.33302
XM_034474941.1	882	783	0	0
XM_034474942.1	742	643	0	0
XM_034474943.1	1603	1504	1.21024	0.941484
XM_034474944.1	2161	2062	0	0
XM_034474945.1	4489	4390	31.9982	8.52808
XM_034474946.1	14317	14218	4	0.329164
XM_034474947.1	2210	2111	0	0
XM_034474948.1	2079	1980	0	0
XM_034474949.1	5543	5444	4.99423	1.07335
XM_034474950.1	711	612	0	0
XM_034474951.1	1552	1453	3.22969	2.60068
XM_034474952.1	6001	5902	0.281869	0.0558778
XM_034474953.1	5986	5887	5.57714	1.10843
XM_034474954.1	5983	5884	10.141	2.0165
XM_034474955.1	5911	5812	0	0
XM_034474956.1	5893	5794	0	0
XM_034474957.1	4387	4288	25	6.82144
XM_034474958.1	1725	1626	0	0
XM_034474959.1	1710	1611	0	0
XM_034474960.1	1683	1584	0	0
XM_034474961.1	772	673	43	74.7557
XM_034474962.1	3762	3663	0	0
XM_034474963.1	2461	2362	7	3.46744
XM_034474964.1	1749	1650	0	0
XM_034474965.1	1725	1626	0	0
XM_034474966.1	1689	1590	0	0
XM_034474967.1	1686	1587	0	0
XM_034474968.1	1659	1560	0	0
XM_034474969.1	1656	1557	0	0
XM_034474970.1	4436	4337	0.0844513	0.0227828
XM_034474971.1	1606	1507	0	0
XM_034474972.1	2945	2846	0	0
XM_034474973.1	3016	2917	0	0
XM_034474974.1	1391	1292	0	0
XM_034474975.1	1389	1290	0	0
XM_034474976.1	1007	908	5	6.44281
XM_034474977.1	4421	4322	4.91555	1.33069
XM_034474978.1	843	744	0	0
XM_034474979.1	900	801	0	0
XM_034474980.1	817	718	7	11.4068
XM_034474981.1	867	768	0	0
XM_034474982.1	3090	2991	3.78778e-08	1.4817e-08
XM_034474983.1	3045	2946	2	0.794306
XM_034474984.1	922	823	2.21644	3.15099
XM_034474985.1	881	782	7	10.4733
XM_034474986.1	3008	2909	6.2813	2.52637
XM_034474987.1	810	711	11	18.1015
XM_034474988.1	2126	2027	3	1.73164
XM_034474989.1	758	659	0	0
XM_034474990.1	10194	10095	2	0.231801
XM_034474991.1	4930	4831	0	0
XM_034474992.1	3372	3273	0	0
XM_034474993.1	2386	2287	0	0
XM_034474994.1	3472	3373	0	0
XM_034474995.1	2493	2394	0	0
XM_034474996.1	825	726	0	0
XM_034474997.1	752	653	1	1.79175
XM_034474998.1	4569	4470	38	9.94642
XM_034474999.1	929	830	8	11.2772
XM_034475000.1	5993	5894	25	4.96273
XM_034475001.1	4184	4085	3.8252	1.0956
XM_034475002.1	4609	4510	21.1193	5.47891
XM_034475003.1	4181	4082	9.05549	2.59555
XM_034475004.1	3860	3761	0	0
XM_034475005.1	1987	1888	11.9692	7.41745
XM_034475006.1	2253	2154	4	2.17273
XM_034475007.1	5245	5146	17.9042	4.07078
XM_034475008.1	7094	6995	17	2.84349
XM_034475009.1	3170	3071	35	13.3346
XM_034475010.1	2529	2430	0	0
XM_034475011.1	2730	2631	0	0
XM_034475012.1	2705	2606	4.8374	2.17184
XM_034475013.1	3964	3865	0.0018453	0.000558609
XM_034475014.1	3940	3841	2.74951	0.837533
XM_034475015.1	3949	3850	0.176601	0.0536688
XM_034475016.1	2553	2454	7.82796	3.7322
XM_034475017.1	1479	1380	0	0
XM_034475018.1	9027	8928	21.7897	2.85554
XM_034475019.1	1808	1709	0	0
XM_034475020.1	1642	1543	0	0
XM_034475021.1	1448	1349	1	0.867319
XM_034475022.1	1220	1121	0	0
XM_034475023.1	1143	1044	0	0
XM_034475024.1	2611	2512	24	11.1785
XM_034475025.1	9753	9654	66	7.99885
XM_034475026.1	1836	1737	41.5111	27.9611
XM_034475027.1	2080	1981	4	2.36247
XM_034475028.1	2002	1903	0	0
XM_034475029.1	3019	2920	8	3.20552
XM_034475030.1	1899	1800	2	1.30001
XM_034475031.1	3015	2916	0	0
XM_034475032.1	4873	4774	7	1.71556
XM_034475033.1	2294	2195	5	2.66518
XM_034475034.1	4640	4541	0.242532	0.0624897
XM_034475035.1	978	879	0	0
XM_034475036.1	4625	4526	11.7575	3.03942
XM_034475037.1	881	782	93.0214	139.177
XM_034475038.1	1886	1787	2.77599e-07	1.81754e-07
XM_034475039.1	1862	1763	2.14564	1.42395
XM_034475040.1	911	812	0.475313	0.684881
XM_034475041.1	3835	3736	0	0
XM_034475042.1	908	809	36.5247	52.8237
XM_034475043.1	1770	1671	0.992635	0.69503
XM_034475044.1	2399	2300	0	0
XM_034475045.1	1777	1678	0.00736546	0.00513569
XM_034475046.1	990	891	3	3.93944
XM_034475047.1	2073	1974	4.66942	2.76762
XM_034475048.1	4570	4471	0	0
XM_034475049.1	4534	4435	0	0
XM_034475050.1	4528	4429	0	0
XM_034475051.1	1561	1462	0	0
XM_034475052.1	914	815	1	1.4356
XM_034475053.1	1404	1305	0.0760163	0.0681533
XM_034475054.1	1398	1299	16.924	15.2435
XM_034475055.1	2832	2733	35.5956	15.2387
XM_034475056.1	2767	2668	38.5581	16.9091
XM_034475057.1	3028	2929	0	0
XM_034475058.1	2497	2398	0	0
XM_034475059.1	2553	2454	0	0
XM_034475060.1	2492	2393	6	2.93359
XM_034475061.1	6363	6264	0	0
XM_034475062.1	1026	927	0	0
XM_034475063.1	1010	911	0	0
XM_034475064.1	1587	1488	71.4073	56.1475
XM_034475065.1	6107	6008	0	0
XM_034475066.1	1836	1737	9.38273	6.32005
XM_034475067.1	1193	1094	0	0
XM_034475068.1	3974	3875	20.9368	6.32165
XM_034475069.1	811	712	0	0
XM_034475070.1	6089	5990	0	0
XM_034475071.1	1205	1106	0	0
XM_034475072.1	1020	921	14	17.7852
XM_034475073.1	1688	1589	57	41.9703
XM_034475074.1	3282	3183	0.0117672	0.00432542
XM_034475075.1	3270	3171	0.988233	0.364631
XM_034475076.1	3764	3665	0	0
XM_034475077.1	719	620	1	1.88712
XM_034475078.1	1964	1865	1	0.627353
XM_034475079.1	1857	1758	4.32605	2.87915
XM_034475080.1	1133	1034	0	0
XM_034475081.1	2932	2833	2.35982	0.974591
XM_034475082.1	556	457	0	0
XM_034475083.1	691	592	16	31.622
XM_034475084.1	3497	3398	0	0
XM_034475085.1	917	818	0	0
XM_034475086.1	872	773	0	0
XM_034475087.1	4868	4769	17.8523	4.37984
XM_034475088.1	540	441	4	10.6124
XM_034475089.1	697	598	1	1.95654
XM_034475090.1	1456	1357	0	0
XM_034475091.1	1500	1401	0	0
XM_034475092.1	1459	1360	0	0
XM_034475093.1	1672	1573	9	6.69429
XM_034475094.1	1005	906	0	0
XM_034475095.1	1053	954	0	0
XM_034475096.1	807	708	0	0
XM_034475097.1	2592	2493	25	11.733
XM_034475098.1	734	635	0	0
XM_034475099.1	602	503	0	0
XM_034475100.1	5921	5822	0.23726	0.0476807
XM_034475101.1	5915	5816	0.795239	0.159979
XM_034475102.1	5903	5804	8.9675	1.80774
XM_034475103.1	3528	3429	0	0
XM_034475104.1	1485	1386	0	0
XM_034475105.1	2267	2168	0	0
XM_034475106.1	5598	5499	3.00469	0.639303
XM_034475107.1	5637	5538	0.000754382	0.000159378
XM_034475108.1	1716	1617	1	0.72357
XM_034475109.1	3667	3568	17.0361	5.58645
XM_034475110.1	2833	2734	0	0
XM_034475111.1	631	532	0	0
XM_034475112.1	706	607	0	0
XM_034475113.1	1293	1194	1	0.979911
XM_034475114.1	3422	3323	36.4047	12.8179
XM_034475115.1	1990	1891	1	0.618727
XM_034475116.1	1447	1348	0	0
XM_034475117.1	1110	1011	0	0
XM_034475118.1	943	844	0	0
XM_034475119.1	1216	1117	0	0
XM_034475120.1	552	453	0	0
XM_034475121.1	787	688	1	1.7006
XM_034475122.1	1169	1070	1	1.09347
XM_034475123.1	1040	941	0	0
XM_034475124.1	585	486	0	0
XM_034475125.1	602	503	0	0
XM_034475126.1	630	531	0	0
XM_034475127.1	3498	3399	0	0
XM_034475128.1	1155	1056	0	0
XM_034475129.1	1945	1846	0	0
XM_034475130.1	1771	1672	0	0
XM_034475131.1	1723	1624	0	0
XM_034475132.1	1308	1209	0	0
XM_034475133.1	2570	2471	1	0.473498
XM_034475134.1	2953	2854	0	0
XM_034475135.1	2138	2039	1	0.573817
XM_034475136.1	3070	2971	0	0
XM_034475137.1	2262	2163	0	0
XM_034475138.1	1977	1878	32	19.9363
XM_034475139.1	2933	2834	2.73643	1.12973
XM_034475140.1	2931	2832	6.26357	2.58773
XM_034475141.1	1688	1589	0	0
XM_034475142.1	1991	1892	5.73941	3.54926
XM_034475143.1	1976	1877	0	0
XM_034475144.1	1877	1778	3.26059	2.14563
XM_034475145.1	1808	1709	9.97723	6.8306
XM_034475146.1	1568	1469	4	3.18588
XM_034475147.1	1303	1204	0	0
XM_034475148.1	1196	1097	12.212	13.0248
XM_034475149.1	929	830	0	0
XM_034475150.1	868	769	0	0
XM_034475151.1	800	701	0	0
XM_034475152.1	687	588	0	0
XM_034475153.1	873	774	0	0
XM_034475154.1	626	527	0	0
XM_034475155.1	4433	4334	0	0
XM_034475156.1	5447	5348	0.682294	0.149269
XM_034475157.1	5444	5345	1.31771	0.288444
XM_034475158.1	1803	1704	0.0377838	0.0259434
XM_034475159.1	1797	1698	2.36717	1.63111
XM_034475160.1	2005	1906	0	0
XM_034475161.1	2086	1987	0	0
XM_034475162.1	2004	1905	0	0
XM_034475163.1	1190	1091	1	1.07242
XM_034475164.1	2941	2842	36.4359	15.0002
XM_034475165.1	3524	3425	0	0
XM_034475166.1	2539	2440	0	0
XM_034475167.1	2646	2547	0	0
XM_034475168.1	2441	2342	0	0
XM_034475169.1	1151	1052	0	0
XM_034475170.1	1119	1020	2	2.29414
XM_034475171.1	1142	1043	0	0
XM_034475172.1	477	378	0	0
XM_034475173.1	732	633	2	3.69672
XM_034475174.1	2863	2764	210.564	89.1327
XM_034475175.1	3468	3369	0	0
XM_034475176.1	1968	1869	12.015	7.52152
XM_034475177.1	4767	4668	5.60413e-05	1.40465e-05
XM_034475178.1	4753	4654	0.00189955	0.000477545
XM_034475179.1	4750	4651	0.00404703	0.00101808
XM_034475180.1	4740	4641	0.0505385	0.0127409
XM_034475181.1	4737	4638	0.107902	0.0272201
XM_034475182.1	4718	4619	13.3117	3.37191
XM_034475183.1	4715	4616	28.5239	7.22992
XM_034475184.1	2495	2396	0	0
XM_034475185.1	4879	4780	0	0
XM_034475186.1	4877	4778	0	0
XM_034475187.1	1706	1607	23	16.7457
XM_034475188.1	3110	3011	5.52511	2.14695
XM_034475189.1	3160	3061	8.37202	3.20006
XM_034475190.1	3160	3061	8.37202	3.20006
XM_034475191.1	2031	1932	0	0
XM_034475192.1	1967	1868	0	0
XM_034475193.1	1917	1818	0	0
XM_034475194.1	1858	1759	0	0
XM_034475195.1	1858	1759	0	0
XM_034475196.1	1268	1169	1.5	1.5013
XM_034475197.1	1824	1725	0	0
XM_034475198.1	2145	2046	0	0
XM_034475199.1	1792	1693	14	9.67524
XM_034475200.1	2234	2135	9.21358e-06	5.04919e-06
XM_034475201.1	1191	1092	0	0
XM_034475202.1	2532	2433	20	9.61787
XM_034475203.1	1468	1369	13	11.1104
XM_034475204.1	1415	1316	15.1857	13.5011
XM_034475205.1	1722	1623	0	0
XM_034475206.1	1692	1593	9	6.61025
XM_034475207.1	3895	3796	0	0
XM_034475208.1	3651	3552	0	0
XM_034475209.1	3787	3688	43.7275	13.8725
XM_034475210.1	3803	3704	0.272544	0.0860909
XM_034475211.1	2374	2275	0	0
XM_034475212.1	2287	2188	0	0
XM_034475213.1	2343	2244	0	0
XM_034475214.1	2146	2047	0	0
XM_034475215.1	1917	1818	0	0
XM_034475216.1	2091	1992	0	0
XM_034475217.1	1918	1819	0	0
XM_034475218.1	1905	1806	0	0
XM_034475219.1	2791	2692	0	0
XM_034475220.1	3788	3689	5.33864	1.69322
XM_034475221.1	2767	2668	0	0
XM_034475222.1	2430	2331	1.95606e-05	9.81816e-06
XM_034475223.1	2439	2340	2.12945e-07	1.06474e-07
XM_034475224.1	2406	2307	3.66134	1.85688
XM_034475225.1	1872	1773	11	7.25897
XM_034475226.1	1448	1349	0	0
XM_034475227.1	1481	1382	0	0
XM_034475228.1	1033	934	0	0
XM_034475229.1	1144	1045	0	0
XM_034475230.1	1010	911	0	0
XM_034475231.1	1271	1172	0	0
XM_034475232.1	2136	2037	0	0
XM_034475233.1	678	579	0	0
XM_034475234.1	678	579	0	0
XM_034475235.1	2148	2049	1	0.571017
XM_034475236.1	3578	3479	0	0
XM_034475237.1	1894	1795	0	0
XM_034475238.1	484	385	0	0
XM_034475239.1	1358	1259	48	44.6073
XM_034475240.1	1570	1471	3	2.38616
XM_034475241.1	2003	1904	12	7.37403
XM_034475242.1	3023	2924	4.20417	1.68226
XM_034475243.1	2918	2819	0	0
XM_034475244.1	2168	2069	0	0
XM_034475245.1	2507	2408	0	0
XM_034475246.1	1632	1533	11.7958	9.00279
XM_034475247.1	519	420	5	13.9287
XM_034475248.1	1268	1169	1.5	1.5013
XM_034475249.1	1826	1727	3	2.03245
XM_034475250.1	4261	4162	10	2.81118
XM_034475251.1	2997	2898	0	0
XM_034475252.1	2816	2717	0	0
XM_034475253.1	4296	4197	0	0
XM_034475254.1	1800	1701	0	0
XM_034475255.1	3899	3800	9.08536	2.79737
XM_034475256.1	554	455	0	0
XM_034475257.1	1005	906	1	1.29141
XM_034475258.1	1027	928	0	0
XM_034475259.1	2429	2330	47	23.6011
XM_034475260.1	2258	2159	0	0
XM_034475261.1	1866	1767	0	0
XM_034475262.1	1865	1766	15	9.93783
XM_034475263.1	1916	1817	0	0
XM_034475264.1	1205	1106	82	86.746
XM_034475265.1	1235	1136	0	0
XM_034475266.1	1262	1163	0	0
XM_034475267.1	1232	1133	0	0
XM_034475268.1	1254	1155	0	0
XM_034475269.1	1677	1578	0	0
XM_034475270.1	1567	1468	8	6.37609
XM_034475271.1	1263	1164	9	9.0465
XM_034475272.1	586	487	0	0
XM_034475273.1	893	794	0	0
XM_034475274.1	4898	4799	0	0
XM_034475275.1	4920	4821	0	0
XM_034475276.1	4719	4620	2.45338e-08	6.21319e-09
XM_034475277.1	4640	4541	15	3.86483
XM_034475278.1	4822	4723	0	0
XM_034475279.1	4871	4772	0	0
XM_034475280.1	737	638	0	0
XM_034475281.1	2511	2412	0	0
XM_034475282.1	2467	2368	0	0
XM_034475283.1	3103	3004	0	0
XM_034475284.1	1357	1258	0	0
XM_034475285.1	1131	1032	50	56.6867
XM_034475286.1	9839	9740	1.66859e-05	2.00439e-06
XM_034475287.1	867	768	0	0
XM_034475288.1	9836	9737	2.39487e-05	2.87771e-06
XM_034475289.1	9827	9728	94.9982	11.4257
XM_034475290.1	9808	9709	0.000701966	8.45927e-05
XM_034475291.1	9805	9706	0.00100867	0.000121591
XM_034475292.1	8437	8338	0	0
XM_034475293.1	2820	2721	0	0
XM_034475294.1	2701	2602	8.6802	3.90313
XM_034475295.1	2811	2712	0	0
XM_034475296.1	2808	2709	13.3198	5.7528
XM_034475297.1	2799	2700	0	0
XM_034475298.1	880	781	0	0
XM_034475299.1	2787	2688	0	0
XM_034475300.1	2778	2679	0	0
XM_034475301.1	2760	2661	0	0
XM_034475302.1	2766	2667	0	0
XM_034475303.1	8119	8020	32	4.66838
XM_034475304.1	925	826	11.8317	16.7593
XM_034475305.1	1292	1193	0.0381712	0.0374357
XM_034475306.1	2917	2818	0	0
XM_034475307.1	2407	2308	0	0
XM_034475308.1	2373	2274	0	0
XM_034475309.1	2368	2269	0	0
XM_034475310.1	2386	2287	0.00833923	0.00426629
XM_034475311.1	2374	2275	3.99166	2.05288
XM_034475312.1	2334	2235	0	0
XM_034475313.1	2320	2221	0	0
XM_034475314.1	2286	2187	0	0
XM_034475315.1	4720	4621	0	0
XM_034475316.1	4624	4525	55.4453	14.3363
XM_034475317.1	4639	4540	1.14274	0.294498
XM_034475318.1	4547	4448	9.23917	2.4303
XM_034475319.1	4688	4589	0	0
XM_034475320.1	4610	4511	6.32255e-07	1.63987e-07
XM_034475321.1	2605	2506	0.000116899	5.45784e-05
XM_034475322.1	2663	2564	6.40029	2.9206
XM_034475323.1	2827	2728	0	0
XM_034475324.1	2923	2824	0	0
XM_034475325.1	2705	2606	0	0
XM_034475326.1	2325	2226	0	0
XM_034475327.1	2016	1917	4.63019	2.82597
XM_034475328.1	2257	2158	5.26669	2.85547
XM_034475329.1	2191	2092	5.69193	3.18338
XM_034475330.1	3273	3174	30.9307	11.4018
XM_034475331.1	1554	1455	5.69694	4.58109
XM_034475332.1	1554	1455	5.69694	4.58109
XM_034475333.1	1248	1149	0	0
XM_034475334.1	1675	1576	0	0
XM_034475335.1	1943	1844	0	0
XM_034475336.1	959	860	0	0
XM_034475337.1	679	580	54.0909	109.116
XM_034475338.1	856	757	2.21718	3.42686
XM_034475339.1	1288	1189	3	2.95209
XM_034475340.1	1482	1383	9	7.61397
XM_034475341.1	1800	1701	33.2782	22.89
XM_034475342.1	1852	1753	0	0
XM_034475343.1	1838	1739	0	0
XM_034475344.1	1988	1889	0.110005	0.068135
XM_034475345.1	2000	1901	6.53845e-05	4.02424e-05
XM_034475346.1	1977	1878	103.89	64.7245
XM_034475347.1	2008	1909	4.74399e-07	2.90756e-07
XM_034475348.1	2019	1920	0	0
XM_034475349.1	1577	1478	0	0
XM_034475350.1	1608	1509	0	0
XM_034475351.1	1545	1446	0	0
XM_034475352.1	1508	1409	0	0
XM_034475353.1	1485	1386	0	0
XM_034475354.1	1450	1351	20	17.3207
XM_034475355.1	6475	6376	0	0
XM_034475356.1	6469	6370	0	0
XM_034475357.1	6454	6355	264	48.6048
XM_034475358.1	6447	6348	0	0
XM_034475359.1	6430	6331	0	0
XM_034475360.1	3461	3362	0	0
XM_034475361.1	2442	2343	4	1.99746
XM_034475362.1	2895	2796	0.0382751	0.0160166
XM_034475363.1	2887	2788	1.10305	0.462906
XM_034475364.1	2341	2242	0	0
XM_034475365.1	3513	3414	0	0
XM_034475366.1	4013	3914	1.96227	0.586581
XM_034475367.1	2209	2110	0	0
XM_034475368.1	2200	2101	0	0
XM_034475369.1	1628	1529	0	0
XM_034475370.1	1510	1411	0	0
XM_034475371.1	4425	4326	9.04122	2.4453
XM_034475372.1	1163	1064	6	6.59782
XM_034475373.1	1116	1017	0	0
XM_034475374.1	2888	2789	51	21.395
XM_034475375.1	1654	1555	0	0
XM_034475376.1	1521	1422	0	0
XM_034475377.1	688	589	0	0
XM_034475378.1	765	666	0	0
XM_034475379.1	1752	1653	3.28243	2.32334
XM_034475380.1	530	431	0	0
XM_034475381.1	6532	6433	4.03178	0.733288
XM_034475382.1	6473	6374	0	0
XM_034475383.1	6529	6430	6.96822	1.26795
XM_034475384.1	4044	3945	6	1.77949
XM_034475385.1	5789	5690	0.000168154	3.45769e-05
XM_034475386.1	1583	1484	0	0
XM_034475387.1	1586	1487	0	0
XM_034475388.1	1373	1274	0	0
XM_034475389.1	3956	3857	37	11.2239
XM_034475390.1	1608	1509	0	0
XM_034475391.1	1488	1389	5	4.21171
XM_034475392.1	1392	1293	0	0
XM_034475393.1	570	471	0	0
XM_034475394.1	7067	6968	77	12.9293
XM_034475395.1	1169	1070	0	0
XM_034475396.1	1142	1043	0	0
XM_034475397.1	2366	2267	0	0
XM_034475398.1	1626	1527	7	5.36352
XM_034475399.1	4176	4077	0	0
XM_034475400.1	2957	2858	0	0
XM_034475401.1	996	897	0	0
XM_034475402.1	6380	6281	31.6613	5.89781
XM_034475403.1	3372	3273	0	0
XM_034475404.1	2144	2045	0	0
XM_034475405.1	2111	2012	0	0
XM_034475406.1	2117	2018	0	0
XM_034475407.1	2111	2012	0	0
XM_034475408.1	2077	1978	0	0
XM_034475409.1	874	775	0	0
XM_034475410.1	854	755	1.21694	1.88588
XM_034475411.1	851	752	0	0
XM_034475412.1	900	801	0	0
XM_034475413.1	1683	1584	7	5.17051
XM_034475414.1	2614	2515	5	2.32607
XM_034475415.1	1639	1540	0	0
XM_034475416.1	1937	1838	0	0
XM_034475417.1	1306	1207	0	0
XM_034475418.1	1018	919	0	0
XM_034475419.1	982	883	1.73599	2.30027
XM_034475420.1	649	550	1	2.1273
XM_034475421.1	4267	4168	0	0
XM_034475422.1	4474	4375	0	0
XM_034475423.1	3844	3745	4	1.24968
XM_034475424.1	675	576	0	0
XM_034475425.1	1309	1210	1	0.966953
XM_034475426.1	1975	1876	0	0
XM_034475427.1	976	877	0	0
XM_034475428.1	648	549	0	0
XM_034475429.1	895	796	2	2.93973
XM_034475430.1	3485	3386	5.10612	1.76439
XM_034475431.1	3425	3326	0	0
XM_034475432.1	3596	3497	3.02118	1.01082
XM_034475433.1	1510	1411	0	0
XM_034475434.1	677	578	0	0
XM_034475435.1	613	514	0	0
XM_034475436.1	587	488	0	0
XM_034475437.1	1883	1784	0	0
XM_034475438.1	1139	1040	12.5875	14.1611
XM_034475439.1	1725	1626	9	6.47609
XM_034475440.1	1659	1560	0	0
XM_034475441.1	1911	1812	0	0
XM_034475442.1	1553	1454	2	1.60937
XM_034475443.1	820	721	0	0
XM_034475444.1	967	868	0	0
XM_034475445.1	3596	3497	0.00448017	0.00149896
XM_034475446.1	3591	3492	0.023999	0.008041
XM_034475447.1	3580	3481	0.971521	0.326542
XM_034475448.1	2337	2238	0	0
XM_034475449.1	2259	2160	0	0
XM_034475450.1	2171	2072	0	0
XM_034475451.1	2158	2059	0	0
XM_034475452.1	2080	1981	0	0
XM_034475453.1	1707	1608	0	0
XM_034475454.1	1592	1493	9	7.05299
XM_034475455.1	2401	2302	0	0
XM_034475456.1	2326	2227	10.9038	5.72862
XM_034475457.1	2335	2236	0.0961554	0.0503145
XM_034475458.1	2771	2672	6.18785	2.70953
XM_034475459.1	1301	1202	0	0
XM_034475460.1	2659	2560	0	0
XM_034475461.1	1519	1420	0	0
XM_034475462.1	1397	1298	1	0.901397
XM_034475463.1	2476	2377	0	0
XM_034475464.1	2191	2092	6	3.35568
XM_034475465.1	2073	1974	2	1.18542
XM_034475466.1	405	306	0	0
XM_034475467.1	1362	1263	95.6658	88.6226
XM_034475468.1	3147	3048	3.58308	1.37541
XM_034475469.1	2859	2760	372.846	158.056
XM_034475470.1	959	860	0	0
XM_034475471.1	5171	5072	0	0
XM_034475472.1	2550	2451	0	0
XM_034475473.1	1631	1532	3	2.29115
XM_034475474.1	2661	2562	0	0
XM_034475475.1	2631	2532	0	0
XM_034475476.1	2436	2337	4.78985e-06	2.39802e-06
XM_034475477.1	2505	2406	0	0
XM_034475478.1	2528	2429	0	0
XM_034475479.1	2407	2308	11	5.57632
XM_034475480.1	3455	3356	2.15778	0.752275
XM_034475481.1	2594	2495	0	0
XM_034475482.1	2540	2441	5.04247	2.41694
XM_034475483.1	1962	1863	3.97017e-06	2.49337e-06
XM_034475484.1	2582	2483	0	0
XM_034475485.1	752	653	1	1.79175
XM_034475486.1	1171	1072	0	0
XM_034475487.1	1252	1153	0	0
XM_034475488.1	4392	4293	0	0
XM_034475489.1	4396	4297	6.96996	1.89782
XM_034475490.1	4408	4309	0	0
XM_034475491.1	4416	4317	0.0300364	0.00814059
XM_034475492.1	2269	2170	1	0.539177
XM_034475493.1	2391	2292	0	0
XM_034475494.1	3884	3785	0	0
XM_034475495.1	3820	3721	3.88486	1.22154
XM_034475496.1	2142	2043	0	0
XM_034475497.1	3387	3288	1.05335	0.374828
XM_034475498.1	3484	3385	0	0
XM_034475499.1	3617	3518	0	0
XM_034475500.1	3376	3277	53.6684	19.1617
XM_034475501.1	3382	3283	6.27825	2.23748
XM_034475502.1	597	498	0	0
XM_034475503.1	410	311	0	0
XM_034475504.1	1843	1744	0	0
XM_034475505.1	1518	1419	0	0
XM_034475506.1	1469	1370	0	0
XM_034475507.1	1495	1396	0	0
XM_034475508.1	1433	1334	2	1.75414
XM_034475509.1	594	495	0	0
XM_034475510.1	2830	2731	0	0
XM_034475511.1	2794	2695	0.0193825	0.00841478
XM_034475512.1	2785	2686	0.980617	0.427154
XM_034475513.1	1003	904	1	1.29426
XM_034475514.1	1352	1253	0	0
XM_034475515.1	1295	1196	0	0
XM_034475516.1	1368	1269	0	0
XM_034475517.1	1352	1253	0	0
XM_034475518.1	1272	1173	0	0
XM_034475519.1	414	315	1	3.71433
XM_034475520.1	1272	1173	0	0
XM_034475521.1	3100	3001	0	0
XM_034475522.1	2852	2753	17	7.22493
XM_034475523.1	839	740	0	0
XM_034475524.1	1635	1536	0	0
XM_034475525.1	1340	1241	0	0
XM_034475526.1	1259	1160	0	0
XM_034475527.1	3601	3502	6.15596	2.0567
XM_034475528.1	3459	3360	0	0
XM_034475529.1	2817	2718	1	0.430469
XM_034475530.1	2921	2822	19.3299	8.01427
XM_034475531.1	2237	2138	0	0
XM_034475532.1	2229	2130	0	0
XM_034475533.1	2166	2067	54	30.5664
XM_034475534.1	501	402	0	0
XM_034475535.1	1598	1499	3	2.34159
XM_034475536.1	2338	2239	0	0
XM_034475537.1	2496	2397	0	0
XM_034475538.1	1817	1718	0	0
XM_034475539.1	983	884	0	0
XM_034475540.1	1078	979	0	0
XM_034475541.1	716	617	0	0
XM_034475542.1	1930	1831	0	0
XM_034475543.1	3267	3168	0	0
XM_034475544.1	2330	2231	5.2268	2.74111
XM_034475545.1	1874	1775	2	1.31832
XM_034475546.1	907	808	0	0
XM_034475547.1	1173	1074	2	2.1788
XM_034475548.1	1370	1271	15	13.8082
XM_034475549.1	2101	2002	0.159091	0.092976
XM_034475550.1	5030	4931	14	3.32188
XM_034475551.1	765	666	0	0
XM_034475552.1	886	787	17.9522	26.689
XM_034475553.1	1487	1388	2.11246	1.7807
XM_034475554.1	3483	3384	2	0.691497
XM_034475555.1	1537	1438	0	0
XM_034475556.1	887	788	4.04785	6.0102
XM_034475557.1	4439	4340	6.75281	1.82048
XM_034475558.1	2168	2069	5.96389	3.37256
XM_034475559.1	1647	1548	0	0
XM_034475560.1	939	840	0	0
XM_034475561.1	6907	6808	0	0
XM_034475562.1	6754	6655	9.50161	1.67047
XM_034475563.1	6755	6656	7.96626	1.40034
XM_034475564.1	6755	6656	7.96626	1.40034
XM_034475565.1	6755	6656	7.96626	1.40034
XM_034475566.1	6755	6656	7.96626	1.40034
XM_034475567.1	6748	6649	0	0
XM_034475568.1	6749	6650	22.9446	4.03692
XM_034475569.1	6749	6650	22.9446	4.03692
XM_034475570.1	6749	6650	22.9446	4.03692
XM_034475571.1	6749	6650	22.9446	4.03692
XM_034475572.1	6471	6372	0	0
XM_034475573.1	4247	4148	0	0
XM_034475574.1	4244	4145	0	0
XM_034475575.1	4234	4135	0	0
XM_034475576.1	4469	4370	0	0
XM_034475577.1	4468	4369	0	0
XM_034475578.1	4154	4055	0	0
XM_034475579.1	4203	4104	0	0
XM_034475580.1	4281	4182	0	0
XM_034475581.1	4147	4048	125.957	36.4061
XM_034475582.1	4237	4138	0	0
XM_034475583.1	3511	3412	0	0
XM_034475584.1	3187	3088	17	6.44114
XM_034475585.1	3480	3381	2.65812	0.919859
XM_034475586.1	656	557	1366	2869.37
XM_034475587.1	3079	2980	0	0
XM_034475588.1	3055	2956	0	0
XM_034475589.1	3002	2903	0	0
XM_034475590.1	2935	2836	0	0
XM_034475591.1	2540	2441	0	0
XM_034475592.1	2690	2591	8.9361	4.03526
XM_034475593.1	2903	2804	0	0
XM_034475594.1	2849	2750	2.97249	1.26467
XM_034475595.1	2929	2830	0	0
XM_034475596.1	2860	2761	0.027509	0.0116574
XM_034475597.1	2725	2626	0	0
XM_034475598.1	1177	1078	0	0
XM_034475599.1	695	596	0	0
XM_034475600.1	3935	3836	0	0
XM_034475601.1	2728	2629	0	0
XM_034475602.1	1157	1058	0	0
XM_034475603.1	1050	951	0	0
XM_034475604.1	1079	980	0	0
XM_034475605.1	968	869	0	0
XM_034475606.1	1245	1146	0.00151173	0.0015434
XM_034475607.1	1238	1139	1.99849	2.0529
XM_034475608.1	813	714	1	1.63867
XM_034475609.1	2020	1921	0	0
XM_034475610.1	1911	1812	29.7724	19.2241
XM_034475611.1	1005	906	0	0
XM_034475612.1	1387	1288	0.00167144	0.00151833
XM_034475613.1	1380	1281	0.998321	0.911826
XM_034475614.1	1393	1294	7.16957e-06	6.48261e-06
XM_034475615.1	3728	3629	0	0
XM_034475616.1	2652	2553	0	0
XM_034475617.1	3319	3220	7.56127	2.74745
XM_034475618.1	2733	2634	0	0
XM_034475619.1	2614	2515	0	0
XM_034475620.1	2616	2517	0	0
XM_034475621.1	2597	2498	0	0
XM_034475622.1	2598	2499	0	0
XM_034475623.1	2479	2380	0	0
XM_034475624.1	2481	2382	0	0
XM_034475625.1	2448	2349	0	0
XM_034475626.1	2550	2451	27875.4	13306.6
XM_034475627.1	2862	2763	8.85629	3.75026
XM_034475628.1	3449	3350	1.47401e-07	5.1481e-08
XM_034475629.1	3395	3296	27.9944	9.93743
XM_034475630.1	3419	3320	0.00563751	0.00198674
XM_034475631.1	1225	1126	5	5.19544
XM_034475632.1	1964	1865	8.86831	5.56356
XM_034475633.1	1507	1408	0	0
XM_034475634.1	831	732	0	0
XM_034475635.1	2923	2824	47.4604	19.6634
XM_034475636.1	1536	1437	1	0.814206
XM_034475637.1	6623	6524	0	0
XM_034475638.1	6659	6560	0	0
XM_034475639.1	1313	1214	4	3.85507
XM_034475640.1	493	394	0	0
XM_034475641.1	713	614	0	0
XM_034475642.1	631	532	0	0
XM_034475643.1	740	641	2018.94	3685.16
XM_034475644.1	755	656	116.956	208.598
XM_034475645.1	716	617	1756.21	3330.3
XM_034475646.1	728	629	20.9799	39.025
XM_034475647.1	764	665	202.908	357
XM_034475648.1	776	677	6.85704e-07	1.18506e-06
XM_034475649.1	656	557	2	4.20113
XM_034475650.1	1685	1586	0	0
XM_034475651.1	1500	1401	0	0
XM_034475652.1	7194	7095	0	0
XM_034475653.1	7602	7503	0	0
XM_034475654.1	7128	7029	16.7399	2.78645
XM_034475655.1	7715	7616	0	0
XM_034475656.1	7461	7362	0	0
XM_034475657.1	7173	7074	0	0
XM_034475658.1	2145	2046	3	1.71556
XM_034475659.1	4448	4349	0	0
XM_034475660.1	4331	4232	54.1438	14.969
XM_034475661.1	3576	3477	0	0
XM_034475662.1	4177	4078	112.856	32.3794
XM_034475663.1	3441	3342	0	0
XM_034475664.1	970	871	0.999682	1.34287
XM_034475665.1	686	587	1	1.99321
XM_034475666.1	756	657	0	0
XM_034475667.1	1760	1661	0	0
XM_034475668.1	2046	1947	0	0
XM_034475669.1	1313	1214	0	0
XM_034475670.1	1306	1207	0	0
XM_034475671.1	1249	1150	0	0
XM_034475672.1	3949	3850	0	0
XM_034475673.1	3862	3763	0	0
XM_034475674.1	1685	1586	1	0.737713
XM_034475675.1	4482	4383	56.3562	15.0439
XM_034475676.1	6143	6044	9.4778e-08	1.83474e-08
XM_034475677.1	6064	5965	0.477791	0.0937171
XM_034475678.1	6131	6032	9.75327e-07	1.89182e-07
XM_034475679.1	6095	5996	0.00109297	0.000213274
XM_034475680.1	6050	5951	7.52111	1.47871
XM_034475681.1	6507	6408	0	0
XM_034475682.1	2255	2156	0	0
XM_034475683.1	18420	18321	39.8692	2.54612
XM_034475684.1	18405	18306	104.206	6.66025
XM_034475685.1	9620	9521	57.6636	7.08614
XM_034475686.1	7806	7707	151.956	23.0688
XM_034475687.1	16301	16202	411	29.68
XM_034475688.1	3657	3558	0	0
XM_034475689.1	826	727	0	0
XM_034475690.1	843	744	0	0
XM_034475691.1	817	718	0	0
XM_034475692.1	800	701	0	0
XM_034475693.1	678	579	3	6.06225
XM_034475694.1	813	714	0	0
XM_034475695.1	3846	3747	0	0
XM_034475696.1	3264	3165	0	0
XM_034475697.1	3291	3192	0	0
XM_034475698.1	2225	2126	4.39643	2.41951
XM_034475699.1	1158	1059	0	0
XM_034475700.1	1824	1725	7	4.74788
XM_034475701.1	816	717	0	0
XM_034475702.1	1018	919	60.2923	76.7604
XM_034475703.1	1600	1501	16	12.4718
XM_034475704.1	708	609	0	0
XM_034475705.1	677	578	0	0
XM_034475706.1	1276	1177	0	0
XM_034475707.1	1044	945	10	12.3811
XM_034475708.1	3373	3274	1	0.357365
XM_034475709.1	2204	2105	1	0.555826
XM_034475710.1	667	568	8.34524	17.1902
XM_034475711.1	1491	1392	6	5.04316
XM_034475712.1	4023	3924	1.78624	0.5326
XM_034475713.1	1332	1233	0	0
XM_034475714.1	3468	3369	64	22.2264
XM_034475715.1	3463	3364	0	0
XM_034475716.1	522	423	0	0
XM_034475717.1	848	749	0	0
XM_034475718.1	1563	1464	14.5996	11.6678
XM_034475719.1	4734	4635	0	0
XM_034475720.1	1006	907	9	11.6098
XM_034475721.1	873	774	0	0
XM_034475722.1	558	459	0	0
XM_034475723.1	675	576	2	4.06255
XM_034475724.1	555	456	0	0
XM_034475725.1	3180	3081	0	0
XM_034475726.1	1105	1006	0	0
XM_034475727.1	348	249	0	0
XM_034475728.1	695	596	0	0
XM_034475729.1	1458	1359	0	0
XM_034475730.1	1209	1110	0	0
XM_034475731.1	2144	2045	0	0
XM_034475732.1	982	883	0	0
XM_034475733.1	1335	1236	0	0
XM_034475734.1	3567	3468	0	0
XM_034475735.1	1050	951	0	0
XM_034475736.1	1271	1172	0	0
XM_034475737.1	2048	1949	0	0
XM_034475738.1	1202	1103	0	0
XM_034475739.1	980	881	3	3.98415
XM_034475740.1	1202	1103	0	0
XM_034475741.1	1269	1170	0	0
XM_034475742.1	3711	3612	22.8817	7.41194
XM_034475743.1	582	483	0	0
XM_034475744.1	1639	1540	0	0
XM_034475745.1	1386	1287	0	0
XM_034475746.1	1365	1266	0	0
XM_034475747.1	2389	2290	0	0
XM_034475748.1	1989	1890	0	0
XM_034475749.1	748	649	0.862542	1.55499
XM_034475750.1	687	588	0	0
XM_034475751.1	758	659	1.40029e-08	2.48613e-08
XM_034475752.1	767	668	0	0
XM_034475753.1	744	645	0	0
XM_034475754.1	1836	1737	0	0
XM_034475755.1	1791	1692	6.37157	4.40592
XM_034475756.1	2820	2721	6.39719	2.75075
XM_034475757.1	864	765	0	0
XM_034475758.1	2035	1936	5	3.02173
XM_034475759.1	6903	6804	25	4.29899
XM_034475760.1	3277	3178	0	0
XM_034475761.1	3184	3085	19.5316	7.40754
XM_034475762.1	631	532	0	0
XM_034475763.1	1059	960	0	0
XM_034475764.1	529	430	0	0
XM_034475765.1	675	576	0	0
XM_034475766.1	2408	2309	0	0
XM_034475767.1	1758	1659	0	0
XM_034475768.1	1926	1827	6.63839	4.25123
XM_034475769.1	1275	1176	0	0
XM_034475770.1	1818	1719	0	0
XM_034475771.1	926	827	39.2099	55.4729
XM_034475772.1	1641	1542	0	0
XM_034475773.1	1485	1386	1	0.844166
XM_034475774.1	465	366	0	0
XM_034475775.1	3903	3804	25	7.68936
XM_034475776.1	703	604	0	0
XM_034475777.1	2408	2309	0	0
XM_034475778.1	1198	1099	0	0
XM_034475779.1	2682	2583	0	0
XM_034475780.1	3536	3437	3	1.02125
XM_034475781.1	774	675	0	0
XM_034475782.1	1902	1803	0	0
XM_034475783.1	1800	1701	0	0
XM_034475784.1	2181	2082	0	0
XM_034475785.1	2441	2342	0	0
XM_034475786.1	1056	957	0	0
XM_034475787.1	2479	2380	0	0
XM_034475788.1	1378	1279	1.52539	1.3954
XM_034475789.1	1215	1116	0	0
XM_034475790.1	4822	4723	0.0026117	0.000646988
XM_034475791.1	4779	4680	119.176	29.7943
XM_034475792.1	1431	1332	0	0
XM_034475793.1	1377	1278	0.0674936	0.0617906
XM_034475794.1	1130	1031	0	0
XM_034475795.1	774	675	0	0
XM_034475796.1	2288	2189	0	0
XM_034475797.1	1644	1545	0	0
XM_034475798.1	4076	3977	0	0
XM_034475799.1	705	606	0	0
XM_034475800.1	486	387	0	0
XM_034475801.1	1589	1490	0	0
XM_034475802.1	831	732	0	0
XM_034475803.1	3410	3311	1.6493	0.582817
XM_034475804.1	558	459	11	28.0395
XM_034475805.1	1434	1335	1	0.876415
XM_034475806.1	1038	939	0	0
XM_034475807.1	3952	3853	4	1.21465
XM_034475808.1	1728	1629	5	3.5912
XM_034475809.1	1890	1791	0	0
XM_034475810.1	642	543	0	0
XM_034475811.1	27895	27796	80.8115	3.40159
XM_034475812.1	1772	1673	0	0
XM_034475813.1	1327	1228	15	14.2917
XM_034475814.1	680	581	0	0
XM_034475815.1	830	731	294	470.566
XM_034475816.1	1686	1587	0	0
XM_034475817.1	1684	1585	0.143795	0.106147
XM_034475818.1	782	683	46	78.8003
XM_034475819.1	931	832	7	9.84386
XM_034475820.1	1916	1817	2	1.28785
XM_034475821.1	637	538	0	0
XM_034475822.1	1677	1578	25.8562	19.1712
XM_034475823.1	5330	5231	0	0
XM_034475824.1	5166	5067	1.39163e-08	3.21338e-09
XM_034475825.1	5071	4972	61	14.3545
XM_034475826.1	5312	5213	0	0
XM_034475827.1	5299	5200	0	0
XM_034475828.1	5272	5173	0	0
XM_034475829.1	4306	4207	0	0
XM_034475830.1	1362	1263	0	0
XM_034475831.1	3256	3157	16	5.92975
XM_034475832.1	2475	2376	0	0
XM_034475833.1	2378	2279	0	0
XM_034475834.1	2315	2216	24.9996	13.1994
XM_034475835.1	2596	2497	0	0
XM_034475836.1	2265	2166	0	0
XM_034475837.1	2275	2176	0	0
XM_034475838.1	2577	2478	0	0
XM_034475839.1	7212	7113	0	0
XM_034475840.1	7206	7107	25	4.11571
XM_034475841.1	7197	7098	0	0
XM_034475842.1	7194	7095	0	0
XM_034475843.1	7179	7080	0	0
XM_034475844.1	7179	7080	0	0
XM_034475845.1	7092	6993	0	0
XM_034475846.1	7053	6954	0	0
XM_034475847.1	7019	6920	1.17755e-07	1.99096e-08
XM_034475848.1	3496	3397	1	0.344425
XM_034475849.1	2590	2491	0	0
XM_034475850.1	2589	2490	0	0
XM_034475851.1	1900	1801	0	0
XM_034475852.1	2335	2236	3	1.56979
XM_034475853.1	3551	3452	0	0
XM_034475854.1	1782	1683	0	0
XM_034475855.1	1507	1408	0	0
XM_034475856.1	2011	1912	0	0
XM_034475857.1	3556	3457	0	0
XM_034475858.1	1942	1843	0.00534714	0.00339459
XM_034475859.1	4084	3985	0	0
XM_034475860.1	1462	1363	0	0
XM_034475861.1	1628	1529	0	0
XM_034475862.1	1625	1526	0	0
XM_034475863.1	1506	1407	2	1.66313
XM_034475864.1	1412	1313	0	0
XM_034475865.1	3245	3146	5.8584	2.17877
XM_034475866.1	3255	3156	0.141599	0.0524946
XM_034475867.1	5475	5376	0.0519596	0.0113083
XM_034475868.1	5445	5346	36.848	8.06448
XM_034475869.1	5472	5373	0.100005	0.021777
XM_034475870.1	4392	4293	0	0
XM_034475871.1	1488	1389	0	0
XM_034475872.1	2388	2289	0	0
XM_034475873.1	3540	3441	4656.06	1583.16
XM_034475874.1	1088	989	0	0
XM_034475875.1	2422	2323	0.0441211	0.0222222
XM_034475876.1	2412	2313	6.95588	3.51858
XM_034475877.1	3558	3459	9.77841	3.30757
XM_034475878.1	2391	2292	0	0
XM_034475879.1	2956	2857	0	0
XM_034475880.1	2738	2639	0	0
XM_034475881.1	1733	1634	3	2.14813
XM_034475882.1	2045	1946	1.00642	0.6051
XM_034475883.1	2110	2011	0	0
XM_034475884.1	2088	1989	0	0
XM_034475885.1	1199	1100	2	2.1273
XM_034475886.1	3506	3407	0	0
XM_034475887.1	3578	3479	0	0
XM_034475888.1	3903	3804	0	0
XM_034475889.1	3105	3006	0	0
XM_034475890.1	3068	2969	68.4993	26.994
XM_034475891.1	3039	2940	127.61	50.7842
XM_034475892.1	2002	1903	0	0
XM_034475893.1	1538	1439	0.00288657	0.00234699
XM_034475894.1	1570	1471	0	0
XM_034475895.1	3724	3625	4	1.29105
XM_034475896.1	4006	3907	0	0
XM_034475897.1	3154	3055	0	0
XM_034475898.1	3152	3053	0	0
XM_034475899.1	1768	1669	0	0
XM_034475900.1	5260	5161	74.9601	16.9937
XM_034475901.1	5783	5684	0	0
XM_034475902.1	4563	4464	0	0
XM_034475903.1	6727	6628	2.59737	0.458503
XM_034475904.1	1998	1899	0	0
XM_034475905.1	1970	1871	0	0
XM_034475906.1	5003	4904	7.15772e-05	1.70771e-05
XM_034475907.1	1850	1751	0	0
XM_034475908.1	1729	1630	0	0
XM_034475909.1	1129	1030	2.7175	3.0869
XM_034475910.1	1851	1752	0	0
XM_034475911.1	1780	1681	0	0
XM_034475912.1	5035	4936	3.47868e-08	8.24574e-09
XM_034475913.1	3131	3032	33.5267	12.9376
XM_034475914.1	2664	2565	0	0
XM_034475915.1	2579	2480	0	0
XM_034475916.1	3205	3106	0	0
XM_034475917.1	3044	2945	0	0
XM_034475918.1	3270	3171	0	0
XM_034475919.1	4991	4892	0.00126725	0.000303087
XM_034475920.1	2504	2405	0	0
XM_034475921.1	2450	2351	0	0
XM_034475922.1	3576	3477	6.04695	2.0348
XM_034475923.1	3409	3310	1.41159	0.498966
XM_034475924.1	760	661	0	0
XM_034475925.1	1526	1427	0	0
XM_034475926.1	4988	4889	0.00260233	0.000622778
XM_034475927.1	1258	1159	0	0
XM_034475928.1	1206	1107	7.2825	7.69704
XM_034475929.1	1935	1836	0	0
XM_034475930.1	1811	1712	0	0
XM_034475931.1	1773	1674	0	0
XM_034475932.1	4985	4886	0.00534632	0.00128024
XM_034475933.1	1903	1804	0	0
XM_034475934.1	1768	1669	0	0
XM_034475935.1	1731	1632	1	0.71692
XM_034475936.1	1924	1825	0	0
XM_034475937.1	1952	1853	0	0
XM_034475938.1	3592	3493	0	0
XM_034475939.1	3575	3476	0	0
XM_034475940.1	4976	4877	0.0464819	0.0111512
XM_034475941.1	2891	2792	0	0
XM_034475942.1	3137	3038	0	0
XM_034475943.1	2816	2717	0	0
XM_034475944.1	2764	2665	0	0
XM_034475945.1	4973	4874	0.0956634	0.0229642
XM_034475946.1	2443	2344	0	0
XM_034475947.1	2443	2344	0	0
XM_034475948.1	2425	2326	0	0
XM_034475949.1	2446	2347	33.9131	16.9062
XM_034475950.1	2424	2325	0	0
XM_034475951.1	4973	4874	0.0956634	0.0229642
XM_034475952.1	2367	2268	0	0
XM_034475953.1	2358	2259	0	0
XM_034475954.1	2334	2235	0	0
XM_034475955.1	2292	2193	0	0
XM_034475956.1	2746	2647	0	0
XM_034475957.1	4970	4871	0.19697	0.0473122
XM_034475958.1	2417	2318	0	0
XM_034475959.1	2421	2322	0	0
XM_034475960.1	2396	2297	0	0
XM_034475961.1	2446	2347	0	0
XM_034475962.1	2330	2231	0	0
XM_034475963.1	640	541	0	0
XM_034475964.1	4958	4859	3.55593	0.856244
XM_034475965.1	602	503	1	2.32607
XM_034475966.1	602	503	1	2.32607
XM_034475967.1	877	778	0	0
XM_034475968.1	691	592	0	0
XM_034475969.1	3917	3818	0	0
XM_034475970.1	3752	3653	0	0
XM_034475971.1	3737	3638	0	0
XM_034475972.1	3737	3638	0	0
XM_034475973.1	3722	3623	0	0
XM_034475974.1	3641	3542	0	0
XM_034475975.1	3629	3530	0	0
XM_034475976.1	3629	3530	0	0
XM_034475977.1	3575	3476	0	0
XM_034475978.1	3572	3473	0	0
XM_034475979.1	3557	3458	4.70115	1.59063
XM_034475980.1	3398	3299	0	0
XM_034475981.1	3481	3382	0	0
XM_034475982.1	3395	3296	0	0
XM_034475983.1	3395	3296	0	0
XM_034475984.1	1734	1635	0.584047	0.417946
XM_034475985.1	3056	2957	0	0
XM_034475986.1	3053	2954	0	0
XM_034475987.1	2840	2741	9	3.84171
XM_034475988.1	12762	12663	4.30962	0.398192
XM_034475989.1	12759	12660	5.69038	0.525895
XM_034475990.1	10994	10895	47.1885	5.06757
XM_034475991.1	701	602	0	0
XM_034475992.1	2621	2522	0	0
XM_034475993.1	2514	2415	1	0.484478
XM_034475994.1	5702	5603	0	0
XM_034475995.1	1966	1867	0	0
XM_034475996.1	1799	1700	0	0
XM_034475997.1	782	683	0	0
XM_034475998.1	763	664	4.41049	7.77159
XM_034475999.1	1784	1685	6	4.16622
XM_034476000.1	1385	1286	1	0.909808
XM_034476001.1	5696	5597	0	0
XM_034476002.1	1075	976	0	0
XM_034476003.1	483	384	0	0
XM_034476004.1	2175	2076	3	1.69077
XM_034476005.1	5696	5597	0	0
XM_034476006.1	3049	2950	4.13096	1.6384
XM_034476007.1	1007	908	0	0
XM_034476008.1	1011	912	0	0
XM_034476009.1	2443	2344	23	11.4805
XM_034476010.1	5696	5597	36	7.52555
XM_034476011.1	1415	1316	4.99569e-06	4.44151e-06
XM_034476012.1	1440	1341	0	0
XM_034476013.1	1398	1299	21	18.9148
XM_034476014.1	1422	1323	0	0
XM_034476015.1	5663	5564	0	0
XM_034476016.1	1040	941	0	0
XM_034476017.1	1036	937	0	0
XM_034476018.1	4051	3952	0	0
XM_034476019.1	1746	1647	3.17818	2.25775
XM_034476020.1	3495	3396	19	6.54601
XM_034476021.1	1229	1130	0	0
XM_034476022.1	1295	1196	0	0
XM_034476023.1	5657	5558	0	0
XM_034476024.1	1242	1143	2	2.04727
XM_034476025.1	1226	1127	0	0
XM_034476026.1	1213	1114	0	0
XM_034476027.1	1636	1537	0	0
XM_034476028.1	3504	3405	71	24.3968
XM_034476029.1	1897	1798	0	0
XM_034476030.1	2142	2043	1	0.572694
XM_034476031.1	1527	1428	1.24378	1.01907
XM_034476032.1	1200	1101	0	0
XM_034476033.1	3217	3118	7.87374	2.95458
XM_034476034.1	2111	2012	0	0
XM_034476035.1	2029	1930	7.12626	4.32012
XM_034476036.1	1032	933	0	0
XM_034476037.1	2688	2589	2	0.903834
XM_034476038.1	2321	2222	0	0
XM_034476039.1	4669	4570	0	0
XM_034476040.1	2046	1947	0	0
XM_034476041.1	1983	1884	8	4.96821
XM_034476042.1	7021	6922	0	0
XM_034476043.1	6862	6763	0.220557	0.0381568
XM_034476044.1	6841	6742	8.46877	1.46968
XM_034476045.1	1890	1791	4	2.6131
XM_034476046.1	776	677	0	0
XM_034476047.1	1392	1293	0	0
XM_034476048.1	866	767	1	1.52544
XM_034476049.1	754	655	0	0
XM_034476050.1	723	624	20	37.5004
XM_034476051.1	730	631	4.15063e-05	7.69619e-05
XM_034476052.1	1119	1020	0	0
XM_034476053.1	1275	1176	0	0
XM_034476054.1	749	650	0	0
XM_034476055.1	1271	1172	0	0
XM_034476056.1	1443	1344	0	0
XM_034476057.1	923	824	0	0
XM_034476058.1	1084	985	0	0
XM_034476059.1	2593	2494	4	1.87653
XM_034476060.1	2963	2864	0	0
XM_034476061.1	1309	1210	0	0
XM_034476062.1	2274	2175	11	5.91731
XM_034476063.1	3485	3386	5	1.72772
XM_034476064.1	1843	1744	5	3.3544
XM_034476065.1	1276	1177	0	0
XM_034476066.1	699	600	61.058	119.064
XM_034476067.1	737	638	0	0
XM_034476068.1	644	545	0	0
XM_034476069.1	643	544	0	0
XM_034476070.1	613	514	23.942	54.499
XM_034476071.1	3052	2953	6	2.37727
XM_034476072.1	604	505	0	0
XM_034476073.1	705	606	30	57.9215
XM_034476074.1	683	584	258	516.889
XM_034476075.1	16887	16788	58	4.04222
XM_034476076.1	2215	2116	0	0
XM_034476077.1	1104	1005	0	0
XM_034476078.1	2537	2438	14	6.7187
XM_034476079.1	4387	4288	0	0
XM_034476080.1	4839	4740	0	0
XM_034476081.1	4000	3901	2	0.599853
XM_034476082.1	1941	1842	0	0
XM_034476083.1	4775	4676	1	0.250217
XM_034476084.1	2680	2581	0	0
XM_034476085.1	2602	2503	0	0
XM_034476086.1	2567	2468	0	0
XM_034476087.1	1943	1844	0	0
XM_034476088.1	1087	988	0	0
XM_034476089.1	1057	958	4	4.88523
XM_034476090.1	633	534	9	19.7193
XM_034476091.1	552	453	0	0
XM_034476092.1	1898	1799	0	0
XM_034476093.1	1348	1249	12.7139	11.9099
XM_034476094.1	6446	6347	33.9285	6.25442
XM_034476095.1	6443	6344	59.0758	10.8952
XM_034476096.1	1103	1004	19	22.1417
XM_034476097.1	2180	2081	3	1.68671
XM_034476098.1	2610	2511	0	0
XM_034476099.1	1883	1784	0	0
XM_034476100.1	2545	2446	30.8318	14.748
XM_034476101.1	2389	2290	1.05811	0.540615
XM_034476102.1	1735	1636	4.07853	2.91683
XM_034476103.1	2391	2292	0.380025	0.193994
XM_034476104.1	3287	3188	2.27105	0.833488
XM_034476105.1	2135	2036	1.32723	0.76271
XM_034476106.1	3372	3273	4.40972	1.57636
XM_034476107.1	827	728	3.14736	5.05831
XM_034476108.1	2789	2690	5	2.17475
XM_034476109.1	2298	2199	0	0
XM_034476110.1	1631	1532	0	0
XM_034476111.1	971	872	0	0
XM_034476112.1	2964	2865	1	0.408382
XM_034476113.1	1095	996	3	3.52414
XM_034476114.1	1633	1534	0	0
XM_034476115.1	2296	2197	5	2.66275
XM_034476116.1	3004	2905	3	1.20828
XM_034476117.1	753	654	4	7.15605
XM_034476118.1	1610	1511	24	18.5839
XM_034476119.1	1439	1340	0.5	0.436572
XM_034476120.1	1011	912	0	0
XM_034476121.1	1791	1692	17	11.7555
XM_034476122.1	4259	4160	0.000609541	0.000171435
XM_034476123.1	1991	1892	0	0
XM_034476124.1	1440	1341	5	4.36247
XM_034476125.1	1555	1456	0	0
XM_034476126.1	769	670	28	48.8961
XM_034476127.1	605	506	0	0
XM_034476128.1	7168	7069	7.56062	1.25138
XM_034476129.1	7090	6991	0	0
XM_034476130.1	4231	4132	1.68048	0.475843
XM_034476131.1	7165	7066	12.4394	2.05976
XM_034476132.1	2278	2179	12	6.4434
XM_034476133.1	2030	1931	23	13.9359
XM_034476134.1	1887	1788	3	1.96311
XM_034476135.1	4220	4121	38.3189	10.8793
XM_034476136.1	3483	3384	0	0
XM_034476137.1	1518	1419	4	3.29814
XM_034476138.1	4651	4552	8	2.05626
XM_034476139.1	1873	1774	16	10.5525
XM_034476140.1	6540	6441	0	0
XM_034476141.1	6519	6420	0	0
XM_034476142.1	6516	6417	0	0
XM_034476143.1	6504	6405	0	0
XM_034476144.1	6450	6351	20	3.6845
XM_034476145.1	6429	6330	0	0
XM_034476146.1	6423	6324	0	0
XM_034476147.1	1864	1765	0	0
XM_034476148.1	6393	6294	0	0
XM_034476149.1	6339	6240	0	0
XM_034476150.1	3300	3201	3	1.09654
XM_034476151.1	3998	3899	3.47189	1.04185
XM_034476152.1	2000	1901	0	0
XM_034476153.1	3158	3059	0	0
XM_034476154.1	3122	3023	0	0
XM_034476155.1	3087	2988	0	0
XM_034476156.1	3155	3056	5.85949	2.24335
XM_034476157.1	3155	3056	4.96026	1.89908
XM_034476158.1	3113	3014	0	0
XM_034476159.1	3077	2978	49.3439	19.3865
XM_034476160.1	3104	3005	0	0
XM_034476161.1	3059	2960	0	0
XM_034476162.1	3056	2957	0	0
XM_034476163.1	3053	2954	0	0
XM_034476164.1	1913	1814	4.83637	3.11942
XM_034476165.1	2313	2214	3.39168	1.79237
XM_034476166.1	2308	2209	48.1044	25.4788
XM_034476167.1	2202	2103	0	0
XM_034476168.1	616	517	145	328.147
XM_034476169.1	2098	1999	0	0
XM_034476170.1	2060	1961	20.7001	12.3506
XM_034476171.1	2327	2228	0	0
XM_034476172.1	2049	1950	5.29986	3.17995
XM_034476173.1	4155	4056	0	0
XM_034476174.1	4106	4007	0	0
XM_034476175.1	4591	4492	0	0
XM_034476176.1	4541	4442	0	0
XM_034476177.1	2183	2084	28	15.7199
XM_034476178.1	4032	3933	0	0
XM_034476179.1	4016	3917	0	0
XM_034476180.1	3977	3878	0	0
XM_034476181.1	3893	3794	4.89673	1.51008
XM_034476182.1	3854	3755	5.10327	1.59012
XM_034476183.1	2770	2671	23	10.075
XM_034476184.1	2454	2355	7	3.47775
XM_034476185.1	3414	3315	0	0
XM_034476186.1	3396	3297	0	0
XM_034476187.1	3393	3294	0	0
XM_034476188.1	3393	3294	0	0
XM_034476189.1	3384	3285	0	0
XM_034476190.1	3384	3285	0	0
XM_034476191.1	3381	3282	0	0
XM_034476192.1	3381	3282	0	0
XM_034476193.1	3381	3282	0	0
XM_034476194.1	3378	3279	0	0
XM_034476195.1	3372	3273	0	0
XM_034476196.1	3372	3273	0	0
XM_034476197.1	3369	3270	0	0
XM_034476198.1	3348	3249	0	0
XM_034476199.1	3348	3249	0	0
XM_034476200.1	3348	3249	0	0
XM_034476201.1	3315	3216	0	0
XM_034476202.1	3312	3213	0	0
XM_034476203.1	3291	3192	0	0
XM_034476204.1	3276	3177	0	0
XM_034476205.1	3264	3165	0	0
XM_034476206.1	3261	3162	0	0
XM_034476207.1	3228	3129	0	0
XM_034476208.1	3219	3120	0	0
XM_034476209.1	3216	3117	0	0
XM_034476210.1	3207	3108	0	0
XM_034476211.1	3195	3096	0	0
XM_034476212.1	3192	3093	0	0
XM_034476213.1	3189	3090	0	0
XM_034476214.1	3186	3087	0	0
XM_034476215.1	3183	3084	0	0
XM_034476216.1	3180	3081	0	0
XM_034476217.1	3171	3072	0	0
XM_034476218.1	3165	3066	1.12364e-08	4.28792e-09
XM_034476219.1	3162	3063	3.54269e-08	1.35325e-08
XM_034476220.1	3159	3060	0	0
XM_034476221.1	3156	3057	0	0
XM_034476222.1	3153	3054	0	0
XM_034476223.1	3150	3051	0	0
XM_034476224.1	3141	3042	0.000113242	4.35551e-05
XM_034476225.1	3141	3042	0.000113242	4.35551e-05
XM_034476226.1	3138	3039	0.000360287	0.00013871
XM_034476227.1	3138	3039	0.000360287	0.00013871
XM_034476228.1	3132	3033	0.00365951	0.0014117
XM_034476229.1	3126	3027	0.0373414	0.0144334
XM_034476230.1	3123	3024	0	0
XM_034476231.1	3117	3018	1.22771	0.475958
XM_034476232.1	3114	3015	3.94219	1.52982
XM_034476233.1	3108	3009	40.7881	15.86
XM_034476234.1	902	803	3	4.37116
XM_034476235.1	2802	2703	0	0
XM_034476236.1	2759	2660	8.21563	3.61368
XM_034476237.1	2217	2118	0	0
XM_034476238.1	2025	1926	9	5.46735
XM_034476239.1	3582	3483	0	0
XM_034476240.1	3545	3446	1.11555e-08	3.7876e-09
XM_034476241.1	3515	3416	0.000317579	0.000108774
XM_034476242.1	3486	3387	6.99968	2.41799
XM_034476243.1	1270	1171	0	0
XM_034476244.1	2488	2389	338.583	165.821
XM_034476245.1	3463	3364	0	0
XM_034476246.1	3271	3172	0	0
XM_034476247.1	3214	3115	3	1.12682
XM_034476248.1	2190	2091	2.26593	1.2679
XM_034476249.1	1294	1195	4	3.91636
XM_034476250.1	5112	5013	49.9803	11.6652
XM_034476251.1	5120	5021	7.69975	1.79423
XM_034476252.1	1356	1257	0	0
XM_034476253.1	1349	1250	0	0
XM_034476254.1	4229	4130	0.000542574	0.000153709
XM_034476255.1	4196	4097	6.62665	1.89243
XM_034476256.1	3801	3702	0	0
XM_034476257.1	3787	3688	3	0.951746
XM_034476258.1	1373	1274	0	0
XM_034476259.1	3492	3393	6.37281	2.19754
XM_034476260.1	3481	3382	0.29442	0.101856
XM_034476261.1	3472	3373	6.70558	2.32601
XM_034476262.1	4922	4823	6	1.45554
XM_034476263.1	1799	1700	0	0
XM_034476264.1	1604	1505	52	40.4257
XM_034476265.1	1618	1519	0	0
XM_034476266.1	1618	1519	21	16.1753
XM_034476267.1	1612	1513	0	0
XM_034476268.1	1115	1016	0	0
XM_034476269.1	5785	5686	0	0
XM_034476270.1	611	512	0	0
XM_034476271.1	5504	5405	0	0
XM_034476272.1	5031	4932	7.69924e-06	1.82648e-06
XM_034476273.1	1225	1126	14.7639	15.341
XM_034476274.1	2164	2065	1.0862	0.615435
XM_034476275.1	2654	2555	0.343188	0.157156
XM_034476276.1	2035	1936	2	1.20869
XM_034476277.1	8854	8755	67	8.95384
XM_034476278.1	2270	2171	7.03348	3.79054
XM_034476279.1	2361	2262	0	0
XM_034476280.1	1344	1245	57.9665	54.4752
XM_034476281.1	504	405	0	0
XM_034476282.1	1877	1778	0	0
XM_034476283.1	549	450	0	0
XM_034476284.1	1345	1246	0	0
XM_034476285.1	556	457	0	0
XM_034476286.1	1968	1869	5	3.13005
XM_034476287.1	559	460	0	0
XM_034476288.1	6601	6502	0	0
XM_034476289.1	6483	6384	0	0
XM_034476290.1	6446	6347	0	0
XM_034476291.1	5743	5644	32	6.63367
XM_034476292.1	4336	4237	42.9811	11.8689
XM_034476293.1	2359	2260	2	1.03541
XM_034476294.1	2501	2402	0	0
XM_034476295.1	2503	2404	0	0
XM_034476296.1	2524	2425	0	0
XM_034476297.1	2391	2292	0	0
XM_034476298.1	1952	1853	12	7.57699
XM_034476299.1	928	829	0	0
XM_034476300.1	8311	8212	0	0
XM_034476301.1	8632	8533	0	0
XM_034476302.1	8591	8492	0	0
XM_034476303.1	7984	7885	6	0.890308
XM_034476304.1	6156	6057	0	0
XM_034476305.1	5900	5801	0	0
XM_034476306.1	5897	5798	0	0
XM_034476307.1	5785	5686	0	0
XM_034476308.1	5695	5596	0	0
XM_034476309.1	868	769	1	1.52147
XM_034476310.1	7694	7595	0	0
XM_034476311.1	1540	1441	1	0.811945
XM_034476312.1	7679	7580	0	0
XM_034476313.1	3405	3306	8	2.83125
XM_034476314.1	905	806	0	0
XM_034476315.1	1046	947	0	0
XM_034476316.1	1352	1253	0	0
XM_034476317.1	699	600	733	1429.37
XM_034476318.1	1014	915	0	0
XM_034476319.1	1083	984	0	0
XM_034476320.1	7673	7574	1.36144e-08	2.10313e-09
XM_034476321.1	937	838	0	0
XM_034476322.1	982	883	0	0
XM_034476323.1	822	723	0	0
XM_034476324.1	842	743	0	0
XM_034476325.1	1927	1828	0	0
XM_034476326.1	7661	7562	8.74501e-08	1.35305e-08
XM_034476327.1	3879	3780	49.6943	15.3817
XM_034476328.1	2818	2719	0	0
XM_034476329.1	1466	1367	3.97312	3.40058
XM_034476330.1	1068	969	40.3749	48.7505
XM_034476331.1	9938	9839	0	0
XM_034476332.1	7658	7559	1.39284e-07	2.15589e-08
XM_034476333.1	9935	9836	0	0
XM_034476334.1	9932	9833	0	0
XM_034476335.1	9929	9830	0	0
XM_034476336.1	9914	9815	0	0
XM_034476337.1	9911	9812	13.1608	1.56933
XM_034476338.1	9905	9806	0	0
XM_034476339.1	9418	9319	0	0
XM_034476340.1	9412	9313	0	0
XM_034476341.1	9394	9295	0	0
XM_034476342.1	9388	9289	4.83925	0.609537
XM_034476343.1	7651	7552	4.12927e-07	6.39739e-08
XM_034476344.1	1738	1639	5.02688	3.58848
XM_034476345.1	922	823	2.63019	3.73919
XM_034476346.1	2359	2260	6	3.10623
XM_034476347.1	3632	3533	0	0
XM_034476348.1	7637	7538	3.64027e-06	5.65026e-07
XM_034476349.1	3632	3533	0	0
XM_034476350.1	2833	2734	30	12.8385
XM_034476351.1	2789	2690	0	0
XM_034476352.1	7634	7535	5.80654e-06	9.01623e-07
XM_034476353.1	2081	1982	0	0
XM_034476354.1	780	681	1	1.71808
XM_034476355.1	5095	4996	1.26801	0.296955
XM_034476356.1	7622	7523	3.76584e-05	5.85682e-06
XM_034476357.1	1230	1131	2	2.06899
XM_034476358.1	906	807	0	0
XM_034476359.1	1171	1072	0	0
XM_034476360.1	3183	3084	3.25935	1.23654
XM_034476361.1	2765	2666	5	2.19432
XM_034476362.1	947	848	0	0
XM_034476363.1	930	831	0	0
XM_034476364.1	1011	912	2	2.56582
XM_034476365.1	863	764	0	0
XM_034476366.1	7619	7520	6.01244e-05	9.35457e-06
XM_034476367.1	2128	2029	0	0
XM_034476368.1	2120	2021	0	0
XM_034476369.1	3612	3513	6	1.99831
XM_034476370.1	684	585	0.516186	1.03238
XM_034476371.1	7649	7550	5.63383e-07	8.73066e-08
XM_034476372.1	2734	2635	0	0
XM_034476373.1	2803	2704	0	0
XM_034476374.1	2721	2622	0	0
XM_034476375.1	2634	2535	57.4647	26.5225
XM_034476376.1	7598	7499	0.00159825	0.000249363
XM_034476377.1	542	443	0	0
XM_034476378.1	1199	1100	0	0
XM_034476379.1	2494	2395	47.8158	23.3591
XM_034476380.1	7544	7445	7.6786	1.20672
XM_034476381.1	2462	2363	6.00936e-05	2.97547e-05
XM_034476382.1	2536	2437	0	0
XM_034476383.1	2434	2335	70.9999	35.5764
XM_034476384.1	4251	4152	0	0
XM_034476385.1	3609	3510	1.03112	0.343712
XM_034476386.1	4088	3989	0.000395865	0.000116111
XM_034476387.1	7541	7442	12.3197	1.93687
XM_034476388.1	4052	3953	16.4402	4.866
XM_034476389.1	2026	1927	3	1.82151
XM_034476390.1	1941	1842	1.56984	0.99714
XM_034476391.1	2243	2144	1.0128	0.5527
XM_034476392.1	3731	3632	0.0152994	0.00492856
XM_034476393.1	3283	3184	8.28577	3.04474
XM_034476394.1	3690	3591	80.9707	26.3817
XM_034476395.1	2322	2223	1.43016	0.752725
XM_034476396.1	4720	4621	11.1956	2.83468
XM_034476397.1	3626	3527	0	0
XM_034476398.1	4774	4675	210.794	52.7554
XM_034476399.1	5250	5151	0	0
XM_034476400.1	4917	4818	32.237	7.8285
XM_034476401.1	4398	4299	0	0
XM_034476402.1	4344	4245	0	0
XM_034476403.1	826	727	0	0
XM_034476404.1	2926	2827	0	0
XM_034476405.1	953	854	12.763	17.4858
XM_034476406.1	1585	1486	0	0
XM_034476407.1	3568	3469	0	0
XM_034476408.1	3556	3457	0	0
XM_034476409.1	3449	3350	6	2.09555
XM_034476410.1	2189	2090	5.66519	3.17146
XM_034476411.1	6932	6833	4.59183e-07	7.86257e-08
XM_034476412.1	2659	2560	0	0
XM_034476413.1	6932	6833	4.59183e-07	7.86257e-08
XM_034476414.1	6926	6827	1.28678e-06	2.2053e-07
XM_034476415.1	6926	6827	1.28678e-06	2.2053e-07
XM_034476416.1	6936	6837	2.3113e-07	3.95532e-08
XM_034476417.1	6872	6773	0	0
XM_034476418.1	6869	6770	0	0
XM_034476419.1	6866	6767	0.040408	0.00698653
XM_034476420.1	6859	6760	0.136053	0.0235479
XM_034476421.1	6836	6737	7.41177	1.2872
XM_034476422.1	6836	6737	7.41177	1.2872
XM_034476423.1	2632	2533	0	0
XM_034476424.1	6808	6709	0	0
XM_034476425.1	6806	6707	0	0
XM_034476426.1	6803	6704	0	0
XM_034476427.1	6796	6697	0	0
XM_034476428.1	6742	6643	0	0
XM_034476429.1	6736	6637	0	0
XM_034476430.1	6712	6613	0	0
XM_034476431.1	6646	6547	0	0
XM_034476432.1	6646	6547	0	0
XM_034476433.1	2566	2467	0	0
XM_034476434.1	3124	3025	0.61848	0.239216
XM_034476435.1	3115	3016	20.3815	7.90671
XM_034476436.1	1594	1495	0	0
XM_034476437.1	1560	1461	7	5.60581
XM_034476438.1	2965	2866	3	1.22472
XM_034476439.1	2064	1965	0	0
XM_034476440.1	2985	2886	0	0
XM_034476441.1	2566	2467	1.73361e-05	8.22191e-06
XM_034476442.1	1702	1603	4	2.91956
XM_034476443.1	8463	8364	0	0
XM_034476444.1	8252	8153	0	0
XM_034476445.1	8123	8024	0	0
XM_034476446.1	8065	7966	0	0
XM_034476447.1	4208	4109	0	0
XM_034476448.1	4274	4175	0	0
XM_034476449.1	4268	4169	0	0
XM_034476450.1	4090	3991	0	0
XM_034476451.1	4091	3992	0	0
XM_034476452.1	3970	3871	6.58661	1.99081
XM_034476453.1	2403	2304	0	0
XM_034476454.1	2539	2440	6.99998	3.35659
XM_034476455.1	2373	2274	0	0
XM_034476456.1	2238	2139	0	0
XM_034476457.1	2238	2139	0	0
XM_034476458.1	2290	2191	0	0
XM_034476459.1	1908	1809	0	0
XM_034476460.1	1908	1809	0	0
XM_034476461.1	2226	2127	0	0
XM_034476462.1	2217	2118	0	0
XM_034476463.1	1872	1773	12.6151	8.32477
XM_034476464.1	3967	3868	3.57046	1.08001
XM_034476465.1	2118	2019	0	0
XM_034476466.1	2445	2346	18	8.97708
XM_034476467.1	1234	1135	0	0
XM_034476468.1	2369	2270	0	0
XM_034476469.1	1639	1540	1	0.759749
XM_034476470.1	1188	1089	0	0
XM_034476471.1	1158	1059	0	0
XM_034476472.1	1129	1030	0	0
XM_034476473.1	2328	2229	2.16671	1.13732
XM_034476474.1	1304	1205	1	0.970965
XM_034476475.1	939	840	0	0
XM_034476476.1	918	819	0	0
XM_034476477.1	1543	1444	0	0
XM_034476478.1	919	820	0	0
XM_034476479.1	943	844	0	0
XM_034476480.1	804	705	0	0
XM_034476481.1	699	600	0	0
XM_034476482.1	783	684	0	0
XM_034476483.1	784	685	0	0
XM_034476484.1	1559	1460	0	0
XM_034476485.1	578	479	1	2.44262
XM_034476486.1	2240	2141	3.38837	1.85168
XM_034476487.1	1057	958	0	0
XM_034476488.1	1495	1396	0	0
XM_034476489.1	6740	6641	23.2584	4.09766
XM_034476490.1	6748	6649	0	0
XM_034476491.1	6731	6632	0	0
XM_034476492.1	6169	6070	1.39258	0.268424
XM_034476493.1	1453	1354	0	0
XM_034476494.1	885	786	0	0
XM_034476495.1	1482	1383	0	0
XM_034476496.1	819	720	3	4.87506
XM_034476497.1	4995	4896	69.438	16.5938
XM_034476498.1	2582	2483	0	0
XM_034476499.1	2764	2665	0	0
XM_034476500.1	1440	1341	0	0
XM_034476501.1	1327	1228	35.9215	34.2252
XM_034476502.1	1736	1637	0	0
XM_034476503.1	1434	1335	2	1.75283
XM_034476504.1	950	851	0	0
XM_034476505.1	1562	1463	0	0
XM_034476506.1	909	810	1	1.44446
XM_034476507.1	746	647	0	0
XM_034476508.1	748	649	4.48807	8.09106
XM_034476509.1	1393	1294	1	0.904183
XM_034476510.1	1289	1190	0	0
XM_034476511.1	1402	1303	0	0
XM_034476512.1	415	316	0	0
XM_034476513.1	440	341	0	0
XM_034476514.1	693	594	0	0
XM_034476515.1	669	570	0	0
XM_034476516.1	1439	1340	0.5	0.436572
XM_034476517.1	1771	1672	0	0
XM_034476518.1	3531	3432	0	0
XM_034476519.1	2230	2131	1.9582	1.07514
XM_034476520.1	2231	2132	0	0
XM_034476521.1	1447	1348	0	0
XM_034476522.1	1045	946	2	2.4736
XM_034476523.1	2337	2238	39	20.389
XM_034476524.1	1069	970	0	0
XM_034476525.1	1048	949	0	0
XM_034476526.1	1078	979	0	0
XM_034476527.1	2832	2733	41.4983	17.7657
XM_034476528.1	1284	1185	3	2.96206
XM_034476529.1	4018	3919	0	0
XM_034476530.1	3970	3871	0	0
XM_034476531.1	3571	3472	44	14.8274
XM_034476532.1	3220	3121	0	0
XM_034476533.1	653	554	0	0
XM_034476534.1	2983	2884	9	3.65122
XM_034476535.1	3361	3262	2.1627	0.775717
XM_034476536.1	3304	3205	0	0
XM_034476537.1	2406	2307	0	0
XM_034476538.1	1972	1873	0	0
XM_034476539.1	2034	1935	6.48607	3.92186
XM_034476540.1	1405	1306	1.51393	1.35629
XM_034476541.1	3344	3245	8.32412	3.00134
XM_034476542.1	3319	3220	17.9385	6.51809
XM_034476543.1	6498	6399	0	0
XM_034476544.1	6485	6386	0	0
XM_034476545.1	6456	6357	0	0
XM_034476546.1	3086	2987	0	0
XM_034476547.1	6105	6006	7	1.36365
XM_034476548.1	6105	6006	7	1.36365
XM_034476549.1	4158	4059	5.7965e-08	1.67085e-08
XM_034476550.1	4097	3998	2.99999	0.877947
XM_034476551.1	4142	4043	5.9597e-06	1.72469e-06
XM_034476552.1	8113	8014	0	0
XM_034476553.1	8101	8002	0	0
XM_034476554.1	6800	6701	102.353	17.8712
XM_034476555.1	6784	6685	14.6724	2.56797
XM_034476556.1	3216	3117	147	55.1787
XM_034476557.1	4771	4672	8.92088	2.23406
XM_034476558.1	4768	4669	18.9508	4.74892
XM_034476559.1	3660	3561	3.12831	1.02785
XM_034476560.1	1717	1618	0	0
XM_034476561.1	2509	2410	0	0
XM_034476562.1	2503	2404	0	0
XM_034476563.1	1399	1300	2	1.80002
XM_034476564.1	954	855	0	0
XM_034476565.1	2181	2082	0	0
XM_034476566.1	2040	1941	140	84.3905
XM_034476567.1	2083	1984	0	0
XM_034476568.1	2011	1912	0	0
XM_034476569.1	1173	1074	0	0
XM_034476570.1	1165	1066	14.1428	15.5228
XM_034476571.1	1182	1083	0	0
XM_034476572.1	1191	1092	447.494	479.463
XM_034476573.1	1485	1386	0	0
XM_034476574.1	2928	2829	0	0
XM_034476575.1	3633	3534	5.9001e-07	1.95337e-07
XM_034476576.1	3949	3850	0	0
XM_034476577.1	3863	3764	0	0
XM_034476578.1	3796	3697	0	0
XM_034476579.1	3643	3544	0	0
XM_034476580.1	3643	3544	0	0
XM_034476581.1	3535	3436	1.23771e-05	4.21461e-06
XM_034476582.1	3535	3436	1.23771e-05	4.21461e-06
XM_034476583.1	3490	3391	64.3388	22.1991
XM_034476584.1	2782	2683	1.10067	0.479986
XM_034476585.1	2076	1977	0	0
XM_034476586.1	5427	5328	82.418	18.0987
XM_034476587.1	2047	1948	0	0
XM_034476588.1	1617	1518	2	1.54152
XM_034476589.1	1744	1645	0	0
XM_034476590.1	1696	1597	2.5152	1.84272
XM_034476591.1	2081	1982	5.58897	3.29928
XM_034476592.1	1163	1064	0	0
XM_034476593.1	3160	3061	7.12864e-06	2.7248e-06
XM_034476594.1	1748	1649	7.4848	5.31068
XM_034476595.1	2118	2019	5.41103	3.1357
XM_034476596.1	2262	2163	0	0
XM_034476597.1	3225	3126	20.1269	7.53319
XM_034476598.1	5180	5081	8	1.84218
XM_034476599.1	1184	1085	0	0
XM_034476600.1	1166	1067	0	0
XM_034476601.1	1150	1051	0	0
XM_034476602.1	1132	1033	0	0
XM_034476603.1	1122	1023	0	0
XM_034476604.1	1095	996	3	3.52414
XM_034476605.1	2744	2645	27.4914	12.1608
XM_034476606.1	2700	2601	6	2.69899
XM_034476607.1	2663	2564	0	0
XM_034476608.1	2519	2420	0	0
XM_034476609.1	2634	2535	0	0
XM_034476610.1	2541	2442	0	0
XM_034476611.1	1155	1056	0	0
XM_034476612.1	5849	5750	0	0
XM_034476613.1	6163	6064	0	0
XM_034476614.1	5830	5731	0	0
XM_034476615.1	1972	1873	0	0
XM_034476616.1	747	648	1	1.80558
XM_034476617.1	658	559	0	0
XM_034476618.1	3965	3866	0	0
XM_034476619.1	1572	1473	4.99993	3.97148
XM_034476620.1	1285	1186	6.75415e-05	6.66311e-05
XM_034476621.1	1343	1244	0	0
XM_034476622.1	2027	1928	3	1.82056
XM_034476623.1	1746	1647	2	1.42078
XM_034476624.1	3174	3075	0	0
XM_034476625.1	2347	2248	0	0
XM_034476626.1	1853	1754	0	0
XM_034476627.1	1747	1648	0	0
XM_034476628.1	1747	1648	0	0
XM_034476629.1	3276	3177	8.52148	3.13826
XM_034476630.1	3063	2964	0	0
XM_034476631.1	2174	2075	44	24.8099
XM_034476632.1	8394	8295	4	0.564202
XM_034476633.1	3730	3631	8	2.57783
XM_034476634.1	2652	2553	41	18.7899
XM_034476635.1	700	601	0	0
XM_034476636.1	709	610	0	0
XM_034476637.1	1612	1513	0	0
XM_034476638.1	1600	1501	0	0
XM_034476639.1	1140	1041	0	0
XM_034476640.1	3853	3754	0	0
XM_034476641.1	3785	3686	4	1.26968
XM_034476642.1	1286	1187	11	10.8426
XM_034476643.1	935	836	3.01824e-07	4.22414e-07
XM_034476644.1	923	824	7	9.93943
XM_034476645.1	2246	2147	6	3.26972
XM_034476646.1	2277	2178	10.442	5.60941
XM_034476647.1	2279	2180	3.55799	1.90959
XM_034476648.1	3114	3015	13	5.04483
XM_034476649.1	3651	3552	6.09009	2.00605
XM_034476650.1	10161	10062	3	0.348841
XM_034476651.1	5160	5061	0	0
XM_034476652.1	5148	5049	0	0
XM_034476653.1	5148	5049	47	10.8914
XM_034476654.1	5129	5030	0	0
XM_034476655.1	5124	5025	0	0
XM_034476656.1	5118	5019	0	0
XM_034476657.1	5115	5016	0	0
XM_034476658.1	5085	4986	0	0
XM_034476659.1	5085	4986	0	0
XM_034476660.1	5082	4983	0	0
XM_034476661.1	5072	4973	0	0
XM_034476662.1	5049	4950	0	0
XM_034476663.1	5040	4941	0	0
XM_034476664.1	5009	4910	0	0
XM_034476665.1	5006	4907	0	0
XM_034476666.1	4997	4898	0	0
XM_034476667.1	4967	4868	0	0
XM_034476668.1	2446	2347	2	0.997029
XM_034476669.1	1439	1340	0	0
XM_034476670.1	1403	1304	0	0
XM_034476671.1	1399	1300	0	0
XM_034476672.1	1394	1295	0	0
XM_034476673.1	1327	1228	0.000178889	0.000170442
XM_034476674.1	1318	1219	0.999821	0.959642
XM_034476675.1	802	703	0	0
XM_034476676.1	2945	2846	0	0
XM_034476677.1	1897	1798	1.98911	1.29437
XM_034476678.1	2680	2581	0	0
XM_034476679.1	2203	2104	0	0
XM_034476680.1	3873	3774	0	0
XM_034476681.1	3968	3869	0	0
XM_034476682.1	3536	3437	0.00216458	0.00073686
XM_034476683.1	3822	3723	0	0
XM_034476684.1	3506	3407	63.3071	21.7406
XM_034476685.1	3949	3850	8.69077	2.64112
XM_034476686.1	2469	2370	0	0
XM_034476687.1	2505	2406	0	0
XM_034476688.1	2619	2520	0	0
XM_034476689.1	2616	2517	0	0
XM_034476690.1	2537	2438	0	0
XM_034476691.1	2404	2305	0.0444815	0.0225787
XM_034476692.1	2568	2469	14.7506	6.99002
XM_034476693.1	2401	2302	0.204946	0.104166
XM_034476694.1	2897	2798	0	0
XM_034476695.1	2988	2889	0	0
XM_034476696.1	2939	2840	0	0
XM_034476697.1	2835	2736	0	0
XM_034476698.1	2923	2824	8	3.31449
XM_034476699.1	2890	2791	0	0
XM_034476700.1	2887	2788	0	0
XM_034476701.1	3176	3077	0	0
XM_034476702.1	2731	2632	0	0
XM_034476703.1	809	710	3	4.94372
XM_034476704.1	3125	3026	4	1.54661
XM_034476705.1	1958	1859	0	0
XM_034476706.1	1761	1662	0	0
XM_034476707.1	1521	1422	0	0
XM_034476708.1	1585	1486	0	0
XM_034476709.1	3549	3450	2	0.678269
XM_034476710.1	992	893	13.409	17.5685
XM_034476711.1	2558	2459	2.44444	1.16309
XM_034476712.1	5049	4950	23	5.43643
XM_034476713.1	1064	965	0	0
XM_034476714.1	1332	1233	0	0
XM_034476715.1	1180	1081	0	0
XM_034476716.1	3864	3765	0	0
XM_034476717.1	3800	3701	1	0.316134
XM_034476718.1	1331	1232	0	0
XM_034476719.1	5839	5740	0	0
XM_034476720.1	5797	5698	0	0
XM_034476721.1	5554	5455	23	4.93315
XM_034476722.1	1859	1760	5.454	3.62571
XM_034476723.1	1859	1760	5.454	3.62571
XM_034476724.1	2911	2812	0	0
XM_034476725.1	2889	2790	0	0
XM_034476726.1	1425	1326	0.0037401	0.00330012
XM_034476727.1	2876	2777	0	0
XM_034476728.1	2810	2711	9	3.88422
XM_034476729.1	3524	3425	0	0
XM_034476730.1	3476	3377	0	0
XM_034476731.1	3542	3443	4.98722e-08	1.69478e-08
XM_034476732.1	2858	2759	0	0
XM_034476733.1	3794	3695	0	0
XM_034476734.1	3715	3616	0	0
XM_034476735.1	3493	3394	1	0.34473
XM_034476736.1	3666	3567	0	0
XM_034476737.1	1752	1653	0	0
XM_034476738.1	1945	1846	0	0
XM_034476739.1	2471	2372	4	1.97304
XM_034476740.1	2968	2869	3	1.22344
XM_034476741.1	1407	1308	20.4432	18.2866
XM_034476742.1	2878	2779	4.84846e-08	2.0413e-08
XM_034476743.1	2746	2647	0.0133498	0.00590081
XM_034476744.1	2309	2210	3	1.58825
XM_034476745.1	1702	1603	1	0.72989
XM_034476746.1	835	736	0.470822	0.748462
XM_034476747.1	3076	2977	2	0.786035
XM_034476748.1	1045	946	0	0
XM_034476749.1	2275	2176	4	2.15076
XM_034476750.1	4812	4713	0	0
XM_034476751.1	4773	4674	0	0
XM_034476752.1	4036	3937	5	1.48592
XM_034476753.1	2692	2593	0	0
XM_034476754.1	2114	2015	0	0
XM_034476755.1	2084	1985	5.20699	3.06914
XM_034476756.1	1336	1237	4	3.78339
XM_034476757.1	566	467	0	0
XM_034476758.1	1410	1311	2	1.78492
XM_034476759.1	530	431	0	0
XM_034476760.1	548	449	0	0
XM_034476761.1	682	583	0.0174479	0.035016
XM_034476762.1	625	526	0	0
XM_034476763.1	1384	1285	0	0
XM_034476764.1	1361	1262	0	0
XM_034476765.1	3000	2901	2	0.806628
XM_034476766.1	1811	1712	60.487	41.338
XM_034476767.1	1502	1403	0	0
XM_034476768.1	1293	1194	0	0
XM_034476769.1	1539	1440	0	0
XM_034476770.1	1559	1460	0	0
XM_034476771.1	1222	1123	0	0
XM_034476772.1	1484	1385	0	0
XM_034476773.1	1443	1344	0	0
XM_034476774.1	1507	1408	0	0
XM_034476775.1	4080	3981	3.376e-05	9.92204e-06
XM_034476776.1	1204	1105	0	0
XM_034476777.1	1533	1434	2	1.63182
XM_034476778.1	1415	1316	0	0
XM_034476779.1	1396	1297	0	0
XM_034476780.1	1390	1291	0	0
XM_034476781.1	1275	1176	0	0
XM_034476782.1	1516	1417	0	0
XM_034476783.1	4080	3981	3.376e-05	9.92204e-06
XM_034476784.1	1670	1571	0	0
XM_034476785.1	1487	1388	3	2.52885
XM_034476786.1	1051	952	0	0
XM_034476787.1	1037	938	0	0
XM_034476788.1	1038	939	0	0
XM_034476789.1	1150	1051	0	0
XM_034476790.1	1048	949	0	0
XM_034476791.1	1048	949	0	0
XM_034476792.1	1026	927	0	0
XM_034476793.1	2157	2058	0	0
XM_034476794.1	4074	3975	0.000198048	5.82939e-05
XM_034476795.1	1035	936	0	0
XM_034476796.1	1042	943	0	0
XM_034476797.1	1037	938	0	0
XM_034476798.1	1086	987	0	0
XM_034476799.1	3659	3560	8.24873	2.71099
XM_034476800.1	3660	3561	5.93348	1.94952
XM_034476801.1	1670	1571	0	0
XM_034476802.1	4029	3930	124.958	37.2017
XM_034476803.1	1503	1404	0	0
XM_034476804.1	908	809	0	0
XM_034476805.1	604	505	2.43607	5.64403
XM_034476806.1	573	474	0	0
XM_034476807.1	578	479	0	0
XM_034476808.1	582	483	0	0
XM_034476809.1	1803	1704	0	0
XM_034476810.1	564	465	0	0
XM_034476811.1	576	477	0	0
XM_034476812.1	550	451	0	0
XM_034476813.1	2846	2747	1	0.425924
XM_034476814.1	1942	1843	14.0317	8.90788
XM_034476815.1	2488	2389	3.25651	1.59488
XM_034476816.1	2601	2502	0	0
XM_034476817.1	5593	5494	90	19.1666
XM_034476818.1	2871	2772	0	0
XM_034476819.1	2811	2712	8	3.45137
XM_034476820.1	1894	1795	2	1.30364
XM_034476821.1	7873	7774	0.0804622	0.0121098
XM_034476822.1	2433	2334	0	0
XM_034476823.1	7863	7764	0.364175	0.0548802
XM_034476824.1	7842	7743	8.73116	1.31933
XM_034476825.1	7833	7734	34.1621	5.1681
XM_034476826.1	7929	7830	1.77454e-05	2.65164e-06
XM_034476827.1	7854	7755	1.41964	0.214185
XM_034476828.1	7825	7726	115.018	17.4181
XM_034476829.1	8024	7925	0	0
XM_034476830.1	7835	7736	25.2246	3.81503
XM_034476831.1	2034	1935	1	0.604658
XM_034476832.1	2256	2157	10	5.42426
XM_034476833.1	1471	1372	1	0.852779
XM_034476834.1	1248	1149	2	2.03658
XM_034476835.1	15699	15600	0	0
XM_034476836.1	2678	2579	1.64978	0.748456
XM_034476837.1	2672	2573	25.3502	11.5274
XM_034476838.1	1017	918	0	0
XM_034476839.1	2010	1911	19	11.6328
XM_034476840.1	15584	15485	0	0
XM_034476841.1	3515	3416	6.68221e-08	2.28872e-08
XM_034476842.1	1444	1345	0	0
XM_034476843.1	15705	15606	0	0
XM_034476844.1	1288	1189	3	2.95209
XM_034476845.1	2120	2021	7	4.0525
XM_034476846.1	15690	15591	0	0
XM_034476847.1	872	773	3	4.5408
XM_034476848.1	946	847	0	0
XM_034476849.1	2798	2699	3	1.3005
XM_034476850.1	1572	1473	0	0
XM_034476851.1	15690	15591	0	0
XM_034476852.1	1207	1108	2	2.11194
XM_034476853.1	3192	3093	0.232656	0.0880087
XM_034476854.1	3173	3074	0.0167084	0.00635949
XM_034476855.1	4947	4848	155.518	37.5325
XM_034476856.1	15684	15585	0	0
XM_034476857.1	597	498	0	0
XM_034476858.1	15595	15496	0	0
XM_034476859.1	1049	950	2	2.46319
XM_034476860.1	2383	2284	6.61507e-05	3.38867e-05
XM_034476861.1	15675	15576	8.00003	0.600934
XM_034476862.1	3256	3157	2	0.741219
XM_034476863.1	4337	4238	4	1.10431
XM_034476864.1	15669	15570	0	0
XM_034476865.1	11305	11206	19.9641	2.08445
XM_034476866.1	11302	11203	27.3306	2.85434
XM_034476867.1	4279	4180	16.119	4.51183
XM_034476868.1	11358	11259	48.0385	4.99206
XM_034476869.1	11355	11256	65.6668	6.82579
XM_034476870.1	11195	11096	0	0
XM_034476871.1	2960	2861	4	1.63581
XM_034476872.1	15666	15567	0	0
XM_034476873.1	2181	2082	32	17.9829
XM_034476874.1	778	679	0	0
XM_034476875.1	7185	7086	0	0
XM_034476876.1	7185	7086	0	0
XM_034476877.1	7128	7029	0	0
XM_034476878.1	7004	6905	0	0
XM_034476879.1	15660	15561	0	0
XM_034476880.1	6852	6753	0	0
XM_034476881.1	6852	6753	0	0
XM_034476882.1	6795	6696	0	0
XM_034476883.1	6735	6636	0	0
XM_034476884.1	6735	6636	0	0
XM_034476885.1	6735	6636	0	0
XM_034476886.1	6735	6636	0	0
XM_034476887.1	6299	6200	0.928888	0.175292
XM_034476888.1	6293	6194	2.89199	0.546281
XM_034476889.1	6293	6194	2.89199	0.546281
XM_034476890.1	15654	15555	0	0
XM_034476891.1	6280	6181	2.69787	0.510685
XM_034476892.1	6007	5908	0	0
XM_034476893.1	4155	4056	24	6.92316
XM_034476894.1	2632	2533	0	0
XM_034476895.1	2631	2532	0	0
XM_034476896.1	15651	15552	0	0
XM_034476897.1	2403	2304	11	5.586
XM_034476898.1	3419	3320	2	0.704827
XM_034476899.1	2023	1924	0	0
XM_034476900.1	2167	2068	2.68772	1.52063
XM_034476901.1	2007	1908	0	0
XM_034476902.1	2100	2001	4	2.33886
XM_034476903.1	1326	1227	9	8.58201
XM_034476904.1	1996	1897	1	0.61677
XM_034476905.1	15642	15543	0	0
XM_034476906.1	2275	2176	0	0
XM_034476907.1	1327	1228	0	0
XM_034476908.1	2071	1972	0	0
XM_034476909.1	15642	15543	0	0
XM_034476910.1	2594	2495	3.03755e-08	1.42444e-08
XM_034476911.1	3768	3669	5.57201	1.77687
XM_034476912.1	2857	2758	0	0
XM_034476913.1	2492	2393	0	0
XM_034476914.1	15633	15534	0	0
XM_034476915.1	2349	2250	0	0
XM_034476916.1	3011	2912	0	0
XM_034476917.1	2544	2445	0	0
XM_034476918.1	2513	2414	0	0
XM_034476919.1	7129	7030	61	10.1523
XM_034476920.1	15538	15439	0	0
XM_034476921.1	2013	1914	0	0
XM_034476922.1	4492	4393	0.000260638	6.94174e-05
XM_034476923.1	4480	4381	0.00644917	0.00172235
XM_034476924.1	4465	4366	0.36034	0.0965651
XM_034476925.1	15606	15507	0	0
XM_034476926.1	4462	4363	0.807003	0.216412
XM_034476927.1	4462	4363	0.807003	0.216412
XM_034476928.1	4444	4345	103.019	27.7407
XM_034476929.1	1765	1666	0	0
XM_034476930.1	2897	2798	0	0
XM_034476931.1	1484	1385	0	0
XM_034476932.1	3407	3308	11	3.89061
XM_034476933.1	15597	15498	0	0
XM_034476934.1	3434	3335	0	0
XM_034476935.1	3471	3372	0	0
XM_034476936.1	3231	3132	0	0
XM_034476937.1	3230	3131	0	0
XM_034476938.1	1694	1595	5	3.66775
XM_034476939.1	15594	15495	49.8233	3.76211
XM_034476940.1	1950	1851	41	25.916
XM_034476941.1	1057	958	0	0
XM_034476942.1	15513	15414	43.1766	3.27736
XM_034476943.1	3392	3293	0	0
XM_034476944.1	3263	3164	38.1295	14.0999
XM_034476945.1	3263	3164	38.1295	14.0999
XM_034476946.1	3263	3164	38.1295	14.0999
XM_034476947.1	15507	15408	0	0
XM_034476948.1	1834	1735	0.000490332	0.00033066
XM_034476949.1	1934	1835	0	0
XM_034476950.1	15507	15408	0	0
XM_034476951.1	4599	4500	1.20399	0.31304
XM_034476952.1	2514	2415	0	0
XM_034476953.1	1767	1668	0	0
XM_034476954.1	1941	1842	60	38.1112
XM_034476955.1	1941	1842	60	38.1112
XM_034476956.1	3547	3448	2.09377	0.710482
XM_034476957.1	15450	15351	0	0
XM_034476958.1	3547	3448	2.09377	0.710482
XM_034476959.1	3544	3445	5.81246	1.97406
XM_034476960.1	980	881	0	0
XM_034476961.1	1737	1638	1	0.714294
XM_034476962.1	15441	15342	0	0
XM_034476963.1	1058	959	0	0
XM_034476964.1	910	811	0	0
XM_034476965.1	809	710	0	0
XM_034476966.1	15402	15303	0	0
XM_034476967.1	2077	1978	0	0
XM_034476968.1	2058	1959	5.93694e-06	3.54584e-06
XM_034476969.1	2041	1942	0.163536	0.0985272
XM_034476970.1	2037	1938	1.83646	1.10871
XM_034476971.1	1974	1875	2.43233	1.51779
XM_034476972.1	1937	1838	1.01039	0.64318
XM_034476973.1	1747	1648	0	0
XM_034476974.1	1686	1587	6.34559	4.67828
XM_034476975.1	15393	15294	0	0
XM_034476976.1	1885	1786	1	0.655103
XM_034476977.1	2000	1901	0	0
XM_034476978.1	2615	2516	8.03834	3.73806
XM_034476979.1	15345	15246	0	0
XM_034476980.1	2500	2401	0	0
XM_034476981.1	2302	2203	8.15356	4.33036
XM_034476982.1	2571	2472	0.000597397	0.000282752
XM_034476983.1	1001	902	0	0
XM_034476984.1	1000	901	0	0
XM_034476985.1	1008	909	0	0
XM_034476986.1	1005	906	0	0
XM_034476987.1	14301	14202	0	0
XM_034476988.1	1591	1492	2	1.56838
XM_034476989.1	1431	1332	0	0
XM_034476990.1	1435	1336	0	0
XM_034476991.1	1366	1267	0	0
XM_034476992.1	2208	2109	3	1.66431
XM_034476993.1	2219	2120	0.336213	0.185554
XM_034476994.1	2448	2349	0	0
XM_034476995.1	1791	1692	0	0
XM_034476996.1	1786	1687	0	0
XM_034476997.1	1721	1622	0.0260462	0.0187882
XM_034476998.1	1716	1617	0.973954	0.704724
XM_034476999.1	1775	1676	2	1.3962
XM_034477000.1	836	737	5.54829	8.80811
XM_034477001.1	785	686	9.3479	15.9434
XM_034477002.1	498	399	129.137	378.676
XM_034477003.1	345	246	0	0
XM_034477004.1	1209	1110	0	0
XM_034477005.1	6290	6191	68.0176	12.8544
XM_034477006.1	2002	1903	0.00359216	0.00220855
XM_034477007.1	1990	1891	5.99641	3.71014
XM_034477008.1	1047	948	0	0
XM_034477009.1	1244	1145	1	1.02185
XM_034477010.1	2198	2099	0	0
XM_034477011.1	2259	2160	0	0
XM_034477012.1	2723	2624	4	1.78356
XM_034477013.1	1193	1094	1	1.06948
XM_034477014.1	2235	2136	10	5.47759
XM_034477015.1	2407	2308	23.9801	12.1564
XM_034477016.1	2421	2322	0.01991	0.0100323
XM_034477017.1	2316	2217	4	2.11098
XM_034477018.1	3283	3184	0	0
XM_034477019.1	3265	3166	0	0
XM_034477020.1	3247	3148	0	0
XM_034477021.1	3121	3022	0	0
XM_034477022.1	2793	2694	0	0
XM_034477023.1	3013	2914	0	0
XM_034477024.1	2655	2556	0	0
XM_034477025.1	2967	2868	0	0
XM_034477026.1	2903	2804	5.21953	2.17793
XM_034477027.1	2530	2431	0	0
XM_034477028.1	2472	2373	0	0
XM_034477029.1	2499	2400	0	0
XM_034477030.1	2458	2359	0	0
XM_034477031.1	2454	2355	0	0
XM_034477032.1	2406	2307	1.13064e-08	5.73412e-09
XM_034477033.1	2438	2339	64.7805	32.4045
XM_034477034.1	1161	1062	7.08699	7.80779
XM_034477035.1	1162	1063	2.34964	2.58618
XM_034477036.1	1591	1492	13.5634	10.6363
XM_034477037.1	2553	2454	1	0.476778
XM_034477038.1	2185	2086	0	0
XM_034477039.1	3127	3028	0	0
XM_034477040.1	2759	2660	4.28487	1.88472
XM_034477041.1	2589	2490	0	0
XM_034477042.1	2544	2445	234.967	112.44
XM_034477043.1	2013	1914	0	0
XM_034477044.1	1939	1840	0	0
XM_034477045.1	1628	1529	0	0
XM_034477046.1	1355	1256	1	0.931539
XM_034477047.1	1455	1356	5	4.31421
XM_034477048.1	1143	1044	3	3.36211
XM_034477049.1	1580	1481	1	0.790016
XM_034477050.1	2161	2062	5	2.83708
XM_034477051.1	2118	2019	1.18489	0.686646
XM_034477052.1	3175	3076	12.7086	4.83396
XM_034477053.1	4131	4032	69.9474	20.2975
XM_034477054.1	1898	1799	0	0
XM_034477055.1	1889	1790	0	0
XM_034477056.1	1938	1839	0	0
XM_034477057.1	2154	2055	2	1.1387
XM_034477058.1	2913	2814	6.02383	2.50461
XM_034477059.1	2594	2495	0	0
XM_034477060.1	2332	2233	2	1.04793
XM_034477061.1	2490	2391	0	0
XM_034477062.1	1747	1648	1.26697	0.899497
XM_034477063.1	1745	1646	5.26476	3.74231
XM_034477064.1	1759	1660	6.10547	4.30331
XM_034477065.1	1763	1664	0.362794	0.255092
XM_034477066.1	3634	3535	0	0
XM_034477067.1	3347	3248	119.791	43.1518
XM_034477068.1	2949	2850	11	4.51584
XM_034477069.1	1482	1383	0	0
XM_034477070.1	1542	1443	0	0
XM_034477071.1	1542	1443	0	0
XM_034477072.1	2488	2389	0	0
XM_034477073.1	3219	3120	0.168547	0.0632057
XM_034477074.1	811	712	0	0
XM_034477075.1	1483	1384	0	0
XM_034477076.1	1530	1431	2	1.63524
XM_034477077.1	1372	1273	0	0
XM_034477078.1	1254	1155	8	8.10399
XM_034477079.1	1594	1495	0	0
XM_034477080.1	1613	1514	0	0
XM_034477081.1	909	810	0	0
XM_034477082.1	1233	1134	0	0
XM_034477083.1	4341	4242	16	4.41306
XM_034477084.1	4314	4215	0	0
XM_034477085.1	4308	4209	0	0
XM_034477086.1	1552	1453	0	0
XM_034477087.1	542	443	0	0
XM_034477088.1	1417	1318	6.57141e-05	5.83357e-05
XM_034477089.1	1251	1152	0	0
XM_034477090.1	1331	1232	0.978167	0.928952
XM_034477091.1	1425	1326	5.43102e-08	4.79213e-08
XM_034477092.1	1275	1176	12	11.9389
XM_034477093.1	1469	1370	0	0
XM_034477094.1	4207	4108	0	0
XM_034477095.1	4187	4088	0	0
XM_034477096.1	4182	4083	0	0
XM_034477097.1	4161	4062	4.6854e-07	1.34958e-07
XM_034477098.1	4120	4021	0.0689928	0.0200752
XM_034477099.1	4100	4001	23.931	6.99815
XM_034477100.1	4208	4109	0	0
XM_034477101.1	4188	4089	0	0
XM_034477102.1	3976	3877	0	0
XM_034477103.1	4199	4100	0	0
XM_034477104.1	3501	3402	0	0
XM_034477105.1	3929	3830	0	0
XM_034477106.1	3909	3810	0	0
XM_034477107.1	1416	1317	0.000160074	0.000142209
XM_034477108.1	3500	3401	0	0
XM_034477109.1	3614	3515	0	0
XM_034477110.1	5698	5599	0	0
XM_034477111.1	1467	1368	0	0
XM_034477112.1	5693	5594	0	0
XM_034477113.1	5663	5564	0	0
XM_034477114.1	4703	4604	0	0
XM_034477115.1	4705	4606	0	0
XM_034477116.1	4591	4492	47.4507	12.3593
XM_034477117.1	4593	4494	0	0
XM_034477118.1	4609	4510	0	0
XM_034477119.1	4442	4343	0	0
XM_034477120.1	4307	4208	156.549	43.5278
XM_034477121.1	1405	1306	2.99977	2.68742
XM_034477122.1	3588	3489	0	0
XM_034477123.1	3499	3400	0	0
XM_034477124.1	3493	3394	0	0
XM_034477125.1	2764	2665	0	0
XM_034477126.1	2752	2653	0	0
XM_034477127.1	1468	1369	5	4.27324
XM_034477128.1	10145	10046	13.4725	1.56908
XM_034477129.1	7908	7809	37.5275	5.6227
XM_034477130.1	5063	4964	0	0
XM_034477131.1	5865	5766	5.12989	1.04094
XM_034477132.1	4741	4642	6.87011	1.73161
XM_034477133.1	1270	1171	26.6088	26.5863
XM_034477134.1	2011	1912	22.3174	13.6567
XM_034477135.1	4642	4543	29.526	7.60419
XM_034477136.1	2216	2117	36.0811	19.9412
XM_034477137.1	2218	2119	11.9189	6.58104
XM_034477138.1	5756	5657	0	0
XM_034477139.1	3775	3676	0	0
XM_034477140.1	3696	3597	7.91702	2.57521
XM_034477141.1	3873	3774	0	0
XM_034477142.1	4252	4153	1.83179	0.516066
XM_034477143.1	4158	4059	0	0
XM_034477144.1	4245	4146	13.2512	3.73952
XM_034477145.1	3879	3780	0	0
XM_034477146.1	4118	4019	0	0
XM_034477147.1	4103	4004	0	0
XM_034477148.1	4103	4004	0	0
XM_034477149.1	4094	3995	0	0
XM_034477150.1	4094	3995	0	0
XM_034477151.1	4087	3988	0	0
XM_034477152.1	4078	3979	0	0
XM_034477153.1	4079	3980	0	0
XM_034477154.1	4076	3977	0	0
XM_034477155.1	4076	3977	0	0
XM_034477156.1	4069	3970	0	0
XM_034477157.1	4064	3965	0	0
XM_034477158.1	4061	3962	0	0
XM_034477159.1	4058	3959	0	0
XM_034477160.1	4054	3955	0	0
XM_034477161.1	4117	4018	15	4.36789
XM_034477162.1	4043	3944	0	0
XM_034477163.1	4037	3938	0	0
XM_034477164.1	4030	3931	0	0
XM_034477165.1	4028	3929	0	0
XM_034477166.1	4021	3922	0	0
XM_034477167.1	4004	3905	0	0
XM_034477168.1	4001	3902	0	0
XM_034477169.1	3989	3890	0	0
XM_034477170.1	3971	3872	0	0
XM_034477171.1	3937	3838	0	0
XM_034477172.1	2708	2609	0	0
XM_034477173.1	3599	3500	0	0
XM_034477174.1	3590	3491	0	0
XM_034477175.1	3895	3796	0	0
XM_034477176.1	3883	3784	0	0
XM_034477177.1	3104	3005	0	0
XM_034477178.1	3566	3467	0	0
XM_034477179.1	3557	3458	0	0
XM_034477180.1	3862	3763	0	0
XM_034477181.1	3545	3446	0	0
XM_034477182.1	3539	3440	0	0
XM_034477183.1	3844	3745	0	0
XM_034477184.1	3524	3425	0	0
XM_034477185.1	3835	3736	0	0
XM_034477186.1	3832	3733	1.93195e-08	6.05521e-09
XM_034477187.1	3829	3730	4.96088e-08	1.55611e-08
XM_034477188.1	3638	3539	0	0
XM_034477189.1	3818	3719	1.5853e-06	4.98742e-07
XM_034477190.1	3811	3712	0	0
XM_034477191.1	3802	3703	0	0
XM_034477192.1	3485	3386	0	0
XM_034477193.1	3473	3374	0	0
XM_034477194.1	3464	3365	0	0
XM_034477195.1	3769	3670	9.0516	2.88569
XM_034477196.1	3763	3664	0	0
XM_034477197.1	3431	3332	0	0
XM_034477198.1	2502	2403	0	0
XM_034477199.1	2993	2894	7.72479	3.12305
XM_034477200.1	5307	5208	0	0
XM_034477201.1	4940	4841	5	1.20844
XM_034477202.1	2987	2888	17.0172	6.89416
XM_034477203.1	2452	2353	0.103264	0.0513474
XM_034477204.1	2446	2347	2.06355	1.02871
XM_034477205.1	571	472	0	0
XM_034477206.1	3522	3423	26.258	8.97524
XM_034477207.1	2187	2088	7.56522	4.23918
XM_034477208.1	1970	1871	0	0
XM_034477209.1	3407	3308	0	0
XM_034477210.1	3359	3260	0.000344109	0.000123501
XM_034477211.1	3335	3236	1.99966	0.722999
XM_034477212.1	2528	2429	4.14396	1.99609
XM_034477213.1	2605	2506	0	0
XM_034477214.1	2615	2516	0	0
XM_034477215.1	3151	3052	4.25475	1.6311
XM_034477216.1	3995	3896	7.58265	2.27716
XM_034477217.1	5899	5800	5	1.00863
XM_034477218.1	1954	1855	0	0
XM_034477219.1	1839	1740	2	1.34484
XM_034477220.1	1852	1753	0	0
XM_034477221.1	1836	1737	0	0
XM_034477222.1	2306	2207	0	0
XM_034477223.1	2290	2191	3.26021e-06	1.74098e-06
XM_034477224.1	1704	1605	0	0
XM_034477225.1	1633	1534	4	3.05088
XM_034477226.1	647	548	0	0
XM_034477227.1	647	548	0	0
XM_034477228.1	826	727	0	0
XM_034477229.1	2611	2512	0	0
XM_034477230.1	2673	2574	0	0
XM_034477231.1	2702	2603	0	0
XM_034477232.1	2433	2334	7.67941	3.84962
XM_034477233.1	2075	1976	0	0
XM_034477234.1	1988	1889	0	0
XM_034477235.1	1887	1788	2	1.30874
XM_034477236.1	2059	1960	4.9998	2.98461
XM_034477237.1	2280	2181	7.14042	3.83053
XM_034477238.1	2853	2754	13.9934	5.94497
XM_034477239.1	2239	2140	0.03546	0.0193872
XM_034477240.1	2227	2128	25.9645	14.2758
XM_034477241.1	1993	1894	0	0
XM_034477242.1	1755	1656	31	21.9024
XM_034477243.1	2226	2127	0	0
XM_034477244.1	2200	2101	0	0
XM_034477245.1	5412	5313	0	0
XM_034477246.1	1930	1831	16	10.224
XM_034477247.1	1930	1831	16	10.224
XM_034477248.1	1877	1778	0	0
XM_034477249.1	1975	1876	0	0
XM_034477250.1	5389	5290	0	0
XM_034477251.1	794	695	6.7317	11.3326
XM_034477252.1	3772	3673	74.5887	23.7598
XM_034477253.1	3511	3412	0	0
XM_034477254.1	3543	3444	0	0
XM_034477255.1	2894	2795	0	0
XM_034477256.1	3756	3657	0	0
XM_034477257.1	3725	3626	0	0
XM_034477258.1	3708	3609	0	0
XM_034477259.1	5409	5310	0	0
XM_034477260.1	769	670	0	0
XM_034477261.1	5394	5295	0	0
XM_034477262.1	4174	4075	3.59106	1.03107
XM_034477263.1	2428	2329	0	0
XM_034477264.1	3407	3308	1	0.353692
XM_034477265.1	2936	2837	0	0
XM_034477266.1	5391	5292	0	0
XM_034477267.1	1340	1241	0	0
XM_034477268.1	1332	1233	0	0
XM_034477269.1	1273	1174	0	0
XM_034477270.1	1292	1193	0	0
XM_034477271.1	5388	5289	0	0
XM_034477272.1	1211	1112	0	0
XM_034477273.1	1424	1325	0	0
XM_034477274.1	5370	5271	0	0
XM_034477275.1	1322	1223	0	0
XM_034477276.1	913	814	32.9819	47.407
XM_034477277.1	1834	1735	6	4.04616
XM_034477278.1	1938	1839	0	0
XM_034477279.1	2184	2085	9	5.05042
XM_034477280.1	4017	3918	0.0018212	0.000543858
XM_034477281.1	3208	3109	11.2863	4.24739
XM_034477282.1	3213	3114	1.71369	0.643878
XM_034477283.1	609	510	0	0
XM_034477284.1	1460	1361	0	0
XM_034477285.1	3987	3888	14.9982	4.51339
XM_034477286.1	1568	1469	0	0
XM_034477287.1	2081	1982	0	0
XM_034477288.1	1219	1120	0	0
XM_034477289.1	2054	1955	5	2.99236
XM_034477290.1	2685	2586	0	0
XM_034477291.1	1666	1567	0	0
XM_034477292.1	2637	2538	0	0
XM_034477293.1	2637	2538	0	0
XM_034477294.1	2227	2128	1	0.549818
XM_034477295.1	2759	2660	16.6696	7.33219
XM_034477296.1	4133	4034	11.1156	3.22396
XM_034477297.1	1660	1561	4.65419e-08	3.48845e-08
XM_034477298.1	1799	1700	0.595046	0.409536
XM_034477299.1	5902	5803	0	0
XM_034477300.1	2126	2027	0	0
XM_034477301.1	2170	2071	0	0
XM_034477302.1	2167	2068	0	0
XM_034477303.1	2592	2493	0	0
XM_034477304.1	2537	2438	0	0
XM_034477305.1	1633	1534	36	27.4579
XM_034477306.1	2074	1975	0	0
XM_034477307.1	2029	1930	24.6524	14.9449
XM_034477308.1	2689	2590	1.01018	0.456342
XM_034477309.1	4918	4819	8.80223	2.13711
XM_034477310.1	1446	1347	0	0
XM_034477311.1	1446	1347	0	0
XM_034477312.1	1874	1775	0	0
XM_034477313.1	1387	1288	0	0
XM_034477314.1	1613	1514	0	0
XM_034477315.1	1113	1014	5.1987	5.99856
XM_034477316.1	818	719	0	0
XM_034477317.1	2502	2403	0	0
XM_034477318.1	2500	2401	0	0
XM_034477319.1	2494	2395	0	0
XM_034477320.1	2456	2357	0.622551	0.309034
XM_034477321.1	2450	2351	12.3774	6.15984
XM_034477322.1	1200	1101	0	0
XM_034477323.1	1055	956	0	0
XM_034477324.1	1538	1439	4.59665e-08	3.73742e-08
XM_034477325.1	1514	1415	17	14.0567
XM_034477326.1	787	688	0	0
XM_034477327.1	5439	5340	7.53846e-05	1.65171e-05
XM_034477328.1	1330	1231	0	0
XM_034477329.1	3933	3834	0	0
XM_034477330.1	2367	2268	1.93861	1.00009
XM_034477331.1	2382	2283	0.000849874	0.000435552
XM_034477332.1	2370	2271	0.411235	0.211867
XM_034477333.1	4764	4665	0	0
XM_034477334.1	1898	1799	0	0
XM_034477335.1	4803	4704	39	9.70037
XM_034477336.1	1282	1183	8	7.91218
XM_034477337.1	1894	1795	1	0.651818
XM_034477338.1	1812	1713	1	0.68302
XM_034477339.1	1457	1358	6	5.16943
XM_034477340.1	1480	1381	1.66877e-08	1.41382e-08
XM_034477341.1	1615	1516	0	0
XM_034477342.1	7293	7194	14	2.27692
XM_034477343.1	3780	3681	0	0
XM_034477344.1	2631	2532	0	0
XM_034477345.1	2062	1963	5.79281	3.45271
XM_034477346.1	1122	1023	0	0
XM_034477347.1	5075	4976	2.6492e-06	6.2291e-07
XM_034477348.1	5077	4978	1.65349e-06	3.88632e-07
XM_034477349.1	2621	2522	0	0
XM_034477350.1	1852	1753	0	0
XM_034477351.1	625	526	0	0
XM_034477352.1	912	813	0	0
XM_034477353.1	902	803	0	0
XM_034477354.1	1155	1056	0	0
XM_034477355.1	577	478	0	0
XM_034477356.1	2704	2605	3	1.34742
XM_034477357.1	730	631	49.9999	92.7108
XM_034477358.1	729	630	0	0
XM_034477359.1	3244	3145	0	0
XM_034477360.1	3240	3141	13.5685	5.05422
XM_034477361.1	1344	1245	48.7116	45.7777
XM_034477362.1	1464	1365	3.60998	3.0943
XM_034477363.1	2446	2347	2.39002	1.19146
XM_034477364.1	908	809	1	1.44625
XM_034477365.1	594	495	0	0
XM_034477366.1	592	493	0	0
XM_034477367.1	2001	1902	0	0
XM_034477368.1	643	544	0	0
XM_034477369.1	1570	1471	21	16.7031
XM_034477370.1	1256	1157	0	0
XM_034477371.1	1276	1177	0	0
XM_034477372.1	1267	1168	0	0
XM_034477373.1	1225	1126	0	0
XM_034477374.1	3132	3033	10	3.85761
XM_034477375.1	1403	1304	0	0
XM_034477376.1	3419	3320	0	0
XM_034477377.1	933	834	27	37.8781
XM_034477378.1	3881	3782	170.368	52.7058
XM_034477379.1	15365	15266	298.358	22.8667
XM_034477380.1	15348	15249	7.20731	0.552997
XM_034477381.1	4252	4153	0	0
XM_034477382.1	2979	2880	64	26.0003
XM_034477383.1	3497	3398	0	0
XM_034477384.1	3406	3307	0	0
XM_034477385.1	3385	3286	0	0
XM_034477386.1	3404	3305	0	0
XM_034477387.1	3263	3164	0.205077	0.0758352
XM_034477388.1	3254	3155	5.79492	2.14901
XM_034477389.1	1142	1043	15	16.8267
XM_034477390.1	1355	1256	0	0
XM_034477391.1	876	777	0	0
XM_034477392.1	1676	1577	1	0.741924
XM_034477393.1	9018	8919	4	0.524729
XM_034477394.1	2199	2100	130	72.4294
XM_034477395.1	2788	2689	29	12.6182
XM_034477396.1	2895	2796	4.15176e-05	1.73734e-05
XM_034477397.1	2883	2784	0.00644645	0.00270921
XM_034477398.1	1184	1085	0	0
XM_034477399.1	25690	25591	45	2.05739
XM_034477400.1	3232	3133	1.01729	0.379906
XM_034477401.1	1593	1494	0	0
XM_034477402.1	1867	1768	0	0
XM_034477403.1	1171	1072	0	0
XM_034477404.1	1679	1580	0	0
XM_034477405.1	1404	1305	0	0
XM_034477406.1	2590	2491	0	0
XM_034477407.1	20911	20812	0	0
XM_034477408.1	1781	1682	0	0
XM_034477409.1	1222	1123	0	0
XM_034477410.1	2381	2282	0	0
XM_034477411.1	1969	1870	1	0.625676
XM_034477412.1	2188	2089	0	0
XM_034477413.1	3867	3768	1.5	0.46577
XM_034477414.1	3867	3768	1.5	0.46577
XM_034477415.1	1928	1829	5.48194	3.5068
XM_034477416.1	4660	4561	32	8.20882
XM_034477417.1	4625	4526	0	0
XM_034477418.1	13121	13022	12	1.07819
XM_034477419.1	4583	4484	0	0
XM_034477420.1	4583	4484	0	0
XM_034477421.1	3847	3748	8.16158	2.5478
XM_034477422.1	7341	7242	0	0
XM_034477423.1	3963	3864	1	0.302799
XM_034477424.1	1993	1894	2	1.23549
XM_034477425.1	3232	3133	0	0
XM_034477426.1	3229	3130	0	0
XM_034477427.1	3224	3125	0	0
XM_034477428.1	3112	3013	0	0
XM_034477429.1	2997	2898	0	0
XM_034477430.1	739	640	0	0
XM_034477431.1	1194	1095	5	5.34253
XM_034477432.1	6101	6002	0	0
XM_034477433.1	3926	3827	2.37401	0.725796
XM_034477434.1	3886	3787	0	0
XM_034477435.1	1871	1772	0	0
XM_034477436.1	5379	5280	0	0
XM_034477437.1	5460	5361	1.48542e-05	3.24186e-06
XM_034477438.1	5332	5233	0	0
XM_034477439.1	5420	5321	35.2186	7.74408
XM_034477440.1	5429	5330	50.5801	11.1031
XM_034477441.1	5236	5137	0	0
XM_034477442.1	5154	5055	0	0
XM_034477443.1	5235	5136	5.99489e-07	1.36567e-07
XM_034477444.1	5107	5008	0	0
XM_034477445.1	5188	5089	13.8213	3.17765
XM_034477446.1	1866	1767	0	0
XM_034477447.1	3083	2984	0	0
XM_034477448.1	3181	3082	0	0
XM_034477449.1	3038	2939	22.7485	9.05616
XM_034477450.1	3134	3035	0	0
XM_034477451.1	3144	3045	0	0
XM_034477452.1	3144	3045	53.602	20.5961
XM_034477453.1	2864	2765	0	0
XM_034477454.1	2858	2759	6.02952	2.55695
XM_034477455.1	2909	2810	0	0
XM_034477456.1	1780	1681	0	0
XM_034477457.1	2114	2015	6.14608e-05	3.56873e-05
XM_034477458.1	2108	2009	0.00203127	0.00118298
XM_034477459.1	1940	1841	0	0
XM_034477460.1	2098	1999	0.707661	0.414193
XM_034477461.1	2096	1997	2.28961	1.34145
XM_034477462.1	2823	2724	7.06736	3.03558
XM_034477463.1	4131	4032	2.7916e-07	8.10071e-08
XM_034477464.1	1783	1684	0	0
XM_034477465.1	1972	1873	4.32122	2.69935
XM_034477466.1	1824	1725	0	0
XM_034477467.1	2132	2033	0	0
XM_034477468.1	1950	1851	8	5.05678
XM_034477469.1	2053	1954	0	0
XM_034477470.1	2032	1933	0	0
XM_034477471.1	1561	1462	2	1.60057
XM_034477472.1	1635	1536	0	0
XM_034477473.1	2136	2037	0	0
XM_034477474.1	2095	1996	0	0
XM_034477475.1	1995	1896	1	0.617096
XM_034477476.1	778	679	0	0
XM_034477477.1	751	652	1.95122e-05	3.50146e-05
XM_034477478.1	745	646	0.99998	1.81113
XM_034477479.1	1878	1779	4.52138	2.97362
XM_034477480.1	1615	1516	0	0
XM_034477481.1	1077	978	0	0
XM_034477482.1	6307	6208	0.117281	0.0221037
XM_034477483.1	6283	6184	11.0275	2.08641
XM_034477484.1	3927	3828	0	0
XM_034477485.1	6319	6220	0.0121747	0.00229013
XM_034477486.1	2107	2008	0.00794948	0.00463197
XM_034477487.1	2095	1996	8.99205	5.27095
XM_034477488.1	1460	1361	13.9974	12.0332
XM_034477489.1	2542	2443	0	0
XM_034477490.1	2416	2317	6	3.02981
XM_034477491.1	1225	1126	0	0
XM_034477492.1	1168	1069	0	0
XM_034477493.1	4514	4415	3	0.795026
XM_034477494.1	3034	2935	0	0
XM_034477495.1	3006	2907	0	0
XM_034477496.1	17020	16921	42	2.90412
XM_034477497.1	2348	2249	6.90759	3.59358
XM_034477498.1	3592	3493	1.09241	0.365915
XM_034477499.1	2334	2235	2	1.04699
XM_034477500.1	2125	2026	0	0
XM_034477501.1	1529	1430	0	0
XM_034477502.1	794	695	0	0
XM_034477503.1	940	841	0	0
XM_034477504.1	940	841	0	0
XM_034477505.1	1765	1666	6.50402	4.5677
XM_034477506.1	615	516	1	2.26747
XM_034477507.1	3478	3379	26.6516	9.2284
XM_034477508.1	1483	1384	4.06438e-08	3.43597e-08
XM_034477509.1	7539	7440	0	0
XM_034477510.1	7527	7428	0	0
XM_034477511.1	7482	7383	0	0
XM_034477512.1	7531	7432	0	0
XM_034477513.1	7320	7221	0	0
XM_034477514.1	7275	7176	0	0
XM_034477515.1	6682	6583	0	0
XM_034477516.1	7437	7338	66.495	10.6024
XM_034477517.1	1470	1371	0.00261032	0.00222765
XM_034477518.1	2708	2609	0.999978	0.448443
XM_034477519.1	2732	2633	2.16385e-05	9.61541e-06
XM_034477520.1	2557	2458	0	0
XM_034477521.1	2464	2365	4.09327	2.02502
XM_034477522.1	1649	1550	0	0
XM_034477523.1	2610	2511	22.2168	10.352
XM_034477524.1	2294	2195	15.0798	8.03806
XM_034477525.1	2610	2511	0	0
XM_034477526.1	2564	2465	2.83657	1.34638
XM_034477527.1	2568	2469	0.423455	0.200667
XM_034477528.1	3318	3219	2.2479	0.817048
XM_034477529.1	4252	4153	2.79263	0.786761
XM_034477530.1	2934	2835	0	0
XM_034477531.1	2986	2887	0	0
XM_034477532.1	2875	2776	7.46833	3.14771
XM_034477533.1	2820	2721	0	0
XM_034477534.1	2716	2617	0	0
XM_034477535.1	337	238	0	0
XM_034477536.1	2289	2190	70.9492	37.9048
XM_034477537.1	2543	2444	0	0
XM_034477538.1	2056	1957	0	0
XM_034477539.1	1901	1802	0	0
XM_034477540.1	1689	1590	0	0
XM_034477541.1	1618	1519	1	0.770252
XM_034477542.1	1394	1295	0	0
XM_034477543.1	1735	1636	0	0
XM_034477544.1	5263	5164	102	23.1103
XM_034477545.1	3260	3161	4.57109	1.69194
XM_034477546.1	2745	2646	38	16.8029
XM_034477547.1	2481	2382	0	0
XM_034477548.1	2549	2450	0	0
XM_034477549.1	2497	2398	0	0
XM_034477550.1	2429	2330	0	0
XM_034477551.1	1659	1560	0	0
XM_034477552.1	3460	3361	0	0
XM_034477553.1	2796	2697	0	0
XM_034477554.1	3258	3159	30.0401	11.1261
XM_034477555.1	3445	3346	0	0
XM_034477556.1	2588	2489	7.60176	3.57339
XM_034477557.1	1382	1283	5	4.55968
XM_034477558.1	1664	1565	1.47539	1.10302
XM_034477559.1	1780	1681	9.3477	6.5062
XM_034477560.1	1922	1823	0	0
XM_034477561.1	1185	1086	0	0
XM_034477562.1	1502	1403	9.3543	7.8009
XM_034477563.1	1158	1059	0	0
XM_034477564.1	840	741	1.37215	2.16657
XM_034477565.1	2092	1993	0	0
XM_034477566.1	1170	1071	0	0
XM_034477567.1	1165	1066	0	0
XM_034477568.1	2918	2819	12.8673	5.34052
XM_034477569.1	1374	1275	0	0
XM_034477570.1	2214	2115	0	0
XM_034477571.1	4586	4487	0	0
XM_034477572.1	4795	4696	1	0.249151
XM_034477573.1	3054	2955	0	0
XM_034477574.1	3093	2994	0	0
XM_034477575.1	1136	1037	0	0
XM_034477576.1	1167	1068	0	0
XM_034477577.1	1173	1074	0	0
XM_034477578.1	2493	2394	6	2.93236
XM_034477579.1	1078	979	0	0
XM_034477580.1	1121	1022	0	0
XM_034477581.1	9050	8951	44.9898	5.88076
XM_034477582.1	989	890	0.14504	0.190672
XM_034477583.1	1003	904	0	0
XM_034477584.1	879	780	0	0
XM_034477585.1	814	715	0	0
XM_034477586.1	1337	1238	0	0
XM_034477587.1	1580	1481	1	0.790016
XM_034477588.1	951	852	0	0
XM_034477589.1	1195	1096	0	0
XM_034477590.1	749	650	0	0
XM_034477591.1	5629	5530	1.6708	0.353501
XM_034477592.1	572	473	27.872	68.9443
XM_034477593.1	2357	2258	0	0
XM_034477594.1	5672	5573	12	2.51932
XM_034477595.1	2342	2243	0	0
XM_034477596.1	2296	2197	3.20865	1.70877
XM_034477597.1	2317	2218	4.57183e-05	2.41168e-05
XM_034477598.1	2535	2436	0	0
XM_034477599.1	1286	1187	0	0
XM_034477600.1	1345	1246	0	0
XM_034477601.1	583	484	0	0
XM_034477602.1	1633	1534	11.7977	8.99832
XM_034477603.1	1405	1306	2	1.79175
XM_034477604.1	1259	1160	0	0
XM_034477605.1	1849	1750	0	0
XM_034477606.1	2094	1995	0	0
XM_034477607.1	1808	1709	0	0
XM_034477608.1	1754	1655	0	0
XM_034477609.1	1607	1508	0	0
XM_034477610.1	1670	1571	7.39561	5.50793
XM_034477611.1	717	618	0	0
XM_034477612.1	692	593	1.61864	3.19365
XM_034477613.1	647	548	9.00687	19.2302
XM_034477614.1	2251	2152	0	0
XM_034477615.1	658	559	0	0
XM_034477616.1	665	566	56.2114	116.198
XM_034477617.1	6003	5904	2.22825e-07	4.4158e-08
XM_034477618.1	5902	5803	0	0
XM_034477619.1	5834	5735	0	0
XM_034477620.1	5997	5898	7.3441e-07	1.45688e-07
XM_034477621.1	5979	5880	2.64867e-05	5.27038e-06
XM_034477622.1	5973	5874	8.77239e-05	1.74733e-05
XM_034477623.1	5973	5874	8.77239e-05	1.74733e-05
XM_034477624.1	2107	2008	18	10.4882
XM_034477625.1	5967	5868	0.000290897	5.80015e-05
XM_034477626.1	5949	5850	0.0106857	0.00213715
XM_034477627.1	5928	5829	0.72578	0.145681
XM_034477628.1	5989	5890	0	0
XM_034477629.1	6082	5983	3.80662	0.744409
XM_034477630.1	5904	5805	91.7536	18.4932
XM_034477631.1	5652	5553	0	0
XM_034477632.1	6293	6194	0	0
XM_034477633.1	3104	3005	21.6734	8.43864
XM_034477634.1	2248	2149	0	0
XM_034477635.1	2786	2687	4.69107	2.04265
XM_034477636.1	3008	2909	0	0
XM_034477637.1	2908	2809	12.7419	5.30728
XM_034477638.1	2262	2163	2	1.08184
XM_034477639.1	4372	4273	0.456291	0.12494
XM_034477640.1	4361	4262	9.38326	2.57591
XM_034477641.1	4310	4211	0	0
XM_034477642.1	4389	4290	0	0
XM_034477643.1	4298	4199	4.22171	1.17634
XM_034477644.1	4246	4147	0	0
XM_034477645.1	4372	4273	0	0
XM_034477646.1	4081	3982	0	0
XM_034477647.1	2425	2326	1.9615	0.986666
XM_034477648.1	2423	2324	5.38029	2.7087
XM_034477649.1	2455	2356	1.40821	0.699331
XM_034477650.1	2452	2353	6.27708	3.12123
XM_034477651.1	2268	2169	0.972916	0.524815
XM_034477652.1	1278	1179	0	0
XM_034477653.1	789	690	0	0
XM_034477654.1	787	688	0	0
XM_034477655.1	1304	1205	0	0
XM_034477656.1	1603	1504	0	0
XM_034477657.1	1654	1555	0	0
XM_034477658.1	1622	1523	0	0
XM_034477659.1	1673	1574	0	0
XM_034477660.1	1626	1527	4	3.06487
XM_034477661.1	2738	2639	0	0
XM_034477662.1	2657	2558	4.73062e-05	2.16376e-05
XM_034477663.1	3867	3768	0	0
XM_034477664.1	2733	2634	0	0
XM_034477665.1	3820	3721	0	0
XM_034477666.1	2689	2590	0	0
XM_034477667.1	2691	2592	0	0
XM_034477668.1	2655	2556	0.000118406	5.42007e-05
XM_034477669.1	3819	3720	0	0
XM_034477670.1	2633	2534	2.99983	1.3851
XM_034477671.1	1228	1129	4.99998	5.18161
XM_034477672.1	1240	1141	2.05542e-05	2.10769e-05
XM_034477673.1	1889	1790	0	0
XM_034477674.1	1775	1676	0	0
XM_034477675.1	1719	1620	2	1.44446
XM_034477676.1	1145	1046	1	1.11856
XM_034477677.1	901	802	7	10.2121
XM_034477678.1	1755	1656	5	3.53265
XM_034477679.1	1781	1682	0	0
XM_034477680.1	1467	1368	11.9268	10.2007
XM_034477681.1	2675	2576	0	0
XM_034477682.1	2577	2478	0	0
XM_034477683.1	5598	5499	1.30206	0.277038
XM_034477684.1	614	515	1.07171e-06	2.43479e-06
XM_034477685.1	608	509	0.999999	2.29865
XM_034477686.1	2249	2150	7	3.80935
XM_034477687.1	1561	1462	17	13.6048
XM_034477688.1	1071	972	0	0
XM_034477689.1	800	701	0	0
XM_034477690.1	5592	5493	4.68571	0.99806
XM_034477691.1	716	617	0	0
XM_034477692.1	659	560	5	10.4465
XM_034477693.1	1711	1612	0.000345541	0.000250799
XM_034477694.1	5588	5489	11.0122	2.34732
XM_034477695.1	1054	955	1.10761	1.35698
XM_034477696.1	1054	955	0	0
XM_034477697.1	587	488	4.93904	11.8417
XM_034477698.1	1137	1038	4	4.50872
XM_034477699.1	5749	5650	0	0
XM_034477700.1	1430	1331	0	0
XM_034477701.1	2024	1925	0	0
XM_034477702.1	971	872	4	5.36703
XM_034477703.1	1004	905	6	7.75699
XM_034477704.1	5696	5597	0	0
XM_034477705.1	3228	3129	0	0
XM_034477706.1	5324	5225	0	0
XM_034477707.1	5324	5225	4.43875	0.993952
XM_034477708.1	5324	5225	0	0
XM_034477709.1	5324	5225	0	0
XM_034477710.1	5307	5208	8.05037	1.80857
XM_034477711.1	4895	4796	0	0
XM_034477712.1	5759	5660	3.51088	0.725755
XM_034477713.1	4712	4613	0	0
XM_034477714.1	5458	5359	1.3658	0.298191
XM_034477715.1	5455	5356	2.6342	0.575438
XM_034477716.1	3075	2976	5.86258	2.30487
XM_034477717.1	2994	2895	0	0
XM_034477718.1	3072	2973	19.1374	7.53146
XM_034477719.1	4953	4854	12.1031	2.91734
XM_034477720.1	989	890	6	7.88773
XM_034477721.1	3020	2921	4.2477	1.70143
XM_034477722.1	957	858	1.91743	2.61471
XM_034477723.1	957	858	1.91743	2.61471
XM_034477724.1	4833	4734	0	0
XM_034477725.1	957	858	1.91743	2.61471
XM_034477726.1	986	887	0	0
XM_034477727.1	4680	4581	0	0
XM_034477728.1	875	776	0	0
XM_034477729.1	2405	2306	19.9996	10.1473
XM_034477730.1	2306	2207	0.000414602	0.000219796
XM_034477731.1	976	877	8	10.6729
XM_034477732.1	4804	4705	0	0
XM_034477733.1	2028	1929	1.0299	0.624672
XM_034477734.1	2521	2422	2	0.966155
XM_034477735.1	4654	4555	0	0
XM_034477736.1	3983	3884	12	3.61487
XM_034477737.1	4352	4253	0	0
XM_034477738.1	4151	4052	0	0
XM_034477739.1	3888	3789	0	0
XM_034477740.1	4645	4546	0	0
XM_034477741.1	4264	4165	58	16.2931
XM_034477742.1	3715	3616	0	0
XM_034477743.1	3564	3465	6	2.026
XM_034477744.1	4551	4452	54.9534	14.4421
XM_034477745.1	2699	2600	13	5.85007
XM_034477746.1	2024	1925	4.58007	2.78376
XM_034477747.1	4725	4626	0	0
XM_034477748.1	1936	1837	5	3.18458
XM_034477749.1	1456	1357	0.930238	0.802057
XM_034477750.1	2348	2249	0	0
XM_034477751.1	2388	2289	0	0
XM_034477752.1	2383	2284	0	0
XM_034477753.1	2213	2114	8.0215e-06	4.43958e-06
XM_034477754.1	2190	2091	2.99999	1.67864
XM_034477755.1	2319	2220	0	0
XM_034477756.1	4689	4590	0	0
XM_034477757.1	2284	2185	0	0
XM_034477758.1	2355	2256	0	0
XM_034477759.1	2328	2229	0	0
XM_034477760.1	2389	2290	0	0
XM_034477761.1	4181	4082	0	0
XM_034477762.1	4087	3988	8.33877e-07	2.44646e-07
XM_034477763.1	4139	4040	0	0
XM_034477764.1	4045	3946	0.206365	0.0611886
XM_034477765.1	4030	3931	17.9813	5.35192
XM_034477766.1	3577	3478	17.8123	5.99213
XM_034477767.1	5083	4984	0.00014396	3.37952e-05
XM_034477768.1	5032	4933	24.9999	5.92949
XM_034477769.1	1168	1069	1	1.09449
XM_034477770.1	2287	2188	12.1251	6.48379
XM_034477771.1	4680	4581	0	0
XM_034477772.1	3376	3277	1.54234e-06	5.50673e-07
XM_034477773.1	3335	3236	4	1.44625
XM_034477774.1	2279	2180	10	5.36703
XM_034477775.1	4659	4560	0	0
XM_034477776.1	1725	1626	8	5.75652
XM_034477777.1	2236	2137	0	0
XM_034477778.1	2245	2146	1.55378	0.847131
XM_034477779.1	1059	960	12.9946	15.8373
XM_034477780.1	4285	4186	0	0
XM_034477781.1	4257	4158	0	0
XM_034477782.1	4123	4024	0	0
XM_034477783.1	2237	2138	0	0
XM_034477784.1	2283	2184	0	0
XM_034477785.1	2180	2081	0	0
XM_034477786.1	4650	4551	0	0
XM_034477787.1	1996	1897	0	0
XM_034477788.1	1885	1786	16.5687	10.8542
XM_034477789.1	2077	1978	0	0
XM_034477790.1	2131	2032	4.65131	2.6782
XM_034477791.1	2119	2020	8.94853	5.18312
XM_034477792.1	2125	2026	1.97418	1.14009
XM_034477793.1	2102	2003	2.91675	1.70376
XM_034477794.1	2386	2287	0	0
XM_034477795.1	2028	1929	0	0
XM_034477796.1	2100	2001	3	1.75414
XM_034477797.1	2289	2190	0	0
XM_034477798.1	2411	2312	0	0
XM_034477799.1	1899	1800	0	0
XM_034477800.1	2009	1910	0	0
XM_034477801.1	1048	949	0	0
XM_034477802.1	578	479	0	0
XM_034477803.1	533	434	4.02897	10.8616
XM_034477804.1	590	491	0	0
XM_034477805.1	1111	1012	0	0
XM_034477806.1	960	861	0	0
XM_034477807.1	938	839	0	0
XM_034477808.1	3710	3611	3	0.972041
XM_034477809.1	2139	2040	0	0
XM_034477810.1	2065	1966	0	0
XM_034477811.1	2083	1984	3.60567	2.12635
XM_034477812.1	2071	1972	0	0
XM_034477813.1	2031	1932	1.10028	0.666326
XM_034477814.1	2275	2176	12.2738	6.5995
XM_034477815.1	2210	2111	0	0
XM_034477816.1	2307	2208	6.88682	3.64931
XM_034477817.1	2180	2081	0	0
XM_034477818.1	2156	2057	0	0
XM_034477819.1	499	400	0	0
XM_034477820.1	1096	997	0	0
XM_034477821.1	2128	2029	2.93867	1.69457
XM_034477822.1	5160	5061	4.50958	1.04253
XM_034477823.1	1496	1397	0	0
XM_034477824.1	3937	3838	1.01694e-05	3.10015e-06
XM_034477825.1	1772	1673	0	0
XM_034477826.1	3357	3258	0	0
XM_034477827.1	3740	3641	0	0
XM_034477828.1	3293	3194	1.19206	0.436672
XM_034477829.1	3275	3176	0	0
XM_034477830.1	3429	3330	1.18279	0.415578
XM_034477831.1	3451	3352	0	0
XM_034477832.1	3898	3799	1.6231	0.499881
XM_034477833.1	1829	1730	0	0
XM_034477834.1	5185	5086	18.6065	4.28036
XM_034477835.1	3694	3595	0	0
XM_034477836.1	3177	3078	3.19794	1.21561
XM_034477837.1	2433	2334	8.45724	4.23954
XM_034477838.1	2160	2061	5.33239	3.02715
XM_034477839.1	2229	2130	0	0
XM_034477840.1	2027	1928	1.4469	0.878057
XM_034477841.1	2924	2825	53	21.9507
XM_034477842.1	5767	5668	7.01081	1.4472
XM_034477843.1	2429	2330	4	2.00861
XM_034477844.1	1643	1544	3.30948	2.50786
XM_034477845.1	1618	1519	8.95581e-08	6.89823e-08
XM_034477846.1	1597	1498	1.10667	0.864361
XM_034477847.1	1664	1565	0	0
XM_034477848.1	840	741	0	0
XM_034477849.1	736	637	0	0
XM_034477850.1	860	761	0	0
XM_034477851.1	801	702	2.20687	3.67817
XM_034477852.1	1235	1136	0	0
XM_034477853.1	697	598	2.79313	5.46487
XM_034477854.1	829	730	0	0
XM_034477855.1	743	644	0	0
XM_034477856.1	783	684	0	0
XM_034477857.1	702	603	10.2814	19.9491
XM_034477858.1	743	644	0	0
XM_034477859.1	2074	1975	16.7518	9.92399
XM_034477860.1	667	568	0	0
XM_034477861.1	4256	4157	0	0
XM_034477862.1	4256	4157	16.3591	4.60437
XM_034477863.1	4250	4151	0	0
XM_034477864.1	4166	4067	0	0
XM_034477865.1	4007	3908	1.78958	0.535782
XM_034477866.1	4001	3902	10.8513	3.25377
XM_034477867.1	6410	6311	0	0
XM_034477868.1	2817	2718	90.2098	38.8325
XM_034477869.1	2828	2729	0.790159	0.338767
XM_034477870.1	6296	6197	4.48417e-06	8.46626e-07
XM_034477871.1	3269	3170	0	0
XM_034477872.1	3464	3365	0	0
XM_034477873.1	3179	3080	0	0
XM_034477874.1	3104	3005	0	0
XM_034477875.1	2990	2891	0	0
XM_034477876.1	2987	2888	4	1.62052
XM_034477877.1	1388	1289	0.0134382	0.0121977
XM_034477878.1	1381	1282	7.98656	7.28891
XM_034477879.1	3456	3357	12	4.18235
XM_034477880.1	2426	2327	28	14.0784
XM_034477881.1	2742	2643	3	1.32805
XM_034477882.1	6286	6187	2.98127e-05	5.63783e-06
XM_034477883.1	2295	2196	2	1.06559
XM_034477884.1	1087	988	0	0
XM_034477885.1	6672	6573	4.08336	0.72685
XM_034477886.1	1692	1593	2	1.46894
XM_034477887.1	1566	1467	5.02559	4.00818
XM_034477888.1	1439	1340	133	116.128
XM_034477889.1	1515	1416	0	0
XM_034477890.1	1516	1417	0	0
XM_034477891.1	1429	1330	0	0
XM_034477892.1	1485	1386	3	2.5325
XM_034477893.1	1677	1578	1	0.741453
XM_034477894.1	2184	2085	7.30849	4.10121
XM_034477895.1	987	888	0	0
XM_034477896.1	6827	6728	1.23044e-07	2.13976e-08
XM_034477897.1	6786	6687	0.000159947	2.79857e-05
XM_034477898.1	6718	6619	25.7546	4.55254
XM_034477899.1	6818	6719	5.91527e-07	1.03006e-07
XM_034477900.1	6461	6362	44.5943	8.20118
XM_034477901.1	2592	2493	1	0.469319
XM_034477902.1	3044	2945	0	0
XM_034477903.1	2861	2762	0	0
XM_034477904.1	2836	2737	0	0
XM_034477905.1	2800	2701	0	0
XM_034477906.1	2795	2696	0	0
XM_034477907.1	2792	2693	0	0
XM_034477908.1	2394	2295	0	0
XM_034477909.1	2443	2344	0	0
XM_034477910.1	2372	2273	21	10.8096
XM_034477911.1	1435	1336	0	0
XM_034477912.1	1606	1507	0	0
XM_034477913.1	947	848	6	8.2784
XM_034477914.1	1821	1722	0	0
XM_034477915.1	4653	4554	1	0.25692
XM_034477916.1	1681	1582	3	2.21874
XM_034477917.1	2411	2312	11	5.56667
XM_034477918.1	2375	2276	0	0
XM_034477919.1	5325	5226	0	0
XM_034477920.1	5182	5083	12	2.76218
XM_034477921.1	5304	5205	0	0
XM_034477922.1	3559	3460	1	0.338154
XM_034477923.1	3298	3199	0	0
XM_034477924.1	3215	3116	7	2.6284
XM_034477925.1	2875	2776	5	2.10737
XM_034477926.1	1895	1796	3	1.95437
XM_034477927.1	4976	4877	34	8.15675
XM_034477928.1	2035	1936	0	0
XM_034477929.1	2100	2001	0	0
XM_034477930.1	2220	2121	0	0
XM_034477931.1	2151	2052	0	0
XM_034477932.1	2059	1960	0	0
XM_034477933.1	1951	1852	4.5805	2.89376
XM_034477934.1	1958	1859	0.0548354	0.0345122
XM_034477935.1	1979	1880	0	0
XM_034477936.1	2544	2445	0	0
XM_034477937.1	1543	1444	4	3.24103
XM_034477938.1	1691	1592	0	0
XM_034477939.1	800	701	14	23.3669
XM_034477940.1	1545	1446	0	0
XM_034477941.1	2282	2183	5.19398e-07	2.7838e-07
XM_034477942.1	1330	1231	0	0
XM_034477943.1	1366	1267	0	0
XM_034477944.1	5112	5013	0	0
XM_034477945.1	2636	2537	0.00863166	0.00398075
XM_034477946.1	3002	2903	0	0
XM_034477947.1	2622	2523	5.68942	2.6384
XM_034477948.1	2407	2308	0	0
XM_034477949.1	7551	7452	0	0
XM_034477950.1	7638	7539	6.784	1.05284
XM_034477951.1	7533	7434	0	0
XM_034477952.1	7518	7419	0	0
XM_034477953.1	4922	4823	0	0
XM_034477954.1	7512	7413	22.6697	3.57802
XM_034477955.1	7509	7410	0	0
XM_034477956.1	7494	7395	0	0
XM_034477957.1	7491	7392	0	0
XM_034477958.1	7458	7359	0	0
XM_034477959.1	7398	7299	0	0
XM_034477960.1	7365	7266	0	0
XM_034477961.1	7284	7185	0	0
XM_034477962.1	7251	7152	0	0
XM_034477963.1	7251	7152	0	0
XM_034477964.1	5000	4901	10	2.3873
XM_034477965.1	7158	7059	0	0
XM_034477966.1	6984	6885	5.5557e-08	9.44116e-09
XM_034477967.1	6858	6759	142.546	24.6754
XM_034477968.1	4390	4291	7.10918e-05	1.93844e-05
XM_034477969.1	1069	970	0	0
XM_034477970.1	2544	2445	0	0
XM_034477971.1	4561	4462	0	0
XM_034477972.1	4263	4164	12	3.3718
XM_034477973.1	6864	6765	20	3.45902
XM_034477974.1	1498	1399	1	0.836321
XM_034477975.1	7456	7357	0	0
XM_034477976.1	7198	7099	0.000233581	3.84974e-05
XM_034477977.1	7135	7036	0	0
XM_034477978.1	3626	3527	4.23234e-06	1.404e-06
XM_034477979.1	4940	4841	35.0248	8.46508
XM_034477980.1	3767	3668	22.0034	7.01863
XM_034477981.1	3607	3508	0.00238942	0.000796936
XM_034477982.1	1746	1647	2	1.42078
XM_034477983.1	3589	3490	0.997606	0.334445
XM_034477984.1	3449	3350	0	0
XM_034477985.1	3795	3696	46.7548	14.8008
XM_034477986.1	2565	2466	0	0
XM_034477987.1	2409	2310	1.24523	0.630707
XM_034477988.1	2536	2437	0	0
XM_034477989.1	1075	976	2	2.39757
XM_034477990.1	1703	1604	7.28152	5.3114
XM_034477991.1	1644	1545	1	0.75729
XM_034477992.1	1130	1031	2	2.26967
XM_034477993.1	2491	2392	0	0
XM_034477994.1	4594	4495	0	0
XM_034477995.1	1814	1715	0	0
XM_034477996.1	2932	2833	66	27.2576
XM_034477997.1	2929	2830	1.83895e-06	7.60282e-07
XM_034477998.1	2487	2388	0	0
XM_034477999.1	2402	2303	2	1.01608
XM_034478000.1	4557	4458	0	0
XM_034478001.1	749	650	0	0
XM_034478002.1	698	599	0	0
XM_034478003.1	886	787	10	14.8668
XM_034478004.1	802	703	0	0
XM_034478005.1	3465	3366	1.48639	0.516666
XM_034478006.1	1842	1743	0.017048	0.0114437
XM_034478007.1	2196	2097	0	0
XM_034478008.1	2378	2279	0	0
XM_034478009.1	2157	2058	0	0
XM_034478010.1	6117	6018	7.11768	1.38381
XM_034478011.1	2315	2216	0	0
XM_034478012.1	2251	2152	0	0
XM_034478013.1	2370	2271	0	0
XM_034478014.1	2212	2113	0	0
XM_034478015.1	2104	2005	0	0
XM_034478016.1	2076	1977	0	0
XM_034478017.1	2142	2043	0	0
XM_034478018.1	2197	2098	0	0
XM_034478019.1	2037	1938	0	0
XM_034478020.1	2062	1963	17.2227	10.2653
XM_034478021.1	1977	1878	0	0
XM_034478022.1	1834	1735	3.76027	2.53577
XM_034478023.1	5373	5274	40	8.87382
XM_034478024.1	5490	5391	0	0
XM_034478025.1	1921	1822	1.04171	0.668946
XM_034478026.1	2964	2865	9.54943e-05	3.89981e-05
XM_034478027.1	2934	2835	21.9999	9.07943
XM_034478028.1	2587	2488	0	0
XM_034478029.1	1566	1467	2	1.59511
XM_034478030.1	1270	1171	0	0
XM_034478031.1	2165	2066	4.39227	2.48742
XM_034478032.1	1085	986	0	0
XM_034478033.1	3868	3769	13	4.0356
XM_034478034.1	4903	4804	8	1.9484
XM_034478035.1	2676	2577	0	0
XM_034478036.1	3928	3829	8	2.44453
XM_034478037.1	1859	1760	2	1.32956
XM_034478038.1	876	777	10	15.0581
XM_034478039.1	2775	2676	49	21.424
XM_034478040.1	1178	1079	0	0
XM_034478041.1	708	609	0	0
XM_034478042.1	625	526	0	0
XM_034478043.1	1095	996	578	678.984
XM_034478044.1	1032	933	0	0
XM_034478045.1	3303	3204	0	0
XM_034478046.1	1543	1444	0	0
XM_034478047.1	793	694	1	1.6859
XM_034478048.1	1048	949	0	0
XM_034478049.1	870	771	0	0
XM_034478050.1	2993	2894	0	0
XM_034478051.1	2804	2705	10.5008	4.54198
XM_034478052.1	3028	2929	8.09116	3.23208
XM_034478053.1	2666	2567	3.90884	1.78161
XM_034478054.1	2263	2164	0	0
XM_034478055.1	1292	1193	1	0.980732
XM_034478056.1	1784	1685	0	0
XM_034478057.1	1734	1635	2	1.43121
XM_034478058.1	1187	1088	0	0
XM_034478059.1	1394	1295	0	0
XM_034478060.1	1358	1259	0	0
XM_034478061.1	1184	1085	0	0
XM_034478062.1	946	847	0	0
XM_034478063.1	2323	2224	8.61201	4.53065
XM_034478064.1	2322	2223	14.5954	7.68186
XM_034478065.1	5327	5228	0	0
XM_034478066.1	5307	5208	0	0
XM_034478067.1	5180	5081	88	20.264
XM_034478068.1	1979	1880	0	0
XM_034478069.1	2428	2329	0	0
XM_034478070.1	3150	3051	0	0
XM_034478071.1	3008	2909	7.39826	2.97562
XM_034478072.1	3543	3444	18	6.11504
XM_034478073.1	3785	3686	0	0
XM_034478074.1	3941	3842	0	0
XM_034478075.1	4236	4137	0	0
XM_034478076.1	7319	7220	11	1.78257
XM_034478077.1	3639	3540	11.4371	3.78009
XM_034478078.1	3638	3539	6.32123	2.08983
XM_034478079.1	3060	2961	0	0
XM_034478080.1	2384	2285	1.24171	0.635807
XM_034478081.1	2053	1954	0	0
XM_034478082.1	3092	2993	6.20124	2.42417
XM_034478083.1	2506	2407	0	0
XM_034478084.1	2555	2456	0	0
XM_034478085.1	1044	945	24.6251	30.4885
XM_034478086.1	1893	1794	0	0
XM_034478087.1	472	373	0	0
XM_034478088.1	1821	1722	0.0819752	0.0556981
XM_034478089.1	1815	1716	4.91802	3.35324
XM_034478090.1	1253	1154	0	0
XM_034478091.1	1230	1131	1	1.03449
XM_034478092.1	875	776	0	0
XM_034478093.1	3015	2916	0	0
XM_034478094.1	3008	2909	0	0
XM_034478095.1	852	753	0	0
XM_034478096.1	1074	975	3	3.60004
XM_034478097.1	1092	993	0	0
XM_034478098.1	969	870	0	0
XM_034478099.1	2129	2030	0	0
XM_034478100.1	3811	3712	3.87675	1.22194
XM_034478101.1	3290	3191	0	0
XM_034478102.1	2481	2382	0	0
XM_034478103.1	3324	3225	0	0
XM_034478104.1	3036	2937	0	0
XM_034478105.1	3020	2921	0	0
XM_034478106.1	2966	2867	33	13.4672
XM_034478107.1	6527	6428	0	0
XM_034478108.1	6493	6394	1.86637e-08	3.4152e-09
XM_034478109.1	6527	6428	0	0
XM_034478110.1	3070	2971	0	0
XM_034478111.1	6512	6413	0	0
XM_034478112.1	6461	6362	6.71316e-06	1.23459e-06
XM_034478113.1	6446	6347	0.000107016	1.97274e-05
XM_034478114.1	6395	6296	1.37841	0.256157
XM_034478115.1	6380	6281	22.6215	4.21389
XM_034478116.1	4823	4724	0	0
XM_034478117.1	4676	4577	0	0
XM_034478118.1	1442	1343	0	0
XM_034478119.1	1212	1113	42	44.1514
XM_034478120.1	3088	2989	4.50594e-05	1.76381e-05
XM_034478121.1	1925	1826	0	0
XM_034478122.1	974	875	0	0
XM_034478123.1	1431	1332	0	0
XM_034478124.1	3086	2987	91.4309	35.8137
XM_034478125.1	1763	1664	0	0
XM_034478126.1	3932	3833	0.504641	0.15404
XM_034478127.1	3932	3833	0.504641	0.15404
XM_034478128.1	1659	1560	0	0
XM_034478129.1	1674	1575	0	0
XM_034478130.1	1900	1801	0	0
XM_034478131.1	2763	2664	3.32384	1.45981
XM_034478132.1	1021	922	7	8.88297
XM_034478133.1	2768	2669	0.368471	0.161527
XM_034478134.1	1732	1633	6.84284	4.90277
XM_034478135.1	1687	1588	0	0
XM_034478136.1	1629	1530	0	0
XM_034478137.1	3117	3018	6	2.32607
XM_034478138.1	2146	2047	0	0
XM_034478139.1	2425	2326	2.76676	1.39172
XM_034478140.1	2063	1964	2	1.19146
XM_034478141.1	1809	1710	3.28326e-06	2.24646e-06
XM_034478142.1	1789	1690	3.23324	2.23842
XM_034478143.1	1771	1672	3	2.09931
XM_034478144.1	2992	2893	12.7854	5.17078
XM_034478145.1	5064	4965	38.7484	9.13114
XM_034478146.1	1485	1386	291	245.652
XM_034478147.1	2958	2859	0	0
XM_034478148.1	1964	1865	0	0
XM_034478149.1	2480	2381	0.02093	0.0102849
XM_034478150.1	2472	2373	1.08466	0.534795
XM_034478151.1	2205	2106	0	0
XM_034478152.1	2941	2842	16.2146	6.67534
XM_034478153.1	2907	2808	0	0
XM_034478154.1	4325	4226	0	0
XM_034478155.1	4313	4214	0	0
XM_034478156.1	4211	4112	0	0
XM_034478157.1	4096	3997	0	0
XM_034478158.1	638	539	33.7817	73.3304
XM_034478159.1	4280	4181	0	0
XM_034478160.1	1580	1481	0	0
XM_034478161.1	1571	1472	0	0
XM_034478162.1	1178	1079	5	5.42175
XM_034478163.1	550	451	0	0
XM_034478164.1	2124	2025	8	4.62228
XM_034478165.1	4335	4236	0	0
XM_034478166.1	2875	2776	68.207	28.7475
XM_034478167.1	3044	2945	0	0
XM_034478168.1	1805	1706	0	0
XM_034478169.1	1763	1664	0	0
XM_034478170.1	1766	1667	0	0
XM_034478171.1	1884	1785	0	0
XM_034478172.1	1772	1673	0	0
XM_034478173.1	1715	1616	1	0.724018
XM_034478174.1	1778	1679	0	0
XM_034478175.1	4265	4166	0	0
XM_034478176.1	5276	5177	0	0
XM_034478177.1	2482	2383	141.925	69.683
XM_034478178.1	5262	5163	0	0
XM_034478179.1	5584	5485	43.8547	9.35471
XM_034478180.1	5177	5078	0	0
XM_034478181.1	5162	5063	0	0
XM_034478182.1	5482	5383	0.0175891	0.00382305
XM_034478183.1	5466	5367	0.57767	0.125933
XM_034478184.1	3967	3868	0	0
XM_034478185.1	4058	3959	13.1528	3.88709
XM_034478186.1	3757	3658	66.8472	21.3811
XM_034478187.1	2897	2798	0.295806	0.123694
XM_034478188.1	4148	4049	0	0
XM_034478189.1	3038	2939	20.6488	8.22028
XM_034478190.1	2901	2802	0.0553673	0.0231194
XM_034478191.1	2438	2339	0	0
XM_034478192.1	1284	1185	0	0
XM_034478193.1	1761	1662	0	0
XM_034478194.1	2291	2192	0	0
XM_034478195.1	1887	1788	0	0
XM_034478196.1	1917	1818	0	0
XM_034478197.1	3913	3814	0.0343779	0.010546
XM_034478198.1	1953	1854	18	11.3594
XM_034478199.1	2103	2004	0	0
XM_034478200.1	2142	2043	0	0
XM_034478201.1	909	810	0	0
XM_034478202.1	1537	1438	0	0
XM_034478203.1	1476	1377	1	0.849683
XM_034478204.1	1504	1405	0	0
XM_034478205.1	937	838	0	0
XM_034478206.1	1235	1136	58	59.7366
XM_034478207.1	13684	13585	26	2.23926
XM_034478208.1	3071	2972	0	0
XM_034478209.1	3059	2960	0	0
XM_034478210.1	3886	3787	143.032	44.1906
XM_034478211.1	3059	2960	0	0
XM_034478212.1	3056	2957	0	0
XM_034478213.1	3053	2954	0	0
XM_034478214.1	3041	2942	0	0
XM_034478215.1	3037	2938	0	0
XM_034478216.1	3026	2927	0	0
XM_034478217.1	3023	2924	0	0
XM_034478218.1	3007	2908	0	0
XM_034478219.1	2981	2882	0	0
XM_034478220.1	2962	2863	2.79042e-07	1.14035e-07
XM_034478221.1	3094	2995	0	0
XM_034478222.1	2951	2852	2.55107e-05	1.04656e-05
XM_034478223.1	2947	2848	0.000132345	5.43699e-05
XM_034478224.1	3075	2976	0	0
XM_034478225.1	2932	2833	0.0648453	0.0267807
XM_034478226.1	3064	2965	0	0
XM_034478227.1	2917	2818	32.8345	13.6327
XM_034478228.1	3048	2949	0	0
XM_034478229.1	3045	2946	0	0
XM_034478230.1	3030	2931	0	0
XM_034478231.1	3003	2904	0	0
XM_034478232.1	2988	2889	0	0
XM_034478233.1	2985	2886	0	0
XM_034478234.1	2973	2874	0	0
XM_034478235.1	2970	2871	1.05724e-08	4.30857e-09
XM_034478236.1	2958	2859	1.43849e-06	5.88685e-07
XM_034478237.1	2955	2856	4.92876e-06	2.01916e-06
XM_034478238.1	2940	2841	0.0023733	0.000977401
XM_034478239.1	2931	2832	0.0981136	0.0405347
XM_034478240.1	4322	4223	23.9989	6.64906
XM_034478241.1	4358	4259	0.00113725	0.000312421
XM_034478242.1	893	794	8	11.7885
XM_034478243.1	1123	1024	0	0
XM_034478244.1	1092	993	0	0
XM_034478245.1	1134	1035	0	0
XM_034478246.1	1103	1004	0	0
XM_034478247.1	1070	971	4	4.81983
XM_034478248.1	3596	3497	7	2.34203
XM_034478249.1	2371	2272	53.5057	27.5539
XM_034478250.1	4686	4587	1.15838	0.29547
XM_034478251.1	878	779	9.74001	14.6289
XM_034478252.1	3278	3179	1	0.368044
XM_034478253.1	3357	3258	0	0
XM_034478254.1	770	671	1	1.74369
XM_034478255.1	743	644	5	9.08396
XM_034478256.1	878	779	1.10161	1.65455
XM_034478257.1	1205	1106	0	0
XM_034478258.1	1015	916	0	0
XM_034478259.1	3794	3695	7.02932	2.22582
XM_034478260.1	6797	6698	2.06656	0.360988
XM_034478261.1	1155	1056	0	0
XM_034478262.1	761	662	0	0
XM_034478263.1	830	731	0	0
XM_034478264.1	805	706	2	3.31449
XM_034478265.1	1394	1295	0	0
XM_034478266.1	1330	1231	0	0
XM_034478267.1	2430	2331	0	0
XM_034478268.1	1079	980	0	0
XM_034478269.1	1234	1135	1	1.03085
XM_034478270.1	1450	1351	12	10.3924
XM_034478271.1	1136	1037	0.967345	1.09142
XM_034478272.1	1174	1075	0	0
XM_034478273.1	2881	2782	0	0
XM_034478274.1	2207	2108	0	0
XM_034478275.1	2007	1908	0	0
XM_034478276.1	1884	1785	0	0
XM_034478277.1	1755	1656	0	0
XM_034478278.1	3820	3721	1	0.314435
XM_034478279.1	580	481	0	0
XM_034478280.1	3897	3798	0.000676103	0.000208281
XM_034478281.1	3928	3829	0	0
XM_034478282.1	3928	3829	4.8848e-08	1.49263e-08
XM_034478283.1	1600	1501	0	0
XM_034478284.1	2135	2036	2	1.14933
XM_034478285.1	1163	1064	0	0
XM_034478286.1	1597	1498	0	0
XM_034478287.1	1094	995	3.78318	4.44862
XM_034478288.1	1255	1156	1.21682	1.23157
XM_034478289.1	1228	1129	0	0
XM_034478290.1	2441	2342	0	0
XM_034478291.1	898	799	0	0
XM_034478292.1	973	874	0	0
XM_034478293.1	1384	1285	0	0
XM_034478294.1	791	692	0	0
XM_034478295.1	1031	932	0	0
XM_034478296.1	1005	906	3	3.87422
XM_034478297.1	1767	1668	1	0.701447
XM_034478298.1	4997	4898	13.9526	3.33293
XM_034478299.1	1580	1481	1.15716	0.914172
XM_034478300.1	2039	1940	0	0
XM_034478301.1	2050	1951	0	0
XM_034478302.1	2122	2023	1	0.578356
XM_034478303.1	2650	2551	12.2912	5.63734
XM_034478304.1	2644	2545	194.62	89.4728
XM_034478305.1	1588	1489	0	0
XM_034478306.1	1470	1371	0	0
XM_034478307.1	4440	4341	0.016505	0.00444852
XM_034478308.1	426	327	0	0
XM_034478309.1	4323	4224	0	0
XM_034478310.1	1172	1073	5.15865	5.62506
XM_034478311.1	1635	1536	12.4348	9.47192
XM_034478312.1	4461	4362	0	0
XM_034478313.1	2032	1933	46	27.8431
XM_034478314.1	4724	4625	0	0
XM_034478315.1	4679	4580	0	0
XM_034478316.1	4818	4719	0	0
XM_034478317.1	4782	4683	0	0
XM_034478318.1	4650	4551	1.44575e-07	3.71686e-08
XM_034478319.1	4584	4485	4	1.04349
XM_034478320.1	4313	4214	0	0
XM_034478321.1	1348	1249	0	0
XM_034478322.1	2620	2521	3	1.39232
XM_034478323.1	1591	1492	10	7.84191
XM_034478324.1	1157	1058	0	0
XM_034478325.1	1127	1028	0	0
XM_034478326.1	4309	4210	0	0
XM_034478327.1	1932	1833	0	0
XM_034478328.1	1370	1271	0	0
XM_034478329.1	1588	1489	0	0
XM_034478330.1	1091	992	1	1.17945
XM_034478331.1	1595	1496	0	0
XM_034478332.1	4302	4203	0	0
XM_034478333.1	1586	1487	1	0.786828
XM_034478334.1	2492	2393	35.4489	17.3321
XM_034478335.1	2489	2390	6.48848	3.17641
XM_034478336.1	3122	3023	4.06262	1.57239
XM_034478337.1	1759	1660	2	1.40965
XM_034478338.1	4441	4342	0	0
XM_034478339.1	2343	2244	0	0
XM_034478340.1	1099	1000	9	10.5301
XM_034478341.1	891	792	9	13.2956
XM_034478342.1	4416	4317	11.0126	2.98469
XM_034478343.1	1366	1267	1	0.923452
XM_034478344.1	1500	1401	65	54.2833
XM_034478345.1	906	807	0	0
XM_034478346.1	785	686	0	0
XM_034478347.1	701	602	0	0
XM_034478348.1	4294	4195	0	0
XM_034478349.1	651	552	0	0
XM_034478350.1	1088	989	7.89924	9.34501
XM_034478351.1	865	766	0	0
XM_034478352.1	561	462	0	0
XM_034478353.1	655	556	0	0
XM_034478354.1	471	372	0	0
XM_034478355.1	740	641	1001.34	1827.75
XM_034478356.1	4285	4186	0	0
XM_034478357.1	2441	2342	0	0
XM_034478358.1	4282	4183	0	0
XM_034478359.1	2179	2080	0	0
XM_034478360.1	2433	2334	0	0
XM_034478361.1	2236	2137	4	2.19001
XM_034478362.1	1911	1812	4	2.58281
XM_034478363.1	741	642	1	1.82245
XM_034478364.1	844	745	11.1485	17.5086
XM_034478365.1	595	496	0	0
XM_034478366.1	4274	4175	0	0
XM_034478367.1	932	833	0	0
XM_034478368.1	2120	2021	0	0
XM_034478369.1	1633	1534	9	6.86449
XM_034478370.1	4265	4166	0	0
XM_034478371.1	2446	2347	10	4.98514
XM_034478372.1	6542	6443	27.6249	5.01654
XM_034478373.1	9419	9320	311.017	39.0444
XM_034478374.1	4118	4019	2.93251	0.853713
XM_034478375.1	4269	4170	0	0
XM_034478376.1	5660	5561	4.90164e-05	1.03129e-05
XM_034478377.1	1812	1713	0	0
XM_034478378.1	4274	4175	0	0
XM_034478379.1	1297	1198	2	1.95328
XM_034478380.1	783	684	0	0
XM_034478381.1	4277	4178	0	0
XM_034478382.1	1836	1737	10.1184	6.81557
XM_034478383.1	1718	1619	0	0
XM_034478384.1	1718	1619	10	7.22677
XM_034478385.1	1667	1568	0	0
XM_034478386.1	1634	1535	0	0
XM_034478387.1	4263	4164	0	0
XM_034478388.1	8262	8163	4.43612e-05	6.35835e-06
XM_034478389.1	8263	8164	3.84238e-05	5.50666e-06
XM_034478390.1	8214	8115	0.0448101	0.00646068
XM_034478391.1	8163	8064	72.9551	10.5851
XM_034478392.1	8202	8103	0	0
XM_034478393.1	8062	7963	0	0
XM_034478394.1	7791	7692	43	6.54064
XM_034478395.1	4248	4149	0	0
XM_034478396.1	2049	1950	0	0
XM_034478397.1	2372	2273	0	0
XM_034478398.1	1059	960	0	0
XM_034478399.1	1738	1639	0	0
XM_034478400.1	1699	1600	8	5.85007
XM_034478401.1	4182	4083	0	0
XM_034478402.1	1236	1137	30	30.8711
XM_034478403.1	611	512	0	0
XM_034478404.1	639	540	27	58.5007
XM_034478405.1	3193	3094	0	0
XM_034478406.1	1305	1206	0	0
XM_034478407.1	1288	1189	2	1.96806
XM_034478408.1	1303	1204	8.21251e-07	7.98069e-07
XM_034478409.1	957	858	1	1.36365
XM_034478410.1	1099	1000	2.20317	2.57774
XM_034478411.1	4111	4012	0	0
XM_034478412.1	1201	1102	0	0
XM_034478413.1	1072	973	0	0
XM_034478414.1	1029	930	0	0
XM_034478415.1	1112	1013	0	0
XM_034478416.1	1069	970	0	0
XM_034478417.1	1069	970	0	0
XM_034478418.1	4127	4028	0	0
XM_034478419.1	899	800	0	0
XM_034478420.1	1238	1139	63.0334	64.7497
XM_034478421.1	985	886	22.3032	29.4527
XM_034478422.1	924	825	0	0
XM_034478423.1	2190	2091	10	5.59547
XM_034478424.1	4088	3989	23.8953	7.00872
XM_034478425.1	4176	4077	30.2757	8.68848
XM_034478426.1	4127	4028	0	0
XM_034478427.1	3287	3188	1.76008e-05	6.4596e-06
XM_034478428.1	4095	3996	17.1993	5.0359
XM_034478429.1	1761	1662	5.67113e-05	3.99236e-05
XM_034478430.1	1743	1644	19.9999	14.2337
XM_034478431.1	4075	3976	0	0
XM_034478432.1	2288	2189	15.6618	8.37117
XM_034478433.1	1504	1405	1	0.83275
XM_034478434.1	521	422	1	2.77254
XM_034478435.1	2302	2203	2	1.0622
XM_034478436.1	4055	3956	0	0
XM_034478437.1	843	744	0	0
XM_034478438.1	1052	953	1	1.22772
XM_034478439.1	654	555	0	0
XM_034478440.1	2211	2112	3.32958	1.84453
XM_034478441.1	3265	3166	3	1.10867
XM_034478442.1	3127	3028	27.7698	10.7302
XM_034478443.1	4888	4789	0	0
XM_034478444.1	4870	4771	1.07576e-07	2.63814e-08
XM_034478445.1	4867	4768	2.2498e-07	5.52076e-08
XM_034478446.1	4813	4714	0.142753	0.0354313
XM_034478447.1	4792	4693	26.8572	6.69579
XM_034478448.1	3819	3720	0	0
XM_034478449.1	4148	4049	1.15699e-06	3.34328e-07
XM_034478450.1	4152	4053	3.63342e-07	1.04889e-07
XM_034478451.1	4094	3995	7.99991	2.34293
XM_034478452.1	3756	3657	0	0
XM_034478453.1	1557	1458	0	0
XM_034478454.1	1379	1280	7	6.39851
XM_034478455.1	1400	1301	15	13.4898
XM_034478456.1	1905	1806	2	1.2957
XM_034478457.1	1066	967	0	0
XM_034478458.1	535	436	3	8.05055
XM_034478459.1	530	431	0	0
XM_034478460.1	843	744	0	0
XM_034478461.1	847	748	0	0
XM_034478462.1	7683	7584	4.06618e-05	6.27306e-06
XM_034478463.1	2315	2216	0	0
XM_034478464.1	2415	2316	0	0
XM_034478465.1	2281	2182	0	0
XM_034478466.1	2176	2077	27.5353	15.5111
XM_034478467.1	7598	7499	22.4382	3.50086
XM_034478468.1	2221	2122	0	0
XM_034478469.1	1690	1591	0	0
XM_034478470.1	794	695	2	3.36695
XM_034478471.1	3248	3149	32.8083	12.1899
XM_034478472.1	978	879	0	0
XM_034478473.1	862	763	0	0
XM_034478474.1	6571	6472	160.526	29.0201
XM_034478475.1	900	801	0	0
XM_034478476.1	2903	2804	3	1.2518
XM_034478477.1	1245	1146	1	1.02095
XM_034478478.1	2189	2090	2.02796	1.13528
XM_034478479.1	905	806	50	72.5815
XM_034478480.1	817	718	0	0
XM_034478481.1	2156	2057	7	3.98157
XM_034478482.1	2189	2090	5.46171e-08	3.05755e-08
XM_034478483.1	2343	2244	0	0
XM_034478484.1	2798	2699	14	6.06898
XM_034478485.1	2194	2095	0	0
XM_034478486.1	2376	2277	0	0
XM_034478487.1	2232	2133	0	0
XM_034478488.1	2261	2162	1.24898	0.675914
XM_034478489.1	1591	1492	0	0
XM_034478490.1	1679	1580	0	0
XM_034478491.1	1568	1469	0	0
XM_034478492.1	1463	1364	1.01809	0.873297
XM_034478493.1	1548	1449	9	7.26716
XM_034478494.1	2821	2722	0	0
XM_034478495.1	2747	2648	4.47793	1.97856
XM_034478496.1	4284	4185	0	0
XM_034478497.1	3510	3411	3.1135	1.06797
XM_034478498.1	2419	2320	1.96171	0.989322
XM_034478499.1	3526	3427	0.0128606	0.00439074
XM_034478500.1	1112	1013	0	0
XM_034478501.1	1145	1046	1	1.11856
XM_034478502.1	1360	1261	1	0.927846
XM_034478503.1	2290	2191	14.8099	7.90864
XM_034478504.1	3389	3290	4.57164e-08	1.6258e-08
XM_034478505.1	3334	3235	17.7143	6.40679
XM_034478506.1	2821	2722	1	0.429836
XM_034478507.1	3962	3863	29.6202	8.97128
XM_034478508.1	1438	1339	0	0
XM_034478509.1	1399	1300	0	0
XM_034478510.1	1893	1794	0	0
XM_034478511.1	2303	2204	7	3.71601
XM_034478512.1	1775	1676	0	0
XM_034478513.1	1775	1676	0	0
XM_034478514.1	842	743	16	25.1954
XM_034478515.1	2367	2268	0	0
XM_034478516.1	2348	2249	9	4.68213
XM_034478517.1	1232	1133	0	0
XM_034478518.1	1564	1465	0	0
XM_034478519.1	2337	2238	0	0
XM_034478520.1	2288	2189	8.4686	4.52644
XM_034478521.1	2074	1975	91.3701	54.1287
XM_034478522.1	1946	1847	313.869	198.826
XM_034478523.1	1793	1694	56.7606	39.2035
XM_034478524.1	1538	1439	5	4.06537
XM_034478525.1	1090	991	2	2.36128
XM_034478526.1	1261	1162	1	1.0069
XM_034478527.1	3176	3077	0	0
XM_034478528.1	3339	3240	0	0
XM_034478529.1	750	651	15	26.9588
XM_034478530.1	3683	3584	13	4.24391
XM_034478531.1	1860	1761	0	0
XM_034478532.1	3422	3323	15.2383	5.36534
XM_034478533.1	13474	13375	77	6.73578
XM_034478534.1	13305	13206	0	0
XM_034478535.1	13278	13179	0	0
XM_034478536.1	7939	7840	0	0
XM_034478537.1	7930	7831	0	0
XM_034478538.1	7661	7562	0	0
XM_034478539.1	7783	7684	0	0
XM_034478540.1	7766	7667	0	0
XM_034478541.1	7776	7677	0	0
XM_034478542.1	7661	7562	0	0
XM_034478543.1	7660	7561	0	0
XM_034478544.1	7657	7558	0	0
XM_034478545.1	7903	7804	0	0
XM_034478546.1	7081	6982	54.1856	9.08019
XM_034478547.1	5531	5432	0	0
XM_034478548.1	5521	5422	0	0
XM_034478549.1	5244	5145	2	0.454816
XM_034478550.1	1262	1163	0	0
XM_034478551.1	2542	2443	0.0726424	0.0347902
XM_034478552.1	5894	5795	0.223026	0.045029
XM_034478553.1	5894	5795	0.223026	0.045029
XM_034478554.1	5879	5780	4.66322	0.94395
XM_034478555.1	5876	5777	8.5736	1.73641
XM_034478556.1	5890	5791	0.000322715	6.52013e-05
XM_034478557.1	5875	5776	0.00676181	0.0013697
XM_034478558.1	5875	5776	0.00676181	0.0013697
XM_034478559.1	5872	5773	0.0124372	0.00252065
XM_034478560.1	5872	5773	0.0124372	0.00252065
XM_034478561.1	2532	2433	8.92736	4.29311
XM_034478562.1	5860	5761	0.142805	0.0290025
XM_034478563.1	5857	5758	0.263083	0.0534579
XM_034478564.1	5857	5758	0.263083	0.0534579
XM_034478565.1	5842	5743	5.60943	1.1428
XM_034478566.1	5215	5116	0	0
XM_034478567.1	5071	4972	0	0
XM_034478568.1	3093	2994	0	0
XM_034478569.1	2703	2604	0	0
XM_034478570.1	2786	2687	0	0
XM_034478571.1	5977	5878	92.7316	18.4582
XM_034478572.1	2338	2239	34.7153	18.1408
XM_034478573.1	2516	2417	0	0
XM_034478574.1	4590	4491	3	0.781572
XM_034478575.1	3625	3526	0	0
XM_034478576.1	3297	3198	4	1.46343
XM_034478577.1	1936	1837	0	0
XM_034478578.1	1883	1784	0	0
XM_034478579.1	1880	1781	0	0
XM_034478580.1	3066	2967	58.2476	22.9695
XM_034478581.1	1698	1599	1	0.731716
XM_034478582.1	1695	1596	0	0
XM_034478583.1	3432	3333	0	0
XM_034478584.1	3347	3248	0	0
XM_034478585.1	3347	3248	0	0
XM_034478586.1	3262	3163	0	0
XM_034478587.1	3192	3093	30	11.3483
XM_034478588.1	2777	2678	0	0
XM_034478589.1	2023	1924	0	0
XM_034478590.1	2248	2149	2	1.08889
XM_034478591.1	1501	1402	1	0.834532
XM_034478592.1	4314	4215	0	0
XM_034478593.1	4065	3966	44	12.9805
XM_034478594.1	2113	2014	0	0
XM_034478595.1	1225	1126	0	0
XM_034478596.1	3279	3180	0.000335353	0.000123386
XM_034478597.1	2024	1925	0	0
XM_034478598.1	2163	2064	1	0.566867
XM_034478599.1	2051	1952	0	0
XM_034478600.1	2820	2721	3.85869e-08	1.65921e-08
XM_034478601.1	2821	2722	2.50757e-08	1.07784e-08
XM_034478602.1	2769	2670	168	73.6188
XM_034478603.1	1867	1768	0	0
XM_034478604.1	1838	1739	2	1.34562
XM_034478605.1	1908	1809	0	0
XM_034478606.1	1850	1751	0	0
XM_034478607.1	1720	1621	4	2.88714
XM_034478608.1	1645	1546	0	0
XM_034478609.1	1937	1838	0	0
XM_034478610.1	1569	1470	0	0
XM_034478611.1	2812	2713	17.1124	7.37994
XM_034478612.1	2819	2720	0	0
XM_034478613.1	2784	2685	5.1914e-06	2.2622e-06
XM_034478614.1	2751	2652	10.3562	4.56894
XM_034478615.1	2780	2681	0	0
XM_034478616.1	2700	2601	115.531	51.9697
XM_034478617.1	1358	1259	1.24141	1.15366
XM_034478618.1	1025	926	0	0
XM_034478619.1	1490	1391	0	0
XM_034478620.1	1260	1161	0	0
XM_034478621.1	1478	1379	0	0
XM_034478622.1	872	773	0	0
XM_034478623.1	392	293	27.4574	109.643
XM_034478624.1	1276	1177	0	0
XM_034478625.1	1126	1027	0	0
XM_034478626.1	1108	1009	0	0
XM_034478627.1	5815	5716	0	0
XM_034478628.1	1088	989	7	8.28119
XM_034478629.1	5785	5686	0	0
XM_034478630.1	3030	2931	0	0
XM_034478631.1	3091	2992	0	0
XM_034478632.1	3022	2923	0	0
XM_034478633.1	5794	5695	0	0
XM_034478634.1	5657	5558	0	0
XM_034478635.1	3395	3296	0	0
XM_034478636.1	5707	5608	0	0
XM_034478637.1	6532	6433	0	0
XM_034478638.1	4849	4750	0	0
XM_034478639.1	4839	4740	0	0
XM_034478640.1	5868	5769	0	0
XM_034478641.1	1243	1144	11.9217	12.1928
XM_034478642.1	5673	5574	0	0
XM_034478643.1	1600	1501	1	0.779489
XM_034478644.1	1529	1430	1	0.818191
XM_034478645.1	2665	2566	17.092	7.7934
XM_034478646.1	1511	1412	0	0
XM_034478647.1	1604	1505	0	0
XM_034478648.1	5631	5532	0	0
XM_034478649.1	1114	1015	1	1.15272
XM_034478650.1	879	780	2	3.00003
XM_034478651.1	950	851	14.6501	20.142
XM_034478652.1	3390	3291	43.2065	15.3607
XM_034478653.1	3362	3263	11.7935	4.22881
XM_034478654.1	5569	5470	0	0
XM_034478655.1	807	708	0	0
XM_034478656.1	2331	2232	36	18.8712
XM_034478657.1	1751	1652	0	0
XM_034478658.1	5861	5762	13.0821	2.65642
XM_034478659.1	1684	1585	1	0.738179
XM_034478660.1	5542	5443	0	0
XM_034478661.1	2359	2260	41.4949	21.4821
XM_034478662.1	1228	1129	12.5051	12.9594
XM_034478663.1	5371	5272	0	0
XM_034478664.1	5308	5209	0	0
XM_034478665.1	1734	1635	2	1.43121
XM_034478666.1	871	772	0	0
XM_034478667.1	2161	2062	7.75041	4.39771
XM_034478668.1	5458	5359	102.647	22.4105
XM_034478669.1	5541	5442	1.51994e-06	3.26783e-07
XM_034478670.1	5740	5641	0	0
XM_034478671.1	5263	5164	0	0
XM_034478672.1	3776	3677	5	1.59099
XM_034478673.1	2098	1999	0	0
XM_034478674.1	3285	3186	3.67472e-05	1.34949e-05
XM_034478675.1	2330	2231	14.2692	7.48326
XM_034478676.1	2364	2265	2.81442e-07	1.45383e-07
XM_034478677.1	2567	2468	18.7842	8.9051
XM_034478678.1	5200	5101	0	0
XM_034478679.1	4318	4219	4.00127	1.10963
XM_034478680.1	4522	4423	0	0
XM_034478681.1	4403	4304	0	0
XM_034478682.1	4423	4324	0	0
XM_034478683.1	1937	1838	0	0
XM_034478684.1	2544	2445	9.52562	4.55832
XM_034478685.1	2173	2074	1.00919	0.56932
XM_034478686.1	10137	10038	12.7102	1.48148
XM_034478687.1	8877	8778	1.76328	0.235027
XM_034478688.1	5035	4936	0	0
XM_034478689.1	8877	8778	1.76328	0.235027
XM_034478690.1	8877	8778	1.76328	0.235027
XM_034478691.1	693	594	2	3.93944
XM_034478692.1	1232	1133	27	27.882
XM_034478693.1	1924	1825	0	0
XM_034478694.1	8381	8282	103	14.551
XM_034478695.1	1981	1882	13	8.08192
XM_034478696.1	3993	3894	39	11.7182
XM_034478697.1	3051	2952	0	0
XM_034478698.1	2892	2793	0	0
XM_034478699.1	2774	2675	10.8226	4.73369
XM_034478700.1	2974	2875	0	0
XM_034478701.1	2958	2859	0	0
XM_034478702.1	2080	1981	5.17737	3.05785
XM_034478703.1	2152	2053	0	0
XM_034478704.1	5366	5267	0	0
XM_034478705.1	4911	4812	14	3.40403
XM_034478706.1	4171	4072	0	0
XM_034478707.1	4169	4070	0	0
XM_034478708.1	4090	3991	33.8811	9.93267
XM_034478709.1	6310	6211	1.94099	0.365639
XM_034478710.1	6152	6053	0.00215026	0.000415634
XM_034478711.1	6302	6203	8.80254	1.66034
XM_034478712.1	6309	6210	2.3445	0.441722
XM_034478713.1	6304	6205	6.0309	1.13719
XM_034478714.1	6325	6226	0	0
XM_034478715.1	3237	3138	0	0
XM_034478716.1	3426	3327	0	0
XM_034478717.1	2515	2416	2	0.968554
XM_034478718.1	6142	6043	0.0149554	0.00289559
XM_034478719.1	2567	2468	0	0
XM_034478720.1	2528	2429	0	0
XM_034478721.1	2528	2429	0	0
XM_034478722.1	2489	2390	0	0
XM_034478723.1	2474	2375	2.43623e-07	1.20018e-07
XM_034478724.1	2444	2345	0.728748	0.363601
XM_034478725.1	2441	2342	3.27125	1.63425
XM_034478726.1	2192	2093	0	0
XM_034478727.1	6137	6038	0.0394889	0.00765196
XM_034478728.1	2328	2229	0	0
XM_034478729.1	2319	2220	0	0
XM_034478730.1	2265	2166	0	0
XM_034478731.1	2202	2103	1.58198e-05	8.80144e-06
XM_034478732.1	2181	2082	2.05012	1.1521
XM_034478733.1	6101	6002	43.9434	8.56621
XM_034478734.1	2401	2302	0	0
XM_034478735.1	2367	2268	0	0
XM_034478736.1	2151	2052	12.2536	6.98681
XM_034478737.1	2597	2498	2.19402	1.02763
XM_034478738.1	1812	1713	0	0
XM_034478739.1	1764	1665	0	0
XM_034478740.1	2122	2023	0	0
XM_034478741.1	1974	1875	3	1.87202
XM_034478742.1	1403	1304	0	0
XM_034478743.1	1645	1546	3	2.2704
XM_034478744.1	576	477	347	851.142
XM_034478745.1	2275	2176	0	0
XM_034478746.1	3211	3112	5.42683e-06	2.04032e-06
XM_034478747.1	3211	3112	5.42683e-06	2.04032e-06
XM_034478748.1	8146	8047	0	0
XM_034478749.1	8134	8035	11.5778	1.6859
XM_034478750.1	6267	6168	0	0
XM_034478751.1	7652	7553	0	0
XM_034478752.1	5724	5625	0	0
XM_034478753.1	7440	7341	63.7416	10.1592
XM_034478754.1	1248	1149	0.114705	0.116803
XM_034478755.1	6574	6475	0	0
XM_034478756.1	4366	4267	12	3.29041
XM_034478757.1	3966	3867	3	0.907691
XM_034478758.1	2687	2588	0	0
XM_034478759.1	2908	2809	0	0
XM_034478760.1	2557	2458	7	3.33202
XM_034478761.1	2809	2710	0	0
XM_034478762.1	3343	3244	3	1.08201
XM_034478763.1	2313	2214	0	0
XM_034478764.1	2465	2366	0	0
XM_034478765.1	2446	2347	0	0
XM_034478766.1	3315	3216	0	0
XM_034478767.1	2311	2212	0	0
XM_034478768.1	2211	2112	1.05611e-07	5.85066e-08
XM_034478769.1	2213	2114	3.47956e-08	1.92579e-08
XM_034478770.1	2194	2095	0.00138294	0.000772346
XM_034478771.1	2742	2643	7.59872e-07	3.36383e-07
XM_034478772.1	2707	2608	4.698	2.10764
XM_034478773.1	2244	2145	11.3849	6.21004
XM_034478774.1	1943	1844	0	0
XM_034478775.1	2436	2337	0	0
XM_034478776.1	1954	1855	0	0
XM_034478777.1	3556	3457	23	7.7843
XM_034478778.1	3684	3585	0	0
XM_034478779.1	3281	3182	0	0
XM_034478780.1	2638	2539	13	5.99062
XM_034478781.1	1857	1758	0	0
XM_034478782.1	1495	1396	0	0
XM_034478783.1	2148	2049	6.39797	3.65335
XM_034478784.1	2632	2533	1.99931	0.923498
XM_034478785.1	3202	3103	0	0
XM_034478786.1	2467	2368	0	0
XM_034478787.1	1835	1736	2	1.34794
XM_034478788.1	3033	2934	1	0.398778
XM_034478789.1	1994	1895	0	0
XM_034478790.1	1731	1632	3.69604	2.64977
XM_034478791.1	1132	1033	0.830266	0.940389
XM_034478792.1	4156	4057	0	0
XM_034478793.1	3443	3344	0	0
XM_034478794.1	1216	1117	27	28.2814
XM_034478795.1	1261	1162	2.12906e-07	2.14375e-07
XM_034478796.1	1282	1183	0	0
XM_034478797.1	1250	1151	0	0
XM_034478798.1	1240	1141	0	0
XM_034478799.1	1198	1099	0	0
XM_034478800.1	1141	1042	0	0
XM_034478801.1	1246	1147	0.885295	0.903057
XM_034478802.1	1015	916	0	0
XM_034478803.1	1206	1107	3.87983	4.10068
XM_034478804.1	1301	1202	2	1.94678
XM_034478805.1	970	871	0	0
XM_034478806.1	1135	1036	0	0
XM_034478807.1	2969	2870	1.2224	0.498338
XM_034478808.1	2353	2254	3	1.55725
XM_034478809.1	1558	1459	0	0
XM_034478810.1	702	603	0	0
XM_034478811.1	1322	1223	0	0
XM_034478812.1	1245	1146	0	0
XM_034478813.1	800	701	0	0
XM_034478814.1	936	837	0	0
XM_034478815.1	897	798	0	0
XM_034478816.1	1052	953	0	0
XM_034478817.1	906	807	0	0
XM_034478818.1	2884	2785	11	4.62124
XM_034478819.1	2763	2664	3	1.31758
XM_034478820.1	736	637	0	0
XM_034478821.1	2781	2682	70.7863	30.8803
XM_034478822.1	1167	1068	0	0
XM_034478823.1	2192	2093	0	0
XM_034478824.1	829	730	0	0
XM_034478825.1	1590	1491	0	0
XM_034478826.1	375	276	0	0
XM_034478827.1	4047	3948	0	0
XM_034478828.1	2111	2012	0	0
XM_034478829.1	1476	1377	1	0.849683
XM_034478830.1	714	615	12.0214	22.8703
XM_034478831.1	1236	1137	0	0
XM_034478832.1	420	321	17.1238	62.4145
XM_034478833.1	3091	2992	1	0.391047
XM_034478834.1	1041	942	0	0
XM_034478835.1	780	681	2.95381	5.07488
XM_034478836.1	711	612	0	0
XM_034478837.1	2126	2027	0	0
XM_034478838.1	906	807	7.55386	10.9518
XM_034478839.1	2051	1952	17	10.1897
XM_034478840.1	1020	921	5	6.35186
XM_034478841.1	2949	2850	0	0
XM_034478842.1	615	516	0	0
XM_034478843.1	440	341	0	0
XM_034478844.1	1719	1620	18	13.0001
XM_034478845.1	809	710	3.09805	5.1053
XM_034478846.1	4320	4221	0	0
XM_034478847.1	732	633	0	0
XM_034478848.1	851	752	0	0
XM_034478849.1	499	400	0	0
XM_034478850.1	2178	2079	0	0
XM_034478851.1	888	789	0	0
XM_034478852.1	453	354	0	0
XM_034478853.1	2967	2868	1	0.407954
XM_034478854.1	1004	905	35.9018	46.415
XM_034478855.1	692	593	0	0
XM_034478856.1	688	589	0	0
XM_034478857.1	1066	967	0	0
XM_034478858.1	990	891	6.75785	8.87405
XM_034478859.1	888	789	0	0
XM_034478860.1	843	744	0	0
XM_034478861.1	1818	1719	0	0
XM_034478862.1	812	713	5	8.20486
XM_034478863.1	1212	1113	1	1.05122
XM_034478864.1	408	309	0	0
XM_034478865.1	495	396	0	0
XM_034478866.1	1161	1062	2	2.20342
XM_034478867.1	2245	2146	2.24215	1.22244
XM_034478868.1	2222	2123	5	2.75557
XM_034478869.1	776	677	46	79.4987
XM_034478870.1	5150	5051	3	0.69492
XM_034478871.1	3825	3726	0	0
XM_034478872.1	573	474	0	0
XM_034478873.1	4365	4266	4.04401	1.10913
XM_034478874.1	510	411	0	0
XM_034478875.1	433	334	0	0
XM_034478876.1	366	267	332	1454.85
XM_034478877.1	645	546	0	0
XM_034478878.1	573	474	0	0
XM_034478879.1	4926	4827	73	17.6944
XM_034478880.1	669	570	0	0
XM_034478881.1	1308	1209	0	0
XM_034478882.1	2603	2504	7.75859	3.62526
XM_034478883.1	2285	2186	9	4.81707
XM_034478884.1	2413	2314	0	0
XM_034478885.1	837	738	0	0
XM_034478886.1	5109	5010	0	0
XM_034478887.1	730	631	0	0
XM_034478888.1	770	671	0	0
XM_034478889.1	2261	2162	1	0.541172
XM_034478890.1	921	822	0	0
XM_034478891.1	1201	1102	0	0
XM_034478892.1	561	462	0	0
XM_034478893.1	561	462	1	2.5325
XM_034478894.1	672	573	1	2.04191
XM_034478895.1	3978	3879	0	0
XM_034478896.1	2084	1985	2	1.17885
XM_034478897.1	1343	1244	7	6.58368
XM_034478898.1	798	699	0	0
XM_034478899.1	1767	1668	3.94595	2.76787
XM_034478900.1	974	875	0	0
XM_034478901.1	1535	1436	0	0
XM_034478902.1	873	774	0	0
XM_034478903.1	1308	1209	0	0
XM_034478904.1	750	651	0	0
XM_034478905.1	6857	6758	3	0.51939
XM_034478906.1	3090	2991	0	0
XM_034478907.1	1011	912	0	0
XM_034478908.1	2698	2599	0	0
XM_034478909.1	2895	2796	1.84927	0.773845
XM_034478910.1	531	432	0	0
XM_034478911.1	684	585	0	0
XM_034478912.1	489	390	0	0
XM_034478913.1	2604	2505	0	0
XM_034478914.1	1131	1032	0	0
XM_034478915.1	479	380	0	0
XM_034478916.1	852	753	0	0
XM_034478917.1	738	639	0	0
XM_034478918.1	579	480	0	0
XM_034478919.1	1137	1038	6	6.76308
XM_034478920.1	1317	1218	0	0
XM_034478921.1	324	225	0	0
XM_034478922.1	2892	2793	2	0.837818
XM_034478923.1	1302	1203	0	0
XM_034478924.1	2016	1917	0	0
XM_034478925.1	1002	903	0	0
XM_034478926.1	4571	4472	0	0
XM_034478927.1	774	675	0	0
XM_034478928.1	624	525	0	0
XM_034478929.1	566	467	59.6636	149.48
XM_034478930.1	810	711	0	0
XM_034478931.1	1143	1044	1	1.1207
XM_034478932.1	3197	3098	11.5804	4.37354
XM_034478933.1	1433	1334	0	0
XM_034478934.1	4469	4370	21	5.62249
XM_034478935.1	900	801	0	0
XM_034478936.1	2046	1947	2.11755	1.2725
XM_034478937.1	474	375	0	0
XM_034478938.1	4333	4234	0	0
XM_034478939.1	846	747	0	0
XM_034478940.1	870	771	1	1.51753
XM_034478941.1	480	381	0	0
XM_034478942.1	1668	1569	0	0
XM_034478943.1	3540	3441	0	0
XM_034478944.1	4762	4663	0	0
XM_034478945.1	5389	5290	0	0
XM_034478946.1	1224	1125	0	0
XM_034478947.1	1842	1743	0	0
XM_034478948.1	6067	5968	0	0
XM_034478949.1	4722	4623	5.11776	1.29523
XM_034478950.1	2788	2689	2	0.870222
XM_034478951.1	477	378	0	0
XM_034478952.1	2604	2505	0	0
XM_034478953.1	545	446	0	0
XM_034478954.1	993	894	0	0
XM_034478955.1	1432	1333	24.5931	21.5861
XM_034478956.1	2607	2508	13.197	6.15655
XM_034478957.1	1276	1177	1	0.994064
XM_034478958.1	1106	1007	0	0
XM_034478959.1	767	668	0	0
XM_034478960.1	1024	925	0	0
XM_034478961.1	3916	3817	0	0
XM_034478962.1	807	708	0	0
XM_034478963.1	7259	7160	71.284	11.6485
XM_034478964.1	516	417	1	2.80579
XM_034478965.1	3984	3885	6.6323	1.9974
XM_034478966.1	417	318	0	0
XM_034478967.1	7111	7012	5.61883	0.93755
XM_034478968.1	432	333	0	0
XM_034478969.1	463	364	0	0
XM_034478970.1	474	375	2	6.24007
XM_034478971.1	7941	7842	0	0
XM_034478972.1	1791	1692	3	2.07449
XM_034478973.1	533	434	0	0
XM_034478974.1	1791	1692	3	2.07449
XM_034478975.1	2481	2382	1.08491	0.532897
XM_034478976.1	1278	1179	0	0
XM_034478977.1	2835	2736	12	5.13164
XM_034478978.1	775	676	0	0
XM_034478979.1	1806	1707	0	0
XM_034478980.1	1409	1310	0.470079	0.419846
XM_034478981.1	1228	1129	0	0
XM_034478982.1	4038	3939	82	24.3567
XM_034478983.1	1008	909	0	0
XM_034478984.1	984	885	0	0
XM_034478985.1	606	507	0	0
XM_034478986.1	987	888	0	0
XM_034478987.1	2040	1941	27	16.2753
XM_034478988.1	828	729	0	0
XM_034478989.1	522	423	0	0
XM_034478990.1	4635	4536	7.46972	1.92673
XM_034478991.1	3005	2906	127.678	51.4056
XM_034478992.1	841	742	0	0
XM_034478993.1	625	526	0	0
XM_034478994.1	285	186	0	0
XM_034478995.1	1582	1483	0	0
XM_034478996.1	1422	1323	0	0
XM_034478997.1	875	776	0	0
XM_034478998.1	1497	1398	1	0.836919
XM_034478999.1	795	696	2	3.36211
XM_034479000.1	1244	1145	0	0
XM_034479001.1	9301	9202	21	2.6701
XM_034479002.1	547	448	0	0
XM_034479003.1	2730	2631	6	2.66822
XM_034479004.1	697	598	0	0
XM_034479005.1	661	562	0	0
XM_034479006.1	3318	3219	21.8044	7.92529
XM_034479007.1	871	772	0	0
XM_034479008.1	3885	3786	5.96884	1.84459
XM_034479009.1	594	495	0	0
XM_034479010.1	565	466	0	0
XM_034479011.1	1227	1128	0	0
XM_034479012.1	1227	1128	0	0
XM_034479013.1	2209	2110	0	0
XM_034479014.1	721	622	0	0
XM_034479015.1	1594	1495	188.814	147.769
XM_034479016.1	6222	6123	0	0
XM_034479017.1	5913	5814	0	0
XM_034479018.1	5775	5676	0	0
XM_034479019.1	1351	1252	1.40309	1.31121
XM_034479020.1	1832	1733	0	0
XM_034479021.1	1817	1718	0	0
XM_034479022.1	1960	1861	0	0
XM_034479023.1	2370	2271	5.50545	2.8364
XM_034479024.1	1545	1446	16.1364	13.0566
XM_034479025.1	1654	1555	0	0
XM_034479026.1	1937	1838	0	0
XM_034479027.1	1526	1427	0	0
XM_034479028.1	1555	1456	0	0
XM_034479029.1	1520	1421	0	0
XM_034479030.1	1871	1772	0	0
XM_034479031.1	1937	1838	0	0
XM_034479032.1	1512	1413	9.33782e-07	7.73204e-07
XM_034479033.1	1872	1773	0	0
XM_034479034.1	1493	1394	7.35813	6.17584
XM_034479035.1	1787	1688	0	0
XM_034479036.1	2057	1958	0	0
XM_034479037.1	3472	3373	0	0
XM_034479038.1	2067	1968	0	0
XM_034479039.1	1954	1855	34	21.445
XM_034479040.1	3044	2945	4	1.58915
XM_034479041.1	3094	2995	1.38223	0.539976
XM_034479042.1	3592	3493	2.06486	0.691645
XM_034479043.1	1192	1093	2	2.14092
XM_034479044.1	1747	1648	0	0
XM_034479045.1	1823	1724	38	25.7892
XM_034479046.1	1429	1330	0	0
XM_034479047.1	1648	1549	0	0
XM_034479048.1	1365	1266	0	0
XM_034479049.1	826	727	1	1.60937
XM_034479050.1	2497	2398	0.0027566	0.00134498
XM_034479051.1	2479	2380	18.9972	9.33909
XM_034479052.1	2557	2458	0	0
XM_034479053.1	2539	2440	0	0
XM_034479054.1	2474	2375	0	0
XM_034479055.1	3588	3489	3.11214e-06	1.04363e-06
XM_034479056.1	2996	2897	150.363	60.7272
XM_034479057.1	2094	1995	8.56785	5.02481
XM_034479058.1	2067	1968	6.43215	3.82404
XM_034479059.1	2986	2887	54	21.8846
XM_034479060.1	1573	1474	33.5355	26.6194
XM_034479061.1	928	829	17	23.993
XM_034479062.1	2616	2517	0	0
XM_034479063.1	8103	8004	16	2.33886
XM_034479064.1	4232	4133	9.29127	2.63027
XM_034479065.1	3989	3890	4	1.2031
XM_034479066.1	4073	3974	0	0
XM_034479067.1	2524	2425	0	0
XM_034479068.1	2810	2711	11.2273	4.8455
XM_034479069.1	1516	1417	0	0
XM_034479070.1	2475	2376	0	0
XM_034479071.1	3294	3195	0	0
XM_034479072.1	1019	920	0	0
XM_034479073.1	875	776	2	3.0155
XM_034479074.1	2118	2019	0	0
XM_034479075.1	2112	2013	0	0
XM_034479076.1	3977	3878	0	0
XM_034479077.1	2229	2130	2.00731	1.10262
XM_034479078.1	2270	2171	0	0
XM_034479079.1	4378	4279	0	0
XM_034479080.1	3973	3874	0	0
XM_034479081.1	4390	4291	0	0
XM_034479082.1	4332	4233	2.71211	0.749635
XM_034479083.1	4428	4329	0	0
XM_034479084.1	1116	1017	0	0
XM_034479085.1	1112	1013	0	0
XM_034479086.1	1910	1811	0	0
XM_034479087.1	1065	966	0	0
XM_034479088.1	2533	2434	1.0032	0.482233
XM_034479089.1	2271	2172	19	10.2349
XM_034479090.1	2936	2837	1.04848	0.432406
XM_034479091.1	2436	2337	16.9515	8.48674
XM_034479092.1	2274	2175	2.33077	1.25381
XM_034479093.1	2269	2170	34.6692	18.6928
XM_034479094.1	1119	1020	0	0
XM_034479095.1	1092	993	1	1.17826
XM_034479096.1	2032	1933	4.62043	2.79667
XM_034479097.1	1008	909	4	5.14857
XM_034479098.1	712	613	0	0
XM_034479099.1	1918	1819	4	2.57287
XM_034479100.1	2043	1944	0.00594201	0.00357625
XM_034479101.1	3476	3377	7.45703	2.5836
XM_034479102.1	3218	3119	21.0608	7.90042
XM_034479103.1	935	836	7	9.79676
XM_034479104.1	3115	3016	0	0
XM_034479105.1	3979	3880	19.6016	5.91085
XM_034479106.1	3249	3150	0	0
XM_034479107.1	3224	3125	0	0
XM_034479108.1	2301	2202	13	6.90744
XM_034479109.1	701	602	0	0
XM_034479110.1	875	776	0	0
XM_034479111.1	681	582	1	2.01033
XM_034479112.1	2406	2307	107	54.2659
XM_034479113.1	724	625	0	0
XM_034479114.1	2245	2146	0	0
XM_034479115.1	4489	4390	0	0
XM_034479116.1	4051	3952	8.09823	2.39753
XM_034479117.1	4165	4066	0	0
XM_034479118.1	4354	4255	0	0
XM_034479119.1	3777	3678	9	2.863
XM_034479120.1	3849	3750	46.4766	14.5009
XM_034479121.1	2303	2204	0	0
XM_034479122.1	1489	1390	62.9477	52.9854
XM_034479123.1	885	786	0	0
XM_034479124.1	4162	4063	0	0
XM_034479125.1	1770	1671	2.06469	1.44567
XM_034479126.1	1718	1619	0	0
XM_034479127.1	2824	2725	3	1.28809
XM_034479128.1	2775	2676	0	0
XM_034479129.1	2718	2619	4.88224	2.1811
XM_034479130.1	3389	3290	0	0
XM_034479131.1	3969	3870	59	17.8374
XM_034479132.1	864	765	0	0
XM_034479133.1	1520	1421	0	0
XM_034479134.1	1671	1572	0	0
XM_034479135.1	2032	1933	0	0
XM_034479136.1	1522	1423	0	0
XM_034479137.1	1349	1250	0	0
XM_034479138.1	1500	1401	0	0
XM_034479139.1	724	625	0	0
XM_034479140.1	1113	1014	0	0
XM_034479141.1	1624	1525	1	0.767222
XM_034479142.1	1255	1156	0	0
XM_034479143.1	1282	1183	0	0
XM_034479144.1	1299	1200	0	0
XM_034479145.1	1117	1018	0	0
XM_034479146.1	1172	1073	0	0
XM_034479147.1	1070	971	0.000183051	0.000220569
XM_034479148.1	1585	1486	0	0
XM_034479149.1	4366	4267	0	0
XM_034479150.1	4264	4165	0	0
XM_034479151.1	4168	4069	0	0
XM_034479152.1	3985	3886	0	0
XM_034479153.1	1274	1175	0	0
XM_034479154.1	645	546	0	0
XM_034479155.1	901	802	0	0
XM_034479156.1	891	792	0	0
XM_034479157.1	3680	3581	1	0.326728
XM_034479158.1	3517	3418	34.8656	11.9348
XM_034479159.1	2383	2284	1.81551	0.930021
XM_034479160.1	3715	3616	20.3374	6.58047
XM_034479161.1	3595	3496	0	0
XM_034479162.1	1098	999	0	0
XM_034479163.1	1288	1189	0	0
XM_034479164.1	1200	1101	0	0
XM_034479165.1	3450	3351	101	35.2645
XM_034479166.1	2553	2454	3	1.43033
XM_034479167.1	1485	1386	1	0.844166
XM_034479168.1	782	683	0	0
XM_034479169.1	1340	1241	11	10.3708
XM_034479170.1	2807	2708	2	0.864116
XM_034479171.1	734	635	4	7.37016
XM_034479172.1	2025	1926	20.3619	12.3695
XM_034479173.1	3017	2918	0	0
XM_034479174.1	1302	1203	0	0
XM_034479175.1	685	586	3	5.98983
XM_034479176.1	8564	8465	0	0
XM_034479177.1	8549	8450	0	0
XM_034479178.1	8540	8441	0	0
XM_034479179.1	8513	8414	0	0
XM_034479180.1	8486	8387	0	0
XM_034479181.1	8486	8387	0	0
XM_034479182.1	8463	8364	0	0
XM_034479183.1	8442	8343	0	0
XM_034479184.1	8440	8341	0	0
XM_034479185.1	8402	8303	0	0
XM_034479186.1	7500	7401	18.3935	2.9078
XM_034479187.1	6269	6170	31.6065	5.99352
XM_034479188.1	2052	1953	1	0.599085
XM_034479189.1	2140	2041	0	0
XM_034479190.1	2142	2043	0	0
XM_034479191.1	2246	2147	0.050351	0.0274389
XM_034479192.1	2035	1936	0	0
XM_034479193.1	2747	2648	0	0
XM_034479194.1	2407	2308	1	0.506938
XM_034479195.1	2329	2230	1	0.52467
XM_034479196.1	3040	2941	0.0575822	0.0229078
XM_034479197.1	3033	2934	0.942418	0.375815
XM_034479198.1	2341	2242	2	1.04372
XM_034479199.1	2495	2396	0	0
XM_034479200.1	1087	988	2	2.36845
XM_034479201.1	524	425	0	0
XM_034479202.1	4363	4264	0	0
XM_034479203.1	4191	4092	0	0
XM_034479204.1	4522	4423	0	0
XM_034479205.1	4425	4326	0	0
XM_034479206.1	4201	4102	0	0
XM_034479207.1	4146	4047	0	0
XM_034479208.1	4076	3977	0	0
XM_034479209.1	3574	3475	0	0
XM_034479210.1	3714	3615	0	0
XM_034479211.1	2997	2898	6	2.42239
XM_034479212.1	2548	2449	11	5.25527
XM_034479213.1	1750	1651	2	1.41734
XM_034479214.1	2632	2533	0	0
XM_034479215.1	2605	2506	0	0
XM_034479216.1	4386	4287	0	0
XM_034479217.1	4349	4250	0	0
XM_034479218.1	4663	4564	0	0
XM_034479219.1	4666	4567	0	0
XM_034479220.1	4683	4584	0	0
XM_034479221.1	4682	4583	0	0
XM_034479222.1	4652	4553	0	0
XM_034479223.1	4648	4549	0	0
XM_034479224.1	4671	4572	0	0
XM_034479225.1	4670	4571	0	0
XM_034479226.1	4796	4697	33	8.22023
XM_034479227.1	1049	950	0	0
XM_034479228.1	1026	927	5	6.31075
XM_034479229.1	1979	1880	0	0
XM_034479230.1	14670	14571	0.00341924	0.000274556
XM_034479231.1	14670	14571	0.00341924	0.000274556
XM_034479232.1	14568	14469	12.9588	1.0479
XM_034479233.1	5230	5131	4.54274	1.03587
XM_034479234.1	1469	1370	4	3.4161
XM_034479235.1	1471	1372	0	0
XM_034479236.1	4960	4861	41.349	9.95246
XM_034479237.1	4979	4880	0.425763	0.102079
XM_034479238.1	1026	927	0	0
XM_034479239.1	928	829	0	0
XM_034479240.1	702	603	0	0
XM_034479241.1	692	593	0	0
XM_034479242.1	671	572	83.2208	170.226
XM_034479243.1	3524	3425	4.36071e-08	1.48966e-08
XM_034479244.1	3497	3398	39.0093	13.4318
XM_034479245.1	3595	3496	0	0
XM_034479246.1	3579	3480	0	0
XM_034479247.1	3684	3585	0	0
XM_034479248.1	3553	3454	1.83692e-07	6.2224e-08
XM_034479249.1	972	873	0	0
XM_034479250.1	764	665	0	0
XM_034479251.1	514	415	0	0
XM_034479252.1	2013	1914	0	0
XM_034479253.1	1004	905	0	0
XM_034479254.1	415	316	0	0
XM_034479255.1	1414	1315	3	2.66923
XM_034479256.1	672	573	16	32.6705
XM_034479257.1	358	259	0	0
XM_034479258.1	1480	1381	0	0
XM_034479259.1	1088	989	1.35749	1.60594
XM_034479260.1	943	844	0	0
XM_034479261.1	4303	4204	0	0
XM_034479262.1	4288	4189	0	0
XM_034479263.1	2207	2108	2.18705	1.21389
XM_034479264.1	719	620	0	0
XM_034479265.1	3192	3093	0	0
XM_034479266.1	1686	1587	25.3225	18.6689
XM_034479267.1	1708	1609	0	0
XM_034479268.1	876	777	0	0
XM_034479269.1	1427	1328	0	0
XM_034479270.1	845	746	0	0
XM_034479271.1	1416	1317	0	0
XM_034479272.1	2668	2569	0	0
XM_034479273.1	4358	4259	10	2.74716
XM_034479274.1	3763	3664	1	0.319327
XM_034479275.1	3960	3861	0	0
XM_034479276.1	1398	1299	1	0.900703
XM_034479277.1	3290	3191	0	0
XM_034479278.1	4098	3999	45	13.1659
XM_034479279.1	3290	3191	0	0
XM_034479280.1	1870	1771	0	0
XM_034479281.1	1007	908	2	2.57712
XM_034479282.1	2245	2146	0	0
XM_034479283.1	2176	2077	1	0.563319
XM_034479284.1	2237	2138	0	0
XM_034479285.1	1282	1183	0	0
XM_034479286.1	2034	1935	0	0
XM_034479287.1	2582	2483	4.28991	2.02144
XM_034479288.1	3092	2993	4.27636	1.6717
XM_034479289.1	1405	1306	0	0
XM_034479290.1	1015	916	1	1.27731
XM_034479291.1	7836	7737	0	0
XM_034479292.1	7821	7722	0	0
XM_034479293.1	7695	7596	0	0
XM_034479294.1	7615	7516	19.6992	3.06657
XM_034479295.1	10670	10571	1.75552	0.194304
XM_034479296.1	10655	10556	9.28508	1.02915
XM_034479297.1	10652	10553	12.9594	1.43681
XM_034479298.1	5091	4992	52.62	12.333
XM_034479299.1	4998	4899	4.37997	1.04606
XM_034479300.1	477	378	11	34.048
XM_034479301.1	6911	6812	1.1462e-08	1.96868e-09
XM_034479302.1	7032	6933	0	0
XM_034479303.1	14613	14514	36.9483	2.9785
XM_034479304.1	14609	14510	51.0517	4.11655
XM_034479305.1	14592	14493	0	0
XM_034479306.1	14579	14480	0	0
XM_034479307.1	14576	14477	0	0
XM_034479308.1	1325	1226	0	0
XM_034479309.1	3732	3633	0	0
XM_034479310.1	2916	2817	0	0
XM_034479311.1	2916	2817	0	0
XM_034479312.1	1988	1889	0	0
XM_034479313.1	803	704	0	0
XM_034479314.1	841	742	0	0
XM_034479315.1	803	704	0	0
XM_034479316.1	841	742	0	0
XM_034479317.1	13105	13006	0	0
XM_034479318.1	13066	12967	0	0
XM_034479319.1	13044	12945	1.14787e-08	1.03749e-09
XM_034479320.1	13090	12991	1.59539e-08	1.43686e-09
XM_034479321.1	13099	13000	0	0
XM_034479322.1	13087	12988	2.09181e-08	1.88439e-09
XM_034479323.1	13081	12982	3.59678e-08	3.24162e-09
XM_034479324.1	13075	12976	6.18606e-08	5.57782e-09
XM_034479325.1	13054	12955	4.13548e-07	3.7349e-08
XM_034479326.1	13051	12952	5.42635e-07	4.90187e-08
XM_034479327.1	12886	12787	1.8449	0.168808
XM_034479328.1	12832	12733	264.155	24.2728
XM_034479329.1	3554	3455	0	0
XM_034479330.1	3604	3505	0	0
XM_034479331.1	3613	3514	0	0
XM_034479332.1	3460	3361	8.25583	2.87398
XM_034479333.1	3545	3446	0	0
XM_034479334.1	3451	3352	191.744	66.9282
XM_034479335.1	1922	1823	2.75781	1.76998
XM_034479336.1	1731	1632	13.3008	9.53562
XM_034479337.1	2630	2531	0	0
XM_034479338.1	1064	965	0	0
XM_034479339.1	957	858	0	0
XM_034479340.1	1081	982	0	0
XM_034479341.1	1078	979	0	0
XM_034479342.1	1117	1018	0	0
XM_034479343.1	2875	2776	7.17455	3.02389
XM_034479344.1	2872	2773	25.5051	10.7614
XM_034479345.1	2589	2490	13.4048	6.29873
XM_034479346.1	2606	2507	0.00458207	0.00213845
XM_034479347.1	856	757	0	0
XM_034479348.1	2642	2543	0	0
XM_034479349.1	2614	2515	0.000109153	5.07793e-05
XM_034479350.1	951	852	6.25314e-05	8.58716e-05
XM_034479351.1	943	844	3.99994	5.545
XM_034479352.1	929	830	0	0
XM_034479353.1	930	831	0	0
XM_034479354.1	885	786	0	0
XM_034479355.1	1586	1487	0	0
XM_034479356.1	1101	1002	0	0
XM_034479357.1	1105	1006	0	0
XM_034479358.1	905	806	0	0
XM_034479359.1	904	805	0	0
XM_034479360.1	1069	970	0	0
XM_034479361.1	1150	1051	1	1.11324
XM_034479362.1	832	733	1	1.5962
XM_034479363.1	1721	1622	3	2.16402
XM_034479364.1	4778	4679	1.11943e-08	2.7992e-09
XM_034479365.1	4775	4676	2.37535e-08	5.94352e-09
XM_034479366.1	4775	4676	2.37535e-08	5.94352e-09
XM_034479367.1	4769	4670	1.07107e-07	2.68344e-08
XM_034479368.1	4700	4601	4.10062	1.04277
XM_034479369.1	2097	1998	0	0
XM_034479370.1	1996	1897	0	0
XM_034479371.1	2082	1983	0	0
XM_034479372.1	2055	1956	3.98623	2.38443
XM_034479373.1	2040	1941	0	0
XM_034479374.1	1807	1708	0	0
XM_034479375.1	1800	1701	0	0
XM_034479376.1	2015	1916	4.01377	2.45103
XM_034479377.1	1814	1715	0	0
XM_034479378.1	1799	1700	0	0
XM_034479379.1	1902	1803	0	0
XM_034479380.1	1809	1710	0	0
XM_034479381.1	1797	1698	0	0
XM_034479382.1	1764	1665	8	5.62169
XM_034479383.1	1129	1030	0	0
XM_034479384.1	1200	1101	1	1.06268
XM_034479385.1	1200	1101	1	1.06268
XM_034479386.1	8400	8301	25.3333	3.57069
XM_034479387.1	3328	3229	0	0
XM_034479388.1	3275	3176	0	0
XM_034479389.1	3304	3205	0	0
XM_034479390.1	3316	3217	0	0
XM_034479391.1	3251	3152	0	0
XM_034479392.1	3253	3154	0	0
XM_034479393.1	3245	3146	0	0
XM_034479394.1	3176	3077	16.6233	6.32093
XM_034479395.1	3164	3065	0	0
XM_034479396.1	3106	3007	0	0
XM_034479397.1	2786	2687	0	0
XM_034479398.1	2777	2678	0	0
XM_034479399.1	1375	1276	0	0
XM_034479400.1	3537	3438	9.09215	3.09422
XM_034479401.1	6527	6428	0	0
XM_034479402.1	3983	3884	68	20.4843
XM_034479403.1	532	433	0	0
XM_034479404.1	2290	2191	0	0
XM_034479405.1	2183	2084	18.4399	10.3527
XM_034479406.1	989	890	7	9.20235
XM_034479407.1	1785	1686	0	0
XM_034479408.1	1681	1582	0	0
XM_034479409.1	1738	1639	0	0
XM_034479410.1	989	890	0	0
XM_034479411.1	5159	5060	0	0
XM_034479412.1	5164	5065	0	0
XM_034479413.1	4837	4738	0	0
XM_034479414.1	3938	3839	39.1285	11.9252
XM_034479415.1	1264	1165	0	0
XM_034479416.1	3145	3046	1	0.384115
XM_034479417.1	1430	1331	1	0.879048
XM_034479418.1	2961	2862	0	0
XM_034479419.1	3416	3317	0	0
XM_034479420.1	1558	1459	0	0
XM_034479421.1	1399	1300	0	0
XM_034479422.1	1362	1263	2	1.85275
XM_034479423.1	1865	1766	0	0
XM_034479424.1	8056	7957	0	0
XM_034479425.1	3062	2963	0	0
XM_034479426.1	3399	3300	0	0
XM_034479427.1	6907	6808	0.0189914	0.00326384
XM_034479428.1	3650	3551	0	0
XM_034479429.1	1467	1368	0	0
XM_034479430.1	1404	1305	1	0.896562
XM_034479431.1	1512	1413	0	0
XM_034479432.1	1433	1334	0	0
XM_034479433.1	1949	1850	8.91735	5.63968
XM_034479434.1	1232	1133	0	0
XM_034479435.1	1646	1547	10.6523	8.05649
XM_034479436.1	3000	2901	0	0
XM_034479437.1	1381	1282	0	0
XM_034479438.1	1961	1862	18	11.3105
XM_034479439.1	3059	2960	20.8665	8.24799
XM_034479440.1	1913	1814	17.6533	11.3862
XM_034479441.1	7160	7061	12	1.98841
XM_034479442.1	1852	1753	8	5.33948
XM_034479443.1	578	479	2	4.88523
XM_034479444.1	1982	1883	0	0
XM_034479445.1	536	437	4.18962e-05	0.000112172
XM_034479446.1	3022	2923	8	3.20223
XM_034479447.1	531	432	30.5116	82.6365
XM_034479448.1	4079	3980	1	0.293973
XM_034479449.1	3373	3274	8	2.85892
XM_034479450.1	1709	1610	0	0
XM_034479451.1	2214	2115	5.3643	2.96752
XM_034479452.1	4752	4653	0	0
XM_034479453.1	4758	4659	0	0
XM_034479454.1	4745	4646	100.856	25.3987
XM_034479455.1	4726	4627	0	0
XM_034479456.1	4719	4620	0	0
XM_034479457.1	4665	4566	6.14437	1.57446
XM_034479458.1	1822	1723	1	0.679056
XM_034479459.1	4615	4516	0	0
XM_034479460.1	4594	4495	0	0
XM_034479461.1	4581	4482	0	0
XM_034479462.1	1851	1752	0	0
XM_034479463.1	1802	1703	1	0.687031
XM_034479464.1	1863	1764	5.358e-08	3.55381e-08
XM_034479465.1	1925	1826	0	0
XM_034479466.1	1852	1753	8.23474e-05	5.49615e-05
XM_034479467.1	1925	1826	0	0
XM_034479468.1	2113	2014	0	0
XM_034479469.1	1384	1285	1.16106	1.05716
XM_034479470.1	2142	2043	37	21.1897
XM_034479471.1	708	609	0	0
XM_034479472.1	2295	2196	12.4924	6.65585
XM_034479473.1	2475	2376	289	142.312
XM_034479474.1	4740	4641	50.2921	12.6788
XM_034479475.1	4660	4561	0	0
XM_034479476.1	2191	2092	1	0.55928
XM_034479477.1	353	254	1	4.60635
XM_034479478.1	2400	2301	0.999188	0.508068
XM_034479479.1	1308	1209	16	15.484
XM_034479480.1	2059	1960	14.5872	8.70779
XM_034479481.1	2069	1970	0.0372788	0.0221404
XM_034479482.1	610	511	0	0
XM_034479483.1	1491	1392	9.1367	7.67964
XM_034479484.1	1867	1768	6	3.97063
XM_034479485.1	1968	1869	2.05082	1.28384
XM_034479486.1	1450	1351	0	0
XM_034479487.1	1959	1860	0	0
XM_034479488.1	1805	1706	0	0
XM_034479489.1	1586	1487	9	7.08145
XM_034479490.1	2267	2168	0	0
XM_034479491.1	2204	2105	4.18326	2.32516
XM_034479492.1	3468	3369	41.7778	14.5089
XM_034479493.1	3273	3174	0	0
XM_034479494.1	3190	3091	3	1.13557
XM_034479495.1	5916	5817	66.2906	13.3335
XM_034479496.1	5214	5115	17.7094	4.05088
XM_034479497.1	2294	2195	32	17.0571
XM_034479498.1	1675	1576	0	0
XM_034479499.1	6624	6525	0	0
XM_034479500.1	6612	6513	0	0
XM_034479501.1	6543	6444	0	0
XM_034479502.1	6259	6160	78.4403	14.8987
XM_034479503.1	6277	6178	2.55931	0.484692
XM_034479504.1	6323	6224	0.000425689	8.00228e-05
XM_034479505.1	2889	2790	0	0
XM_034479506.1	2778	2679	13	5.67756
XM_034479507.1	3066	2967	1	0.394342
XM_034479508.1	934	835	1.60562	2.24982
XM_034479509.1	935	836	0.39438	0.55195
XM_034479510.1	1190	1091	0	0
XM_034479511.1	1160	1061	0	0
XM_034479512.1	1160	1061	0	0
XM_034479513.1	1130	1031	0	0
XM_034479514.1	3148	3049	0	0
XM_034479515.1	4675	4576	0	0
XM_034479516.1	4574	4475	32	8.36658
XM_034479517.1	4680	4581	0	0
XM_034479518.1	1319	1220	1	0.959027
XM_034479519.1	1398	1299	0	0
XM_034479520.1	3146	3047	14.1031	5.41541
XM_034479521.1	3171	3072	0.000969664	0.00036931
XM_034479522.1	2961	2862	13.0943	5.35306
XM_034479523.1	2154	2055	3.01103e-06	1.71433e-06
XM_034479524.1	1994	1895	0	0
XM_034479525.1	1985	1886	0	0
XM_034479526.1	1985	1886	0	0
XM_034479527.1	2130	2031	2.90568	1.67389
XM_034479528.1	2012	1913	0	0
XM_034479529.1	1975	1876	0	0
XM_034479530.1	2896	2797	0	0
XM_034479531.1	3082	2983	0	0
XM_034479532.1	1880	1781	0	0
XM_034479533.1	1727	1628	0	0
XM_034479534.1	2762	2663	0	0
XM_034479535.1	2047	1948	0	0
XM_034479536.1	742	643	0	0
XM_034479537.1	694	595	0	0
XM_034479538.1	498	399	0	0
XM_034479539.1	3072	2973	0	0
XM_034479540.1	7652	7553	0	0
XM_034479541.1	7519	7420	0	0
XM_034479542.1	7705	7606	0	0
XM_034479543.1	7680	7581	0	0
XM_034479544.1	7487	7388	2.50916e-07	3.97367e-08
XM_034479545.1	7627	7528	0	0
XM_034479546.1	7649	7550	0	0
XM_034479547.1	7633	7534	0	0
XM_034479548.1	7677	7578	0	0
XM_034479549.1	7603	7504	0	0
XM_034479550.1	7624	7525	0	0
XM_034479551.1	7600	7501	0	0
XM_034479552.1	7556	7457	0	0
XM_034479553.1	7468	7369	5.14434e-06	8.16792e-07
XM_034479554.1	7465	7366	8.29402e-06	1.31742e-06
XM_034479555.1	7625	7526	0	0
XM_034479556.1	7625	7526	0	0
XM_034479557.1	7580	7481	0	0
XM_034479558.1	7559	7460	0	0
XM_034479559.1	7553	7454	0	0
XM_034479560.1	7553	7454	0	0
XM_034479561.1	7553	7454	0	0
XM_034479562.1	7553	7454	0	0
XM_034479563.1	7532	7433	0	0
XM_034479564.1	7508	7409	0	0
XM_034479565.1	3006	2907	0	0
XM_034479566.1	7481	7382	6.50753e-07	1.03141e-07
XM_034479567.1	7520	7421	0	0
XM_034479568.1	7481	7382	6.50753e-07	1.03141e-07
XM_034479569.1	7481	7382	6.50753e-07	1.03141e-07
XM_034479570.1	7481	7382	6.50753e-07	1.03141e-07
XM_034479571.1	7481	7382	6.50753e-07	1.03141e-07
XM_034479572.1	7448	7349	0.00012469	1.98516e-05
XM_034479573.1	7448	7349	0.00012469	1.98516e-05
XM_034479574.1	7346	7247	0	0
XM_034479575.1	7376	7277	12.925	2.07811
XM_034479576.1	3005	2906	91	36.6384
XM_034479577.1	4741	4642	0	0
XM_034479578.1	4725	4626	0	0
XM_034479579.1	4709	4610	0	0
XM_034479580.1	4710	4611	0	0
XM_034479581.1	4710	4611	0	0
XM_034479582.1	4700	4601	0	0
XM_034479583.1	4701	4602	0	0
XM_034479584.1	4701	4602	0	0
XM_034479585.1	4694	4595	0	0
XM_034479586.1	4685	4586	0	0
XM_034479587.1	4676	4577	0	0
XM_034479588.1	4660	4561	0	0
XM_034479589.1	4808	4709	0	0
XM_034479590.1	4619	4520	0	0
XM_034479591.1	3893	3794	1.25759	0.387821
XM_034479592.1	3884	3785	20.3901	6.30297
XM_034479593.1	4375	4276	0	0
XM_034479594.1	4332	4233	0	0
XM_034479595.1	4308	4209	0	0
XM_034479596.1	4299	4200	0	0
XM_034479597.1	4287	4188	0	0
XM_034479598.1	4270	4171	47.4176	13.3012
XM_034479599.1	4257	4158	6.19214e-07	1.7424e-07
XM_034479600.1	4141	4042	0	0
XM_034479601.1	4124	4025	0	0
XM_034479602.1	4211	4112	0.287772	0.0818816
XM_034479603.1	4107	4008	0	0
XM_034479604.1	3454	3355	29.7334	10.3691
XM_034479605.1	2739	2640	1.82911	0.810639
XM_034479606.1	2639	2540	0	0
XM_034479607.1	2387	2288	11.332	5.79486
XM_034479608.1	2258	2159	0	0
XM_034479609.1	1279	1180	160.385	159.028
XM_034479610.1	3070	2971	8.19483	3.22722
XM_034479611.1	2338	2239	8.42113	4.40055
XM_034479612.1	2010	1911	0	0
XM_034479613.1	2156	2057	0	0
XM_034479614.1	1430	1331	0	0
XM_034479615.1	2234	2135	0.537743	0.294692
XM_034479616.1	1393	1294	16.2201	14.6659
XM_034479617.1	844	745	21.1222	33.1722
XM_034479618.1	1464	1365	0	0
XM_034479619.1	1802	1703	0.91538	0.628894
XM_034479620.1	1481	1382	0	0
XM_034479621.1	1410	1311	0	0
XM_034479622.1	1370	1271	0	0
XM_034479623.1	4641	4542	0	0
XM_034479624.1	4623	4524	0	0
XM_034479625.1	4608	4509	0	0
XM_034479626.1	4590	4491	0	0
XM_034479627.1	4518	4419	0.00227757	0.000603029
XM_034479628.1	4485	4386	14.9977	4.00081
XM_034479629.1	4502	4403	0	0
XM_034479630.1	5012	4913	0	0
XM_034479631.1	4907	4808	0	0
XM_034479632.1	4994	4895	0	0
XM_034479633.1	4888	4789	0	0
XM_034479634.1	5918	5819	0.00125689	0.000252721
XM_034479635.1	5002	4903	0	0
XM_034479636.1	5868	5769	31.296	6.34716
XM_034479637.1	4984	4885	0	0
XM_034479638.1	2734	2635	0	0
XM_034479639.1	2681	2582	14	6.34399
XM_034479640.1	2899	2800	0	0
XM_034479641.1	2875	2776	0	0
XM_034479642.1	2879	2780	0	0
XM_034479643.1	3007	2908	0	0
XM_034479644.1	3011	2912	0	0
XM_034479645.1	3065	2966	0	0
XM_034479646.1	3077	2978	0	0
XM_034479647.1	3052	2953	0	0
XM_034479648.1	3076	2977	0	0
XM_034479649.1	3142	3043	0	0
XM_034479650.1	1629	1530	0	0
XM_034479651.1	2691	2592	1	0.451394
XM_034479652.1	3416	3317	1	0.352732
XM_034479653.1	3379	3280	0	0
XM_034479654.1	3283	3184	0	0
XM_034479655.1	1871	1772	1.80212e-08	1.1899e-08
XM_034479656.1	1841	1742	9	6.04485
XM_034479657.1	1851	1752	0	0
XM_034479658.1	1729	1630	0	0
XM_034479659.1	1498	1399	2.42598	2.0289
XM_034479660.1	1601	1502	0	0
XM_034479661.1	1846	1747	0	0
XM_034479662.1	1723	1624	0.935632	0.674078
XM_034479663.1	1725	1626	0.22086	0.158923
XM_034479664.1	3100	3001	0	0
XM_034479665.1	3113	3014	0	0
XM_034479666.1	3272	3173	6	2.21244
XM_034479667.1	1655	1556	0	0
XM_034479668.1	2855	2756	0	0
XM_034479669.1	2908	2809	0	0
XM_034479670.1	1981	1882	1	0.621686
XM_034479671.1	2917	2818	0	0
XM_034479672.1	2927	2828	0	0
XM_034479673.1	1410	1311	0	0
XM_034479674.1	1352	1253	1	0.93377
XM_034479675.1	3239	3140	8.31844	3.09958
XM_034479676.1	826	727	197	317.046
XM_034479677.1	3235	3136	37.1029	13.8428
XM_034479678.1	3185	3086	0	0
XM_034479679.1	3121	3022	0	0
XM_034479680.1	3058	2959	2	0.790817
XM_034479681.1	2903	2804	0	0
XM_034479682.1	1043	944	14	17.3519
XM_034479683.1	3021	2922	2	0.800831
XM_034479684.1	5736	5637	0	0
XM_034479685.1	5719	5620	0	0
XM_034479686.1	5721	5622	75	15.6085
XM_034479687.1	5718	5619	0	0
XM_034479688.1	5504	5405	0	0
XM_034479689.1	7012	6913	0.00106167	0.000179686
XM_034479690.1	3742	3643	0	0
XM_034479691.1	3730	3631	11	3.54452
XM_034479692.1	1651	1552	6	4.52325
XM_034479693.1	5535	5436	0	0
XM_034479694.1	5829	5730	7.21952	1.47416
XM_034479695.1	5712	5613	0	0
XM_034479696.1	915	816	1	1.43384
XM_034479697.1	1249	1150	0	0
XM_034479698.1	881	782	0	0
XM_034479699.1	898	799	0	0
XM_034479700.1	869	770	6.99983	10.6362
XM_034479701.1	876	777	0.000171733	0.000258597
XM_034479702.1	2813	2714	1.12653	0.485652
XM_034479703.1	1609	1510	9	6.97359
XM_034479704.1	1996	1897	0	0
XM_034479705.1	1957	1858	0	0
XM_034479706.1	2113	2014	0	0
XM_034479707.1	1975	1876	0	0
XM_034479708.1	2033	1934	0	0
XM_034479709.1	2039	1940	0.646681	0.390013
XM_034479710.1	2146	2047	0	0
XM_034479711.1	2040	1941	0.353319	0.212977
XM_034479712.1	2072	1973	0	0
XM_034479713.1	1777	1678	0	0
XM_034479714.1	2216	2117	0	0
XM_034479715.1	2117	2018	0	0
XM_034479716.1	3109	3010	50.5905	19.665
XM_034479717.1	2097	1998	0	0
XM_034479718.1	4050	3951	2.40894	0.713361
XM_034479719.1	819	720	0	0
XM_034479720.1	856	757	0	0
XM_034479721.1	3873	3774	292.266	90.6082
XM_034479722.1	5136	5037	233.18	54.1638
XM_034479723.1	5028	4929	103.684	24.6118
XM_034479724.1	2716	2617	0	0
XM_034479725.1	2891	2792	159.524	66.8498
XM_034479726.1	2823	2724	0	0
XM_034479727.1	1977	1878	0	0
XM_034479728.1	2038	1939	0	0
XM_034479729.1	2117	2018	6	3.47873
XM_034479730.1	1996	1897	1	0.61677
XM_034479731.1	1380	1281	0	0
XM_034479732.1	4688	4589	0	0
XM_034479733.1	11351	11252	0	0
XM_034479734.1	11342	11243	0.0757969	0.00788788
XM_034479735.1	11312	11213	0	0
XM_034479736.1	11302	11203	4.95802	0.517803
XM_034479737.1	11282	11183	0	0
XM_034479738.1	10302	10203	0	0
XM_034479739.1	10095	9996	15.521	1.81671
XM_034479740.1	11176	11077	0.123375	0.0130315
XM_034479741.1	11136	11037	8.59294	0.910922
XM_034479742.1	10554	10455	0	0
XM_034479743.1	10208	10109	14.5258	1.68122
XM_034479744.1	10301	10202	0	0
XM_034479745.1	10307	10208	0	0
XM_034479746.1	11438	11339	0	0
XM_034479747.1	10154	10055	0	0
XM_034479748.1	10304	10205	12.8862	1.47741
XM_034479749.1	10243	10144	0	0
XM_034479750.1	9757	9658	0	0
XM_034479751.1	9545	9446	0	0
XM_034479752.1	9762	9663	0	0
XM_034479753.1	9521	9422	0	0
XM_034479754.1	9623	9524	0	0
XM_034479755.1	9505	9406	0	0
XM_034479756.1	9505	9406	0	0
XM_034479757.1	3046	2947	0	0
XM_034479758.1	3007	2908	0	0
XM_034479759.1	2980	2881	19.5986	7.95927
XM_034479760.1	2872	2773	4.69862e-07	1.98249e-07
XM_034479761.1	2833	2734	7.71818	3.30299
XM_034479762.1	5724	5625	21.2547	4.42102
XM_034479763.1	1306	1207	7.54901e-07	7.31769e-07
XM_034479764.1	1290	1191	4.74266	4.65909
XM_034479765.1	1290	1191	4.74266	4.65909
XM_034479766.1	1290	1191	4.74266	4.65909
XM_034479767.1	1291	1192	1.77203	1.73934
XM_034479768.1	2281	2182	0	0
XM_034479769.1	1287	1188	10	9.8486
XM_034479770.1	2613	2514	5.74802	2.67512
XM_034479771.1	2287	2188	0	0
XM_034479772.1	2015	1916	0	0
XM_034479773.1	2227	2128	0	0
XM_034479774.1	2120	2021	0	0
XM_034479775.1	2110	2011	0	0
XM_034479776.1	1523	1424	0	0
XM_034479777.1	1685	1586	4	2.95085
XM_034479778.1	991	892	8.62624	11.3148
XM_034479779.1	1103	1004	0	0
XM_034479780.1	1918	1819	0	0
XM_034479781.1	1098	999	0	0
XM_034479782.1	1076	977	0.0315568	0.0377911
XM_034479783.1	1071	972	12.9684	15.6103
XM_034479784.1	656	557	1	2.10056
XM_034479785.1	1479	1380	0	0
XM_034479786.1	1701	1602	1	0.730345
XM_034479787.1	1056	957	0	0
XM_034479788.1	718	619	0	0
XM_034479789.1	926	827	0	0
XM_034479790.1	1321	1222	1	0.957458
XM_034479791.1	1840	1741	21.4885	14.4411
XM_034479792.1	2273	2174	13.5061	7.2688
XM_034479793.1	4812	4713	4	0.993009
XM_034479794.1	2158	2059	0	0
XM_034479795.1	4696	4597	0	0
XM_034479796.1	4546	4447	0	0
XM_034479797.1	3814	3715	2	0.629886
XM_034479798.1	6795	6696	0	0
XM_034479799.1	6892	6793	0	0
XM_034479800.1	6661	6562	15	2.67452
XM_034479801.1	2096	1997	0	0
XM_034479802.1	4443	4344	0	0
XM_034479803.1	3520	3421	9	3.07808
XM_034479804.1	2355	2256	0	0
XM_034479805.1	1939	1840	0	0
XM_034479806.1	2090	1991	0	0
XM_034479807.1	2072	1973	7	4.15109
XM_034479808.1	1757	1658	4.91484e-07	3.46829e-07
XM_034479809.1	1732	1633	27	19.345
XM_034479810.1	1825	1726	0	0
XM_034479811.1	2567	2468	16	7.58518
XM_034479812.1	1853	1754	0	0
XM_034479813.1	2124	2025	0	0
XM_034479814.1	2140	2041	0	0
XM_034479815.1	1957	1858	50	31.4858
XM_034479816.1	2004	1905	0	0
XM_034479817.1	2056	1957	0	0
XM_034479818.1	1723	1624	26	18.7317
XM_034479819.1	3793	3694	38.1799	12.0929
XM_034479820.1	1924	1825	0	0
XM_034479821.1	1816	1717	38.5314	26.2564
XM_034479822.1	4721	4622	0.00078839	0.000199573
XM_034479823.1	4687	4588	4.54991	1.1603
XM_034479824.1	1941	1842	6.78792	4.3116
XM_034479825.1	1872	1773	2	1.31981
XM_034479826.1	3699	3600	4.99257	1.6226
XM_034479827.1	858	759	0	0
XM_034479828.1	842	743	0	0
XM_034479829.1	2281	2182	15.1368	8.11652
XM_034479830.1	969	870	0	0
XM_034479831.1	3857	3758	4	1.24536
XM_034479832.1	2230	2131	0.000190881	0.000104802
XM_034479833.1	2212	2113	3.99981	2.21478
XM_034479834.1	2367	2268	0	0
XM_034479835.1	4246	4147	0	0
XM_034479836.1	2370	2271	11	5.66717
XM_034479837.1	695	596	0	0
XM_034479838.1	1119	1020	0	0
XM_034479839.1	1064	965	0	0
XM_034479840.1	2474	2375	17.2907	8.51804
XM_034479841.1	2084	1985	0	0
XM_034479842.1	1892	1793	0	0
XM_034479843.1	1886	1787	0	0
XM_034479844.1	1850	1751	0	0
XM_034479845.1	1805	1706	0	0
XM_034479846.1	1831	1732	0	0
XM_034479847.1	2195	2096	1	0.558213
XM_034479848.1	1137	1038	0	0
XM_034479849.1	1141	1042	0	0
XM_034479850.1	1112	1013	0	0
XM_034479851.1	1121	1022	0	0
XM_034479852.1	1227	1128	0	0
XM_034479853.1	1204	1105	0	0
XM_034479854.1	1098	999	0	0
XM_034479855.1	876	777	6	9.03485
XM_034479856.1	894	795	0	0
XM_034479857.1	2021	1922	1.40326	0.854234
XM_034479858.1	3610	3511	74.9895	24.9897
XM_034479859.1	3621	3522	1.91185	0.63512
XM_034479860.1	4314	4215	10.0986	2.8032
XM_034479861.1	3738	3639	4	1.28608
XM_034479862.1	2649	2550	2	0.917658
XM_034479863.1	5470	5371	74.8844	16.3127
XM_034479864.1	8431	8332	4.05356	0.569217
XM_034479865.1	3680	3581	0	0
XM_034479866.1	1317	1218	0	0
XM_034479867.1	775	676	0	0
XM_034479868.1	1551	1452	2	1.61159
XM_034479869.1	1090	991	0	0
XM_034479870.1	1018	919	0	0
XM_034479871.1	2395	2296	1	0.509588
XM_034479872.1	2374	2275	1	0.514292
XM_034479873.1	2965	2866	25	10.206
XM_034479874.1	3142	3043	2.12256	0.816111
XM_034479875.1	1326	1227	0	0
XM_034479876.1	1301	1202	0	0
XM_034479877.1	1241	1142	0	0
XM_034479878.1	3346	3247	0	0
XM_034479879.1	4199	4100	0	0
XM_034479880.1	4215	4116	6.00524	1.70705
XM_034479881.1	3954	3855	0	0
XM_034479882.1	3842	3743	0	0
XM_034479883.1	4019	3920	0	0
XM_034479884.1	3475	3376	0	0
XM_034479885.1	3467	3368	0	0
XM_034479886.1	3174	3075	0	0
XM_034479887.1	3057	2958	0	0
XM_034479888.1	3132	3033	0	0
XM_034479889.1	3126	3027	0	0
XM_034479890.1	3009	2910	8.85924e-07	3.562e-07
XM_034479891.1	3085	2986	0	0
XM_034479892.1	2967	2868	22.5701	9.20757
XM_034479893.1	815	716	65.2192	106.574
XM_034479894.1	893	794	1.90817	2.81182
XM_034479895.1	892	793	8.36791	12.3462
XM_034479896.1	5439	5340	25.545	5.59699
XM_034479897.1	4264	4165	4.84597e-05	1.36131e-05
XM_034479898.1	2099	2000	0	0
XM_034479899.1	2112	2013	0	0
XM_034479900.1	2006	1907	1.10296e-07	6.76704e-08
XM_034479901.1	5226	5127	10	2.28206
XM_034479902.1	6931	6832	0	0
XM_034479903.1	723	624	6.23671	11.694
XM_034479904.1	1085	986	0	0
XM_034479905.1	2432	2333	0	0
XM_034479906.1	2234	2135	0	0
XM_034479907.1	1770	1671	2	1.40037
XM_034479908.1	2427	2328	0	0
XM_034479909.1	1844	1745	0	0
XM_034479910.1	3056	2957	2.31117	0.914472
XM_034479911.1	1460	1361	0	0
XM_034479912.1	1504	1405	0	0
XM_034479913.1	1740	1641	1	0.712988
XM_034479914.1	1861	1762	0	0
XM_034479915.1	1838	1739	5.5077	3.70563
XM_034479916.1	1464	1365	0	0
XM_034479917.1	1520	1421	0	0
XM_034479918.1	3501	3402	0	0
XM_034479919.1	3094	2995	8.27662	3.23331
XM_034479920.1	1156	1057	0	0
XM_034479921.1	1514	1415	0	0
XM_034479922.1	1357	1258	0	0
XM_034479923.1	1115	1016	0	0
XM_034479924.1	1069	970	3	3.6186
XM_034479925.1	1915	1816	0	0
XM_034479926.1	1312	1213	55	53.0509
XM_034479927.1	1309	1210	0	0
XM_034479928.1	2195	2096	4.52786e-08	2.52751e-08
XM_034479929.1	3065	2966	0	0
XM_034479930.1	4889	4790	0.00344538	0.000841575
XM_034479931.1	4858	4759	6.99637	1.72008
XM_034479932.1	2319	2220	6	3.1622
XM_034479933.1	1422	1323	13	11.4967
XM_034479934.1	3671	3572	0	0
XM_034479935.1	3779	3680	0	0
XM_034479936.1	11821	11722	3.17548	0.316955
XM_034479937.1	2318	2219	2.82452	1.48929
XM_034479938.1	1028	929	0	0
XM_034479939.1	10516	10417	0	0
XM_034479940.1	2993	2894	0	0
XM_034479941.1	2993	2894	0	0
XM_034479942.1	2877	2778	0	0
XM_034479943.1	2847	2748	0	0
XM_034479944.1	2840	2741	68	29.0262
XM_034479945.1	2883	2784	0	0
XM_034479946.1	2852	2753	0	0
XM_034479947.1	1277	1178	0	0
XM_034479948.1	1815	1716	1	0.681826
XM_034479949.1	2527	2428	2	0.963767
XM_034479950.1	2582	2483	0	0
XM_034479951.1	716	617	0	0
XM_034479952.1	2791	2692	0	0
XM_034479953.1	2684	2585	0	0
XM_034479954.1	2071	1972	0	0
XM_034479955.1	1668	1569	4.44934	3.3179
XM_034479956.1	1613	1514	0	0
XM_034479957.1	4057	3958	5	1.47804
XM_034479958.1	2450	2351	0	0
XM_034479959.1	2374	2275	0	0
XM_034479960.1	2234	2135	42.5307	23.3075
XM_034479961.1	3522	3423	7.38798	2.52528
XM_034479962.1	3518	3419	29.1188	9.96472
XM_034479963.1	1102	1003	0	0
XM_034479964.1	777	678	0	0
XM_034479965.1	2102	2003	0	0
XM_034479966.1	2363	2264	0	0
XM_034479967.1	2701	2602	0	0
XM_034479968.1	3669	3570	0	0
XM_034479969.1	3652	3553	0	0
XM_034479970.1	3648	3549	0	0
XM_034479971.1	3642	3543	0	0
XM_034479972.1	3636	3537	0	0
XM_034479973.1	3618	3519	0	0
XM_034479974.1	3588	3489	5.77299e-07	1.93593e-07
XM_034479975.1	3585	3486	0	0
XM_034479976.1	3534	3435	51	17.3714
XM_034479977.1	1753	1654	32	22.6363
XM_034479978.1	2405	2306	0	0
XM_034479979.1	1332	1233	2.0184	1.91529
XM_034479980.1	3629	3530	0	0
XM_034479981.1	3596	3497	0	0
XM_034479982.1	5309	5210	9.44674e-05	2.12146e-05
XM_034479983.1	3575	3476	0	0
XM_034479984.1	3548	3449	4.35124e-07	1.47608e-07
XM_034479985.1	3548	3449	4.35124e-07	1.47608e-07
XM_034479986.1	3500	3401	6	2.06412
XM_034479987.1	3603	3504	0	0
XM_034479988.1	3546	3447	0.00330922	0.00112325
XM_034479989.1	3522	3423	11.9966	4.10055
XM_034479990.1	3557	3458	7.88205e-05	2.66689e-05
XM_034479991.1	7539	7440	2.15033	0.33816
XM_034479992.1	7524	7425	22.941	3.61499
XM_034479993.1	1903	1804	0	0
XM_034479994.1	7505	7406	0.00593604	0.000937786
XM_034479995.1	7342	7243	2.81484e-07	4.54701e-08
XM_034479996.1	7321	7222	78.9027	12.7828
XM_034479997.1	7344	7245	2.03613e-07	3.2882e-08
XM_034479998.1	2358	2259	0	0
XM_034479999.1	2320	2221	0	0
XM_034480000.1	2335	2236	0	0
XM_034480001.1	2297	2198	0	0
XM_034480002.1	2313	2214	0	0
XM_034480003.1	2257	2158	0	0
XM_034480004.1	2469	2370	22	10.8609
XM_034480005.1	2975	2876	102	41.4956
XM_034480006.1	714	615	0	0
XM_034480007.1	1437	1338	0	0
XM_034480008.1	7085	6986	11.6482	1.95084
XM_034480009.1	5226	5127	0	0
XM_034480010.1	5359	5260	0	0
XM_034480011.1	5249	5150	0	0
XM_034480012.1	5079	4980	0	0
XM_034480013.1	4971	4872	0	0
XM_034480014.1	4981	4882	0	0
XM_034480015.1	4686	4587	24.3518	6.21146
XM_034480016.1	11927	11828	0.0106526	0.00105374
XM_034480017.1	11909	11810	0.000826087	8.18402e-05
XM_034480018.1	11891	11792	0.00494371	0.00049052
XM_034480019.1	11882	11783	0.931717	0.0925165
XM_034480020.1	11873	11774	0.0296665	0.00294804
XM_034480021.1	11873	11774	2.28318	0.226885
XM_034480022.1	11837	11738	82.8979	8.26305
XM_034480023.1	11828	11729	203.841	20.3339
XM_034480024.1	4323	4224	33	9.14073
XM_034480025.1	1131	1032	0	0
XM_034480026.1	4028	3929	0	0
XM_034480027.1	1415	1316	0	0
XM_034480028.1	1379	1280	0	0
XM_034480029.1	911	812	0	0
XM_034480030.1	1915	1816	0	0
XM_034480031.1	1351	1252	2	1.86903
XM_034480032.1	1417	1318	0	0
XM_034480033.1	1328	1229	0	0
XM_034480034.1	1996	1897	1.32817	0.819176
XM_034480035.1	1277	1178	0	0
XM_034480036.1	1083	984	0	0
XM_034480037.1	1074	975	1	1.20001
XM_034480038.1	10975	10876	0	0
XM_034480039.1	656	557	0	0
XM_034480040.1	10843	10744	0	0
XM_034480041.1	10693	10594	3.77495e-05	4.16909e-06
XM_034480042.1	10693	10594	3.77495e-05	4.16909e-06
XM_034480043.1	10573	10474	23.9999	2.68095
XM_034480044.1	1311	1212	0	0
XM_034480045.1	4895	4796	0	0
XM_034480046.1	1593	1494	0	0
XM_034480047.1	883	784	0	0
XM_034480048.1	4643	4544	8.77198	2.25866
XM_034480049.1	3058	2959	0	0
XM_034480050.1	3023	2924	0	0
XM_034480051.1	2953	2854	0	0
XM_034480052.1	3055	2956	0	0
XM_034480053.1	3052	2953	3.02177	1.19726
XM_034480054.1	2125	2026	3	1.7325
XM_034480055.1	3049	2950	0	0
XM_034480056.1	1315	1216	2	1.92436
XM_034480057.1	3496	3397	0	0
XM_034480058.1	2868	2769	0	0
XM_034480059.1	2031	1932	3.46526	2.09855
XM_034480060.1	4028	3929	0	0
XM_034480061.1	2148	2049	0	0
XM_034480062.1	2148	2049	0	0
XM_034480063.1	3424	3325	1	0.351884
XM_034480064.1	3326	3227	11	3.98827
XM_034480065.1	2979	2880	0	0
XM_034480066.1	2900	2801	0	0
XM_034480067.1	2615	2516	0.0978765	0.0455154
XM_034480068.1	2615	2516	0.0978765	0.0455154
XM_034480069.1	2610	2511	1.0094	0.470333
XM_034480070.1	2609	2510	1.61057	0.750753
XM_034480071.1	5553	5454	1	0.214524
XM_034480072.1	5754	5655	0	0
XM_034480073.1	2836	2737	16.0077	6.84299
XM_034480074.1	5618	5519	7.95131	1.68566
XM_034480075.1	6342	6243	3.08881	0.578881
XM_034480076.1	6327	6228	51.9112	9.75221
XM_034480077.1	1998	1899	87	53.6025
XM_034480078.1	1277	1178	4	3.97288
XM_034480079.1	3736	3637	0	0
XM_034480080.1	3733	3634	0	0
XM_034480081.1	3675	3576	0	0
XM_034480082.1	3718	3619	0	0
XM_034480083.1	3715	3616	0	0
XM_034480084.1	3706	3607	0	0
XM_034480085.1	3615	3516	0.231476	0.077028
XM_034480086.1	3603	3504	12.7685	4.26351
XM_034480087.1	3646	3547	7.81003e-06	2.57622e-06
XM_034480088.1	5373	5274	8.45567	1.87585
XM_034480089.1	1554	1455	0	0
XM_034480090.1	1475	1376	6.36181	5.40945
XM_034480091.1	1509	1410	0	0
XM_034480092.1	1413	1314	0	0
XM_034480093.1	733	634	1	1.84545
XM_034480094.1	1587	1488	0	0
XM_034480095.1	1654	1555	1	0.75242
XM_034480096.1	2224	2125	71.6382	39.4436
XM_034480097.1	1987	1888	1	0.61971
XM_034480098.1	1172	1073	0	0
XM_034480099.1	2441	2342	2.72851	1.3631
XM_034480100.1	2438	2339	12.2715	6.13844
XM_034480101.1	2560	2461	0	0
XM_034480102.1	1356	1257	3.04159	2.8311
XM_034480103.1	1118	1019	0	0
XM_034480104.1	1020	921	0	0
XM_034480105.1	2702	2603	6.99991	3.14636
XM_034480106.1	2974	2875	0	0
XM_034480107.1	2727	2628	9.45677e-05	4.21026e-05
XM_034480108.1	3167	3068	7	2.66952
XM_034480109.1	2225	2126	2.48655	1.36844
XM_034480110.1	1370	1271	3.51345	3.23429
XM_034480111.1	1101	1002	15.1115	17.6453
XM_034480112.1	1329	1230	23	21.8783
XM_034480113.1	1308	1209	32	30.9681
XM_034480114.1	913	814	640	919.912
XM_034480115.1	3773	3674	6	1.91075
XM_034480116.1	2781	2682	10.1755	4.43905
XM_034480117.1	1854	1755	5.73866	3.82581
XM_034480118.1	4084	3985	67.8737	19.928
XM_034480119.1	3741	3642	0.000359318	0.000115433
XM_034480120.1	3706	3607	29.8405	9.67944
XM_034480121.1	3303	3204	4	1.46069
XM_034480122.1	3254	3155	24	8.90026
XM_034480123.1	3612	3513	0	0
XM_034480124.1	2754	2655	3	1.32205
XM_034480125.1	2792	2693	1.72809e-07	7.50795e-08
XM_034480126.1	3757	3658	0	0
XM_034480127.1	2565	2466	0	0
XM_034480128.1	2573	2474	0	0
XM_034480129.1	1705	1606	0	0
XM_034480130.1	4541	4442	21.5244	5.66947
XM_034480131.1	2435	2336	0	0
XM_034480132.1	2105	2006	0	0
XM_034480133.1	2217	2118	0	0
XM_034480134.1	2723	2624	2.06254	0.919665
XM_034480135.1	4358	4259	15.8694	4.35957
XM_034480136.1	2177	2078	0	0
XM_034480137.1	2233	2134	0	0
XM_034480138.1	10072	9973	7.54915	0.885652
XM_034480139.1	683	584	0	0
XM_034480140.1	3693	3594	3	0.976639
XM_034480141.1	4838	4739	0	0
XM_034480142.1	1893	1794	2	1.30436
XM_034480143.1	524	425	0	0
XM_034480144.1	9837	9738	10	1.20149
XM_034480145.1	3396	3297	2	0.709744
XM_034480146.1	1703	1604	3	2.1883
XM_034480147.1	2070	1971	0	0
XM_034480148.1	2249	2150	3	1.63258
XM_034480149.1	496	397	0	0
XM_034480150.1	483	384	0	0
XM_034480151.1	10036	9937	0	0
XM_034480152.1	8574	8475	2	0.276109
XM_034480153.1	681	582	0	0
XM_034480154.1	1353	1254	0	0
XM_034480155.1	1938	1839	14	8.90712
XM_034480156.1	2092	1993	0	0
XM_034480157.1	2054	1955	8	4.78778
XM_034480158.1	3565	3466	71	23.9674
XM_034480159.1	2093	1994	2	1.17353
XM_034480160.1	2135	2036	2.03361	1.16864
XM_034480161.1	1977	1878	0	0
XM_034480162.1	5348	5249	20	4.45804
XM_034480163.1	3406	3307	31.1433	11.0185
XM_034480164.1	1605	1506	0	0
XM_034480165.1	599	500	32	74.8809
XM_034480166.1	4011	3912	3	0.89725
XM_034480167.1	1041	942	0	0
XM_034480168.1	1839	1740	0	0
XM_034480169.1	1143	1044	0	0
XM_034480170.1	1319	1220	0	0
XM_034480171.1	1785	1686	2.98694e-05	2.07281e-05
XM_034480172.1	1210	1111	0	0
XM_034480173.1	827	728	4.2945	6.90195
XM_034480174.1	1734	1635	0	0
XM_034480175.1	1377	1278	0	0
XM_034480176.1	1926	1827	6	3.84241
XM_034480177.1	835	736	0	0
XM_034480178.1	813	714	0	0
XM_034480179.1	1996	1897	10.4213	6.42753
XM_034480180.1	1014	915	7	8.95092
XM_034480181.1	7154	7055	18	2.98515
XM_034480182.1	570	471	1	2.4841
XM_034480183.1	502	403	0	0
XM_034480184.1	1015	916	0	0
XM_034480185.1	2207	2108	2	1.11007
XM_034480186.1	928	829	10	14.1136
XM_034480187.1	2543	2444	0	0
XM_034480188.1	4875	4776	21	5.14453
XM_034480189.1	994	895	1	1.30728
XM_034480190.1	6774	6675	27	4.73264
XM_034480191.1	2560	2461	0	0
XM_034480192.1	720	621	0	0
XM_034480193.1	756	657	0	0
XM_034480194.1	917	818	1.34819	1.92836
XM_034480195.1	9007	8908	23	3.02091
XM_034480196.1	2786	2687	0	0
XM_034480197.1	1576	1477	1	0.792155
XM_034480198.1	1080	981	1.1263	1.34331
XM_034480199.1	1653	1554	0	0
XM_034480200.1	894	795	0	0
XM_034480201.1	2485	2386	2.65153e-08	1.30022e-08
XM_034480202.1	1646	1547	0	0
XM_034480203.1	1584	1485	0	0
XM_034480204.1	5157	5058	0	0
XM_034480205.1	1706	1607	0	0
XM_034480206.1	2447	2348	4	1.99321
XM_034480207.1	2772	2673	38	16.6332
XM_034480208.1	1693	1594	0	0
XM_034480209.1	1728	1629	0	0
XM_034480210.1	681	582	0	0
XM_034480211.1	1175	1076	2	2.17475
XM_034480212.1	3691	3592	22	7.16601
XM_034480213.1	1695	1596	8	5.86473
XM_034480214.1	2055	1956	0	0
XM_034480215.1	2082	1983	0	0
XM_034480216.1	1374	1275	0	0
XM_034480217.1	3803	3704	12.1449	3.83632
XM_034480218.1	3845	3746	8	2.49869
XM_034480219.1	375	276	0	0
XM_034480220.1	488	389	0	0
XM_034480221.1	6304	6205	17	3.20552
XM_034480222.1	4524	4425	42	11.1052
XM_034480223.1	1636	1537	7	5.32862
XM_034480224.1	2064	1965	0	0
XM_034480225.1	5585	5486	72	15.3556
XM_034480226.1	2607	2508	0	0
XM_034480227.1	425	326	0	0
XM_034480228.1	1545	1446	0	0
XM_034480229.1	2021	1922	153.991	93.7417
XM_034480230.1	3312	3213	0	0
XM_034480231.1	993	894	0	0
XM_034480232.1	4081	3982	0	0
XM_034480233.1	2495	2396	0	0
XM_034480234.1	4517	4418	26	6.88555
XM_034480235.1	4390	4291	7.59067	2.06972
XM_034480236.1	2045	1946	0	0
XM_034480237.1	1020	921	0	0
XM_034480238.1	525	426	0	0
XM_034480239.1	1398	1299	0	0
XM_034480240.1	585	486	1	2.40744
XM_034480241.1	1575	1476	0	0
XM_034480242.1	3594	3495	0	0
XM_034480243.1	2148	2049	1	0.571017
XM_034480244.1	9906	9807	119.034	14.2012
XM_034480245.1	1077	978	0	0
XM_034480246.1	1659	1560	1.54749	1.16063
XM_034480247.1	3636	3537	0	0
XM_034480248.1	513	414	0	0
XM_034480249.1	444	345	11	37.3048
XM_034480250.1	1485	1386	1	0.844166
XM_034480251.1	1584	1485	0	0
XM_034480252.1	615	516	0	0
XM_034480253.1	3501	3402	20	6.87839
XM_034480254.1	1644	1545	0	0
XM_034480255.1	903	804	0	0
XM_034480256.1	3548	3449	2.04766e-06	6.94633e-07
XM_034480257.1	1257	1158	1	1.01037
XM_034480258.1	6198	6099	0	0
XM_034480259.1	642	543	3	6.46416
XM_034480260.1	627	528	0	0
XM_034480261.1	1692	1593	0	0
XM_034480262.1	1194	1095	0	0
XM_034480263.1	3825	3726	0	0
XM_034480264.1	1323	1224	0	0
XM_034480265.1	1040	941	0	0
XM_034480266.1	2069	1970	19.4877	11.574
XM_034480267.1	1332	1233	0	0
XM_034480268.1	459	360	0	0
XM_034480269.1	768	669	0	0
XM_034480270.1	1470	1371	4.02726	3.43687
XM_034480271.1	2085	1986	0	0
XM_034480272.1	771	672	1	1.74109
XM_034480273.1	4657	4558	1.07529	0.276021
XM_034480274.1	4648	4549	10.9247	2.80986
XM_034480275.1	1146	1047	0	0
XM_034480276.1	1074	975	0	0
XM_034480277.1	2020	1921	7.32504e-07	4.46142e-07
XM_034480278.1	1993	1894	11.9042	7.35376
XM_034480279.1	2486	2387	0	0
XM_034480280.1	2602	2503	0	0
XM_034480281.1	2709	2610	0	0
XM_034480282.1	2337	2238	0	0
XM_034480283.1	2311	2212	0	0
XM_034480284.1	2394	2295	0	0
XM_034480285.1	2307	2208	0	0
XM_034480286.1	1851	1752	0	0
XM_034480287.1	1915	1816	0	0
XM_034480288.1	1863	1764	12.3818	8.21253
XM_034480289.1	2831	2732	4.03423e-05	1.72771e-05
XM_034480290.1	841	742	0.800929	1.26294
XM_034480291.1	1771	1672	0	0
XM_034480292.1	8930	8831	0	0
XM_034480293.1	8654	8555	4.25183	0.581495
XM_034480294.1	842	743	0.165005	0.259836
XM_034480295.1	1892	1793	4.35772	2.84361
XM_034480296.1	914	815	1	1.4356
XM_034480297.1	3514	3415	0.000510641	0.000174951
XM_034480298.1	1419	1320	0	0
XM_034480299.1	3490	3391	1.99949	0.689894
XM_034480300.1	6579	6480	1.29199e-07	2.33278e-08
XM_034480301.1	6480	6381	9	1.65023
XM_034480302.1	931	832	0	0
XM_034480303.1	948	849	0	0
XM_034480304.1	948	849	0	0
XM_034480305.1	2286	2187	0	0
XM_034480306.1	921	822	1	1.42337
XM_034480307.1	933	834	4.13871e-08	5.80616e-08
XM_034480308.1	746	647	0	0
XM_034480309.1	732	633	0	0
XM_034480310.1	658	559	0	0
XM_034480311.1	3207	3108	58	21.8342
XM_034480312.1	2278	2179	0	0
XM_034480313.1	2207	2108	0.0037668	0.0020907
XM_034480314.1	2197	2098	0.996233	0.55558
XM_034480315.1	1432	1333	0	0
XM_034480316.1	4200	4101	4.56851e-07	1.30339e-07
XM_034480317.1	4186	4087	2.52252e-05	7.22138e-06
XM_034480318.1	4149	4050	1.08326	0.312945
XM_034480319.1	4135	4036	62.9167	18.2392
XM_034480320.1	4384	4285	0	0
XM_034480321.1	3120	3021	0	0
XM_034480322.1	2868	2769	0	0
XM_034480323.1	4732	4633	0	0
XM_034480324.1	4751	4652	0	0
XM_034480325.1	1452	1353	6	5.18853
XM_034480326.1	13627	13528	1.3886e-05	1.20097e-06
XM_034480327.1	13624	13525	1.8012e-05	1.55817e-06
XM_034480328.1	13591	13492	0.00031626	2.74258e-05
XM_034480329.1	1182	1083	0	0
XM_034480330.1	13585	13486	0.000532895	4.62327e-05
XM_034480331.1	13582	13483	0.000691796	6.00319e-05
XM_034480332.1	13561	13462	0.00430565	0.000374214
XM_034480333.1	13531	13432	0.0589606	0.00513584
XM_034480334.1	13525	13426	0.0995797	0.00867791
XM_034480335.1	13513	13414	0.284246	0.0247929
XM_034480336.1	13447	13348	92.5513	8.11255
XM_034480337.1	3081	2982	10	3.92359
XM_034480338.1	2703	2604	6	2.69588
XM_034480339.1	1387	1288	12	10.9007
XM_034480340.1	1532	1433	0	0
XM_034480341.1	1420	1321	0	0
XM_034480342.1	2119	2020	4	2.31686
XM_034480343.1	1452	1353	0	0
XM_034480344.1	1401	1302	0	0
XM_034480345.1	1311	1212	1	0.965358
XM_034480346.1	1037	938	0	0
XM_034480347.1	1206	1107	0	0
XM_034480348.1	1023	924	0	0
XM_034480349.1	1339	1240	3	2.83068
XM_034480350.1	1808	1709	134	91.7389
XM_034480351.1	1419	1320	0	0
XM_034480352.1	1344	1245	0	0
XM_034480353.1	766	667	7	12.279
XM_034480354.1	3417	3318	1	0.352626
XM_034480355.1	3296	3197	0	0
XM_034480356.1	3266	3167	0	0
XM_034480357.1	3872	3773	0	0
XM_034480358.1	815	716	0	0
XM_034480359.1	3698	3599	0	0
XM_034480360.1	3563	3464	0	0
XM_034480361.1	3564	3465	0	0
XM_034480362.1	3614	3515	0	0
XM_034480363.1	1901	1802	0	0
XM_034480364.1	1897	1798	0	0
XM_034480365.1	3794	3695	3	0.949943
XM_034480366.1	1494	1395	1.28765	1.07998
XM_034480367.1	514	415	0	0
XM_034480368.1	2248	2149	0	0
XM_034480369.1	6261	6162	0.0852502	0.0161869
XM_034480370.1	6258	6159	0.150929	0.0286717
XM_034480371.1	6249	6150	0.838942	0.159605
XM_034480372.1	6246	6147	1.48694	0.283023
XM_034480373.1	1448	1349	27.4379	23.7974
XM_034480374.1	2532	2433	6	2.88536
XM_034480375.1	2746	2647	0	0
XM_034480376.1	6686	6587	0	0
XM_034480377.1	2131	2032	0	0
XM_034480378.1	2872	2773	7	2.95351
XM_034480379.1	1856	1757	0	0
XM_034480380.1	5617	5518	0	0
XM_034480381.1	5614	5515	0	0
XM_034480382.1	5857	5758	40.4539	8.22015
XM_034480383.1	2443	2344	0	0
XM_034480384.1	2211	2112	17.7546	9.83575
XM_034480385.1	2465	2366	7	3.46158
XM_034480386.1	10487	10388	3	0.337894
XM_034480387.1	4076	3977	26.7883	7.88097
XM_034480388.1	4547	4448	0	0
XM_034480389.1	4544	4445	0	0
XM_034480390.1	1211	1112	0	0
XM_034480391.1	1070	971	0	0
XM_034480392.1	7435	7336	0	0
XM_034480393.1	7425	7326	3.10892e-06	4.96516e-07
XM_034480394.1	7383	7284	0.00263976	0.000424018
XM_034480395.1	7341	7242	2.33053	0.37652
XM_034480396.1	7341	7242	2.33053	0.37652
XM_034480397.1	1402	1303	0	0
XM_034480398.1	7326	7227	26.5278	4.29472
XM_034480399.1	5767	5668	5.00635	1.03343
XM_034480400.1	7237	7138	3.77324e-07	6.18484e-08
XM_034480401.1	6232	6133	0	0
XM_034480402.1	1916	1817	25	16.0981
XM_034480403.1	6175	6076	0	0
XM_034480404.1	6133	6034	1.79439e-08	3.47938e-09
XM_034480405.1	6133	6034	1.79439e-08	3.47938e-09
XM_034480406.1	7220	7121	0	0
XM_034480407.1	6034	5935	4.8021	0.946677
XM_034480408.1	3956	3857	0	0
XM_034480409.1	3941	3842	0	0
XM_034480410.1	3902	3803	0	0
XM_034480411.1	2156	2057	0	0
XM_034480412.1	1955	1856	6.39508	4.03143
XM_034480413.1	2663	2564	19	8.67015
XM_034480414.1	2875	2776	93	39.1971
XM_034480415.1	2133	2034	31	17.8321
XM_034480416.1	1630	1531	0	0
XM_034480417.1	1549	1450	3	2.42072
XM_034480418.1	608	509	0	0
XM_034480419.1	590	491	26	61.9559
XM_034480420.1	1982	1883	17	10.5631
XM_034480421.1	1738	1639	0	0
XM_034480422.1	1038	939	2.05555	2.56126
XM_034480423.1	3309	3210	4	1.45796
XM_034480424.1	2450	2351	0	0
XM_034480425.1	1592	1493	0	0
XM_034480426.1	5720	5621	0	0
XM_034480427.1	5706	5607	0	0
XM_034480428.1	5693	5594	0	0
XM_034480429.1	5691	5592	0	0
XM_034480430.1	5220	5121	12	2.74168
XM_034480431.1	5399	5300	74	16.336
XM_034480432.1	1664	1565	0	0
XM_034480433.1	1814	1715	0	0
XM_034480434.1	1627	1528	3.75535e-08	2.87553e-08
XM_034480435.1	1604	1505	2	1.55484
XM_034480436.1	7109	7010	99.5184	16.6102
XM_034480437.1	886	787	23.4477	34.8591
XM_034480438.1	2803	2704	0	0
XM_034480439.1	5931	5832	23.1944	4.65326
XM_034480440.1	1413	1314	0	0
XM_034480441.1	6007	5908	0	0
XM_034480442.1	1546	1447	0	0
XM_034480443.1	1600	1501	0	0
XM_034480444.1	1135	1036	0	0
XM_034480445.1	1632	1533	10	7.63218
XM_034480446.1	1823	1724	12.227	8.29797
XM_034480447.1	6328	6229	0	0
XM_034480448.1	1682	1583	14.7133	10.8748
XM_034480449.1	2077	1978	2.05975	1.21837
XM_034480450.1	5968	5869	4	0.797419
XM_034480451.1	3538	3439	1.37434e-08	4.67577e-09
XM_034480452.1	6353	6254	0	0
XM_034480453.1	6542	6443	0	0
XM_034480454.1	6537	6438	0	0
XM_034480455.1	2629	2530	3	1.38737
XM_034480456.1	2289	2190	16	8.54804
XM_034480457.1	1520	1421	0	0
XM_034480458.1	2362	2263	32	16.5446
XM_034480459.1	4150	4051	43	12.4193
XM_034480460.1	3812	3713	1.76765e-05	5.57009e-06
XM_034480461.1	3010	2911	0	0
XM_034480462.1	2804	2705	6.31017	2.72938
XM_034480463.1	2714	2615	0	0
XM_034480464.1	3290	3191	0	0
XM_034480465.1	3007	2908	0	0
XM_034480466.1	6254	6155	0	0
XM_034480467.1	6038	5939	0	0
XM_034480468.1	6200	6101	0	0
XM_034480469.1	6149	6050	0	0
XM_034480470.1	6038	5939	0	0
XM_034480471.1	6146	6047	0	0
XM_034480472.1	6038	5939	0	0
XM_034480473.1	3144	3045	0	0
XM_034480474.1	6203	6104	0	0
XM_034480475.1	6200	6101	0	0
XM_034480476.1	6106	6007	0	0
XM_034480477.1	6203	6104	0	0
XM_034480478.1	6149	6050	0	0
XM_034480479.1	6092	5993	0	0
XM_034480480.1	6149	6050	0	0
XM_034480481.1	6146	6047	0	0
XM_034480482.1	5930	5831	0	0
XM_034480483.1	5933	5834	0	0
XM_034480484.1	6149	6050	0	0
XM_034480485.1	5620	5521	0	0
XM_034480486.1	539	440	31.0303	82.5133
XM_034480487.1	759	660	0	0
XM_034480488.1	691	592	0.000452519	0.000894347
XM_034480489.1	685	586	69.9995	139.762
XM_034480490.1	644	545	1	2.14681
XM_034480491.1	3386	3287	4	1.42381
XM_034480492.1	3368	3269	0.0083482	0.00298792
XM_034480493.1	3346	3247	22.9917	8.28474
XM_034480494.1	4159	4060	2	0.576361
XM_034480495.1	1413	1314	0	0
XM_034480496.1	5784	5685	0	0
XM_034480497.1	5023	4924	0	0
XM_034480498.1	2373	2274	9	4.63066
XM_034480499.1	5048	4949	0	0
XM_034480500.1	5271	5172	0	0
XM_034480501.1	5095	4996	0	0
XM_034480502.1	4982	4883	0	0
XM_034480503.1	5143	5044	0	0
XM_034480504.1	4780	4681	24.1078	6.02573
XM_034480505.1	5675	5576	4.94743e-06	1.03812e-06
XM_034480506.1	5610	5511	4.65277	0.987806
XM_034480507.1	5432	5333	0	0
XM_034480508.1	5401	5302	0	0
XM_034480509.1	2408	2309	1.48998e-07	7.54999e-08
XM_034480510.1	4935	4836	0	0
XM_034480511.1	4929	4830	0	0
XM_034480512.1	4919	4820	0	0
XM_034480513.1	5614	5515	1.98652	0.421442
XM_034480514.1	5123	5024	0	0
XM_034480515.1	4788	4689	3.2529	0.811674
XM_034480516.1	5018	4919	0	0
XM_034480517.1	2668	2569	3.43029	1.56228
XM_034480518.1	3347	3248	0	0
XM_034480519.1	1819	1720	2.39144e-08	1.62675e-08
XM_034480520.1	2202	2103	0	0
XM_034480521.1	664	565	0	0
XM_034480522.1	990	891	0	0
XM_034480523.1	688	589	0	0
XM_034480524.1	2254	2155	0	0
XM_034480525.1	2236	2137	0	0
XM_034480526.1	2236	2137	0	0
XM_034480527.1	2218	2119	0	0
XM_034480528.1	2215	2116	0	0
XM_034480529.1	2215	2116	0	0
XM_034480530.1	2200	2101	0	0
XM_034480531.1	2197	2098	0	0
XM_034480532.1	2197	2098	0	0
XM_034480533.1	2197	2098	0	0
XM_034480534.1	2197	2098	0	0
XM_034480535.1	2188	2089	0	0
XM_034480536.1	2188	2089	0	0
XM_034480537.1	2188	2089	0	0
XM_034480538.1	2179	2080	0	0
XM_034480539.1	2179	2080	0	0
XM_034480540.1	2176	2077	0	0
XM_034480541.1	2173	2074	0	0
XM_034480542.1	2173	2074	0	0
XM_034480543.1	2170	2071	0	0
XM_034480544.1	2170	2071	0	0
XM_034480545.1	2170	2071	0	0
XM_034480546.1	2170	2071	0	0
XM_034480547.1	1406	1307	4	3.58076
XM_034480548.1	2158	2059	0	0
XM_034480549.1	2158	2059	0	0
XM_034480550.1	2158	2059	0	0
XM_034480551.1	2158	2059	0	0
XM_034480552.1	2155	2056	0	0
XM_034480553.1	2155	2056	0	0
XM_034480554.1	2149	2050	0	0
XM_034480555.1	2149	2050	0	0
XM_034480556.1	2149	2050	0	0
XM_034480557.1	2143	2044	0	0
XM_034480558.1	2143	2044	0	0
XM_034480559.1	2140	2041	0	0
XM_034480560.1	2134	2035	0	0
XM_034480561.1	2131	2032	0	0
XM_034480562.1	2131	2032	0	0
XM_034480563.1	2131	2032	0	0
XM_034480564.1	2131	2032	0	0
XM_034480565.1	2125	2026	0	0
XM_034480566.1	2122	2023	0	0
XM_034480567.1	2116	2017	0	0
XM_034480568.1	1468	1369	0	0
XM_034480569.1	2116	2017	0	0
XM_034480570.1	2116	2017	0	0
XM_034480571.1	2095	1996	0	0
XM_034480572.1	2056	1957	0	0
XM_034480573.1	2017	1918	0	0
XM_034480574.1	1999	1900	0	0
XM_034480575.1	1933	1834	0	0
XM_034480576.1	8528	8429	0.121637	0.0168842
XM_034480577.1	1586	1487	0	0
XM_034480578.1	1462	1363	0	0
XM_034480579.1	1347	1248	5	4.68755
XM_034480580.1	594	495	1	2.36366
XM_034480581.1	8516	8417	0.646893	0.0899219
XM_034480582.1	958	859	0	0
XM_034480583.1	8494	8395	13.9346	1.94207
XM_034480584.1	1955	1856	16	10.0863
XM_034480585.1	9906	9807	38.0257	4.53662
XM_034480586.1	2400	2301	7.45267	3.78954
XM_034480587.1	2328	2229	0	0
XM_034480588.1	2390	2291	0	0
XM_034480589.1	2776	2677	19.5473	8.54338
XM_034480590.1	375	276	0	0
XM_034480591.1	2324	2225	2	1.0517
XM_034480592.1	952	853	0	0
XM_034480593.1	3027	2928	0	0
XM_034480594.1	3029	2930	0	0
XM_034480595.1	3272	3173	21.8747	8.06609
XM_034480596.1	2947	2848	4.1253	1.69475
XM_034480597.1	2254	2155	0	0
XM_034480598.1	3110	3011	15	5.8287
XM_034480599.1	3111	3012	0	0
XM_034480600.1	3039	2940	0	0
XM_034480601.1	1425	1326	0	0
XM_034480602.1	1297	1198	3	2.92992
XM_034480603.1	1414	1315	0	0
XM_034480604.1	3473	3374	0	0
XM_034480605.1	3548	3449	0	0
XM_034480606.1	3461	3362	19	6.61221
XM_034480607.1	1456	1357	0	0
XM_034480608.1	3898	3799	0	0
XM_034480609.1	3191	3092	25.5137	9.65441
XM_034480610.1	3201	3102	0.577919	0.21798
XM_034480611.1	4776	4677	0	0
XM_034480612.1	4787	4688	0	0
XM_034480613.1	4956	4857	12.8492	3.09527
XM_034480614.1	4820	4721	0	0
XM_034480615.1	4652	4553	1.35507e-07	3.4822e-08
XM_034480616.1	4743	4644	0	0
XM_034480617.1	4767	4668	0	0
XM_034480618.1	4776	4677	0	0
XM_034480619.1	4657	4558	3.7396e-08	9.59936e-09
XM_034480620.1	4651	4552	1.75332e-07	4.5066e-08
XM_034480621.1	4653	4554	1.04733e-07	2.6908e-08
XM_034480622.1	4711	4612	5.97089	1.51475
XM_034480623.1	4677	4578	0	0
XM_034480624.1	4662	4563	1.03349e-08	2.64999e-09
XM_034480625.1	4578	4479	30.1799	7.88365
XM_034480626.1	3050	2951	0	0
XM_034480627.1	4170	4071	0	0
XM_034480628.1	2340	2241	16	8.35351
XM_034480629.1	3015	2916	0	0
XM_034480630.1	2919	2820	14	5.80858
XM_034480631.1	2810	2711	0	0
XM_034480632.1	2693	2594	5	2.25523
XM_034480633.1	2323	2224	0	0
XM_034480634.1	6113	6014	1.17714	0.22901
XM_034480635.1	6503	6404	2.91143	0.53192
XM_034480636.1	6503	6404	2.91143	0.53192
XM_034480637.1	5933	5834	1.90069e-08	3.81184e-09
XM_034480638.1	5813	5714	735.58	150.619
XM_034480639.1	5908	5809	2.92828e-06	5.89796e-07
XM_034480640.1	1162	1063	10.8898	11.9861
XM_034480641.1	3304	3205	0	0
XM_034480642.1	3193	3094	1	0.378156
XM_034480643.1	3288	3189	0	0
XM_034480644.1	3301	3202	0	0
XM_034480645.1	2545	2446	1	0.478337
XM_034480646.1	1666	1567	0	0
XM_034480647.1	3327	3228	1.28754	0.466679
XM_034480648.1	4400	4301	13	3.53643
XM_034480649.1	4583	4484	0	0
XM_034480650.1	1585	1486	0	0
XM_034480651.1	1238	1139	13	13.354
XM_034480652.1	1563	1464	0	0
XM_034480653.1	2323	2224	131	68.9172
XM_034480654.1	667	568	0	0
XM_034480655.1	6104	6005	0.000290208	5.6544e-05
XM_034480656.1	6044	5945	37.874	7.45384
XM_034480657.1	1248	1149	0	0
XM_034480658.1	4197	4098	0	0
XM_034480659.1	1091	992	820	967.148
XM_034480660.1	2012	1913	9	5.50451
XM_034480661.1	2658	2559	0	0
XM_034480662.1	6308	6209	22	4.14564
XM_034480663.1	6251	6152	0	0
XM_034480664.1	6375	6276	0	0
XM_034480665.1	2583	2484	0.279904	0.13184
XM_034480666.1	7807	7708	0	0
XM_034480667.1	7785	7686	0	0
XM_034480668.1	7245	7146	11	1.80103
XM_034480669.1	1684	1585	0	0
XM_034480670.1	2357	2258	1	0.518164
XM_034480671.1	1704	1605	9	6.56082
XM_034480672.1	1855	1756	3	1.99888
XM_034480673.1	2801	2702	8	3.46414
XM_034480674.1	2719	2620	0	0
XM_034480675.1	3814	3715	0.00376343	0.00118526
XM_034480676.1	4265	4166	31	8.70629
XM_034480677.1	2106	2007	0.000637095	0.000371405
XM_034480678.1	2092	1993	2.34537	1.37687
XM_034480679.1	2091	1992	4.22555	2.4819
XM_034480680.1	1457	1358	0	0
XM_034480681.1	2165	2066	0	0
XM_034480682.1	1485	1386	24.4284	20.6217
XM_034480683.1	2307	2208	0	0
XM_034480684.1	1822	1723	0	0
XM_034480685.1	1297	1198	0	0
XM_034480686.1	539	440	0	0
XM_034480687.1	3440	3341	12	4.20238
XM_034480688.1	4816	4717	59	14.6345
XM_034480689.1	1355	1256	0	0
XM_034480690.1	4302	4203	0	0
XM_034480691.1	1524	1425	6	4.92637
XM_034480692.1	4224	4125	9.74135	2.76303
XM_034480693.1	4099	4000	0	0
XM_034480694.1	1359	1260	0	0
XM_034480695.1	1354	1255	0	0
XM_034480696.1	2101	2002	0	0
XM_034480697.1	1980	1881	2	1.24403
XM_034480698.1	2106	2007	0	0
XM_034480699.1	1650	1551	7	5.28052
XM_034480700.1	2496	2397	0	0
XM_034480701.1	910	811	0	0
XM_034480702.1	855	756	25	38.6909
XM_034480703.1	1842	1743	3	2.01379
XM_034480704.1	3263	3164	2	0.739579
XM_034480705.1	2043	1944	0	0
XM_034480706.1	1806	1707	1.9679	1.34884
XM_034480707.1	1812	1713	0.0321023	0.0219265
XM_034480708.1	1896	1797	0	0
XM_034480709.1	2230	2131	0	0
XM_034480710.1	1986	1887	0	0
XM_034480711.1	2143	2044	0	0
XM_034480712.1	1459	1360	0	0
XM_034480713.1	2704	2605	0	0
XM_034480714.1	2603	2504	37	17.2885
XM_034480715.1	2603	2504	37	17.2885
XM_034480716.1	2209	2110	8	4.43607
XM_034480717.1	1230	1131	0	0
XM_034480718.1	1160	1061	0	0
XM_034480719.1	1222	1123	0	0
XM_034480720.1	1197	1098	1	1.06559
XM_034480721.1	1326	1227	0	0
XM_034480722.1	2487	2388	4	1.95982
XM_034480723.1	2691	2592	0	0
XM_034480724.1	2622	2523	0	0
XM_034480725.1	2431	2332	2	1.00344
XM_034480726.1	2676	2577	0	0
XM_034480727.1	2655	2556	0	0
XM_034480728.1	1297	1198	0	0
XM_034480729.1	3478	3379	2	0.692521
XM_034480730.1	3546	3447	0	0
XM_034480731.1	3573	3474	0	0
XM_034480732.1	2730	2631	0	0
XM_034480733.1	2688	2589	0	0
XM_034480734.1	2611	2512	0	0
XM_034480735.1	6381	6282	0	0
XM_034480736.1	821	722	3	4.86155
XM_034480737.1	3911	3812	0	0
XM_034480738.1	3948	3849	17.6777	5.37365
XM_034480739.1	4376	4277	0	0
XM_034480740.1	3961	3862	16.7381	5.07089
XM_034480741.1	2578	2479	4.42685e-05	2.08934e-05
XM_034480742.1	2554	2455	3.99996	1.90631
XM_034480743.1	2015	1916	5	3.05327
XM_034480744.1	2643	2544	11	5.05902
XM_034480745.1	3419	3320	3	1.05724
XM_034480746.1	657	558	0	0
XM_034480747.1	586	487	0	0
XM_034480748.1	2609	2510	1.29383	0.603109
XM_034480749.1	2822	2723	0	0
XM_034480750.1	1675	1576	6.62375e-07	4.91744e-07
XM_034480751.1	4818	4719	12.9839	3.21918
XM_034480752.1	2872	2773	0	0
XM_034480753.1	7373	7274	7.20739	1.1593
XM_034480754.1	1031	932	0	0
XM_034480755.1	872	773	0	0
XM_034480756.1	494	395	0	0
XM_034480757.1	2107	2008	0	0
XM_034480758.1	1043	944	0	0
XM_034480759.1	644	545	0	0
XM_034480760.1	16265	16166	6.50651	0.470908
XM_034480761.1	16262	16163	8.08898	0.585548
XM_034480762.1	1987	1888	0	0
XM_034480763.1	16262	16163	8.08898	0.585548
XM_034480764.1	16238	16139	46.2265	3.35124
XM_034480765.1	16262	16163	8.08898	0.585548
XM_034480766.1	16208	16109	7.1233e-05	5.17372e-06
XM_034480767.1	6862	6763	7.71931	1.33546
XM_034480768.1	2008	1909	0	0
XM_034480769.1	6699	6600	0	0
XM_034480770.1	2696	2597	6	2.70315
XM_034480771.1	655	556	0	0
XM_034480772.1	1987	1888	0	0
XM_034480773.1	6933	6834	0	0
XM_034480774.1	3037	2938	0	0
XM_034480775.1	1939	1840	0	0
XM_034480776.1	3013	2914	0	0
XM_034480777.1	4423	4324	93	25.1645
XM_034480778.1	1862	1763	0	0
XM_034480779.1	5460	5361	55	12.0035
XM_034480780.1	1888	1789	0	0
XM_034480781.1	4543	4444	37	9.74134
XM_034480782.1	2965	2866	0	0
XM_034480783.1	2969	2870	0	0
XM_034480784.1	2814	2715	0	0
XM_034480785.1	1888	1789	0	0
XM_034480786.1	4474	4375	32	8.55781
XM_034480787.1	1819	1720	0	0
XM_034480788.1	2160	2061	0.757263	0.429892
XM_034480789.1	850	751	1	1.55794
XM_034480790.1	5499	5400	3.33971e-05	7.23611e-06
XM_034480791.1	2163	2064	1.16285e-08	6.5918e-09
XM_034480792.1	2119	2020	0	0
XM_034480793.1	1849	1750	0	0
XM_034480794.1	2101	2002	0	0
XM_034480795.1	2065	1966	0	0
XM_034480796.1	2166	2067	0	0
XM_034480797.1	14694	14595	9.18538	0.736349
XM_034480798.1	14691	14592	11.6902	0.937339
XM_034480799.1	1976	1877	0	0
XM_034480800.1	14687	14588	16.1245	1.29324
XM_034480801.1	2210	2111	0	0
XM_034480802.1	978	879	0	0
XM_034480803.1	952	853	1	1.37165
XM_034480804.1	941	842	0	0
XM_034480805.1	770	671	0	0
XM_034480806.1	760	661	0	0
XM_034480807.1	839	740	0	0
XM_034480808.1	684	585	28	56.0006
XM_034480809.1	1904	1805	0	0
XM_034480810.1	2274	2175	0	0
XM_034480811.1	2262	2163	0	0
XM_034480812.1	2134	2035	0	0
XM_034480813.1	2265	2166	0	0
XM_034480814.1	1930	1831	0	0
XM_034480815.1	1345	1246	0	0
XM_034480816.1	13848	13749	3.15073	0.268121
XM_034480817.1	13818	13719	40.8493	3.4838
XM_034480818.1	1881	1782	5	3.28287
XM_034480819.1	3526	3427	7.99999	2.73128
XM_034480820.1	3565	3466	1.37542e-05	4.64298e-06
XM_034480821.1	3262	3163	11.2046	4.14463
XM_034480822.1	2589	2490	0	0
XM_034480823.1	2633	2534	16.4542	7.59731
XM_034480824.1	2596	2497	0	0
XM_034480825.1	1705	1606	0	0
XM_034480826.1	915	816	2	2.86768
XM_034480827.1	1038	939	0	0
XM_034480828.1	892	793	20	29.5085
XM_034480829.1	952	853	0	0
XM_034480830.1	1736	1637	0	0
XM_034480831.1	1174	1075	0	0
XM_034480832.1	3136	3037	0	0
XM_034480833.1	834	735	0	0
XM_034480834.1	2045	1946	12	7.21488
XM_034480835.1	1772	1673	22	15.3857
XM_034480836.1	3263	3164	0.247363	0.0914721
XM_034480837.1	3756	3657	0	0
XM_034480838.1	1839	1740	1	0.672422
XM_034480839.1	2558	2459	0	0
XM_034480840.1	2477	2378	0	0
XM_034480841.1	2865	2766	0	0
XM_034480842.1	2778	2679	0	0
XM_034480843.1	3269	3170	0	0
XM_034480844.1	2514	2415	5	2.42239
XM_034480845.1	6091	5992	18	3.51473
XM_034480846.1	975	876	11	14.6919
XM_034480847.1	4163	4064	5.5861e-07	1.60822e-07
XM_034480848.1	1610	1511	0	0
XM_034480849.1	3996	3897	0	0
XM_034480850.1	4668	4569	133.381	34.1557
XM_034480851.1	747	648	1	1.80558
XM_034480852.1	1448	1349	0	0
XM_034480853.1	1411	1312	20	17.8356
XM_034480854.1	3181	3082	0.152854	0.0580277
XM_034480855.1	3169	3070	14.8471	5.65842
XM_034480856.1	1134	1035	0	0
XM_034480857.1	1046	947	0	0
XM_034480858.1	1191	1092	0	0
XM_034480859.1	1189	1090	0	0
XM_034480860.1	2456	2357	0	0
XM_034480861.1	2763	2664	0	0
XM_034480862.1	2534	2435	4.16029	1.99901
XM_034480863.1	2275	2176	12.2738	6.5995
XM_034480864.1	2692	2593	0	0
XM_034480865.1	2645	2546	0	0
XM_034480866.1	2642	2543	0	0
XM_034480867.1	2770	2671	0	0
XM_034480868.1	2605	2506	0	0
XM_034480869.1	3297	3198	0	0
XM_034480870.1	2513	2414	9.99999	4.84678
XM_034480871.1	2543	2444	5.10626e-06	2.44452e-06
XM_034480872.1	3258	3159	0	0
XM_034480873.1	2921	2822	0	0
XM_034480874.1	5313	5214	0	0
XM_034480875.1	5194	5095	8.12074	1.86484
XM_034480876.1	5025	4926	9.57515	2.27427
XM_034480877.1	5508	5409	0	0
XM_034480878.1	4891	4792	0	0
XM_034480879.1	5341	5242	0	0
XM_034480880.1	5965	5866	17.4043	3.4714
XM_034480881.1	5109	5010	9.54365	2.22878
XM_034480882.1	5002	4903	0	0
XM_034480883.1	4058	3959	0	0
XM_034480884.1	4727	4628	0	0
XM_034480885.1	4310	4211	11.3562	3.15528
XM_034480886.1	1282	1183	0	0
XM_034480887.1	1808	1709	6	4.10771
XM_034480888.1	2993	2894	8	3.23431
XM_034480889.1	3988	3889	0	0
XM_034480890.1	3549	3450	0	0
XM_034480891.1	1631	1532	6.75474	5.1587
XM_034480892.1	638	539	0	0
XM_034480893.1	4723	4624	0	0
XM_034480894.1	4344	4245	44.1609	12.1717
XM_034480895.1	2001	1902	0	0
XM_034480896.1	1831	1732	1	0.675527
XM_034480897.1	3072	2973	0	0
XM_034480898.1	3102	3003	20.1544	7.85246
XM_034480899.1	3003	2904	0	0
XM_034480900.1	2953	2854	3.31168	1.35764
XM_034480901.1	1464	1365	1	0.857153
XM_034480902.1	1723	1624	101	72.7656
XM_034480903.1	419	320	0	0
XM_034480904.1	2301	2202	0	0
XM_034480905.1	1182	1083	0	0
XM_034480906.1	1628	1529	0	0
XM_034480907.1	2776	2677	0	0
XM_034480908.1	9163	9064	4.84951	0.625992
XM_034480909.1	9160	9061	7.15049	0.923316
XM_034480910.1	2778	2679	0	0
XM_034480911.1	2849	2750	0	0
XM_034480912.1	2710	2611	0	0
XM_034480913.1	2774	2675	0	0
XM_034480914.1	2736	2637	0	0
XM_034480915.1	2579	2480	0	0
XM_034480916.1	1391	1292	20.5216	18.584
XM_034480917.1	1373	1274	0	0
XM_034480918.1	4456	4357	63.4784	17.0463
XM_034480919.1	2439	2340	20	10.0001
XM_034480920.1	2379	2280	0	0
XM_034480921.1	2034	1935	0	0
XM_034480922.1	2940	2841	1	0.411832
XM_034480923.1	3216	3117	0	0
XM_034480924.1	3464	3365	5.53759e-05	1.92543e-05
XM_034480925.1	3436	3337	0.999945	0.350599
XM_034480926.1	2451	2352	0	0
XM_034480927.1	3730	3631	4	1.28892
XM_034480928.1	2416	2317	0	0
XM_034480929.1	1876	1777	0	0
XM_034480930.1	2047	1948	0	0
XM_034480931.1	2323	2224	0	0
XM_034480932.1	2026	1927	0	0
XM_034480933.1	2177	2078	0	0
XM_034480934.1	2108	2009	0	0
XM_034480935.1	1959	1860	0	0
XM_034480936.1	2267	2168	3	1.61902
XM_034480937.1	2602	2503	0	0
XM_034480938.1	1891	1792	0	0
XM_034480939.1	1856	1757	2	1.33183
XM_034480940.1	2029	1930	0	0
XM_034480941.1	1941	1842	0	0
XM_034480942.1	1936	1837	0	0
XM_034480943.1	2258	2159	0	0
XM_034480944.1	1972	1873	0	0
XM_034480945.1	2719	2620	0	0
XM_034480946.1	2233	2134	0	0
XM_034480947.1	2103	2004	0	0
XM_034480948.1	2097	1998	0	0
XM_034480949.1	1543	1444	12.2177	9.89952
XM_034480950.1	2638	2539	0	0
XM_034480951.1	2152	2053	0	0
XM_034480952.1	2108	2009	2.88547e-05	1.68046e-05
XM_034480953.1	2086	1987	0	0
XM_034480954.1	2187	2088	0	0
XM_034480955.1	2601	2502	0	0
XM_034480956.1	1975	1876	0.000207416	0.00012936
XM_034480957.1	1003	904	0	0
XM_034480958.1	2089	1990	1.99997	1.17588
XM_034480959.1	1869	1770	0	0
XM_034480960.1	1983	1884	0	0
XM_034480961.1	1347	1248	2	1.87502
XM_034480962.1	1495	1396	0	0
XM_034480963.1	1379	1280	2	1.82815
XM_034480964.1	1477	1378	0	0
XM_034480965.1	1671	1572	3.53762	2.63299
XM_034480966.1	2274	2175	0	0
XM_034480967.1	2194	2095	0	0
XM_034480968.1	1693	1594	0	0
XM_034480969.1	957	858	0	0
XM_034480970.1	2889	2790	15	6.29039
XM_034480971.1	2250	2151	0	0
XM_034480972.1	1077	978	0	0
XM_034480973.1	1627	1528	1	0.765716
XM_034480974.1	1507	1408	0	0
XM_034480975.1	1516	1417	0	0
XM_034480976.1	1462	1363	1.40544	1.20645
XM_034480977.1	1463	1364	0.594559	0.510002
XM_034480978.1	890	791	0	0
XM_034480979.1	2887	2788	27.2487	11.4352
XM_034480980.1	4624	4525	0	0
XM_034480981.1	5029	4930	0	0
XM_034480982.1	4363	4264	0.0212654	0.0058351
XM_034480983.1	2364	2265	2.42693	1.25366
XM_034480984.1	4345	4246	3.03891	0.83739
XM_034480985.1	4727	4628	69.2481	17.5067
XM_034480986.1	3537	3438	0	0
XM_034480987.1	3421	3322	1.07254	0.37775
XM_034480988.1	3274	3175	17.4529	6.43154
XM_034480989.1	2013	1914	10	6.11292
XM_034480990.1	1800	1701	1	0.687839
XM_034480991.1	944	845	0	0
XM_034480992.1	4186	4087	2.23622	0.640179
XM_034480993.1	4190	4091	0.709865	0.203019
XM_034480994.1	4199	4100	0.0539127	0.015385
XM_034480995.1	3411	3312	9	3.17938
XM_034480996.1	2284	2185	0	0
XM_034480997.1	1662	1563	1	0.748569
XM_034480998.1	2062	1963	3.78227	2.25436
XM_034480999.1	1745	1646	0	0
XM_034481000.1	1684	1585	6.00808	4.43504
XM_034481001.1	2537	2438	19.4329	9.32598
XM_034481002.1	899	800	0	0
XM_034481003.1	2102	2003	4.99999	2.92064
XM_034481004.1	6863	6764	0	0
XM_034481005.1	6384	6285	0	0
XM_034481006.1	3443	3344	0.59157	0.206981
XM_034481007.1	3439	3340	2.40843	0.843681
XM_034481008.1	621	522	0	0
XM_034481009.1	1418	1319	2	1.77409
XM_034481010.1	2687	2588	2.1567	0.975024
XM_034481011.1	2774	2675	5.27991	2.30937
XM_034481012.1	1058	959	3	3.6601
XM_034481013.1	2098	1999	8	4.68239
XM_034481014.1	3526	3427	6	2.04846
XM_034481015.1	3411	3312	8.33059	2.94291
XM_034481016.1	3294	3195	0	0
XM_034481017.1	2752	2653	0	0
XM_034481018.1	1335	1236	4	3.78645
XM_034481019.1	3412	3313	0.00906521	0.00320145
XM_034481020.1	3005	2906	3.66034	1.47373
XM_034481021.1	3560	3461	0	0
XM_034481022.1	3307	3208	0	0
XM_034481023.1	1533	1434	0	0
XM_034481024.1	2929	2830	0	0
XM_034481025.1	2923	2824	0	0
XM_034481026.1	2835	2736	0	0
XM_034481027.1	2778	2679	64	27.951
XM_034481028.1	1576	1477	46	36.4391
XM_034481029.1	1427	1328	2.92202e-05	2.5744e-05
XM_034481030.1	2902	2803	5.73711	2.39476
XM_034481031.1	1125	1026	1	1.14036
XM_034481032.1	1196	1097	1	1.06656
XM_034481033.1	2903	2804	3.77557	1.57542
XM_034481034.1	2239	2140	0	0
XM_034481035.1	2235	2136	0	0
XM_034481036.1	2216	2117	0	0
XM_034481037.1	1875	1776	6	3.95275
XM_034481038.1	1683	1584	0	0
XM_034481039.1	1260	1161	1	1.00776
XM_034481040.1	1315	1216	1	0.962182
XM_034481041.1	1040	941	0	0
XM_034481042.1	4076	3977	0	0
XM_034481043.1	4195	4096	0	0
XM_034481044.1	4080	3981	0	0
XM_034481045.1	4793	4694	8.86914	2.2107
XM_034481046.1	4074	3975	1.13086	0.332862
XM_034481047.1	4451	4352	87	23.3895
XM_034481048.1	1462	1363	104.209	89.4543
XM_034481049.1	1472	1373	0.0196791	0.0167697
XM_034481050.1	2284	2185	0	0
XM_034481051.1	7459	7360	0	0
XM_034481052.1	7534	7435	0	0
XM_034481053.1	7097	6998	0.00749411	0.00125296
XM_034481054.1	7584	7485	0	0
XM_034481055.1	7401	7302	0	0
XM_034481056.1	7046	6947	39.8949	6.7191
XM_034481057.1	7476	7377	0	0
XM_034481058.1	7081	6982	0.109848	0.0184078
XM_034481059.1	7050	6951	20.3086	3.4184
XM_034481060.1	7443	7344	0	0
XM_034481061.1	7421	7322	0.000218722	3.49505e-05
XM_034481062.1	7406	7307	0	0
XM_034481063.1	7408	7309	0	0
XM_034481064.1	5649	5550	0	0
XM_034481065.1	4969	4870	0	0
XM_034481066.1	4936	4837	15.7258	3.80389
XM_034481067.1	3468	3369	0	0
XM_034481068.1	3465	3366	0	0
XM_034481069.1	1480	1381	0	0
XM_034481070.1	1316	1217	0	0
XM_034481071.1	2328	2229	0	0
XM_034481072.1	2328	2229	0	0
XM_034481073.1	2306	2207	0	0
XM_034481074.1	2303	2204	0	0
XM_034481075.1	2238	2139	0	0
XM_034481076.1	2240	2141	0	0
XM_034481077.1	1230	1131	15	15.5174
XM_034481078.1	2238	2139	0	0
XM_034481079.1	2240	2141	0	0
XM_034481080.1	2240	2141	0	0
XM_034481081.1	2216	2117	0	0
XM_034481082.1	2213	2114	0	0
XM_034481083.1	2150	2051	0	0
XM_034481084.1	2151	2052	0	0
XM_034481085.1	2153	2054	0	0
XM_034481086.1	1360	1261	2	1.85569
XM_034481087.1	1267	1168	0	0
XM_034481088.1	1832	1733	2	1.35028
XM_034481089.1	4740	4641	57.7614	14.5619
XM_034481090.1	1746	1647	5	3.55195
XM_034481091.1	2409	2310	0	0
XM_034481092.1	2404	2305	0	0
XM_034481093.1	2344	2245	0	0
XM_034481094.1	2338	2239	0	0
XM_034481095.1	2271	2172	12	6.46416
XM_034481096.1	1404	1305	0	0
XM_034481097.1	2072	1973	0	0
XM_034481098.1	2000	1901	0	0
XM_034481099.1	1778	1679	4	2.78741
XM_034481100.1	1301	1202	0	0
XM_034481101.1	1859	1760	0	0
XM_034481102.1	1793	1694	17.6	12.156
XM_034481103.1	1408	1309	9.4	8.40193
XM_034481104.1	1145	1046	0	0
XM_034481105.1	4259	4160	0	0
XM_034481106.1	4178	4079	8.69285e-07	2.49344e-07
XM_034481107.1	4166	4067	72.1918	20.7685
XM_034481108.1	1214	1115	0	0
XM_034481109.1	2095	1996	0	0
XM_034481110.1	2546	2447	21	10.041
XM_034481111.1	837	738	1	1.58538
XM_034481112.1	7048	6949	3	0.505114
XM_034481113.1	1196	1097	0	0
XM_034481114.1	1534	1435	0	0
XM_034481115.1	1484	1385	4.53737	3.83306
XM_034481116.1	1345	1246	0	0
XM_034481117.1	1507	1408	1	0.830975
XM_034481118.1	2590	2491	1	0.469696
XM_034481119.1	824	725	0	0
XM_034481120.1	935	836	18	25.1917
XM_034481121.1	1161	1062	0	0
XM_034481122.1	1200	1101	0	0
XM_034481123.1	1178	1079	0	0
XM_034481124.1	1115	1016	5	5.75794
XM_034481125.1	2131	2032	43.3932	24.9856
XM_034481126.1	1061	962	0	0
XM_034481127.1	951	852	0	0
XM_034481128.1	4621	4522	0.0252447	0.00653177
XM_034481129.1	4597	4498	12.9748	3.37498
XM_034481130.1	1693	1594	0	0
XM_034481131.1	4788	4689	35.1131	8.76153
XM_034481132.1	5125	5026	0	0
XM_034481133.1	1294	1195	0	0
XM_034481134.1	1244	1145	1	1.02185
XM_034481135.1	1794	1695	2	1.38055
XM_034481136.1	838	739	0	0
XM_034481137.1	844	745	0	0
XM_034481138.1	851	752	0	0
XM_034481139.1	668	569	0	0
XM_034481140.1	1005	906	0	0
XM_034481141.1	1548	1449	1	0.807463
XM_034481142.1	895	796	0	0
XM_034481143.1	4558	4459	0.00462958	0.00121477
XM_034481144.1	1400	1301	0	0
XM_034481145.1	1150	1051	0	0
XM_034481146.1	2580	2481	0	0
XM_034481147.1	2785	2686	0	0
XM_034481148.1	1758	1659	0	0
XM_034481149.1	1491	1392	74.691	62.7798
XM_034481150.1	1946	1847	222	140.63
XM_034481151.1	4643	4544	0.165784	0.0426871
XM_034481152.1	4583	4484	0	0
XM_034481153.1	4626	4527	13.4582	3.4783
XM_034481154.1	4566	4467	0	0
XM_034481155.1	2903	2804	0	0
XM_034481156.1	2697	2598	0	0
XM_034481157.1	1829	1730	0	0
XM_034481158.1	1010	911	0	0
XM_034481159.1	4892	4793	4.89445	1.19478
XM_034481160.1	2749	2650	0	0
XM_034481161.1	720	621	0	0
XM_034481162.1	466	367	0	0
XM_034481163.1	5258	5159	6	1.36074
XM_034481164.1	2152	2053	0.000251009	0.000143051
XM_034481165.1	4307	4208	7.9078	2.19872
XM_034481166.1	1847	1748	5	3.34672
XM_034481167.1	1671	1572	0	0
XM_034481168.1	2505	2406	0	0
XM_034481169.1	4651	4552	0	0
XM_034481170.1	4651	4552	0	0
XM_034481171.1	3329	3230	0	0
XM_034481172.1	3232	3133	0	0
XM_034481173.1	2820	2721	0	0
XM_034481174.1	4541	4442	37	9.74572
XM_034481175.1	2573	2474	0	0
XM_034481176.1	1411	1312	0	0
XM_034481177.1	2184	2085	0	0
XM_034481178.1	645	546	0	0
XM_034481179.1	4959	4860	0	0
XM_034481180.1	4618	4519	7.64623	1.97968
XM_034481181.1	2440	2341	2	0.999584
XM_034481182.1	3060	2961	1	0.395141
XM_034481183.1	1185	1086	1	1.07736
XM_034481184.1	1372	1273	5	4.5955
XM_034481185.1	2603	2504	1	0.467258
XM_034481186.1	2161	2062	0.000204938	0.000116285
XM_034481187.1	3194	3095	0	0
XM_034481188.1	3653	3554	26.4067	8.69336
XM_034481189.1	4347	4248	22	6.05939
XM_034481190.1	1854	1755	22	14.6668
XM_034481191.1	3594	3495	33	11.0473
XM_034481192.1	2890	2791	0	0
XM_034481193.1	1298	1199	11.9891	11.6992
XM_034481194.1	1227	1128	0	0
XM_034481195.1	865	766	2	3.05487
XM_034481196.1	1819	1720	0	0
XM_034481197.1	4029	3930	9	2.67942
XM_034481198.1	1278	1179	0	0
XM_034481199.1	1306	1207	0	0
XM_034481200.1	867	768	0	0
XM_034481201.1	5055	4956	5.05005e-05	1.19222e-05
XM_034481202.1	5005	4906	7.39433	1.76345
XM_034481203.1	1779	1680	2	1.39287
XM_034481204.1	2506	2407	0	0
XM_034481205.1	1607	1508	8	6.20697
XM_034481206.1	1612	1513	0	0
XM_034481207.1	1733	1634	0	0
XM_034481208.1	1611	1512	0	0
XM_034481209.1	1593	1494	0	0
XM_034481210.1	1562	1463	0	0
XM_034481211.1	1510	1411	0	0
XM_034481212.1	1533	1434	0	0
XM_034481213.1	1834	1735	0	0
XM_034481214.1	1798	1699	0	0
XM_034481215.1	553	454	0	0
XM_034481216.1	547	448	0	0
XM_034481217.1	1075	976	2.89169e-05	3.46652e-05
XM_034481218.1	2313	2214	0.107057	0.0565757
XM_034481219.1	2309	2210	0.892943	0.47274
XM_034481220.1	1936	1837	1	0.636915
XM_034481221.1	1380	1281	6.18018e-07	5.64472e-07
XM_034481222.1	1362	1263	10	9.26376
XM_034481223.1	1067	968	0	0
XM_034481224.1	1614	1515	1	0.772286
XM_034481225.1	941	842	0	0
XM_034481226.1	2260	2161	4	2.16569
XM_034481227.1	630	531	0	0
XM_034481228.1	6081	5982	0	0
XM_034481229.1	3223	3124	0	0
XM_034481230.1	6069	5970	0	0
XM_034481231.1	6057	5958	0	0
XM_034481232.1	6039	5940	26	5.12127
XM_034481233.1	5976	5877	0	0
XM_034481234.1	5934	5835	0	0
XM_034481235.1	6045	5946	0	0
XM_034481236.1	4724	4625	35	8.85416
XM_034481237.1	3165	3066	17	6.48735
XM_034481238.1	3681	3582	0	0
XM_034481239.1	3416	3317	0	0
XM_034481240.1	2851	2752	33	14.03
XM_034481241.1	5253	5154	0	0
XM_034481242.1	5270	5171	0	0
XM_034481243.1	5287	5188	9	2.02971
XM_034481244.1	5692	5593	3.71315e-07	7.76763e-08
XM_034481245.1	5582	5483	0	0
XM_034481246.1	5677	5578	8.66609e-06	1.81776e-06
XM_034481247.1	5316	5217	0	0
XM_034481248.1	5608	5509	19	4.03526
XM_034481249.1	5117	5018	0	0
XM_034481250.1	2699	2600	108	48.6006
XM_034481251.1	635	536	6.27553	13.6986
XM_034481252.1	532	433	18.9407	51.1798
XM_034481253.1	3360	3261	6.80751	2.44247
XM_034481254.1	3074	2975	37	14.5514
XM_034481255.1	2704	2605	9.7332	4.37158
XM_034481256.1	2712	2613	0.266804	0.119466
XM_034481257.1	2786	2687	0	0
XM_034481258.1	1124	1025	5	5.70738
XM_034481259.1	1031	932	25.2889	31.7472
XM_034481260.1	961	862	13.3052	18.0595
XM_034481261.1	791	692	2.10062	3.55166
XM_034481262.1	782	683	0	0
XM_034481263.1	878	779	0	0
XM_034481264.1	3071	2972	1.19577	0.470749
XM_034481265.1	3054	2955	13	5.14727
XM_034481266.1	1395	1296	0	0
XM_034481267.1	582	483	0	0
XM_034481268.1	629	530	0	0
XM_034481269.1	775	676	0	0
XM_034481270.1	1449	1350	4.33496	3.75701
XM_034481271.1	2041	1942	6.75155e-07	4.06767e-07
XM_034481272.1	1505	1406	0	0
XM_034481273.1	1491	1392	0	0
XM_034481274.1	1294	1195	3.5068	3.43347
XM_034481275.1	1491	1392	0	0
XM_034481276.1	798	699	0	0
XM_034481277.1	895	796	0	0
XM_034481278.1	1456	1357	0	0
XM_034481279.1	497	398	0	0
XM_034481280.1	1069	970	0	0
XM_034481281.1	2808	2709	0	0
XM_034481282.1	2659	2560	10.0683	4.60157
XM_034481283.1	2805	2706	0	0
XM_034481284.1	6476	6377	15	2.75211
XM_034481285.1	5142	5043	11	2.55208
XM_034481286.1	2715	2616	20.2765	9.06873
XM_034481287.1	4442	4343	2	0.538804
XM_034481288.1	2388	2289	0	0
XM_034481289.1	2385	2286	4.61323	2.36113
XM_034481290.1	1026	927	0	0
XM_034481291.1	2293	2194	7	3.73295
XM_034481292.1	2342	2243	2.16934	1.13159
XM_034481293.1	2360	2261	0	0
XM_034481294.1	1700	1601	0	0
XM_034481295.1	2029	1930	0	0
XM_034481296.1	2129	2030	0	0
XM_034481297.1	1644	1545	0	0
XM_034481298.1	1194	1095	0	0
XM_034481299.1	2517	2418	0	0
XM_034481300.1	1538	1439	0	0
XM_034481301.1	1481	1382	4.00722	3.39255
XM_034481302.1	2308	2209	0	0
XM_034481303.1	1896	1797	0	0
XM_034481304.1	2003	1904	0	0
XM_034481305.1	1779	1680	8.07131	5.62116
XM_034481306.1	3588	3489	1.92869	0.646774
XM_034481307.1	891	792	2	2.95458
XM_034481308.1	3180	3081	0	0
XM_034481309.1	1920	1821	63	40.4782
XM_034481310.1	1901	1802	0	0
XM_034481311.1	2310	2211	1.41263e-05	7.47532e-06
XM_034481312.1	2393	2294	0	0
XM_034481313.1	2770	2671	0.0948365	0.0415425
XM_034481314.1	2761	2662	4.97053	2.18467
XM_034481315.1	1336	1237	0	0
XM_034481316.1	2097	1998	1	0.585592
XM_034481317.1	5308	5209	0	0
XM_034481318.1	5348	5249	0	0
XM_034481319.1	5289	5190	0	0
XM_034481320.1	1277	1178	5	4.9661
XM_034481321.1	5286	5187	0	0
XM_034481322.1	5277	5178	0	0
XM_034481323.1	5268	5169	0	0
XM_034481324.1	5265	5166	0	0
XM_034481325.1	5262	5163	0	0
XM_034481326.1	3290	3191	0	0
XM_034481327.1	5256	5157	0	0
XM_034481328.1	5253	5154	117.241	26.6149
XM_034481329.1	5244	5145	1.44362e-07	3.2829e-08
XM_034481330.1	5231	5132	2.80714e-06	6.39983e-07
XM_034481331.1	5271	5172	0	0
XM_034481332.1	841	742	0	0
XM_034481333.1	3562	3463	0	0
XM_034481334.1	3544	3445	0	0
XM_034481335.1	3541	3442	0	0
XM_034481336.1	1568	1469	0	0
XM_034481337.1	3532	3433	9.75901e-08	3.326e-08
XM_034481338.1	3523	3424	2.12169e-06	7.25001e-07
XM_034481339.1	3517	3418	1.66017e-05	5.68292e-06
XM_034481340.1	3511	3412	0.000130375	4.4707e-05
XM_034481341.1	3508	3409	0.000365851	0.000125565
XM_034481342.1	3498	3399	0.0114779	0.00395094
XM_034481343.1	3485	3386	1.02797	0.355209
XM_034481344.1	2254	2155	1.28593	0.698172
XM_034481345.1	1001	902	1.69349	2.19668
XM_034481346.1	1286	1187	12.0671	11.8944
XM_034481347.1	1327	1228	5.93286	5.65271
XM_034481348.1	1110	1011	0	0
XM_034481349.1	2837	2738	2	0.854648
XM_034481350.1	3656	3557	0	0
XM_034481351.1	865	766	0	0
XM_034481352.1	3314	3215	1	0.363923
XM_034481353.1	1895	1796	0	0
XM_034481354.1	2128	2029	32.8022	18.9152
XM_034481355.1	2692	2593	0.891501	0.402263
XM_034481356.1	2409	2310	32.2092	16.3139
XM_034481357.1	1746	1647	0	0
XM_034481358.1	830	731	13.2004	21.1281
XM_034481359.1	1954	1855	0	0
XM_034481360.1	2451	2352	0	0
XM_034481361.1	2566	2467	10	4.74266
XM_034481362.1	2395	2296	3	1.52876
XM_034481363.1	1847	1748	0	0
XM_034481364.1	2523	2424	0	0
XM_034481365.1	3067	2968	5.80423	2.28808
XM_034481366.1	2518	2419	0	0
XM_034481367.1	2374	2275	1	0.514292
XM_034481368.1	1847	1748	0	0
XM_034481369.1	1763	1664	0	0
XM_034481370.1	1717	1618	2.5	1.80781
XM_034481371.1	1717	1618	2.5	1.80781
XM_034481372.1	2484	2385	2.97729	1.46058
XM_034481373.1	2043	1944	5.02271	3.02296
XM_034481374.1	2030	1931	0	0
XM_034481375.1	2029	1930	0	0
XM_034481376.1	1566	1467	0	0
XM_034481377.1	1932	1833	10.4426	6.66555
XM_034481378.1	2722	2623	2.88708	1.28781
XM_034481379.1	2722	2623	2.88708	1.28781
XM_034481380.1	1947	1848	9	5.69812
XM_034481381.1	2476	2377	0	0
XM_034481382.1	1983	1884	0	0
XM_034481383.1	1079	980	1	1.19389
XM_034481384.1	7460	7361	0	0
XM_034481385.1	7457	7358	0	0
XM_034481386.1	7457	7358	0	0
XM_034481387.1	7265	7166	23.1567	3.78086
XM_034481388.1	7262	7163	37.8433	6.18138
XM_034481389.1	8013	7914	2.85125e-05	4.21532e-06
XM_034481390.1	7972	7873	0.0126207	0.00187557
XM_034481391.1	8044	7945	2.90704e-07	4.28103e-08
XM_034481392.1	8067	7968	0	0
XM_034481393.1	8003	7904	0.000125645	1.85991e-05
XM_034481394.1	8067	7968	0	0
XM_034481395.1	8055	7956	5.73624e-08	8.43574e-09
XM_034481396.1	8055	7956	5.73624e-08	8.43574e-09
XM_034481397.1	7920	7821	29.9872	4.48606
XM_034481398.1	2066	1967	0	0
XM_034481399.1	2027	1928	0	0
XM_034481400.1	1278	1179	0	0
XM_034481401.1	7167	7068	0	0
XM_034481402.1	7161	7062	0	0
XM_034481403.1	7152	7053	16.4754	2.73308
XM_034481404.1	7146	7047	44.7086	7.42297
XM_034481405.1	7098	6999	0	0
XM_034481406.1	7083	6984	0	0
XM_034481407.1	7001	6902	2.93633e-05	4.9776e-06
XM_034481408.1	7083	6984	0	0
XM_034481409.1	7030	6931	2.14702e-07	3.62436e-08
XM_034481410.1	6917	6818	50.7889	8.71571
XM_034481411.1	6946	6847	0.349576	0.0597355
XM_034481412.1	1570	1471	0	0
XM_034481413.1	1818	1719	0	0
XM_034481414.1	1800	1701	0	0
XM_034481415.1	1751	1652	0	0
XM_034481416.1	1882	1783	13.4276	8.81123
XM_034481417.1	1835	1736	0	0
XM_034481418.1	929	830	3.50536	4.94135
XM_034481419.1	1374	1275	0	0
XM_034481420.1	1131	1032	0	0
XM_034481421.1	915	816	0	0
XM_034481422.1	5164	5065	0.568357	0.13129
XM_034481423.1	5149	5050	18.4302	4.27001
XM_034481424.1	5191	5092	0.00111232	0.000255583
XM_034481425.1	1694	1595	0	0
XM_034481426.1	1341	1242	0	0
XM_034481427.1	1324	1225	0	0
XM_034481428.1	1866	1767	0	0
XM_034481429.1	2526	2427	38	18.3191
XM_034481430.1	1603	1504	0	0
XM_034481431.1	1411	1312	0	0
XM_034481432.1	4572	4473	5.9983e-05	1.56899e-05
XM_034481433.1	4692	4593	0	0
XM_034481434.1	3655	3556	10.606	3.48963
XM_034481435.1	4529	4430	4.99994	1.32054
XM_034481436.1	3668	3569	0	0
XM_034481437.1	5054	4955	30	7.08383
XM_034481438.1	5229	5130	10.4651	2.38681
XM_034481439.1	2736	2637	4	1.77476
XM_034481440.1	8493	8394	2.63452	0.367217
XM_034481441.1	2014	1915	1.93182	1.18029
XM_034481442.1	2823	2724	0	0
XM_034481443.1	1365	1266	0	0
XM_034481444.1	1835	1736	1	0.673971
XM_034481445.1	1092	993	18	21.2087
XM_034481446.1	3589	3490	1.87909	0.629961
XM_034481447.1	8637	8538	0	0
XM_034481448.1	8666	8567	75.8198	10.3549
XM_034481449.1	9070	8971	0	0
XM_034481450.1	2611	2512	45.0034	20.9612
XM_034481451.1	1749	1650	0	0
XM_034481452.1	1148	1049	0	0
XM_034481453.1	837	738	1	1.58538
XM_034481454.1	1835	1736	0.0309142	0.0208353
XM_034481455.1	4640	4541	0	0
XM_034481456.1	4282	4183	0	0
XM_034481457.1	4376	4277	0	0
XM_034481458.1	4282	4183	0	0
XM_034481459.1	4280	4181	0	0
XM_034481460.1	4263	4164	0	0
XM_034481461.1	3130	3031	2.58736	0.99876
XM_034481462.1	4334	4235	156.413	43.2125
XM_034481463.1	2967	2868	0	0
XM_034481464.1	2931	2832	0	0
XM_034481465.1	2895	2796	0	0
XM_034481466.1	6907	6808	0	0
XM_034481467.1	6575	6476	12.4939	2.25726
XM_034481468.1	6886	6787	0	0
XM_034481469.1	6798	6699	0	0
XM_034481470.1	3263	3164	15.5831	5.76247
XM_034481471.1	6753	6654	0	0
XM_034481472.1	6731	6632	0	0
XM_034481473.1	5172	5073	0	0
XM_034481474.1	5142	5043	0	0
XM_034481475.1	5129	5030	0	0
XM_034481476.1	5020	4921	50.5061	12.0083
XM_034481477.1	5700	5601	0	0
XM_034481478.1	5215	5116	0	0
XM_034481479.1	2581	2482	47.1287	22.2165
XM_034481480.1	2060	1961	0	0
XM_034481481.1	1846	1747	4	2.67891
XM_034481482.1	4645	4546	0	0
XM_034481483.1	1814	1715	0	0
XM_034481484.1	2064	1965	0	0
XM_034481485.1	1844	1745	0	0
XM_034481486.1	1756	1657	0	0
XM_034481487.1	2124	2025	2	1.15557
XM_034481488.1	4422	4323	0	0
XM_034481489.1	4356	4257	0	0
XM_034481490.1	4350	4251	1.99974e-08	5.50393e-09
XM_034481491.1	2264	2165	0	0
XM_034481492.1	1126	1027	594.947	677.795
XM_034481493.1	2958	2859	38.0533	15.5729
XM_034481494.1	852	753	0	0
XM_034481495.1	849	750	0	0
XM_034481496.1	1297	1198	0	0
XM_034481497.1	1692	1593	1.62551e-06	1.19389e-06
XM_034481498.1	1674	1575	0.999998	0.742864
XM_034481499.1	1868	1769	0	0
XM_034481500.1	772	673	32.8214	57.0602
XM_034481501.1	3613	3514	10.7431	3.577
XM_034481502.1	3610	3511	29.2569	9.74963
XM_034481503.1	1219	1120	0	0
XM_034481504.1	2303	2204	0	0
XM_034481505.1	2195	2096	4	2.23285
XM_034481506.1	8639	8540	0	0
XM_034481507.1	4020	3921	0	0
XM_034481508.1	1412	1313	0	0
XM_034481509.1	1361	1262	0	0
XM_034481510.1	1238	1139	0	0
XM_034481511.1	1352	1253	0	0
XM_034481512.1	1213	1114	0	0
XM_034481513.1	2604	2505	0	0
XM_034481514.1	2550	2451	3.1174	1.48813
XM_034481515.1	2048	1949	0	0
XM_034481516.1	2111	2012	0	0
XM_034481517.1	1460	1361	1	0.859672
XM_034481518.1	1738	1639	0	0
XM_034481519.1	1888	1789	31	20.2741
XM_034481520.1	2147	2048	0	0
XM_034481521.1	1361	1262	0	0
XM_034481522.1	2057	1958	0	0
XM_034481523.1	2139	2040	0	0
XM_034481524.1	1268	1169	0	0
XM_034481525.1	1087	988	0	0
XM_034481526.1	1030	931	0	0
XM_034481527.1	2276	2177	0	0
XM_034481528.1	3802	3703	2	0.631927
XM_034481529.1	1103	1004	282	328.629
XM_034481530.1	2800	2701	0	0
XM_034481531.1	2884	2785	0	0
XM_034481532.1	2791	2692	0	0
XM_034481533.1	2875	2776	0	0
XM_034481534.1	2467	2368	16	7.9055
XM_034481535.1	2551	2452	0	0
XM_034481536.1	3674	3575	0	0
XM_034481537.1	3585	3486	0	0
XM_034481538.1	3424	3325	11	3.87072
XM_034481539.1	4082	3983	0	0
XM_034481540.1	5585	5486	0.116189	0.02478
XM_034481541.1	5570	5471	2.88381	0.616724
XM_034481542.1	3768	3669	0	0
XM_034481543.1	3587	3488	8.30207	2.78484
XM_034481544.1	4396	4297	0	0
XM_034481545.1	1709	1610	5.9958	4.35724
XM_034481546.1	1163	1064	0	0
XM_034481547.1	1144	1045	0	0
XM_034481548.1	1130	1031	0	0
XM_034481549.1	1111	1012	0	0
XM_034481550.1	1088	989	2	2.36605
XM_034481551.1	1719	1620	0.0042023	0.00303503
XM_034481552.1	1339	1240	13	12.2663
XM_034481553.1	1208	1109	9.45255e-08	9.9726e-08
XM_034481554.1	1191	1092	7	7.50009
XM_034481555.1	4823	4724	4.99959	1.23827
XM_034481556.1	4998	4899	0	0
XM_034481557.1	4861	4762	0.000414456	0.000101831
XM_034481558.1	1698	1599	0	0
XM_034481559.1	2735	2636	0	0
XM_034481560.1	1547	1448	8	6.46416
XM_034481561.1	1858	1759	0	0
XM_034481562.1	1774	1675	0	0
XM_034481563.1	1553	1454	2	1.60937
XM_034481564.1	1188	1089	0	0
XM_034481565.1	1720	1621	0	0
XM_034481566.1	1942	1843	1	0.634842
XM_034481567.1	1211	1112	0	0
XM_034481568.1	9364	9265	0	0
XM_034481569.1	9353	9254	0	0
XM_034481570.1	9345	9246	0	0
XM_034481571.1	9325	9226	0	0
XM_034481572.1	9469	9370	26.7219	3.33671
XM_034481573.1	9626	9527	0	0
XM_034481574.1	9322	9223	0	0
XM_034481575.1	9322	9223	33.2781	4.2216
XM_034481576.1	9312	9213	0	0
XM_034481577.1	9303	9204	0	0
XM_034481578.1	9273	9174	0	0
XM_034481579.1	9270	9171	0	0
XM_034481580.1	9252	9153	0	0
XM_034481581.1	9217	9118	0	0
XM_034481582.1	9105	9006	0	0
XM_034481583.1	1670	1571	11	8.19233
XM_034481584.1	2269	2170	20	10.7835
XM_034481585.1	1899	1800	10	6.50007
XM_034481586.1	5610	5511	0	0
XM_034481587.1	1038	939	0	0
XM_034481588.1	2775	2676	0	0
XM_034481589.1	2730	2631	1.44879	0.644281
XM_034481590.1	2429	2330	0	0
XM_034481591.1	3209	3110	0	0
XM_034481592.1	2360	2261	0	0
XM_034481593.1	2566	2467	10.0141	4.74936
XM_034481594.1	3022	2923	1.0711	0.428739
XM_034481595.1	2331	2232	0	0
XM_034481596.1	2554	2455	2	0.953168
XM_034481597.1	7761	7662	18.9968	2.90088
XM_034481598.1	2307	2208	2.86675e-08	1.51908e-08
XM_034481599.1	2156	2057	0	0
XM_034481600.1	7054	6955	7.07248	1.18978
XM_034481601.1	7051	6952	11.7316	1.97442
XM_034481602.1	7051	6952	11.7316	1.97442
XM_034481603.1	7048	6949	19.4643	3.27723
XM_034481604.1	3541	3442	12	4.07907
XM_034481605.1	6975	6876	0	0
XM_034481606.1	1222	1123	0	0
XM_034481607.1	1210	1111	0	0
XM_034481608.1	2571	2472	0	0
XM_034481609.1	2577	2478	0	0
XM_034481610.1	2568	2469	0	0
XM_034481611.1	2562	2463	0	0
XM_034481612.1	2640	2541	0	0
XM_034481613.1	2550	2451	0	0
XM_034481614.1	2541	2442	0	0
XM_034481615.1	2526	2427	0	0
XM_034481616.1	2505	2406	0	0
XM_034481617.1	2486	2387	19.8052	9.70773
XM_034481618.1	2442	2343	4.19437	2.09452
XM_034481619.1	2583	2484	0	0
XM_034481620.1	2597	2498	1.82516	0.854867
XM_034481621.1	2563	2464	0	0
XM_034481622.1	2602	2503	0.174843	0.0817295
XM_034481623.1	3815	3716	8	2.51887
XM_034481624.1	855	756	21	32.5004
XM_034481625.1	4543	4444	23	6.05542
XM_034481626.1	2610	2511	0	0
XM_034481627.1	1805	1706	1	0.685823
XM_034481628.1	2185	2086	0	0
XM_034481629.1	1755	1656	0	0
XM_034481630.1	1739	1640	0	0
XM_034481631.1	1365	1266	0	0
XM_034481632.1	1279	1180	0	0
XM_034481633.1	2271	2172	0	0
XM_034481634.1	2174	2075	0	0
XM_034481635.1	2280	2181	0	0
XM_034481636.1	2174	2075	0	0
XM_034481637.1	2087	1988	0.00538118	0.00316703
XM_034481638.1	1361	1262	0	0
XM_034481639.1	1274	1175	0	0
XM_034481640.1	2077	1978	1.9946	1.17983
XM_034481641.1	2184	2085	0	0
XM_034481642.1	2097	1998	1.49551e-05	8.75759e-06
XM_034481643.1	1223	1124	4	4.16375
XM_034481644.1	1133	1034	4	4.52616
XM_034481645.1	536	437	0	0
XM_034481646.1	1449	1350	1	0.866677
XM_034481647.1	3713	3614	127	41.1156
XM_034481648.1	1277	1178	0	0
XM_034481649.1	1955	1856	7	4.41277
XM_034481650.1	1830	1731	4	2.70367
XM_034481651.1	1763	1664	0	0
XM_034481652.1	2416	2317	3	1.51491
XM_034481653.1	1805	1706	1.95416e-06	1.34021e-06
XM_034481654.1	1783	1684	8	5.55826
XM_034481655.1	1567	1468	28.1123	22.4058
XM_034481656.1	3426	3327	0	0
XM_034481657.1	3495	3396	0	0
XM_034481658.1	3300	3201	26	9.50339
XM_034481659.1	1127	1028	0	0
XM_034481660.1	4103	4004	4.56858e-05	1.33499e-05
XM_034481661.1	4062	3963	7.99995	2.36186
XM_034481662.1	2462	2363	0	0
XM_034481663.1	2246	2147	0	0
XM_034481664.1	2770	2671	0	0
XM_034481665.1	1325	1226	0	0
XM_034481666.1	2193	2094	0	0
XM_034481667.1	2209	2110	0	0
XM_034481668.1	2448	2349	0	0
XM_034481669.1	2036	1937	0.000622991	0.000376307
XM_034481670.1	2019	1920	19.2835	11.751
XM_034481671.1	1782	1683	2.66988	1.85609
XM_034481672.1	1917	1818	2.72806	1.7557
XM_034481673.1	2032	1933	0	0
XM_034481674.1	1921	1822	0.207125	0.133007
XM_034481675.1	1636	1537	0	0
XM_034481676.1	1530	1431	7.64413	6.24999
XM_034481677.1	1529	1430	17.3559	14.2004
XM_034481678.1	4434	4335	0	0
XM_034481679.1	4431	4332	0	0
XM_034481680.1	4389	4290	0	0
XM_034481681.1	4314	4215	0	0
XM_034481682.1	3809	3710	13.5989	4.28864
XM_034481683.1	4678	4579	0	0
XM_034481684.1	4631	4532	0	0
XM_034481685.1	4555	4456	0	0
XM_034481686.1	3075	2976	7	2.75205
XM_034481687.1	5200	5101	10.3349	2.3705
XM_034481688.1	1963	1864	0	0
XM_034481689.1	1769	1670	2	1.40121
XM_034481690.1	2447	2348	0	0
XM_034481691.1	2442	2343	0	0
XM_034481692.1	2348	2249	17	8.84403
XM_034481693.1	2348	2249	0	0
XM_034481694.1	6628	6529	27	4.83847
XM_034481695.1	1745	1646	6.66512	4.73772
XM_034481696.1	7220	7121	0	0
XM_034481697.1	7218	7119	0	0
XM_034481698.1	6849	6750	7.00861	1.21484
XM_034481699.1	2230	2131	8.03891	4.41372
XM_034481700.1	1305	1206	0.255494	0.24787
XM_034481701.1	1302	1203	4.74451	4.61441
XM_034481702.1	1910	1811	11.136	7.19453
XM_034481703.1	2219	2120	0	0
XM_034481704.1	2130	2031	0	0
XM_034481705.1	1901	1802	1.86397	1.21025
XM_034481706.1	2209	2110	0	0
XM_034481707.1	2115	2016	0	0
XM_034481708.1	1867	1768	0	0
XM_034481709.1	2147	2048	23	13.1398
XM_034481710.1	724	625	18	33.6964
XM_034481711.1	2059	1960	2	1.19389
XM_034481712.1	2647	2548	2.478	1.13787
XM_034481713.1	2647	2548	2.478	1.13787
XM_034481714.1	3313	3214	3.23001	1.17584
XM_034481715.1	3221	3122	0	0
XM_034481716.1	1295	1196	8	7.82618
XM_034481717.1	2576	2477	0	0
XM_034481718.1	7097	6998	55.0388	9.20208
XM_034481719.1	841	742	0	0
XM_034481720.1	584	485	0	0
XM_034481721.1	1619	1520	0	0
XM_034481722.1	8264	8165	18	2.57933
XM_034481723.1	8011	7912	0	0
XM_034481724.1	2361	2262	0	0
XM_034481725.1	2343	2244	0	0
XM_034481726.1	1616	1517	1	0.771268
XM_034481727.1	3747	3648	14	4.49018
XM_034481728.1	1568	1469	10	7.96469
XM_034481729.1	1055	956	0	0
XM_034481730.1	1404	1305	2	1.79312
XM_034481731.1	1974	1875	0	0
XM_034481732.1	1856	1757	0	0
XM_034481733.1	1721	1622	0	0
XM_034481734.1	1775	1676	0	0
XM_034481735.1	1663	1564	0	0
XM_034481736.1	2705	2606	0	0
XM_034481737.1	2619	2520	1	0.464291
XM_034481738.1	1398	1299	0	0
XM_034481739.1	3058	2959	3	1.18623
XM_034481740.1	1669	1570	92	68.5613
XM_034481741.1	2144	2045	3	1.7164
XM_034481742.1	2226	2127	0	0
XM_034481743.1	1719	1620	0	0
XM_034481744.1	1872	1773	0	0
XM_034481745.1	1537	1438	0	0
XM_034481746.1	1671	1572	2.71042	2.01732
XM_034481747.1	4934	4835	0.000251588	6.08814e-05
XM_034481748.1	4887	4788	23.8205	5.82087
XM_034481749.1	4907	4808	0.179246	0.0436189
XM_034481750.1	3340	3241	25	9.0251
XM_034481751.1	1263	1164	28	28.1447
XM_034481752.1	2226	2127	14	7.70108
XM_034481753.1	3547	3448	0	0
XM_034481754.1	7271	7172	0	0
XM_034481755.1	7256	7157	0	0
XM_034481756.1	7217	7118	0	0
XM_034481757.1	7208	7109	0	0
XM_034481758.1	7187	7088	0	0
XM_034481759.1	7246	7147	0	0
XM_034481760.1	7243	7144	0	0
XM_034481761.1	7272	7173	0	0
XM_034481762.1	2243	2144	48	26.1943
XM_034481763.1	3554	3455	0	0
XM_034481764.1	2323	2224	0	0
XM_034481765.1	2775	2676	1.57504	0.688648
XM_034481766.1	1076	977	3.42496	4.10158
XM_034481767.1	1357	1258	0	0
XM_034481768.1	1674	1575	0	0
XM_034481769.1	1643	1544	0	0
XM_034481770.1	741	642	0	0
XM_034481771.1	1728	1629	0	0
XM_034481772.1	1617	1518	0	0
XM_034481773.1	1522	1423	0	0
XM_034481774.1	1437	1338	0	0
XM_034481775.1	7088	6989	80	13.3926
XM_034481776.1	2377	2278	48.5269	24.9241
XM_034481777.1	1927	1828	0	0
XM_034481778.1	1247	1148	0	0
XM_034481779.1	2349	2250	1	0.520006
XM_034481780.1	1932	1833	6	3.82983
XM_034481781.1	1063	964	0	0
XM_034481782.1	1276	1177	4	3.97626
XM_034481783.1	934	835	0	0
XM_034481784.1	1997	1898	0	0
XM_034481785.1	2269	2170	0.000870745	0.000469486
XM_034481786.1	2484	2385	0	0
XM_034481787.1	3252	3153	10	3.71079
XM_034481788.1	4764	4665	12	3.00968
XM_034481789.1	1861	1762	1	0.664026
XM_034481790.1	2599	2500	1	0.468005
XM_034481791.1	840	741	1	1.57897
XM_034481792.1	9235	9136	0	0
XM_034481793.1	8037	7938	0	0
XM_034481794.1	7951	7852	0	0
XM_034481795.1	8071	7972	0	0
XM_034481796.1	8033	7934	0	0
XM_034481797.1	7947	7848	0	0
XM_034481798.1	7892	7793	0	0
XM_034481799.1	1701	1602	2	1.46069
XM_034481800.1	1613	1514	0	0
XM_034481801.1	1484	1385	33	27.8776
XM_034481802.1	3510	3411	0	0
XM_034481803.1	3461	3362	3.40203e-07	1.18394e-07
XM_034481804.1	3411	3312	14.6183	5.16412
XM_034481805.1	1170	1071	9.16216	10.0092
XM_034481806.1	4331	4232	44	12.1646
XM_034481807.1	729	630	0	0
XM_034481808.1	3931	3832	0	0
XM_034481809.1	3932	3833	0	0
XM_034481810.1	4076	3977	29.367	8.63961
XM_034481811.1	3993	3894	0	0
XM_034481812.1	2236	2137	0	0
XM_034481813.1	1141	1042	3.83866e-06	4.31025e-06
XM_034481814.1	1127	1028	457	520.132
XM_034481815.1	1709	1610	4	2.90687
XM_034481816.1	721	622	0	0
XM_034481817.1	3041	2942	2.96389e-08	1.17872e-08
XM_034481818.1	2991	2892	16	6.4731
XM_034481819.1	5061	4962	14	3.30113
XM_034481820.1	4788	4689	63	15.7199
XM_034481821.1	1594	1495	0	0
XM_034481822.1	1602	1503	0	0
XM_034481823.1	1576	1477	0	0
XM_034481824.1	1653	1554	0	0
XM_034481825.1	871	772	0	0
XM_034481826.1	2219	2120	19	10.486
XM_034481827.1	4715	4616	0	0
XM_034481828.1	4340	4241	4	1.10353
XM_034481829.1	4599	4500	213.533	55.5191
XM_034481830.1	1406	1307	1	0.89519
XM_034481831.1	4065	3966	8	2.36009
XM_034481832.1	2710	2611	0	0
XM_034481833.1	3834	3735	6.79953	2.13
XM_034481834.1	2726	2627	0	0
XM_034481835.1	1902	1803	0	0
XM_034481836.1	1869	1770	0	0
XM_034481837.1	1863	1764	0	0
XM_034481838.1	2184	2085	0	0
XM_034481839.1	6306	6207	6.29162	1.18596
XM_034481840.1	3876	3777	7.81367	2.42047
XM_034481841.1	3393	3294	21.2304	7.54094
XM_034481842.1	3025	2926	0	0
XM_034481843.1	2783	2684	0	0
XM_034481844.1	1821	1722	0	0
XM_034481845.1	2020	1921	9	5.48158
XM_034481846.1	2078	1979	1.01936	0.602661
XM_034481847.1	2964	2865	0	0
XM_034481848.1	1986	1887	0	0
XM_034481849.1	2035	1936	4.82495	2.91594
XM_034481850.1	2030	1931	0.000158626	9.61133e-05
XM_034481851.1	646	547	0	0
XM_034481852.1	4472	4373	5.18633	1.38762
XM_034481853.1	5921	5822	0	0
XM_034481854.1	5894	5795	0	0
XM_034481855.1	5867	5768	0	0
XM_034481856.1	5886	5787	0	0
XM_034481857.1	1963	1864	2.75726	1.73071
XM_034481858.1	5843	5744	0	0
XM_034481859.1	5837	5738	0	0
XM_034481860.1	5935	5836	16.9185	3.39186
XM_034481861.1	5980	5881	15.0815	3.00044
XM_034481862.1	5867	5768	0	0
XM_034481863.1	5880	5781	0	0
XM_034481864.1	5816	5717	0	0
XM_034481865.1	2006	1907	0	0
XM_034481866.1	1911	1812	13	8.39414
XM_034481867.1	2790	2691	0	0
XM_034481868.1	2297	2198	8	4.25847
XM_034481869.1	1964	1865	1.46978	0.922074
XM_034481870.1	1887	1788	5	3.27185
XM_034481871.1	2969	2870	12	4.89204
XM_034481872.1	1593	1494	2.8116e-08	2.20188e-08
XM_034481873.1	1569	1470	5	3.97964
XM_034481874.1	1552	1453	36	28.9886
XM_034481875.1	2867	2768	0	0
XM_034481876.1	2213	2114	3	1.66038
XM_034481877.1	839	740	0	0
XM_034481878.1	3708	3609	0	0
XM_034481879.1	2775	2676	1.43178e-06	6.2601e-07
XM_034481880.1	2766	2667	7.44878e-05	3.26778e-05
XM_034481881.1	2742	2643	2.99992	1.32802
XM_034481882.1	2786	2687	1.16442e-08	5.07029e-09
XM_034481883.1	4351	4252	0	0
XM_034481884.1	2990	2891	0	0
XM_034481885.1	2964	2865	0	0
XM_034481886.1	3009	2910	0	0
XM_034481887.1	3105	3006	12.3236	4.79668
XM_034481888.1	3072	2973	0	0
XM_034481889.1	1264	1165	0	0
XM_034481890.1	1096	997	1.17191	1.37527
XM_034481891.1	3622	3523	5.50445	1.82807
XM_034481892.1	1966	1867	2.58732	1.62142
XM_034481893.1	2934	2835	0	0
XM_034481894.1	2934	2835	0	0
XM_034481895.1	2842	2743	18.6015	7.93438
XM_034481896.1	2919	2820	0	0
XM_034481897.1	2228	2129	0	0
XM_034481898.1	3491	3392	0	0
XM_034481899.1	2424	2325	1	0.503232
XM_034481900.1	2133	2034	3	1.72568
XM_034481901.1	1930	1831	0	0
XM_034481902.1	1816	1717	0	0
XM_034481903.1	1804	1705	0	0
XM_034481904.1	1967	1868	1.38059	0.864725
XM_034481905.1	5283	5184	26.8134	6.0517
XM_034481906.1	5305	5206	0.18664	0.041946
XM_034481907.1	2074	1975	0	0
XM_034481908.1	1198	1099	0	0
XM_034481909.1	4374	4275	0	0
XM_034481910.1	952	853	0	0
XM_034481911.1	2072	1973	0	0
XM_034481912.1	1745	1646	0	0
XM_034481913.1	2027	1928	2.20882e-05	1.34043e-05
XM_034481914.1	838	739	0	0
XM_034481915.1	894	795	0	0
XM_034481916.1	5408	5309	0	0
XM_034481917.1	5457	5358	20	4.36735
XM_034481918.1	4282	4183	0	0
XM_034481919.1	2225	2126	3	1.65101
XM_034481920.1	3034	2935	1.23145e-05	4.90906e-06
XM_034481921.1	3031	2932	4.08688e-05	1.63087e-05
XM_034481922.1	3001	2902	7.09029	2.85863
XM_034481923.1	2998	2899	23.8543	9.62741
XM_034481924.1	2986	2887	0	0
XM_034481925.1	2983	2884	0	0
XM_034481926.1	2938	2839	9.62043e-05	3.96479e-05
XM_034481927.1	2905	2806	86.9695	36.2635
XM_034481928.1	2890	2791	6.2897e-05	2.6367e-05
XM_034481929.1	2857	2758	72.0857	30.5806
XM_034481930.1	1404	1305	8	7.1725
XM_034481931.1	1871	1772	39	25.7509
XM_034481932.1	2150	2051	0	0
XM_034481933.1	2524	2425	0	0
XM_034481934.1	2257	2158	0	0
XM_034481935.1	2128	2029	0	0
XM_034481936.1	2209	2110	0	0
XM_034481937.1	2080	1981	0	0
XM_034481938.1	581	482	7	16.9919
XM_034481939.1	15000	14901	0.00483377	0.000379543
XM_034481940.1	15001	14902	0.00446786	0.000350789
XM_034481941.1	14919	14820	2.89084	0.228227
XM_034481942.1	14895	14796	19.3498	1.53011
XM_034481943.1	14883	14784	50.1193	3.96647
XM_034481944.1	14880	14781	63.5901	5.03358
XM_034481945.1	1765	1666	0	0
XM_034481946.1	1729	1630	0	0
XM_034481947.1	1022	923	21	26.62
XM_034481948.1	1251	1152	0	0
XM_034481949.1	1667	1568	2	1.49236
XM_034481950.1	1530	1431	5.72166	4.67814
XM_034481951.1	3033	2934	0	0
XM_034481952.1	1465	1366	0	0
XM_034481953.1	1249	1150	0	0
XM_034481954.1	1120	1021	0	0
XM_034481955.1	2377	2278	0	0
XM_034481956.1	2610	2511	0	0
XM_034481957.1	2480	2381	0	0
XM_034481958.1	1316	1217	0	0
XM_034481959.1	1235	1136	0	0
XM_034481960.1	1099	1000	1	1.17001
XM_034481961.1	1057	958	0	0
XM_034481962.1	1972	1873	0	0
XM_034481963.1	1919	1820	0	0
XM_034481964.1	1939	1840	0	0
XM_034481965.1	1842	1743	0	0
XM_034481966.1	1924	1825	0	0
XM_034481967.1	1915	1816	0	0
XM_034481968.1	1882	1783	0	0
XM_034481969.1	1870	1771	0	0
XM_034481970.1	1867	1768	0	0
XM_034481971.1	1837	1738	0	0
XM_034481972.1	1834	1735	0	0
XM_034481973.1	1825	1726	0	0
XM_034481974.1	1792	1693	0	0
XM_034481975.1	1789	1690	0	0
XM_034481976.1	1744	1645	0	0
XM_034481977.1	1689	1590	2	1.47171
XM_034481978.1	6925	6826	58	9.94151
XM_034481979.1	2133	2034	0	0
XM_034481980.1	2169	2070	0	0
XM_034481981.1	2222	2123	0	0
XM_034481982.1	2111	2012	0	0
XM_034481983.1	2064	1965	7	4.16799
XM_034481984.1	2133	2034	0	0
XM_034481985.1	3374	3275	0	0
XM_034481986.1	8004	7905	0	0
XM_034481987.1	6804	6705	0	0
XM_034481988.1	1708	1609	0	0
XM_034481989.1	3221	3122	0	0
XM_034481990.1	3280	3181	0	0
XM_034481991.1	3151	3052	3.29173	1.26192
XM_034481992.1	3142	3043	0	0
XM_034481993.1	1092	993	0	0
XM_034481994.1	1147	1048	0	0
XM_034481995.1	1308	1209	1	0.967753
XM_034481996.1	1032	933	0	0
XM_034481997.1	895	796	0	0
XM_034481998.1	1142	1043	2.53089	2.8391
XM_034481999.1	3324	3225	0	0
XM_034482000.1	2162	2063	0	0
XM_034482001.1	4071	3972	24.0174	7.07471
XM_034482002.1	2250	2151	0	0
XM_034482003.1	987	888	2	2.63517
XM_034482004.1	5485	5386	0.000344131	7.47565e-05
XM_034482005.1	2003	1904	5	3.07251
XM_034482006.1	5487	5388	0.000222634	4.83454e-05
XM_034482007.1	5461	5362	0.0648342	0.0141471
XM_034482008.1	5452	5353	0.465142	0.101667
XM_034482009.1	5440	5341	6.46946	1.41722
XM_034482010.1	4764	4665	0	0
XM_034482011.1	4719	4620	0	0
XM_034482012.1	1669	1570	0	0
XM_034482013.1	2007	1908	0	0
XM_034482014.1	1234	1135	1	1.03085
XM_034482015.1	1249	1150	1	1.0174
XM_034482016.1	1271	1172	0	0
XM_034482017.1	1851	1752	0	0
XM_034482018.1	1810	1711	1	0.683818
XM_034482019.1	1233	1134	12	12.3811
XM_034482020.1	3164	3065	0	0
XM_034482021.1	3146	3047	0	0
XM_034482022.1	3193	3094	0	0
XM_034482023.1	3143	3044	0	0
XM_034482024.1	3895	3796	12.5069	3.85493
XM_034482025.1	1709	1610	0	0
XM_034482026.1	4535	4436	1.99537	0.526287
XM_034482027.1	1974	1875	0	0
XM_034482028.1	3063	2964	1.32237	0.521994
XM_034482029.1	3090	2991	3.17561e-05	1.24223e-05
XM_034482030.1	3259	3160	0.69028	0.255581
XM_034482031.1	3256	3157	2.10324	0.77948
XM_034482032.1	3256	3157	2.10324	0.77948
XM_034482033.1	3256	3157	2.10324	0.77948
XM_034482034.1	3171	3072	0	0
XM_034482035.1	3168	3069	0	0
XM_034482036.1	2080	1981	0	0
XM_034482037.1	1458	1359	1	0.860937
XM_034482038.1	2653	2554	2	0.91622
XM_034482039.1	4278	4179	30	8.39923
XM_034482040.1	1934	1835	0	0
XM_034482041.1	1741	1642	0	0
XM_034482042.1	1817	1718	1.00585	0.685019
XM_034482043.1	1328	1229	1	0.952004
XM_034482044.1	1794	1695	1	0.690273
XM_034482045.1	2377	2278	0	0
XM_034482046.1	1966	1867	3.58682	2.24779
XM_034482047.1	2740	2641	6.33202	2.80521
XM_034482048.1	2217	2118	0.0165542	0.00914478
XM_034482049.1	2538	2439	0	0
XM_034482050.1	1350	1251	0	0
XM_034482051.1	2132	2033	0	0
XM_034482052.1	6038	5939	0	0
XM_034482053.1	6043	5944	0	0
XM_034482054.1	5995	5896	0	0
XM_034482055.1	6000	5901	0	0
XM_034482056.1	5840	5741	0	0
XM_034482057.1	1825	1726	0	0
XM_034482058.1	1828	1729	0	0
XM_034482059.1	1623	1524	6.60372	5.06985
XM_034482060.1	1784	1685	4	2.77748
XM_034482061.1	4876	4777	23.4355	5.73997
XM_034482062.1	4670	4571	0.00118614	0.000303611
XM_034482063.1	2125	2026	0	0
XM_034482064.1	4534	4435	0	0
XM_034482065.1	2989	2890	11	4.45334
XM_034482066.1	2025	1926	0	0
XM_034482067.1	3331	3232	8	2.89607
XM_034482068.1	2397	2298	9.19014	4.67911
XM_034482069.1	1888	1789	0	0
XM_034482070.1	1594	1495	0	0
XM_034482071.1	1588	1489	0	0
XM_034482072.1	3052	2953	0.252794	0.10016
XM_034482073.1	3046	2947	2.74721	1.09069
XM_034482074.1	1793	1694	2	1.38136
XM_034482075.1	2847	2748	0	0
XM_034482076.1	1774	1675	1	0.698515
XM_034482077.1	1761	1662	3	2.11194
XM_034482078.1	5122	5023	0	0
XM_034482079.1	4650	4551	26.6386	6.8485
XM_034482080.1	2421	2322	0	0
XM_034482081.1	1248	1149	0	0
XM_034482082.1	1907	1808	2	1.29426
XM_034482083.1	404	305	0	0
XM_034482084.1	2604	2505	14.628	6.8323
XM_034482085.1	1877	1778	0	0
XM_034482086.1	1561	1462	0	0
XM_034482087.1	1512	1413	0	0
XM_034482088.1	1626	1527	1.61442	1.23699
XM_034482089.1	1872	1773	0	0
XM_034482090.1	7624	7525	22	3.42064
XM_034482091.1	5970	5871	0.0107397	0.00214028
XM_034482092.1	5961	5862	0.0649415	0.0129619
XM_034482093.1	1501	1402	0	0
XM_034482094.1	5958	5859	0.118386	0.023641
XM_034482095.1	5949	5850	0.718507	0.143703
XM_034482096.1	5946	5847	1.31142	0.262422
XM_034482097.1	5934	5835	14.5993	2.92741
XM_034482098.1	5934	5835	14.5993	2.92741
XM_034482099.1	5739	5640	0	0
XM_034482100.1	3880	3781	0	0
XM_034482101.1	3859	3760	0	0
XM_034482102.1	3920	3821	17	5.2055
XM_034482103.1	7361	7262	32.2417	5.1946
XM_034482104.1	3000	2901	34.9998	14.1159
XM_034482105.1	4388	4289	1.04684e-05	2.85571e-06
XM_034482106.1	4376	4277	0.000280015	7.66007e-05
XM_034482107.1	4352	4253	0	0
XM_034482108.1	4340	4241	5.6655	1.56301
XM_034482109.1	4333	4234	39.3342	10.8695
XM_034482110.1	4303	4204	0	0
XM_034482111.1	4245	4146	0	0
XM_034482112.1	2236	2137	0	0
XM_034482113.1	1369	1270	2	1.84254
XM_034482114.1	4537	4438	0	0
XM_034482115.1	4756	4657	0	0
XM_034482116.1	4521	4422	0	0
XM_034482117.1	4444	4345	0.338768	0.0912229
XM_034482118.1	4428	4329	25.6612	6.93555
XM_034482119.1	3499	3400	25	8.60304
XM_034482120.1	2780	2681	0	0
XM_034482121.1	2742	2643	0	0
XM_034482122.1	2720	2621	0	0
XM_034482123.1	2726	2627	0	0
XM_034482124.1	3639	3540	0	0
XM_034482125.1	1843	1744	0	0
XM_034482126.1	1897	1798	2	1.30146
XM_034482127.1	3687	3588	69	22.5003
XM_034482128.1	1976	1877	1	0.623342
XM_034482129.1	3191	3092	18.9307	7.16339
XM_034482130.1	3410	3311	3	1.06011
XM_034482131.1	1978	1879	0	0
XM_034482132.1	2134	2035	0	0
XM_034482133.1	2053	1954	0	0
XM_034482134.1	1762	1663	0	0
XM_034482135.1	1668	1569	1.12139	0.836227
XM_034482136.1	1567	1468	0	0
XM_034482137.1	1574	1475	0	0
XM_034482138.1	1209	1110	0	0
XM_034482139.1	1996	1897	0	0
XM_034482140.1	2335	2236	0	0
XM_034482141.1	1980	1881	4	2.48807
XM_034482142.1	4068	3969	9	2.65309
XM_034482143.1	2400	2301	0	0
XM_034482144.1	2349	2250	0	0
XM_034482145.1	2226	2127	9.40079	5.17116
XM_034482146.1	2308	2209	0	0
XM_034482147.1	1513	1414	0	0
XM_034482148.1	1466	1367	3	2.5677
XM_034482149.1	1492	1393	9	7.55931
XM_034482150.1	1307	1208	0	0
XM_034482151.1	1753	1654	0	0
XM_034482152.1	1598	1499	3	2.34159
XM_034482153.1	1411	1312	0	0
XM_034482154.1	2056	1957	11.3863	6.80743
XM_034482155.1	2513	2414	6	2.90807
XM_034482156.1	2399	2300	5.45846	2.77673
XM_034482157.1	1326	1227	0	0
XM_034482158.1	2269	2170	118.414	63.846
XM_034482159.1	1479	1380	0	0
XM_034482160.1	4037	3938	0	0
XM_034482161.1	4009	3910	0	0
XM_034482162.1	4080	3981	8.16342	2.39922
XM_034482163.1	4013	3914	0	0
XM_034482164.1	2031	1932	0	0
XM_034482165.1	1519	1420	3.38558	2.78956
XM_034482166.1	1613	1514	0	0
XM_034482167.1	1632	1533	0	0
XM_034482168.1	5026	4927	0	0
XM_034482169.1	928	829	0	0
XM_034482170.1	1701	1602	4	2.92138
XM_034482171.1	1782	1683	6.13489	4.26494
XM_034482172.1	1183	1084	1	1.07935
XM_034482173.1	900	801	0	0
XM_034482174.1	1335	1236	2	1.89323
XM_034482175.1	3125	3026	0	0
XM_034482176.1	1249	1150	1	1.0174
XM_034482177.1	5848	5749	24.5474	4.99579
XM_034482178.1	504	405	0	0
XM_034482179.1	580	481	1	2.43246
XM_034482180.1	1943	1844	1	0.634498
XM_034482181.1	675	576	0	0
XM_034482182.1	852	753	0	0
XM_034482183.1	5019	4920	0	0
XM_034482184.1	730	631	6.72084	12.4619
XM_034482185.1	716	617	0	0
XM_034482186.1	1141	1042	2	2.24571
XM_034482187.1	1425	1326	0	0
XM_034482188.1	690	591	0	0
XM_034482189.1	2369	2270	0.631436	0.325457
XM_034482190.1	2361	2262	39.7044	20.537
XM_034482191.1	1750	1651	3.66413	2.59666
XM_034482192.1	2213	2114	0	0
XM_034482193.1	1658	1559	4.99986	3.75234
XM_034482194.1	3494	3395	21.7392	7.49194
XM_034482195.1	3701	3602	8.90849	2.89369
XM_034482196.1	2462	2363	0	0
XM_034482197.1	1829	1730	28	18.9366
XM_034482198.1	1092	993	0	0
XM_034482199.1	2211	2112	1	0.553984
XM_034482200.1	1739	1640	0	0
XM_034482201.1	5874	5775	16	3.2416
XM_034482202.1	3598	3499	8	2.67508
XM_034482203.1	1660	1561	0	0
XM_034482204.1	3929	3830	11	3.36035
XM_034482205.1	2184	2085	1	0.561158
XM_034482206.1	1407	1308	0	0
XM_034482207.1	922	823	0	0
XM_034482208.1	910	811	0	0
XM_034482209.1	3424	3325	0	0
XM_034482210.1	864	765	4	6.11772
XM_034482211.1	5102	5003	0.00082679	0.000193355
XM_034482212.1	5065	4966	4.99917	1.17783
XM_034482213.1	5144	5045	0	0
XM_034482214.1	5214	5115	0	0
XM_034482215.1	5036	4937	0	0
XM_034482216.1	5037	4938	0	0
XM_034482217.1	5423	5324	0	0
XM_034482218.1	5138	5039	4.9092	1.13988
XM_034482219.1	5126	5027	0	0
XM_034482220.1	5123	5024	0	0
XM_034482221.1	5111	5012	0	0
XM_034482222.1	5108	5009	0	0
XM_034482223.1	5102	5003	0	0
XM_034482224.1	5090	4991	0	0
XM_034482225.1	6258	6159	10.849	2.06097
XM_034482226.1	5057	4958	0	0
XM_034482227.1	5336	5237	0	0
XM_034482228.1	5054	4955	0	0
XM_034482229.1	5315	5216	0	0
XM_034482230.1	5030	4931	0	0
XM_034482231.1	5027	4928	6.45381	1.53227
XM_034482232.1	5015	4916	0	0
XM_034482233.1	5006	4907	3.10444	0.740216
XM_034482234.1	5003	4904	0	0
XM_034482235.1	5195	5096	0	0
XM_034482236.1	4994	4895	0	0
XM_034482237.1	5186	5087	0	0
XM_034482238.1	4994	4895	0	0
XM_034482239.1	4982	4883	0	0
XM_034482240.1	4895	4796	0	0
XM_034482241.1	3596	3497	0	0
XM_034482242.1	3590	3491	32.7508	10.9765
XM_034482243.1	6075	5976	38.9327	7.62245
XM_034482244.1	1694	1595	0	0
XM_034482245.1	807	708	0	0
XM_034482246.1	746	647	0	0
XM_034482247.1	4482	4383	4.4525	1.18857
XM_034482248.1	2857	2758	0	0
XM_034482249.1	2305	2206	53	28.11
XM_034482250.1	5426	5327	6.5475	1.43808
XM_034482251.1	485	386	0	0
XM_034482252.1	2472	2373	4.70523e-05	2.31992e-05
XM_034482253.1	2119	2020	0	0
XM_034482254.1	2183	2084	0	0
XM_034482255.1	2342	2243	4.24509	2.21436
XM_034482256.1	2447	2348	11.6941	5.82717
XM_034482257.1	1305	1206	3	2.91048
XM_034482258.1	3301	3202	1.61221	0.589103
XM_034482259.1	3314	3215	6.26605	2.28036
XM_034482260.1	1652	1553	52.9695	39.9067
XM_034482261.1	2266	2167	0	0
XM_034482262.1	2222	2123	18	9.92004
XM_034482263.1	8642	8543	95	13.0108
XM_034482264.1	6262	6163	67.9762	12.9049
XM_034482265.1	1062	963	3	3.6449
XM_034482266.1	2189	2090	18	10.0767
XM_034482267.1	2331	2232	0	0
XM_034482268.1	1250	1151	45	45.7434
XM_034482269.1	2488	2389	0	0
XM_034482270.1	2897	2798	0	0
XM_034482271.1	2871	2772	0.000169762	7.16537e-05
XM_034482272.1	2846	2747	6.99983	2.9814
XM_034482273.1	1742	1643	0	0
XM_034482274.1	1789	1690	0	0
XM_034482275.1	1744	1645	5	3.55627
XM_034482276.1	687	588	1.76016	3.50241
XM_034482277.1	1177	1078	0	0
XM_034482278.1	1137	1038	0	0
XM_034482279.1	1143	1044	0	0
XM_034482280.1	1138	1039	0	0
XM_034482281.1	978	879	0	0
XM_034482282.1	943	844	0	0
XM_034482283.1	688	589	0.239837	0.476421
XM_034482284.1	3128	3029	1.02836	0.397225
XM_034482285.1	2707	2608	22	9.86975
XM_034482286.1	1233	1134	1	1.03176
XM_034482287.1	974	875	0	0
XM_034482288.1	939	840	0	0
XM_034482289.1	3533	3434	0.028873	0.00983745
XM_034482290.1	3513	3414	27.2978	9.35525
XM_034482291.1	3493	3394	18	6.20514
XM_034482292.1	2082	1983	10.7981	6.37113
XM_034482293.1	1738	1639	0.00531744	0.0037959
XM_034482294.1	1736	1637	0.0222697	0.0159168
XM_034482295.1	1728	1629	6.97241	5.00787
XM_034482296.1	1694	1595	1	0.733551
XM_034482297.1	1666	1567	4	2.98663
XM_034482298.1	2428	2329	0	0
XM_034482299.1	2371	2272	7	3.60479
XM_034482300.1	2502	2403	23	11.1986
XM_034482301.1	4393	4294	0	0
XM_034482302.1	4188	4089	6	1.71682
XM_034482303.1	1692	1593	0	0
XM_034482304.1	1031	932	0	0
XM_034482305.1	6704	6605	0	0
XM_034482306.1	6692	6593	0	0
XM_034482307.1	7376	7277	0	0
XM_034482308.1	6835	6736	0	0
XM_034482309.1	6285	6186	0	0
XM_034482310.1	6285	6186	0	0
XM_034482311.1	6191	6092	0	0
XM_034482312.1	5794	5695	0	0
XM_034482313.1	1516	1417	0	0
XM_034482314.1	1484	1385	0	0
XM_034482315.1	1786	1687	5	3.46773
XM_034482316.1	870	771	1.99995	3.03498
XM_034482317.1	1488	1389	0	0
XM_034482318.1	877	778	4.97436e-05	7.48081e-05
XM_034482319.1	1012	913	0	0
XM_034482320.1	1350	1251	0	0
XM_034482321.1	712	613	0	0
XM_034482322.1	1597	1498	0	0
XM_034482323.1	4051	3952	0	0
XM_034482324.1	3737	3638	0	0
XM_034482325.1	3932	3833	0	0
XM_034482326.1	2556	2457	3	1.42859
XM_034482327.1	2464	2365	0	0
XM_034482328.1	2158	2059	23	13.0696
XM_034482329.1	3855	3756	8	2.49204
XM_034482330.1	872	773	0.0146461	0.0221684
XM_034482331.1	868	769	6.43684	9.79348
XM_034482332.1	7170	7071	0	0
XM_034482333.1	7149	7050	0	0
XM_034482334.1	7134	7035	0	0
XM_034482335.1	7110	7011	0	0
XM_034482336.1	7107	7008	0	0
XM_034482337.1	2048	1949	0	0
XM_034482338.1	7104	7005	0	0
XM_034482339.1	7080	6981	0	0
XM_034482340.1	817	718	0	0
XM_034482341.1	1578	1479	0	0
XM_034482342.1	1759	1660	1	0.704827
XM_034482343.1	1790	1691	9	6.22716
XM_034482344.1	1309	1210	1	0.966953
XM_034482345.1	1328	1229	0	0
XM_034482346.1	1107	1008	9.99906	11.6062
XM_034482347.1	1115	1016	0.000939386	0.00108179
XM_034482348.1	3790	3691	0	0
XM_034482349.1	3121	3022	19	7.35614
XM_034482350.1	3433	3334	17.6203	6.18356
XM_034482351.1	2908	2809	1.17554e-08	4.8964e-09
XM_034482352.1	3513	3414	0	0
XM_034482353.1	2899	2800	5.07057e-07	2.1188e-07
XM_034482354.1	2520	2421	0	0
XM_034482355.1	5497	5398	14	3.03449
XM_034482356.1	7411	7312	5.31976	0.85123
XM_034482357.1	4107	4008	3.41874	0.997997
XM_034482358.1	3381	3282	0	0
XM_034482359.1	2701	2602	7.54203	3.39134
XM_034482360.1	2356	2257	79.458	41.1905
XM_034482361.1	2679	2580	0	0
XM_034482362.1	1146	1047	12	13.4099
XM_034482363.1	2574	2475	0	0
XM_034482364.1	2836	2737	4.08421	1.74592
XM_034482365.1	2637	2538	0	0
XM_034482366.1	2809	2710	0	0
XM_034482367.1	2613	2514	0	0
XM_034482368.1	2583	2484	0	0
XM_034482369.1	2136	2037	0	0
XM_034482370.1	2124	2025	0	0
XM_034482371.1	2550	2451	0	0
XM_034482372.1	2547	2448	0	0
XM_034482373.1	2538	2439	0	0
XM_034482374.1	2535	2436	0	0
XM_034482375.1	2478	2379	0	0
XM_034482376.1	2671	2572	9.81979	4.46706
XM_034482377.1	2426	2327	0	0
XM_034482378.1	2399	2300	0	0
XM_034482379.1	2293	2194	0.000169646	9.04688e-05
XM_034482380.1	2271	2172	23.0958	12.4413
XM_034482381.1	1592	1493	0	0
XM_034482382.1	1469	1370	0	0
XM_034482383.1	1338	1239	0	0
XM_034482384.1	1221	1122	20.2908	21.1591
XM_034482385.1	4583	4484	18	4.69675
XM_034482386.1	2692	2593	0	0
XM_034482387.1	2683	2584	0	0
XM_034482388.1	2634	2535	0	0
XM_034482389.1	2612	2513	0	0
XM_034482390.1	2615	2516	0	0
XM_034482391.1	2612	2513	0	0
XM_034482392.1	2594	2495	0	0
XM_034482393.1	2656	2557	0	0
XM_034482394.1	2656	2557	0	0
XM_034482395.1	2582	2483	0	0
XM_034482396.1	2603	2504	0	0
XM_034482397.1	2603	2504	0	0
XM_034482398.1	2570	2471	0	0
XM_034482399.1	2591	2492	0	0
XM_034482400.1	2585	2486	0	0
XM_034482401.1	2551	2452	0	0
XM_034482402.1	2573	2474	0	0
XM_034482403.1	2605	2506	0	0
XM_034482404.1	3032	2933	1	0.398914
XM_034482405.1	6220	6121	0	0
XM_034482406.1	2172	2073	2	1.12881
XM_034482407.1	5223	5124	4.50481	1.02863
XM_034482408.1	917	818	0	0
XM_034482409.1	2064	1965	1.02394	0.609683
XM_034482410.1	2839	2740	0	0
XM_034482411.1	2752	2653	4.99952	2.20486
XM_034482412.1	4327	4228	0	0
XM_034482413.1	1895	1796	1	0.651455
XM_034482414.1	745	646	69	124.97
XM_034482415.1	2122	2023	0	0
XM_034482416.1	2257	2158	0	0
XM_034482417.1	2299	2200	0	0
XM_034482418.1	3492	3393	6	2.06899
XM_034482419.1	1429	1330	0	0
XM_034482420.1	1210	1111	19	20.0092
XM_034482421.1	3823	3724	53	16.6516
XM_034482422.1	1821	1722	123	83.5724
XM_034482423.1	3474	3375	0	0
XM_034482424.1	793	694	2	3.3718
XM_034482425.1	1703	1604	0	0
XM_034482426.1	1419	1320	16	14.182
XM_034482427.1	2450	2351	0	0
XM_034482428.1	1225	1126	0	0
XM_034482429.1	1933	1834	0	0
XM_034482430.1	2811	2712	93	40.1221
XM_034482431.1	2805	2706	0	0
XM_034482432.1	5987	5888	0	0
XM_034482433.1	2224	2125	17	9.36011
XM_034482434.1	5755	5656	138	28.547
XM_034482435.1	5628	5529	0	0
XM_034482436.1	4238	4139	0	0
XM_034482437.1	1742	1643	7	4.98484
XM_034482438.1	972	873	4	5.36089
XM_034482439.1	889	790	0	0
XM_034482440.1	2205	2106	1	0.555562
XM_034482441.1	2420	2321	0	0
XM_034482442.1	2158	2059	0	0
XM_034482443.1	2031	1932	0	0
XM_034482444.1	2792	2693	0	0
XM_034482445.1	2743	2644	0	0
XM_034482446.1	2653	2554	4	1.83244
XM_034482447.1	2788	2689	0	0
XM_034482448.1	1191	1092	0	0
XM_034482449.1	1081	982	0	0
XM_034482450.1	1017	918	0	0
XM_034482451.1	1221	1122	0	0
XM_034482452.1	1181	1082	5	5.40672
XM_034482453.1	3412	3313	0	0
XM_034482454.1	3323	3224	0	0
XM_034482455.1	3533	3434	13.7136	4.67242
XM_034482456.1	3461	3362	0	0
XM_034482457.1	1444	1345	0	0
XM_034482458.1	3557	3458	0	0
XM_034482459.1	3244	3145	0	0
XM_034482460.1	3245	3146	0	0
XM_034482461.1	3246	3147	0	0
XM_034482462.1	3247	3148	0	0
XM_034482463.1	3247	3148	0	0
XM_034482464.1	3157	3058	0	0
XM_034482465.1	3158	3059	0	0
XM_034482466.1	3077	2978	0	0
XM_034482467.1	3078	2979	0	0
XM_034482468.1	1097	998	1	1.17236
XM_034482469.1	2990	2891	0	0
XM_034482470.1	2384	2285	12.8596	6.58464
XM_034482471.1	1187	1088	2	2.15076
XM_034482472.1	4116	4017	38.4615	11.2025
XM_034482473.1	2691	2592	3	1.35418
XM_034482474.1	2854	2755	0	0
XM_034482475.1	2749	2650	77.9952	34.436
XM_034482476.1	1895	1796	0	0
XM_034482477.1	2591	2492	6.5	3.0518
XM_034482478.1	2591	2492	6.5	3.0518
XM_034482479.1	10233	10134	0	0
XM_034482480.1	10229	10130	19.5881	2.26243
XM_034482481.1	10203	10104	0	0
XM_034482482.1	10230	10131	0	0
XM_034482483.1	10230	10131	0	0
XM_034482484.1	10230	10131	0	0
XM_034482485.1	10113	10014	24.9632	2.91665
XM_034482486.1	10080	9981	0	0
XM_034482487.1	8832	8733	33.5213	4.49106
XM_034482488.1	7292	7193	106.927	17.3928
XM_034482489.1	1134	1035	0	0
XM_034482490.1	2700	2601	1	0.449832
XM_034482491.1	6166	6067	6.62963	1.27852
XM_034482492.1	6162	6063	14.3704	2.77314
XM_034482493.1	4606	4507	130	33.7479
XM_034482494.1	4477	4378	0	0
XM_034482495.1	1483	1384	2	1.69077
XM_034482496.1	2289	2190	3.00784	1.60695
XM_034482497.1	1437	1338	11	9.61894
XM_034482498.1	2423	2324	1.11041	0.559034
XM_034482499.1	2222	2123	0	0
XM_034482500.1	3712	3613	14.7942	4.79086
XM_034482501.1	3708	3609	0	0
XM_034482502.1	1303	1204	4	3.88709
XM_034482503.1	1274	1175	1	0.995756
XM_034482504.1	767	668	6.00179	10.5122
XM_034482505.1	2657	2558	14.483	6.62441
XM_034482506.1	1932	1833	0	0
XM_034482507.1	2663	2564	0	0
XM_034482508.1	2478	2379	1.39092e-06	6.84067e-07
XM_034482509.1	2448	2349	4.05699	2.02075
XM_034482510.1	1869	1770	28.943	19.132
XM_034482511.1	2664	2565	8	3.64916
XM_034482512.1	1251	1152	3	3.04691
XM_034482513.1	5369	5270	0	0
XM_034482514.1	5324	5225	0	0
XM_034482515.1	5283	5184	0	0
XM_034482516.1	5246	5147	0	0
XM_034482517.1	4648	4549	19	4.88684
XM_034482518.1	3645	3546	11	3.62948
XM_034482519.1	1880	1781	0	0
XM_034482520.1	2898	2799	0.5	0.209006
XM_034482521.1	3622	3523	0	0
XM_034482522.1	2984	2885	0	0
XM_034482523.1	2094	1995	69.2867	40.6347
XM_034482524.1	2932	2833	6	2.47797
XM_034482525.1	2579	2480	0	0
XM_034482526.1	4088	3989	1	0.29331
XM_034482527.1	5166	5067	1.70199	0.393003
XM_034482528.1	5162	5063	4.29801	0.993232
XM_034482529.1	1542	1443	0	0
XM_034482530.1	2307	2208	0	0
XM_034482531.1	2305	2206	0	0
XM_034482532.1	2454	2355	0.241328	0.119897
XM_034482533.1	2445	2346	21.5374	10.7413
XM_034482534.1	3398	3299	0	0
XM_034482535.1	3450	3351	24.1375	8.4277
XM_034482536.1	3284	3185	84.7925	31.1486
XM_034482537.1	3254	3155	1.07002	0.396811
XM_034482538.1	1558	1459	0	0
XM_034482539.1	3532	3433	1	0.340814
XM_034482540.1	3005	2906	0	0
XM_034482541.1	3086	2987	0	0
XM_034482542.1	3091	2992	0	0
XM_034482543.1	3045	2946	0	0
XM_034482544.1	3026	2927	0	0
XM_034482545.1	2956	2857	1.54545	0.632903
XM_034482546.1	2956	2857	1.54545	0.632903
XM_034482547.1	2956	2857	1.54545	0.632903
XM_034482548.1	2956	2857	1.54545	0.632903
XM_034482549.1	2956	2857	1.54545	0.632903
XM_034482550.1	2956	2857	1.54545	0.632903
XM_034482551.1	2956	2857	1.54545	0.632903
XM_034482552.1	2956	2857	1.54545	0.632903
XM_034482553.1	2956	2857	1.54545	0.632903
XM_034482554.1	2956	2857	1.54545	0.632903
XM_034482555.1	2956	2857	1.54545	0.632903
XM_034482556.1	3086	2987	0	0
XM_034482557.1	1526	1427	20	16.3982
XM_034482558.1	806	707	4	6.61959
XM_034482559.1	2598	2499	20.632	9.65974
XM_034482560.1	825	726	0	0
XM_034482561.1	821	722	0	0
XM_034482562.1	855	756	0	0
XM_034482563.1	1198	1099	0	0
XM_034482564.1	1855	1756	0	0
XM_034482565.1	1050	951	0	0
XM_034482566.1	1050	951	0	0
XM_034482567.1	1733	1634	2	1.43208
XM_034482568.1	944	845	0	0
XM_034482569.1	1043	944	0	0
XM_034482570.1	1788	1689	0	0
XM_034482571.1	1493	1394	1	0.839321
XM_034482572.1	690	591	0	0
XM_034482573.1	1761	1662	1	0.703979
XM_034482574.1	1833	1734	4	2.69899
XM_034482575.1	2277	2178	0	0
XM_034482576.1	4904	4805	0	0
XM_034482577.1	2366	2267	43	22.1926
XM_034482578.1	1468	1369	0	0
XM_034482579.1	1402	1303	0	0
XM_034482580.1	1328	1229	0	0
XM_034482581.1	1257	1158	0	0
XM_034482582.1	2161	2062	2.90078	1.64595
XM_034482583.1	2167	2068	0.0960145	0.0543221
XM_034482584.1	2173	2074	0.00320957	0.00181063
XM_034482585.1	1838	1739	0	0
XM_034482586.1	1417	1318	0	0
XM_034482587.1	3528	3429	0	0
XM_034482588.1	3321	3222	0	0
XM_034482589.1	2435	2336	3	1.50259
XM_034482590.1	601	502	0	0
XM_034482591.1	2759	2660	2	0.879709
XM_034482592.1	2217	2118	0	0
XM_034482593.1	1230	1131	1	1.03449
XM_034482594.1	2587	2488	0	0
XM_034482595.1	920	821	13.5997	19.3811
XM_034482596.1	512	413	0	0
XM_034482597.1	1547	1448	78.8928	63.747
XM_034482598.1	3265	3166	0	0
XM_034482599.1	3086	2987	3.44919	1.35105
XM_034482600.1	2220	2121	61.5508	33.9535
XM_034482601.1	1816	1717	3	2.04429
XM_034482602.1	4185	4086	0	0
XM_034482603.1	6099	6000	0	0
XM_034482604.1	3628	3529	0	0
XM_034482605.1	1867	1768	8	5.29418
XM_034482606.1	1079	980	0	0
XM_034482607.1	1044	945	1	1.23811
XM_034482608.1	2209	2110	0	0
XM_034482609.1	1595	1496	7	5.47466
XM_034482610.1	1818	1719	45	30.6286
XM_034482611.1	1355	1256	1	0.931539
XM_034482612.1	2600	2501	0.000214161	0.000100188
XM_034482613.1	2573	2474	72.4867	34.2807
XM_034482614.1	2688	2589	22.5131	10.174
XM_034482615.1	1245	1146	0	0
XM_034482616.1	1338	1239	0	0
XM_034482617.1	6197	6098	33.9203	6.50824
XM_034482618.1	6035	5936	0.0796667	0.0157027
XM_034482619.1	890	791	11	16.2707
XM_034482620.1	1809	1710	2	1.36844
XM_034482621.1	2974	2875	12	4.88353
XM_034482622.1	1096	997	11	12.9089
XM_034482623.1	3100	3001	7	2.72912
XM_034482624.1	1647	1548	0	0
XM_034482625.1	1577	1478	43	34.0396
XM_034482626.1	7124	7025	0.211902	0.0352922
XM_034482627.1	1049	950	6	7.38956
XM_034482628.1	3901	3802	1.50771	0.463977
XM_034482629.1	3980	3881	1.49229	0.449884
XM_034482630.1	5074	4975	3.71932	0.874704
XM_034482631.1	4845	4746	4.27851	1.05477
XM_034482632.1	4255	4156	0.00217042	0.000611024
XM_034482633.1	4268	4169	0.311712	0.0874807
XM_034482634.1	4262	4163	1.68829	0.474494
XM_034482635.1	2704	2605	0	0
XM_034482636.1	9264	9165	20.1069	2.56686
XM_034482637.1	8721	8622	0	0
XM_034482638.1	2966	2867	4.77005	1.94664
XM_034482639.1	2160	2061	192.527	109.296
XM_034482640.1	2872	2773	4	1.68772
XM_034482641.1	1560	1461	6.40609e-05	5.13019e-05
XM_034482642.1	1545	1446	11.5848	9.37371
XM_034482643.1	3413	3314	0	0
XM_034482644.1	3106	3007	0	0
XM_034482645.1	1886	1787	11.7429	7.68849
XM_034482646.1	2457	2358	0	0
XM_034482647.1	9494	9395	0.260819	0.0324813
XM_034482648.1	9486	9387	0.708452	0.0883027
XM_034482649.1	9483	9384	1.03073	0.128513
XM_034482650.1	1848	1749	13	8.6965
XM_034482651.1	3188	3089	0	0
XM_034482652.1	1121	1022	0	0
XM_034482653.1	1232	1133	0	0
XM_034482654.1	3903	3804	3	0.922724
XM_034482655.1	693	594	2	3.93944
XM_034482656.1	7029	6930	24	4.05199
XM_034482657.1	2227	2128	0	0
XM_034482658.1	1731	1632	0	0
XM_034482659.1	2245	2146	0	0
XM_034482660.1	2727	2628	24.2043	10.776
XM_034482661.1	3657	3558	0	0
XM_034482662.1	3519	3420	2.54193	0.869618
XM_034482663.1	2311	2212	0	0
XM_034482664.1	4537	4438	78.1205	20.5953
XM_034482665.1	3457	3358	1	0.348426
XM_034482666.1	2493	2394	0	0
XM_034482667.1	2497	2398	0	0
XM_034482668.1	1260	1161	0	0
XM_034482669.1	1596	1497	0	0
XM_034482670.1	1329	1230	1	0.95123
XM_034482671.1	5601	5502	13	2.76448
XM_034482672.1	2905	2806	1.80217	0.751448
XM_034482673.1	726	627	19	35.455
XM_034482674.1	2507	2408	0	0
XM_034482675.1	2490	2391	0	0
XM_034482676.1	2456	2357	2	0.992799
XM_034482677.1	3654	3555	0	0
XM_034482678.1	2671	2572	0	0
XM_034482679.1	900	801	214.902	313.905
XM_034482680.1	5454	5355	0.00345236	0.000754306
XM_034482681.1	6018	5919	0	0
XM_034482682.1	2995	2896	2.10406e-08	8.50061e-09
XM_034482683.1	3785	3686	4.54738	1.44343
XM_034482684.1	2408	2309	2	1.01344
XM_034482685.1	6958	6859	0	0
XM_034482686.1	5298	5199	37	8.3267
XM_034482687.1	837	738	0	0
XM_034482688.1	808	709	0	0
XM_034482689.1	764	665	13	22.8724
XM_034482690.1	4937	4838	0	0
XM_034482691.1	2988	2889	0	0
XM_034482692.1	5191	5092	4.80112	1.10318
XM_034482693.1	1543	1444	10	8.10259
XM_034482694.1	2580	2481	0	0
XM_034482695.1	36908	36809	45	1.43037
XM_034482696.1	1860	1761	0	0
XM_034482697.1	3389	3290	7	2.48939
XM_034482698.1	2018	1919	5	3.0485
XM_034482699.1	3467	3368	15	5.21087
XM_034482700.1	2593	2494	0	0
XM_034482701.1	1829	1730	0	0
XM_034482702.1	3799	3700	0	0
XM_034482703.1	2642	2543	0	0
XM_034482704.1	5908	5809	8.04183	1.61974
XM_034482705.1	2682	2583	0	0
XM_034482706.1	3075	2976	0	0
XM_034482707.1	3046	2947	0	0
XM_034482708.1	3054	2955	0	0
XM_034482709.1	2958	2859	46	18.825
XM_034482710.1	3007	2908	1.01328e-07	4.07685e-08
XM_034482711.1	2597	2498	0	0
XM_034482712.1	1061	962	16	19.4597
XM_034482713.1	572	473	0	0
XM_034482714.1	42118	42019	0	0
XM_034482715.1	42019	41920	0	0
XM_034482716.1	40921	40822	73	2.09228
XM_034482717.1	38842	38743	0	0
XM_034482718.1	3002	2903	1.44605	0.58281
XM_034482719.1	3330	3231	0.00666918	0.00241505
XM_034482720.1	3309	3210	13.9933	5.10043
XM_034482721.1	3382	3283	0	0
XM_034482722.1	1313	1214	0	0
XM_034482723.1	950	851	55	75.6178
XM_034482724.1	947	848	6	8.2784
XM_034482725.1	2115	2016	0	0
XM_034482726.1	2071	1972	0	0
XM_034482727.1	2181	2082	0	0
XM_034482728.1	2073	1974	0	0
XM_034482729.1	2242	2143	0	0
XM_034482730.1	2068	1969	0	0
XM_034482731.1	2014	1915	0.0239916	0.0146582
XM_034482732.1	2179	2080	0	0
XM_034482733.1	2112	2013	0	0
XM_034482734.1	2005	1906	6.02391	3.69783
XM_034482735.1	4918	4819	0	0
XM_034482736.1	4808	4709	20	4.96926
XM_034482737.1	4984	4885	0	0
XM_034482738.1	4933	4834	0	0
XM_034482739.1	2132	2033	1.78719	1.02855
XM_034482740.1	1560	1461	20	16.0166
XM_034482741.1	1566	1467	0	0
XM_034482742.1	958	859	1	1.36206
XM_034482743.1	4498	4399	3.76676	1.00186
XM_034482744.1	4946	4847	0	0
XM_034482745.1	4919	4820	0	0
XM_034482746.1	4649	4550	4.00676	1.03032
XM_034482747.1	808	709	1	1.65023
XM_034482748.1	2616	2517	0	0
XM_034482749.1	2571	2472	0	0
XM_034482750.1	1467	1368	2	1.71055
XM_034482751.1	6054	5955	1	0.196476
XM_034482752.1	9025	8926	18.0374	2.36432
XM_034482753.1	1067	968	0	0
XM_034482754.1	999	900	1	1.30001
XM_034482755.1	432	333	0	0
XM_034482756.1	3510	3411	0	0
XM_034482757.1	2373	2274	0	0
XM_034482758.1	2307	2208	2	1.05979
XM_034482759.1	2419	2320	0	0
XM_034482760.1	2456	2357	0	0
XM_034482761.1	4408	4309	0	0
XM_034482762.1	4039	3940	55	16.3327
XM_034482763.1	3158	3059	0	0
XM_034482764.1	1709	1610	0	0
XM_034482765.1	2905	2806	0	0
XM_034482766.1	1121	1022	0.998959	1.14364
XM_034482767.1	3397	3298	22	7.80482
XM_034482768.1	3320	3221	0	0
XM_034482769.1	3248	3149	3.25534	1.20952
XM_034482770.1	1672	1573	17	12.6448
XM_034482771.1	1725	1626	70	50.3696
XM_034482772.1	1715	1616	0	0
XM_034482773.1	4324	4225	10	2.76926
XM_034482774.1	10072	9973	0	0
XM_034482775.1	1924	1825	0	0
XM_034482776.1	1834	1735	0	0
XM_034482777.1	1780	1681	0	0
XM_034482778.1	1752	1653	0	0
XM_034482779.1	1723	1624	8	5.76361
XM_034482780.1	1723	1624	0	0
XM_034482781.1	1579	1480	0	0
XM_034482782.1	1735	1636	0	0
XM_034482783.1	2625	2526	3.32206	1.53874
XM_034482784.1	1883	1784	8	5.2467
XM_034482785.1	1874	1775	0	0
XM_034482786.1	1748	1649	0	0
XM_034482787.1	1336	1237	0	0
XM_034482788.1	1418	1319	57	50.5616
XM_034482789.1	1880	1781	0	0
XM_034482790.1	1310	1211	6	5.79693
XM_034482791.1	623	524	0	0
XM_034482792.1	599	500	0	0
XM_034482793.1	426	327	0	0
XM_034482794.1	2443	2344	0	0
XM_034482795.1	1910	1811	0	0
XM_034482796.1	1708	1609	2.63422	1.91552
XM_034482797.1	1856	1757	0	0
XM_034482798.1	2606	2507	0.666387	0.311002
XM_034482799.1	2604	2505	1.69939	0.793735
XM_034482800.1	916	817	1.50304	2.15249
XM_034482801.1	1217	1118	1	1.04652
XM_034482802.1	3673	3574	0	0
XM_034482803.1	3502	3403	6	2.06291
XM_034482804.1	3635	3536	0	0
XM_034482805.1	2987	2888	5.46325	2.21332
XM_034482806.1	867	768	5	7.61727
XM_034482807.1	1710	1611	0	0
XM_034482808.1	3383	3284	0	0
XM_034482809.1	3685	3586	29	9.4619
XM_034482810.1	756	657	0	0
XM_034482811.1	2736	2637	0	0
XM_034482812.1	750	651	0	0
XM_034482813.1	806	707	2.26318	3.74533
XM_034482814.1	871	772	0	0
XM_034482815.1	886	787	0	0
XM_034482816.1	840	741	0	0
XM_034482817.1	883	784	0	0
XM_034482818.1	883	784	0	0
XM_034482819.1	880	781	0	0
XM_034482820.1	834	735	0	0
XM_034482821.1	2450	2351	0	0
XM_034482822.1	880	781	0	0
XM_034482823.1	757	658	0	0
XM_034482824.1	761	662	0	0
XM_034482825.1	735	636	0.00897754	0.0165155
XM_034482826.1	754	655	0	0
XM_034482827.1	732	633	2.30039	4.25196
XM_034482828.1	729	630	0	0
XM_034482829.1	660	561	1.42745	2.97707
XM_034482830.1	844	745	0	0
XM_034482831.1	841	742	0	0
XM_034482832.1	2412	2313	0	0
XM_034482833.1	826	727	0	0
XM_034482834.1	820	721	0	0
XM_034482835.1	3933	3834	0	0
XM_034482836.1	3825	3726	0	0
XM_034482837.1	3825	3726	0	0
XM_034482838.1	3825	3726	0	0
XM_034482839.1	3717	3618	0	0
XM_034482840.1	3609	3510	0	0
XM_034482841.1	3609	3510	0	0
XM_034482842.1	3501	3402	0	0
XM_034482843.1	2440	2341	4.46732	2.23273
XM_034482844.1	3393	3294	0	0
XM_034482845.1	1347	1248	0	0
XM_034482846.1	2922	2823	3.81285	1.58026
XM_034482847.1	2461	2362	0	0
XM_034482848.1	3087	2988	4	1.56628
XM_034482849.1	683	584	420	841.448
XM_034482850.1	5879	5780	0	0
XM_034482851.1	5846	5747	0	0
XM_034482852.1	5417	5318	41	9.02041
XM_034482853.1	4774	4675	0	0
XM_034482854.1	2167	2068	3	1.69731
XM_034482855.1	2045	1946	0	0
XM_034482856.1	2042	1943	46	27.6998
XM_034482857.1	1522	1423	0	0
XM_034482858.1	1171	1072	0	0
XM_034482859.1	3039	2940	32.2689	12.8419
XM_034482860.1	1167	1068	0	0
XM_034482861.1	2900	2801	0	0
XM_034482862.1	504	405	0	0
XM_034482863.1	1474	1375	1	0.850919
XM_034482864.1	3915	3816	1	0.306607
XM_034482865.1	1293	1194	0	0
XM_034482866.1	3372	3273	4	1.4299
XM_034482867.1	1644	1545	20	15.1458
XM_034482868.1	2528	2429	26	12.5238
XM_034482869.1	1170	1071	4	4.3698
XM_034482870.1	4422	4323	0	0
XM_034482871.1	4383	4284	0	0
XM_034482872.1	3463	3364	0	0
XM_034482873.1	3907	3808	0.722208	0.221899
XM_034482874.1	3895	3796	29.2776	9.02402
XM_034482875.1	3868	3769	0	0
XM_034482876.1	4097	3998	1.10711	0.323996
XM_034482877.1	756	657	0	0
XM_034482878.1	2283	2184	0	0
XM_034482879.1	5773	5674	2	0.412412
XM_034482880.1	1388	1289	0	0
XM_034482881.1	1472	1373	0	0
XM_034482882.1	3393	3294	0	0
XM_034482883.1	1266	1167	6	6.01549
XM_034482884.1	3552	3453	448	151.8
XM_034482885.1	2761	2662	8	3.51619
XM_034482886.1	1407	1308	0	0
XM_034482887.1	1347	1248	4	3.75004
XM_034482888.1	4695	4596	3.22326	0.820551
XM_034482889.1	2587	2488	0	0
XM_034482890.1	3252	3153	0	0
XM_034482891.1	1098	999	0	0
XM_034482892.1	1397	1298	4	3.60559
XM_034482893.1	1782	1683	0	0
XM_034482894.1	1778	1679	0	0
XM_034482895.1	3231	3132	0	0
XM_034482896.1	399	300	0	0
XM_034482897.1	927	828	0	0
XM_034482898.1	2334	2235	0	0
XM_034482899.1	2271	2172	1	0.53868
XM_034482900.1	2150	2051	2	1.14092
XM_034482901.1	1803	1704	4.12782	2.83428
XM_034482902.1	5120	5021	1.3684	0.318871
XM_034482903.1	3591	3492	1.6316	0.546675
XM_034482904.1	1434	1335	0	0
XM_034482905.1	1352	1253	5	4.66885
XM_034482906.1	1416	1317	0	0
XM_034482907.1	2727	2628	0	0
XM_034482908.1	2524	2425	0	0
XM_034482909.1	2756	2657	6.72097e-05	2.95959e-05
XM_034482910.1	2736	2637	3.482	1.54493
XM_034482911.1	1076	977	26.1451	31.3102
XM_034482912.1	8649	8550	20.1764	2.76101
XM_034482913.1	7854	7755	0	0
XM_034482914.1	5072	4973	0	0
XM_034482915.1	7890	7791	0	0
XM_034482916.1	5015	4916	0	0
XM_034482917.1	986	887	26	34.2958
XM_034482918.1	4783	4684	1	0.249789
XM_034482919.1	4787	4688	0	0
XM_034482920.1	4598	4499	0	0
XM_034482921.1	4579	4480	0	0
XM_034482922.1	2361	2262	0	0
XM_034482923.1	2385	2286	52	26.6145
XM_034482924.1	1506	1407	0	0
XM_034482925.1	2298	2199	14.877	7.91554
XM_034482926.1	444	345	0	0
XM_034482927.1	808	709	190	313.544
XM_034482928.1	1546	1447	0	0
XM_034482929.1	1642	1543	0	0
XM_034482930.1	763	664	0.00490928	0.00865048
XM_034482931.1	760	661	0.995091	1.76138
XM_034482932.1	990	891	1	1.31315
XM_034482933.1	1485	1386	4	3.37666
XM_034482934.1	1354	1255	0	0
XM_034482935.1	1332	1233	0	0
XM_034482936.1	1226	1127	25.1575	26.1177
XM_034482937.1	1317	1218	1	0.960602
XM_034482938.1	1543	1444	0	0
XM_034482939.1	1411	1312	0	0
XM_034482940.1	737	638	4.07862	7.47969
XM_034482941.1	2834	2735	1	0.427793
XM_034482942.1	1959	1860	1	0.629039
XM_034482943.1	2570	2471	4	1.89399
XM_034482944.1	2450	2351	9.63432	4.79468
XM_034482945.1	2599	2500	6	2.80803
XM_034482946.1	1210	1111	1	1.05312
XM_034482947.1	779	680	1	1.72061
XM_034482948.1	1513	1414	2	1.6549
XM_034482949.1	1495	1396	0	0
XM_034482950.1	5392	5293	32.5338	7.19156
XM_034482951.1	3051	2952	0	0
XM_034482952.1	1862	1763	4.20014	2.78742
XM_034482953.1	2260	2161	0	0
XM_034482954.1	903	804	6.42003	9.34269
XM_034482955.1	900	801	515.159	752.488
XM_034482956.1	586	487	0	0
XM_034482957.1	1941	1842	0	0
XM_034482958.1	717	618	0	0
XM_034482959.1	7352	7253	17	2.74234
XM_034482960.1	6159	6060	2	0.386143
XM_034482961.1	3269	3170	0	0
XM_034482962.1	1677	1578	0	0
XM_034482963.1	2247	2148	0	0
XM_034482964.1	2009	1910	7	4.28801
XM_034482965.1	1428	1329	0	0
XM_034482966.1	1365	1266	0	0
XM_034482967.1	1379	1280	1.32887e-07	1.21469e-07
XM_034482968.1	1405	1306	0	0
XM_034482969.1	1359	1260	14	13.0001
XM_034482970.1	2488	2389	0	0
XM_034482971.1	2302	2203	0	0
XM_034482972.1	608	509	0	0
XM_034482973.1	509	410	0	0
XM_034482974.1	679	580	0	0
XM_034482975.1	503	404	0	0
XM_034482976.1	1342	1243	0	0
XM_034482977.1	651	552	1	2.11959
XM_034482978.1	2949	2850	26.3097	10.8009
XM_034482979.1	2551	2452	0	0
XM_034482980.1	2450	2351	6	2.986
XM_034482981.1	1041	942	0	0
XM_034482982.1	525	426	0	0
XM_034482983.1	5225	5126	37.6118	8.58491
XM_034482984.1	4468	4369	0.0109802	0.00294048
XM_034482985.1	2430	2331	19	9.53679
XM_034482986.1	2738	2639	0	0
XM_034482987.1	4336	4237	18.9994	5.24653
XM_034482988.1	6352	6253	10.0469	1.8799
XM_034482989.1	3134	3035	0	0
XM_034482990.1	2623	2524	0	0
XM_034482991.1	2555	2456	0	0
XM_034482992.1	2482	2383	0	0
XM_034482993.1	2600	2501	0	0
XM_034482994.1	2164	2065	0	0
XM_034482995.1	7999	7900	0	0
XM_034482996.1	7963	7864	0	0
XM_034482997.1	2484	2385	0	0
XM_034482998.1	7951	7852	0	0
XM_034482999.1	7878	7779	0	0
XM_034483000.1	813	714	0	0
XM_034483001.1	7857	7758	0	0
XM_034483002.1	7842	7743	2.09364	0.316361
XM_034483003.1	3274	3175	38	14.0033
XM_034483004.1	7836	7737	6.92357e-06	1.047e-06
XM_034483005.1	7830	7731	0	0
XM_034483006.1	7608	7509	0.0170387	0.00265488
XM_034483007.1	2968	2869	7	2.85469
XM_034483008.1	6958	6859	111.088	18.9494
XM_034483009.1	4534	4435	0	0
XM_034483010.1	4116	4017	0	0
XM_034483011.1	3636	3537	110.776	36.6437
XM_034483012.1	3426	3327	7.22447	2.54065
XM_034483013.1	5552	5453	0.0287642	0.00617174
XM_034483014.1	5524	5425	12.0613	2.60126
XM_034483015.1	4717	4618	24	6.08062
XM_034483016.1	3210	3111	0	0
XM_034483017.1	3169	3070	0	0
XM_034483018.1	3203	3104	0	0
XM_034483019.1	2290	2191	0	0
XM_034483020.1	3156	3057	0	0
XM_034483021.1	3119	3020	3.52247e-06	1.36468e-06
XM_034483022.1	3148	3049	0	0
XM_034483023.1	3144	3045	0	0
XM_034483024.1	3090	2991	0.28996	0.113426
XM_034483025.1	3082	2983	6.71004	2.63186
XM_034483026.1	4447	4348	7	1.88365
XM_034483027.1	4582	4483	0	0
XM_034483028.1	4337	4238	1.13175	0.312449
XM_034483029.1	2127	2028	12	6.92316
XM_034483030.1	555	456	1	2.56582
XM_034483031.1	2169	2070	0	0
XM_034483032.1	1539	1440	79	64.1882
XM_034483033.1	4872	4773	19	4.6575
XM_034483034.1	2537	2438	0	0
XM_034483035.1	1862	1763	14	9.29109
XM_034483036.1	2005	1906	0	0
XM_034483037.1	6370	6271	14.5028	2.70586
XM_034483038.1	6367	6268	25.4223	4.74545
XM_034483039.1	6364	6265	44.5755	8.32466
XM_034483040.1	6484	6385	2.52251	0.462234
XM_034483041.1	6481	6382	4.37768	0.80256
XM_034483042.1	6478	6379	7.59919	1.39382
XM_034483043.1	1041	942	0	0
XM_034483044.1	4599	4500	11.5567	3.00477
XM_034483045.1	4807	4708	3.44332	0.855721
XM_034483046.1	3296	3197	0	0
XM_034483047.1	2173	2074	132.314	74.6429
XM_034483048.1	2007	1908	0	0
XM_034483049.1	2062	1963	0	0
XM_034483050.1	1553	1454	19	15.289
XM_034483051.1	2427	2328	0	0
XM_034483052.1	2293	2194	0	0
XM_034483053.1	1026	927	0	0
XM_034483054.1	1088	989	0	0
XM_034483055.1	1123	1024	0	0
XM_034483056.1	1103	1004	0	0
XM_034483057.1	2437	2338	0	0
XM_034483058.1	494	395	864	2559.22
XM_034483059.1	2335	2236	0	0
XM_034483060.1	2314	2215	0	0
XM_034483061.1	2285	2186	0	0
XM_034483062.1	2260	2161	0	0
XM_034483063.1	2263	2164	0	0
XM_034483064.1	2216	2117	0	0
XM_034483065.1	2194	2095	0	0
XM_034483066.1	2139	2040	58	33.2651
XM_034483067.1	2369	2270	0	0
XM_034483068.1	2299	2200	0	0
XM_034483069.1	2494	2395	0	0
XM_034483070.1	2425	2326	0	0
XM_034483071.1	5517	5418	0.704909	0.152225
XM_034483072.1	5517	5418	0.704909	0.152225
XM_034483073.1	5499	5400	34.9463	7.57178
XM_034483074.1	5504	5405	11.8012	2.5546
XM_034483075.1	4451	4352	0	0
XM_034483076.1	4430	4331	0	0
XM_034483077.1	4432	4333	0	0
XM_034483078.1	5147	5048	0	0
XM_034483079.1	5175	5076	0	0
XM_034483080.1	4479	4380	0	0
XM_034483081.1	4865	4766	0	0
XM_034483082.1	5154	5055	0	0
XM_034483083.1	2686	2587	2	0.904533
XM_034483084.1	2786	2687	8.79343e-06	3.82896e-06
XM_034483085.1	2752	2653	26.9983	11.9067
XM_034483086.1	2705	2606	28.1363	12.6323
XM_034483087.1	2184	2085	7	3.9281
XM_034483088.1	2208	2109	0	0
XM_034483089.1	2085	1986	20	11.7826
XM_034483090.1	952	853	3	4.11494
XM_034483091.1	2182	2083	18	10.1105
XM_034483092.1	3797	3698	1	0.316391
XM_034483093.1	3055	2956	0	0
XM_034483094.1	3259	3160	0	0
XM_034483095.1	2178	2079	0	0
XM_034483096.1	2104	2005	2	1.1671
XM_034483097.1	2187	2088	88	49.3109
XM_034483098.1	6116	6017	0	0
XM_034483099.1	6138	6039	0	0
XM_034483100.1	6051	5952	0	0
XM_034483101.1	2316	2217	0	0
XM_034483102.1	6039	5940	0.00327656	0.000645391
XM_034483103.1	6010	5911	0	0
XM_034483104.1	6119	6020	0	0
XM_034483105.1	5949	5850	1.98159e-08	3.96322e-09
XM_034483106.1	5998	5899	0	0
XM_034483107.1	6011	5912	0	0
XM_034483108.1	6142	6043	0	0
XM_034483109.1	6101	6002	1.68159e-08	3.27805e-09
XM_034483110.1	6098	5999	3.02283e-08	5.89557e-09
XM_034483111.1	6098	5999	3.02283e-08	5.89557e-09
XM_034483112.1	6092	5993	9.77644e-08	1.90865e-08
XM_034483113.1	6080	5981	1.02624e-06	2.00755e-07
XM_034483114.1	6041	5942	0.00220761	0.000434692
XM_034483115.1	6061	5962	4.28683e-05	8.41269e-06
XM_034483116.1	747	648	1	1.80558
XM_034483117.1	5975	5876	0	0
XM_034483118.1	6025	5926	0.0521803	0.0103023
XM_034483119.1	5988	5889	80.9423	16.0814
XM_034483120.1	6628	6529	0	0
XM_034483121.1	1639	1540	0	0
XM_034483122.1	7505	7406	6.53138	1.03184
XM_034483123.1	4620	4521	0	0
XM_034483124.1	5458	5359	26	5.6765
XM_034483125.1	4098	3999	0	0
XM_034483126.1	4230	4131	0	0
XM_034483127.1	3977	3878	0	0
XM_034483128.1	3190	3091	4	1.51409
XM_034483129.1	3763	3664	0	0
XM_034483130.1	4491	4392	27	7.19271
XM_034483131.1	1948	1849	12	7.59338
XM_034483132.1	5356	5257	20	4.45126
XM_034483133.1	5419	5320	0.00409255	0.000900063
XM_034483134.1	2581	2482	0	0
XM_034483135.1	2471	2372	0	0
XM_034483136.1	1591	1492	0	0
XM_034483137.1	1929	1830	3.2486	2.077
XM_034483138.1	1058	959	3.7514	4.57683
XM_034483139.1	3269	3170	0	0
XM_034483140.1	1556	1457	0	0
XM_034483141.1	4087	3988	0	0
XM_034483142.1	4015	3916	2.57752	0.770105
XM_034483143.1	5111	5012	38.5251	8.99339
XM_034483144.1	3514	3415	0	0
XM_034483145.1	1078	979	2	2.39022
XM_034483146.1	1727	1628	0	0
XM_034483147.1	1586	1487	2	1.57366
XM_034483148.1	2502	2403	0	0
XM_034483149.1	2120	2021	0	0
XM_034483150.1	1109	1010	0	0
XM_034483151.1	2012	1913	0	0
XM_034483152.1	2009	1910	0	0
XM_034483153.1	1904	1805	0	0
XM_034483154.1	1901	1802	12.5272	8.13372
XM_034483155.1	1958	1859	0	0
XM_034483156.1	692	593	0	0
XM_034483157.1	1954	1855	0	0
XM_034483158.1	2721	2622	10	4.46229
XM_034483159.1	1710	1611	0	0
XM_034483160.1	1658	1559	0	0
XM_034483161.1	1604	1505	0.00967065	0.00751813
XM_034483162.1	1595	1496	10.9903	8.59548
XM_034483163.1	4532	4433	1	0.263933
XM_034483164.1	1248	1149	1	1.01829
XM_034483165.1	1022	923	0	0
XM_034483166.1	3475	3376	0	0
XM_034483167.1	3557	3458	26	8.79709
XM_034483168.1	3397	3298	0	0
XM_034483169.1	6092	5993	0	0
XM_034483170.1	9437	9338	11.9978	1.50327
XM_034483171.1	3801	3702	2.6299e-05	8.31179e-06
XM_034483172.1	1546	1447	0	0
XM_034483173.1	1439	1340	0	0
XM_034483174.1	3626	3527	1	0.33173
XM_034483175.1	1187	1088	0	0
XM_034483176.1	929	830	3	4.22896
XM_034483177.1	4452	4353	0	0
XM_034483178.1	4428	4329	0	0
XM_034483179.1	4387	4288	0	0
XM_034483180.1	4388	4289	0	0
XM_034483181.1	4387	4288	0	0
XM_034483182.1	4388	4289	0	0
XM_034483183.1	4374	4275	0	0
XM_034483184.1	4376	4277	0	0
XM_034483185.1	4363	4264	0	0
XM_034483186.1	957	858	1	1.36365
XM_034483187.1	4363	4264	0	0
XM_034483188.1	4364	4265	0	0
XM_034483189.1	4350	4251	0	0
XM_034483190.1	4338	4239	0	0
XM_034483191.1	4322	4223	0	0
XM_034483192.1	4308	4209	0	0
XM_034483193.1	4283	4184	0	0
XM_034483194.1	4285	4186	0	0
XM_034483195.1	4261	4162	0	0
XM_034483196.1	4219	4120	0	0
XM_034483197.1	4207	4108	0	0
XM_034483198.1	4208	4109	0	0
XM_034483199.1	4194	4095	0	0
XM_034483200.1	4141	4042	0	0
XM_034483201.1	4144	4045	0	0
XM_034483202.1	4130	4031	0	0
XM_034483203.1	4066	3967	0	0
XM_034483204.1	4384	4285	0	0
XM_034483205.1	4337	4238	0	0
XM_034483206.1	4388	4289	0	0
XM_034483207.1	4237	4138	37.2793	10.5407
XM_034483208.1	5512	5413	62.4877	13.5066
XM_034483209.1	4126	4027	112.233	32.6084
XM_034483210.1	896	797	1	1.46802
XM_034483211.1	1576	1477	36	28.5176
XM_034483212.1	866	767	0	0
XM_034483213.1	848	749	29	45.3009
XM_034483214.1	2154	2055	2	1.1387
XM_034483215.1	2485	2386	133	65.2187
XM_034483216.1	724	625	0	0
XM_034483217.1	3569	3470	0	0
XM_034483218.1	3365	3266	2	0.716481
XM_034483219.1	2040	1941	2	1.20558
XM_034483220.1	2145	2046	0	0
XM_034483221.1	2242	2143	0	0
XM_034483222.1	955	856	0	0
XM_034483223.1	3026	2927	8.85689	3.54038
XM_034483224.1	706	607	0	0
XM_034483225.1	3228	3129	0.0167223	0.0062529
XM_034483226.1	3492	3393	0	0
XM_034483227.1	2016	1917	0	0
XM_034483228.1	3429	3330	3.84173e-05	1.34981e-05
XM_034483229.1	3220	3121	0	0
XM_034483230.1	3410	3311	0.031586	0.0111616
XM_034483231.1	3304	3205	0	0
XM_034483232.1	1083	984	0	0
XM_034483233.1	1053	954	12	14.7171
XM_034483234.1	2887	2788	9.94588	4.17389
XM_034483235.1	3873	3774	11	3.41021
XM_034483236.1	654	555	0	0
XM_034483237.1	947	848	0	0
XM_034483238.1	1698	1599	1	0.731716
XM_034483239.1	3754	3655	0.0366418	0.0117295
XM_034483240.1	3250	3151	0.00517079	0.00191999
XM_034483241.1	3226	3127	40.6003	15.1912
XM_034483242.1	678	579	0	0
XM_034483243.1	3877	3778	0	0
XM_034483244.1	2132	2033	0	0
XM_034483245.1	1205	1106	0	0
XM_034483246.1	1130	1031	0	0
XM_034483247.1	1203	1104	0	0
XM_034483248.1	2468	2369	0	0
XM_034483249.1	2412	2313	1	0.505842
XM_034483250.1	438	339	0	0
XM_034483251.1	3163	3064	0.000270604	0.000103332
XM_034483252.1	3132	3033	40.9933	15.8136
XM_034483253.1	5626	5527	15	3.17536
XM_034483254.1	603	504	0	0
XM_034483255.1	675	576	0	0
XM_034483256.1	1123	1024	1	1.14259
XM_034483257.1	639	540	0	0
XM_034483258.1	612	513	0	0
XM_034483259.1	2950	2851	1	0.410387
XM_034483260.1	1282	1183	0	0
XM_034483261.1	769	670	5.99821	10.4746
XM_034483262.1	1560	1461	0	0
XM_034483263.1	2612	2513	0	0
XM_034483264.1	553	454	0	0
XM_034483265.1	1981	1882	18.6986	11.6247
XM_034483266.1	1297	1198	0	0
XM_034483267.1	1293	1194	5	4.89955
XM_034483268.1	1166	1067	0	0
XM_034483269.1	1133	1034	1.60857	1.82016
XM_034483270.1	1524	1425	9	7.38956
XM_034483271.1	2031	1932	3.27182	1.9814
XM_034483272.1	760	661	0	0
XM_034483273.1	717	618	1	1.89323
XM_034483274.1	1533	1434	0	0
XM_034483275.1	2372	2273	0	0
XM_034483276.1	500	401	0	0
XM_034483277.1	3558	3459	7.76496	2.62651
XM_034483278.1	681	582	1	2.01033
XM_034483279.1	2515	2416	1.04089	0.50408
XM_034483280.1	3572	3473	4	1.34755
XM_034483281.1	1713	1614	9	6.52424
XM_034483282.1	3759	3660	2	0.639352
XM_034483283.1	1785	1686	4	2.77583
XM_034483284.1	1407	1308	0	0
XM_034483285.1	1341	1242	5	4.7102
XM_034483286.1	1995	1896	4.91788	3.03481
XM_034483287.1	2445	2346	0	0
XM_034483288.1	2552	2453	0	0
XM_034483289.1	1360	1261	0	0
XM_034483290.1	1338	1239	0	0
XM_034483291.1	1382	1283	0	0
XM_034483292.1	627	528	0	0
XM_034483293.1	483	384	0	0
XM_034483294.1	847	748	0	0
XM_034483295.1	2053	1954	1	0.598779
XM_034483296.1	891	792	0	0
XM_034483297.1	1449	1350	0	0
XM_034483298.1	1919	1820	3.03477	1.95095
XM_034483299.1	1001	902	1	1.29713
XM_034483300.1	1998	1899	0	0
XM_034483301.1	960	861	0	0
XM_034483302.1	1203	1104	0	0
XM_034483303.1	808	709	0	0
XM_034483304.1	2440	2341	1	0.499792
XM_034483305.1	6519	6420	0	0
XM_034483306.1	6770	6671	0	0
XM_034483307.1	6741	6642	0	0
XM_034483308.1	2936	2837	8	3.2993
XM_034483309.1	6558	6459	0	0
XM_034483310.1	6494	6395	0	0
XM_034483311.1	6766	6667	0	0
XM_034483312.1	6503	6404	0.5135	0.0938166
XM_034483313.1	6754	6655	0	0
XM_034483314.1	2328	2229	6	3.14943
XM_034483315.1	6722	6623	0	0
XM_034483316.1	6540	6441	0.000596654	0.000108383
XM_034483317.1	6472	6373	152.239	27.9494
XM_034483318.1	6750	6651	0	0
XM_034483319.1	2767	2668	0	0
XM_034483320.1	2328	2229	6	3.14943
XM_034483321.1	1754	1655	0	0
XM_034483322.1	9222	9123	34.6402	4.44256
XM_034483323.1	7820	7721	0	0
XM_034483324.1	8870	8771	5.45085	0.72712
XM_034483325.1	1785	1686	65.9789	45.7866
XM_034483326.1	5808	5709	0	0
XM_034483327.1	5971	5872	0	0
XM_034483328.1	5895	5796	0	0
XM_034483329.1	5802	5703	0	0
XM_034483330.1	5541	5442	129.226	27.7832
XM_034483331.1	3267	3168	1.93073	0.713062
XM_034483332.1	3403	3304	0	0
XM_034483333.1	3276	3177	0.0692686	0.02551
XM_034483334.1	3393	3294	0	0
XM_034483335.1	4248	4149	1	0.281999
XM_034483336.1	2444	2345	0	0
XM_034483337.1	2063	1964	0	0
XM_034483338.1	2281	2182	0	0
XM_034483339.1	1618	1519	0	0
XM_034483340.1	3330	3231	1	0.362121
XM_034483341.1	6313	6214	0	0
XM_034483342.1	4590	4491	0.00423467	0.00110323
XM_034483343.1	4560	4461	10.9958	2.88393
XM_034483344.1	2478	2379	101	49.6726
XM_034483345.1	2504	2405	0.000293097	0.000142589
XM_034483346.1	1676	1577	9	6.67731
XM_034483347.1	5381	5282	2.03467	0.450699
XM_034483348.1	1938	1839	0	0
XM_034483349.1	1850	1751	13	8.68656
XM_034483350.1	3595	3496	1.25065	0.418559
XM_034483351.1	4024	3925	0	0
XM_034483352.1	3902	3803	11	3.38421
XM_034483353.1	1674	1575	10	7.42866
XM_034483354.1	2918	2819	5	2.07523
XM_034483355.1	786	687	0.0117228	0.0199648
XM_034483356.1	783	684	1.98828	3.40104
XM_034483357.1	3511	3412	9.42624	3.23237
XM_034483358.1	1791	1692	0	0
XM_034483359.1	1835	1736	0	0
XM_034483360.1	1983	1884	6.99882	4.34645
XM_034483361.1	2424	2325	0	0
XM_034483362.1	2099	2000	0.146668	0.0858019
XM_034483363.1	2111	2012	0.000131494	7.64659e-05
XM_034483364.1	2156	2057	0	0
XM_034483365.1	2096	1997	0.8532	0.499878
XM_034483366.1	2809	2710	0.905295	0.390852
XM_034483367.1	2803	2704	12.1878	5.27362
XM_034483368.1	3503	3404	0.171531	0.058958
XM_034483369.1	3494	3395	3.82847	1.3194
XM_034483370.1	505	406	0	0
XM_034483371.1	528	429	0	0
XM_034483372.1	10116	10017	21	2.45286
XM_034483373.1	10095	9996	0	0
XM_034483374.1	1126	1027	1	1.13925
XM_034483375.1	4571	4472	34	8.89545
XM_034483376.1	4565	4466	0	0
XM_034483377.1	2163	2064	0	0
XM_034483378.1	5717	5618	0	0
XM_034483379.1	5711	5612	0	0
XM_034483380.1	5708	5609	0	0
XM_034483381.1	5705	5606	0	0
XM_034483382.1	807	708	0	0
XM_034483383.1	5699	5600	0	0
XM_034483384.1	5696	5597	0	0
XM_034483385.1	5687	5588	0	0
XM_034483386.1	5158	5059	7	1.61892
XM_034483387.1	4386	4287	37.0367	10.1081
XM_034483388.1	4374	4275	6.12698e-07	1.67688e-07
XM_034483389.1	1338	1239	0	0
XM_034483390.1	2079	1980	25	14.7729
XM_034483391.1	2193	2094	0	0
XM_034483392.1	5585	5486	3.81604	0.813857
XM_034483393.1	1832	1733	18	12.1525
XM_034483394.1	927	828	4.05882	5.73536
XM_034483395.1	940	841	4.70199e-08	6.54149e-08
XM_034483396.1	723	624	23.9412	44.8902
XM_034483397.1	1062	963	0.000345797	0.000420132
XM_034483398.1	1053	954	20.9997	25.7546
XM_034483399.1	2853	2754	0	0
XM_034483400.1	1493	1394	1.67367e-08	1.40475e-08
XM_034483401.1	7825	7726	0	0
XM_034483402.1	7786	7687	0	0
XM_034483403.1	7829	7730	0	0
XM_034483404.1	7375	7276	3	0.482413
XM_034483405.1	6676	6577	0	0
XM_034483406.1	810	711	2	3.29118
XM_034483407.1	1941	1842	0	0
XM_034483408.1	1987	1888	3	1.85913
XM_034483409.1	1693	1594	0	0
XM_034483410.1	3144	3045	0	0
XM_034483411.1	3734	3635	0	0
XM_034483412.1	5620	5521	50	10.596
XM_034483413.1	2067	1968	62	36.8602
XM_034483414.1	2376	2277	177	90.9497
XM_034483415.1	1789	1690	0	0
XM_034483416.1	2468	2369	0	0
XM_034483417.1	2399	2300	40.8284	20.7695
XM_034483418.1	2586	2487	0	0
XM_034483419.1	2494	2395	0	0
XM_034483420.1	2230	2131	21.1716	11.6241
XM_034483421.1	543	444	0	0
XM_034483422.1	768	669	0	0
XM_034483423.1	723	624	0	0
XM_034483424.1	699	600	0	0
XM_034483425.1	2704	2605	2.97016	1.33402
XM_034483426.1	2715	2616	0.0211922	0.00947827
XM_034483427.1	2717	2618	0.00864678	0.00386434
XM_034483428.1	1588	1489	0	0
XM_034483429.1	2594	2495	0	0
XM_034483430.1	2633	2534	0	0
XM_034483431.1	2523	2424	13	6.27482
XM_034483432.1	1489	1390	0	0
XM_034483433.1	1148	1049	0	0
XM_034483434.1	1862	1763	0	0
XM_034483435.1	4147	4048	3.28015	0.948077
XM_034483436.1	2679	2580	0	0
XM_034483437.1	2547	2448	52	24.8532
XM_034483438.1	7562	7463	0	0
XM_034483439.1	7102	7003	5	0.835366
XM_034483440.1	7009	6910	0	0
XM_034483441.1	1619	1520	0	0
XM_034483442.1	977	878	2	2.66518
XM_034483443.1	3747	3648	0	0
XM_034483444.1	2546	2447	1.99986	0.956216
XM_034483445.1	3803	3704	24	7.58108
XM_034483446.1	3771	3672	0	0
XM_034483447.1	3762	3663	0	0
XM_034483448.1	3738	3639	0	0
XM_034483449.1	3728	3629	0	0
XM_034483450.1	4218	4119	37.8825	10.7606
XM_034483451.1	4177	4078	0	0
XM_034483452.1	6095	5996	3.04879	0.594918
XM_034483453.1	4178	4079	0	0
XM_034483454.1	4386	4287	3.06869	0.83751
XM_034483455.1	4383	4284	124	33.8659
XM_034483456.1	4593	4494	0	0
XM_034483457.1	4521	4422	6.91543e-06	1.82975e-06
XM_034483458.1	4470	4371	5.61452	1.50288
XM_034483459.1	2484	2385	0	0
XM_034483460.1	2467	2368	0	0
XM_034483461.1	2474	2375	0	0
XM_034483462.1	2458	2359	0	0
XM_034483463.1	2385	2286	0.000157537	8.063e-05
XM_034483464.1	2368	2269	0.999842	0.51557
XM_034483465.1	1223	1124	0	0
XM_034483466.1	4413	4314	3.73346e-08	1.01256e-08
XM_034483467.1	4449	4350	0	0
XM_034483468.1	4341	4242	14	3.86143
XM_034483469.1	4386	4287	0	0
XM_034483470.1	2123	2024	2	1.15614
XM_034483471.1	2691	2592	0	0
XM_034483472.1	322	223	0	0
XM_034483473.1	459	360	0	0
XM_034483474.1	559	460	0	0
XM_034483475.1	4163	4064	0.296407	0.0853347
XM_034483476.1	1722	1623	0	0
XM_034483477.1	4391	4292	44.8108	12.2156
XM_034483478.1	5704	5605	42.1892	8.80678
XM_034483479.1	729	630	0	0
XM_034483480.1	1469	1370	1	0.854024
XM_034483481.1	1702	1603	155	113.133
XM_034483482.1	567	468	0	0
XM_034483483.1	4805	4706	0	0
XM_034483484.1	4804	4705	0	0
XM_034483485.1	4656	4557	23.8183	6.11537
XM_034483486.1	4723	4624	8.73981e-07	2.21144e-07
XM_034483487.1	4576	4477	0	0
XM_034483488.1	4526	4427	1.05384e-06	2.78521e-07
XM_034483489.1	4723	4624	8.73981e-07	2.21144e-07
XM_034483490.1	4744	4645	0	0
XM_034483491.1	4675	4576	0.180849	0.0462402
XM_034483492.1	4696	4597	0.000841044	0.00021406
XM_034483493.1	4589	4490	0	0
XM_034483494.1	1594	1495	0	0
XM_034483495.1	3065	2966	7	2.76133
XM_034483496.1	2199	2100	0	0
XM_034483497.1	1133	1034	0	0
XM_034483498.1	1208	1109	13.4252	14.1638
XM_034483499.1	10202	10103	9.7623e-08	1.13056e-08
XM_034483500.1	10191	10092	3.50358e-07	4.06186e-08
XM_034483501.1	10187	10088	5.57783e-07	6.4692e-08
XM_034483502.1	10187	10088	5.57783e-07	6.4692e-08
XM_034483503.1	10175	10076	2.25323e-06	2.61643e-07
XM_034483504.1	10172	10073	3.19524e-06	3.71139e-07
XM_034483505.1	9265	9166	0	0
XM_034483506.1	10160	10061	1.29345e-05	1.50417e-06
XM_034483507.1	10157	10058	1.83516e-05	2.13477e-06
XM_034483508.1	10130	10031	0.00042957	5.01049e-05
XM_034483509.1	10118	10019	0.00174913	0.000204263
XM_034483510.1	10115	10016	0.00248533	0.000290322
XM_034483511.1	10103	10004	0.0101411	0.00118605
XM_034483512.1	10103	10004	0.0101411	0.00118605
XM_034483513.1	945	846	0.828255	1.14547
XM_034483514.1	10088	9989	0.0589515	0.006905
XM_034483515.1	10079	9980	0.169704	0.0198954
XM_034483516.1	10058	9959	2.00799	0.235905
XM_034483517.1	10031	9932	48.5014	5.71358
XM_034483518.1	2018	1919	0.127126	0.0775084
XM_034483519.1	2015	1916	0.79662	0.48646
XM_034483520.1	2074	1975	0	0
XM_034483521.1	2010	1911	17.0763	10.455
XM_034483522.1	4706	4607	0.00050303	0.000127752
XM_034483523.1	704	605	5	9.66953
XM_034483524.1	4164	4065	0	0
XM_034483525.1	4149	4050	0	0
XM_034483526.1	4143	4044	0	0
XM_034483527.1	4110	4011	0	0
XM_034483528.1	4083	3984	0	0
XM_034483529.1	4044	3945	6	1.77949
XM_034483530.1	3721	3622	0	0
XM_034483531.1	3697	3598	1.18723e-07	3.8607e-08
XM_034483532.1	3682	3583	1.59503e-05	5.20851e-06
XM_034483533.1	3643	3544	5.99998	1.98083
XM_034483534.1	2769	2670	0	0
XM_034483535.1	2742	2643	0	0
XM_034483536.1	2754	2655	0	0
XM_034483537.1	5109	5010	0	0
XM_034483538.1	2748	2649	0	0
XM_034483539.1	2715	2616	0	0
XM_034483540.1	2694	2595	0	0
XM_034483541.1	3044	2945	3.63318	1.44342
XM_034483542.1	5626	5527	0	0
XM_034483543.1	4109	4010	6.60731	1.92784
XM_034483544.1	3451	3352	63.0634	22.0122
XM_034483545.1	6285	6186	0	0
XM_034483546.1	2212	2113	0	0
XM_034483547.1	1663	1564	0	0
XM_034483548.1	1361	1262	2	1.85422
XM_034483549.1	850	751	0	0
XM_034483550.1	1794	1695	0	0
XM_034483551.1	771	672	0	0
XM_034483552.1	6319	6220	8.58203	1.61432
XM_034483553.1	3322	3223	0	0
XM_034483554.1	3286	3187	0	0
XM_034483555.1	3408	3309	0	0
XM_034483556.1	2692	2593	0	0
XM_034483557.1	3578	3479	4.35777	1.46555
XM_034483558.1	6121	6022	0.00117426	0.000228148
XM_034483559.1	6071	5972	20.756	4.06644
XM_034483560.1	2590	2491	6.99892	3.28736
XM_034483561.1	1576	1477	0	0
XM_034483562.1	1169	1070	23.7172	25.9341
XM_034483563.1	2376	2277	0	0
XM_034483564.1	1160	1061	0	0
XM_034483565.1	1134	1035	4	4.52179
XM_034483566.1	4726	4627	8	2.02293
XM_034483567.1	4689	4590	0	0
XM_034483568.1	1916	1817	6	3.86356
XM_034483569.1	1522	1423	0	0
XM_034483570.1	1334	1235	4	3.78952
XM_034483571.1	1086	987	1	1.18542
XM_034483572.1	2069	1970	3	1.78175
XM_034483573.1	641	542	0	0
XM_034483574.1	502	403	0	0
XM_034483575.1	660	561	0	0
XM_034483576.1	962	863	0	0
XM_034483577.1	1350	1251	1	0.935263
XM_034483578.1	816	717	0	0
XM_034483579.1	2461	2362	0	0
XM_034483580.1	4644	4545	0	0
XM_034483581.1	1098	999	0	0
XM_034483582.1	1060	961	0	0
XM_034483583.1	1781	1682	1.01115	0.703366
XM_034483584.1	1771	1672	0	0
XM_034483585.1	1253	1154	0	0
XM_034483586.1	822	723	0	0
XM_034483587.1	2808	2709	38	16.4121
XM_034483588.1	1730	1631	5.96077	4.27602
XM_034483589.1	1737	1638	0.0392281	0.0280204
XM_034483590.1	2442	2343	0.363992	0.181765
XM_034483591.1	2439	2340	1.63601	0.818013
XM_034483592.1	3355	3256	0.449577	0.161551
XM_034483593.1	3348	3249	5.61293	2.0213
XM_034483594.1	701	602	23	44.7015
XM_034483595.1	1290	1191	4	3.92952
XM_034483596.1	1259	1160	1	1.00863
XM_034483597.1	2468	2369	0	0
XM_034483598.1	2525	2426	2.09952	1.01256
XM_034483599.1	1505	1406	2	1.66431
XM_034483600.1	1121	1022	9.78881	11.2065
XM_034483601.1	1185	1086	0	0
XM_034483602.1	1190	1091	0	0
XM_034483603.1	1199	1100	2	2.1273
XM_034483604.1	2908	2809	0	0
XM_034483605.1	2307	2208	14.1269	7.48578
XM_034483606.1	2802	2703	0	0
XM_034483607.1	2572	2473	0	0
XM_034483608.1	2687	2588	0	0
XM_034483609.1	4925	4826	48.3145	11.7133
XR_002198271.2	3123	3024	4.18314	1.6185
XR_002198273.2	2901	2802	0	0
XR_002198284.2	479	380	0	0
XR_002198298.2	421	322	0	0
XR_002198300.2	1952	1853	1	0.631416
XR_002198304.2	515	416	0	0
XR_002198305.2	611	512	12	27.4222
XR_002198311.2	371	272	0	0
XR_002198313.2	292	193	1	6.06225
XR_002198319.2	1439	1340	0	0
XR_002198324.2	861	762	0	0
XR_002198330.2	954	855	6.30127	8.62289
XR_002198333.2	692	593	0	0
XR_002198341.2	482	383	0	0
XR_002198349.2	1296	1197	0	0
XR_002198353.2	483	384	0	0
XR_002198362.2	741	642	0	0
XR_002198386.2	1842	1743	1.69081e-06	1.13498e-06
XR_002198393.2	1144	1045	0	0
XR_002198394.2	1038	939	1	1.24602
XR_002198400.2	448	349	15	50.2871
XR_002198402.2	3997	3898	0	0
XR_002198403.2	474	375	0	0
XR_002198408.2	566	467	0	0
XR_002198409.2	383	284	0	0
XR_002198426.2	1011	912	0	0
XR_002198430.2	1225	1126	4	4.15635
XR_002198432.2	1008	909	0	0
XR_002198444.2	257	158	0	0
XR_002198449.2	2223	2124	0	0
XR_002198464.2	471	372	0	0
XR_002198465.2	450	351	0	0
XR_002198469.2	788	689	3	5.0944
XR_002198471.2	711	612	0	0
XR_002198472.2	936	837	0	0
XR_002198478.2	750	651	0	0
XR_002198483.2	420	321	0	0
XR_002198485.2	351	252	0	0
XR_002198492.2	657	558	19	39.8392
XR_002198494.2	661	562	3.43889	7.15933
XR_002198496.2	1025	926	0	0
XR_002198500.2	803	704	0	0
XR_002198503.2	388	289	8	32.3879
XR_002198517.2	378	279	0	0
XR_002198526.2	1349	1250	63.0402	59.0063
XR_002198550.2	387	288	0	0
XR_002198551.2	562	463	0	0
XR_002198553.2	513	414	0	0
XR_002198558.2	1275	1176	23.0588	22.9414
XR_002198572.2	478	379	2	6.17421
XR_002198587.2	564	465	0	0
XR_002198610.2	2765	2666	0	0
XR_002198611.2	1949	1850	19.9113	12.5927
XR_002198627.2	944	845	0	0
XR_002198636.2	594	495	0	0
XR_002198637.2	330	231	3	15.195
XR_002198641.2	288	189	5	30.9527
XR_002198645.2	1380	1281	1	0.913359
XR_002198658.2	3156	3057	0	0
XR_002198662.2	3199	3100	0.111484	0.0420767
XR_002198663.2	3189	3090	4.93382	1.86817
XR_002198668.2	743	644	20.9996	38.1519
XR_002198670.2	395	296	1	3.95275
XR_002198680.2	1558	1459	0	0
XR_002198689.2	1078	979	3	3.58533
XR_002198692.2	795	696	1.56102	2.62415
XR_002198702.2	727	628	0	0
XR_002198707.2	419	320	0	0
XR_002198708.2	891	792	0	0
XR_002198715.2	813	714	1	1.63867
XR_002198722.2	1305	1206	0	0
XR_002198727.2	1316	1217	0	0
XR_002198741.2	2156	2057	2	1.13759
XR_002198747.2	496	397	0	0
XR_002198751.2	256	157	0	0
XR_002198753.2	2863	2764	0	0
XR_002198769.2	530	431	96	260.606
XR_002198776.2	2170	2071	0	0
XR_002198782.2	693	594	6	11.8183
XR_002198783.2	3796	3697	0	0
XR_002198786.2	2527	2428	29	13.9746
XR_002198788.2	1486	1387	0	0
XR_002198792.2	793	694	21.6395	36.482
XR_002198793.2	465	366	0	0
XR_002198798.2	2592	2493	0	0
XR_002198803.2	446	347	13	43.8334
XR_002198807.2	635	536	0	0
XR_002198815.2	581	482	1	2.42741
XR_002198816.2	736	637	0	0
XR_002198845.2	1670	1571	0	0
XR_002198852.2	1705	1606	2.16115	1.57446
XR_002198857.2	461	362	31.7896	102.747
XR_002198859.2	680	581	2	4.02758
XR_002198869.2	1008	909	0	0
XR_002198878.2	740	641	0	0
XR_002198884.2	407	308	172.306	654.545
XR_002198896.2	9079	8980	75.833	9.88035
XR_002198897.2	430	331	0	0
XR_002198898.2	2234	2135	0	0
XR_002198905.2	561	462	0	0
XR_002198907.2	3974	3875	1.75843e-05	5.30939e-06
XR_002198935.2	873	774	2	3.02329
XR_002198947.2	220	121	2.07852	20.0984
XR_002198957.2	2003	1904	0	0
XR_002198958.2	1939	1840	0	0
XR_002198961.2	3882	3783	2.12418	0.656972
XR_002198966.2	1281	1182	3	2.96958
XR_002198970.2	1099	1000	0	0
XR_002198972.2	1399	1300	0	0
XR_002198977.2	647	548	0	0
XR_002198986.2	1611	1512	1.18755	0.918951
XR_002198996.2	1016	917	0	0
XR_002199001.2	672	573	0	0
XR_002199009.2	670	571	0	0
XR_002199027.2	1071	972	31.3734	37.7647
XR_002199028.2	1181	1082	77	83.2634
XR_002199034.2	5339	5240	0.000217848	4.86423e-05
XR_002199035.2	314	215	0	0
XR_002199036.2	1782	1683	0	0
XR_002199051.2	491	392	15	44.7709
XR_002199063.2	400	301	2	7.77418
XR_002199088.2	501	402	0	0
XR_002199089.2	556	457	0	0
XR_002199136.2	1212	1113	0	0
XR_002199137.2	374	275	32.2922	137.39
XR_002199138.2	489	390	0	0
XR_002199139.2	1514	1415	86.4302	71.4661
XR_002199140.2	1449	1350	0	0
XR_002199141.2	1827	1728	0	0
XR_002199149.2	134	35.0103	0	0
XR_002199165.2	1018	919	0	0
XR_002199179.2	2183	2084	5.08668	2.8558
XR_002199186.2	577	478	0	0
XR_002199216.2	788	689	0	0
XR_002199219.2	741	642	351.43	640.464
XR_002199223.2	456	357	0	0
XR_002199232.2	1009	910	2	2.57146
XR_002199234.2	624	525	3	6.68579
XR_002199245.2	493	394	0	0
XR_002199248.2	670	571	0	0
XR_002199251.2	764	665	10.4468	18.3803
XR_002199259.2	1250	1151	51	51.8425
XR_002199261.2	1459	1360	0	0
XR_002199265.2	1655	1556	0	0
XR_002199266.2	1470	1371	0	0
XR_002199280.2	1627	1528	0	0
XR_002199291.2	7829	7730	0	0
XR_002199292.2	7364	7265	0	0
XR_002199295.2	1207	1108	1	1.05597
XR_002199298.2	2136	2037	1.73491	0.9965
XR_002199302.2	4132	4033	0	0
XR_002199314.2	607	508	0	0
XR_002199320.2	2598	2499	1.0918	0.511174
XR_002199334.2	2376	2277	0	0
XR_002199336.2	1026	927	0	0
XR_002199348.2	1058	959	0	0
XR_002199349.2	1703	1604	0	0
XR_002199369.2	957	858	1.62098	2.21045
XR_002199374.2	731	632	0	0
XR_002199385.2	879	780	6.31579	9.47379
XR_002199386.2	632	533	8.5301	18.7248
XR_002199388.2	937	838	0	0
XR_002199391.2	690	591	0	0
XR_002199394.2	243	144	0	0
XR_002199403.2	2144	2045	7.13703	4.08334
XR_002199405.2	758	659	0.999999	1.77544
XR_002199406.2	766	667	7.12833e-07	1.25041e-06
XR_002199407.2	1098	999	0	0
XR_002199409.2	1588	1489	19	14.9297
XR_002199414.2	728	629	0	0
XR_002199422.2	8719	8620	6.07184e-06	8.24145e-07
XR_002199423.2	8668	8569	0.00640155	0.00087407
XR_002199425.2	1755	1656	4.38653	3.09921
XR_002199429.2	797	698	0	0
XR_002199435.2	1442	1343	36.513	31.8099
XR_002199436.2	1434	1335	0	0
XR_002199445.2	363	264	18	79.7736
XR_002199448.2	663	564	0	0
XR_002199457.2	1571	1472	0	0
XR_002199460.2	2020	1921	0	0
XR_002199464.2	2154	2055	2	1.1387
XR_002199475.2	685	586	0	0
XR_002199478.2	3894	3795	19.8228	6.11146
XR_002199480.2	2706	2607	0.191126	0.0857769
XR_002199483.2	1118	1019	20.8495	23.9394
XR_002199491.2	1072	973	16	19.2397
XR_002199498.2	366	267	0	0
XR_002199504.2	544	445	0	0
XR_002199514.2	1525	1426	0	0
XR_002199515.2	639	540	0	0
XR_002199516.2	1979	1880	0	0
XR_002199519.2	672	573	0	0
XR_002199522.2	2956	2857	1	0.409525
XR_002199523.2	2661	2562	0	0
XR_002199524.2	949	850	0	0
XR_002199530.2	791	692	3	5.07231
XR_002199538.2	3047	2948	0	0
XR_002199544.2	1274	1175	26.75	26.6365
XR_002199547.2	278	179	0	0
XR_002199550.2	1780	1681	4	2.78409
XR_002199556.2	866	767	1	1.52544
XR_002199562.2	2618	2519	0	0
XR_002199563.2	3469	3370	0	0
XR_002199564.2	2803	2704	0	0
XR_002199565.2	3363	3264	146.223	52.415
XR_002199566.2	2703	2604	0	0
XR_002199567.2	2738	2639	0	0
XR_002199570.2	7988	7889	9.67563	1.43499
XR_002199575.2	1081	982	0	0
XR_002199579.2	412	313	0	0
XR_002199582.2	1632	1533	2	1.52644
XR_002199592.2	3296	3197	16.4868	6.03372
XR_002199603.2	837	738	1	1.58538
XR_002199610.2	1992	1893	16.6077	10.2648
XR_002199622.2	199	100	0	0
XR_002199625.2	1586	1487	84.4051	66.4123
XR_002199630.2	516	417	1	2.80579
XR_002199641.2	1764	1665	0	0
XR_002199647.2	468	369	0	0
XR_002199648.2	416	317	0	0
XR_002199650.2	210	111	0	0
XR_002199653.2	611	512	0	0
XR_002199654.2	1238	1139	22.9364	23.5609
XR_002199675.2	587	488	3.29716	7.90516
XR_002199679.2	670	571	0	0
XR_002199687.2	2162	2063	16	9.07427
XR_002199690.2	1404	1305	65.8059	58.9991
XR_002199692.2	2064	1965	7.12692	4.24356
XR_002199721.2	3875	3776	0	0
XR_002199723.2	638	539	0	0
XR_002199726.2	689	590	9	17.8477
XR_002199744.2	5211	5112	0	0
XR_002199745.2	5190	5091	0	0
XR_002199753.2	556	457	0	0
XR_002199758.2	440	341	0	0
XR_002199766.2	1159	1060	1	1.10379
XR_002199771.2	3973	3874	0	0
XR_002199782.2	2357	2258	0	0
XR_002199783.2	2186	2087	2	1.12124
XR_002199785.2	532	433	4.81674	13.0153
XR_002199788.2	2310	2211	0	0
XR_002199791.2	1772	1673	0	0
XR_002199793.2	533	434	19.1364	51.5894
XR_002199794.2	466	367	0	0
XR_002199818.2	423	324	0	0
XR_002199820.2	520	421	1	2.77913
XR_002199827.2	565	466	14	35.1506
XR_002199831.2	934	835	2	2.80243
XR_002199832.2	712	613	3	5.726
XR_002199857.2	280	181	0	0
XR_002199859.2	2318	2219	33.5341	17.6816
XR_002199870.2	510	411	0	0
XR_002199871.2	2355	2256	0	0
XR_002199872.2	539	440	0	0
XR_002199899.2	652	553	0	0
XR_002199912.2	769	670	0	0
XR_002199924.2	4214	4115	51.3507	14.6005
XR_002199927.2	1496	1397	18.7298	15.6866
XR_002199928.2	550	451	0	0
XR_002199929.2	644	545	0	0
XR_002199930.2	1339	1240	0	0
XR_002199931.2	1276	1177	1.39838	1.39008
XR_002199951.2	1194	1095	0	0
XR_002199953.2	1999	1900	0	0
XR_002199955.2	1055	956	2	2.44773
XR_002199964.2	1346	1247	0	0
XR_002199967.2	766	667	1	1.75414
XR_002199977.2	296	197	0	0
XR_002199981.2	724	625	0	0
XR_002199986.2	471	372	0.370693	1.1659
XR_002200000.2	267	168	0	0
XR_002200003.2	3859	3760	13	4.04526
XR_002200004.2	1841	1742	1.0134	0.680648
XR_002200005.2	5000	4901	104.823	25.0244
XR_002200006.2	5358	5259	0.00306496	0.000681886
XR_002200007.2	4871	4772	0.239816	0.0587988
XR_002200008.2	5303	5204	0	0
XR_002200009.2	5061	4962	0	0
XR_002200010.2	4838	4739	22.4489	5.54241
XR_002200011.2	4942	4843	100.691	24.3259
XR_002200012.2	4887	4788	0.793841	0.193986
XR_002200013.2	8059	7960	0	0
XR_002200014.2	8007	7908	0	0
XR_002200015.2	7978	7879	0	0
XR_002200021.2	682	583	0	0
XR_002200024.2	1173	1074	0	0
XR_002200027.2	3255	3156	16.7279	6.20148
XR_002200036.2	630	531	0	0
XR_002200040.2	877	778	3	4.51162
XR_002200044.2	1009	910	9.89856	12.7269
XR_002200047.2	1320	1221	0	0
XR_002200048.2	948	849	0	0
XR_002200049.2	477	378	0	0
XR_002200050.2	381	282	0	0
XR_002200066.2	1920	1821	0.120652	0.0775201
XR_002200070.2	505	406	0	0
XR_002200071.2	623	524	0	0
XR_002200086.2	1073	974	9	10.8112
XR_002200087.2	483	384	0	0
XR_002200089.2	2029	1930	22.5887	13.6938
XR_002200094.2	1326	1227	8	7.62845
XR_002200108.2	1257	1158	0	0
XR_002200109.2	1859	1760	0	0
XR_002200110.2	1395	1296	0	0
XR_002200116.2	408	309	0	0
XR_002200118.2	1289	1190	82	80.6228
XR_002200129.2	1372	1273	5	4.5955
XR_002200133.2	4688	4589	9.39949	2.3965
XR_002200143.2	729	630	6.1299	11.3842
XR_002200161.2	1261	1162	0	0
XR_002200168.2	1696	1597	3	2.1979
XR_002200182.2	1342	1243	20	18.8256
XR_002200187.2	663	564	10	20.7449
XR_002200189.2	1156	1057	3	3.32076
XR_002200201.2	2706	2607	0	0
XR_002200218.2	1461	1362	1	0.859041
XR_002200239.2	667	568	0	0
XR_002200254.2	1953	1854	1.04462	0.659232
XR_002200266.2	2535	2436	1.05822e-07	5.08265e-08
XR_002200268.2	1098	999	1	1.17118
XR_002200280.2	905	806	0	0
XR_002200286.2	1176	1077	0	0
XR_002200288.2	787	688	0	0
XR_002200290.2	162	63	0	0
XR_002200293.2	772	673	2	3.47701
XR_002200296.2	369	270	0	0
XR_002200297.2	570	471	76	188.792
XR_002200317.2	1185	1086	2	2.15472
XR_002200328.2	1253	1154	0	0
XR_002200331.2	2074	1975	1	0.592412
XR_002200336.2	1245	1146	5	5.10477
XR_002200338.2	841	742	9.72974	15.3422
XR_002200342.2	370	271	0	0
XR_002200343.2	468	369	247.789	785.682
XR_002200345.2	475	376	18	56.0113
XR_002200350.2	2948	2849	1.57561	0.647063
XR_002200355.2	661	562	1	2.08187
XR_002200357.2	1769	1670	5	3.50303
XR_002200380.2	827	728	0	0
XR_002200388.2	726	627	0	0
XR_002200389.2	2425	2326	4.06392e-05	2.04421e-05
XR_002200391.2	561	462	0	0
XR_002200396.2	2903	2804	0.0402917	0.0168123
XR_002200401.2	1756	1657	0	0
XR_002200404.2	601	502	14	32.6299
XR_002200411.2	730	631	0	0
XR_002200415.2	7225	7126	0	0
XR_002200420.2	853	754	0	0
XR_002200421.2	1283	1184	2	1.97637
XR_002200427.2	306	207	0	0
XR_002200435.2	396	297	1.37365	5.4114
XR_002200437.2	937	838	7	9.77338
XR_002200438.2	7177	7078	0.155586	0.0257187
XR_002200442.2	2395	2296	0	0
XR_002200455.2	1332	1233	0	0
XR_002200457.2	1335	1236	1.26712	1.19948
XR_002200459.2	623	524	0.000499262	0.00111478
XR_002200468.2	4068	3969	1	0.294788
XR_002200471.2	1694	1595	0	0
XR_002200476.2	696	597	0	0
XR_002200480.2	1007	908	5	6.44281
XR_002200492.2	3205	3106	0	0
XR_002200495.2	1023	924	0	0
XR_002200497.2	471	372	0	0
XR_002200502.2	1576	1477	0	0
XR_002200504.2	2216	2117	1	0.552675
XR_002200534.2	1154	1055	0	0
XR_002200550.2	6695	6596	8.67174	1.53821
XR_002200559.2	759	660	0	0
XR_002200569.2	1028	929	0	0
XR_002200575.2	975	876	19	25.377
XR_002200579.2	788	689	0	0
XR_002200585.2	565	466	0	0
XR_002200594.2	797	698	0	0
XR_002200597.2	801	702	0	0
XR_002200609.2	1895	1796	2	1.30291
XR_002200612.2	682	583	0	0
XR_002200613.2	454	355	0	0
XR_002200615.2	2258	2159	0	0
XR_002200616.2	2219	2120	0	0
XR_002200619.2	466	367	0	0
XR_002200629.2	761	662	0	0
XR_002200635.2	978	879	0	0
XR_002200637.2	2684	2585	0	0
XR_002200638.2	2123	2024	7	4.04649
XR_002200673.2	8523	8424	0	0
XR_002200686.2	1380	1281	0	0
XR_002200687.2	2019	1920	0	0
XR_002200691.2	500	401	0	0
XR_002200696.2	2578	2479	3.71302	1.75243
XR_002200703.2	855	756	1	1.54764
XR_002200705.2	1752	1653	24	16.9875
XR_002200710.2	855	756	4	6.19055
XR_002200712.2	758	659	4	7.10175
XR_002200713.2	3207	3108	27	10.1642
XR_002200722.2	898	799	0	0
XR_002200726.2	659	560	0	0
XR_002200733.2	772	673	0	0
XR_002200738.2	625	526	0	0
XR_002200742.2	546	447	41	107.317
XR_002200743.2	1771	1672	0	0
XR_002200744.2	1465	1366	0	0
XR_002200749.2	1405	1306	0	0
XR_002200751.2	1681	1582	2	1.47916
XR_002200757.2	1611	1512	0	0
XR_002200758.2	1885	1786	0	0
XR_002200761.2	399	300	0	0
XR_002200763.2	828	729	0	0
XR_002200764.2	650	551	0	0
XR_002200765.2	470	371	0	0
XR_002200767.2	681	582	15	30.155
XR_002200768.2	9352	9253	3.16659	0.400406
XR_002200769.2	2718	2619	0	0
XR_002200774.2	850	751	0	0
XR_002200778.2	1409	1310	0	0
XR_002200780.2	2295	2196	2	1.06559
XR_002200804.2	1578	1479	5.49059	4.34352
XR_002200806.2	1726	1627	19	13.6633
XR_002200807.2	1692	1593	0	0
XR_002200810.2	355	256	0	0
XR_002200821.2	2971	2872	0	0
XR_002200827.2	5634	5535	55.761	11.787
XR_002200830.2	2480	2381	7	3.43977
XR_002200843.2	1539	1440	0	0
XR_002200845.2	448	349	0	0
XR_002200858.2	489	390	0	0
XR_002200866.2	4529	4430	4.63288	1.2236
XR_002200867.2	4525	4426	13.3671	3.5336
XR_002200876.2	721	622	2	3.7621
XR_002200877.2	1909	1810	0	0
XR_002200890.2	672	573	0	0
XR_002200895.2	1803	1704	17	11.6727
XR_002200910.2	296	197	0	0
XR_002200911.2	1193	1094	21	22.4591
XR_002200918.2	266	167	18	126.109
XR_002200922.2	1966	1867	2	1.25336
XR_002200933.2	631	532	0	0
XR_002200934.2	711	612	0	0
XR_002200939.2	606	507	0	0
XR_002200947.2	432	333	0	0
XR_002200948.2	1098	999	0	0
XR_002200963.2	750	651	150.331	270.184
XR_002200965.2	1750	1651	4.24802	3.01044
XR_002200968.2	487	388	2	6.031
XR_002200971.2	1753	1654	1.98845	1.4066
XR_002200977.2	768	669	19	33.2291
XR_002200980.2	5615	5516	1.72227	0.365316
XR_002200981.2	1184	1085	0	0
XR_002200990.2	2516	2417	108	52.2803
XR_002200997.2	8855	8756	0	0
XR_002200998.2	2336	2237	0	0
XR_002201006.2	1696	1597	18.7325	13.724
XR_002201023.2	2902	2803	36.6161	15.2841
XR_002201025.2	1087	988	3	3.55267
XR_002201028.2	306	207	0	0
XR_002201035.2	5289	5190	0	0
XR_002201045.2	1239	1140	0	0
XR_002201046.2	1015	916	20.7488	26.5026
XR_002201047.2	269	170	0	0
XR_002201051.2	1179	1080	25	27.0836
XR_002201057.2	1052	953	1	1.22772
XR_002201059.2	182	83	0	0
XR_002201063.2	2452	2353	0	0
XR_002201091.2	1226	1127	0	0
XR_002201097.2	451	352	0	0
XR_002201098.2	852	753	0	0
XR_002201102.2	390	291	0	0
XR_002201103.2	297	198	0	0
XR_002201105.2	386	287	0	0
XR_002201108.2	548	449	19	49.5106
XR_002201114.2	537	438	6	16.0276
XR_002201121.2	613	514	0	0
XR_002201123.2	2302	2203	2	1.0622
XR_002201129.2	1421	1322	0	0
XR_002201131.2	2400	2301	12.3227	6.26585
XR_002201136.2	2239	2140	6.73152	3.68036
XR_002201138.2	2465	2366	84	41.5389
XR_002201142.2	817	718	7.69035	12.5318
XR_002201147.2	826	727	0	0
XR_002201158.2	796	697	0	0
XR_002201172.2	1013	914	1	1.2801
XR_002201174.2	934	835	0	0
XR_002201193.2	883	784	1	1.49236
XR_002201195.2	680	581	4	8.05517
XR_002201200.2	404	305	0	0
XR_002201204.2	1382	1283	14.627	13.3389
XR_002201205.2	685	586	1	1.99661
XR_002201209.2	455	356	0	0
XR_002201223.2	488	389	0	0
XR_002201225.2	2164	2065	0	0
XR_002201240.2	780	681	0	0
XR_002201241.2	877	778	47	70.682
XR_002201242.2	1226	1127	0	0
XR_002201253.2	1222	1123	0	0
XR_002201259.2	1289	1190	0	0
XR_002201261.2	982	883	0	0
XR_002201266.2	393	294	4	15.9185
XR_002201268.2	629	530	0	0
XR_002201293.2	735	636	2.00943	3.69664
XR_002201298.2	575	476	0	0
XR_002201303.2	1259	1160	4	4.03453
XR_002201308.2	649	550	1	2.1273
XR_002201314.2	1655	1556	4	3.00775
XR_002201325.2	384	285	3	12.3159
XR_002201328.2	2426	2327	49.9702	25.125
XR_002201338.2	349	250	0	0
XR_002201343.2	612	513	0	0
XR_002201344.2	453	354	0	0
XR_002201345.2	466	367	0	0
XR_002201352.2	492	393	98	291.759
XR_002201356.2	1529	1430	0	0
XR_002201357.2	2836	2737	7	2.99236
XR_002201358.2	1402	1303	0	0
XR_002201370.2	782	683	1	1.71305
XR_002201383.2	1774	1675	16	11.1762
XR_002201392.2	627	528	0.244308	0.54137
XR_002201401.2	1274	1175	0	0
XR_002201406.2	583	484	0	0
XR_002201407.2	617	518	6.20402	14.0131
XR_002201408.2	675	576	0	0
XR_002201410.2	846	747	0	0
XR_002201418.2	494	395	0	0
XR_002201428.2	243	144	0	0
XR_002201431.2	1770	1671	0	0
XR_002201433.2	1968	1869	0	0
XR_002201444.2	732	633	11	20.332
XR_002201449.2	1163	1064	0	0
XR_002201490.2	656	557	2	4.20113
XR_002201495.2	504	405	1	2.88892
XR_002201497.2	1221	1122	1	1.04279
XR_002201499.2	6590	6491	14.0555	2.53352
XR_002201502.2	1044	945	2	2.47622
XR_002201504.2	369	270	0	0
XR_002201509.2	893	794	0	0
XR_002201511.2	281	182	3.23487	20.7958
XR_002201516.2	1573	1474	15	11.9065
XR_002201519.2	234	135	0	0
XR_002201521.2	364	265	0	0
XR_002201530.2	2129	2030	0	0
XR_002201536.2	2042	1943	0	0
XR_002201537.2	1995	1896	0	0
XR_002201538.2	810	711	0	0
XR_002201540.2	1128	1029	3.46369	3.93835
XR_002201541.2	837	738	1	1.58538
XR_002201546.2	1938	1839	4	2.54489
XR_002201565.2	447	348	1	3.36211
XR_002201567.2	1298	1199	0	0
XR_002201569.2	1029	930	0	0
XR_002201574.2	1856	1757	9	5.99324
XR_002201576.2	422	323	7.55728	27.375
XR_002201587.2	1030	931	0	0
XR_002201592.2	571	472	20.013	49.609
XR_002201600.2	459	360	0	0
XR_002201606.2	6951	6852	24.1822	4.12924
XR_002201618.2	499	400	0	0
XR_002201620.2	1158	1059	1	1.10483
XR_002201623.2	559	460	0	0
XR_002201626.2	560	461	2.59774	6.59303
XR_002201634.2	465	366	0	0
XR_002201637.2	548	449	0	0
XR_002201639.2	540	441	0	0
XR_002201647.2	387	288	0	0
XR_002201651.2	1888	1789	0	0
XR_002201653.2	619	520	0	0
XR_002201655.2	529	430	2.30974	6.28471
XR_002201665.2	2705	2606	4	1.79588
XR_002201666.2	2632	2533	0	0
XR_002201667.2	1056	957	1	1.22258
XR_002201669.2	558	459	0	0
XR_002201678.2	487	388	0	0
XR_002201680.2	510	411	0	0
XR_002201688.2	655	556	0	0
XR_002201689.2	1338	1239	0	0
XR_002201690.2	491	392	0	0
XR_002201695.2	544	445	0	0
XR_002201697.2	597	498	1	2.34942
XR_002201698.2	385	286	0	0
XR_002201731.2	952	853	47.4855	65.1333
XR_002201732.2	691	592	0	0
XR_002201733.2	677	578	0	0
XR_002201734.2	2073	1974	0	0
XR_002201736.2	993	894	0	0
XR_002201740.2	669	570	16	32.8425
XR_002201741.2	1158	1059	10	11.0483
XR_002201745.2	1984	1885	222.2	137.919
XR_002201763.2	474	375	0	0
XR_002201767.2	727	628	2	3.72616
XR_002201768.2	659	560	0	0
XR_002201781.2	482	383	1	3.05487
XR_004595616.1	809	710	12.0589	19.8719
XR_004595617.1	1802	1703	8.85535	6.0839
XR_004595618.1	1815	1716	0.00118363	0.000807026
XR_004595619.1	744	645	0	0
XR_004595620.1	5705	5606	0	0
XR_004595621.1	3244	3145	50.6651	18.8486
XR_004595622.1	370	271	0	0
XR_004595623.1	1220	1121	1.03678	1.08212
XR_004595624.1	663	564	0	0
XR_004595625.1	1419	1320	5.72224	5.07204
XR_004595626.1	1007	908	37	47.6768
XR_004595627.1	277	178	1	6.57311
XR_004595628.1	2752	2653	0	0
XR_004595629.1	2729	2630	0	0
XR_004595630.1	2699	2600	0	0
XR_004595631.1	1671	1572	0	0
XR_004595632.1	309	210	0	0
XR_004595633.1	569	470	0	0
XR_004595634.1	617	518	0	0
XR_004595635.1	367	268	0	0
XR_004595636.1	803	704	1.10515	1.8367
XR_004595637.1	462	363	0	0
XR_004595638.1	391	292	1	4.0069
XR_004595639.1	1486	1387	0	0
XR_004595640.1	1481	1382	0	0
XR_004595641.1	5376	5277	4.5662	1.01241
XR_004595642.1	823	724	7	11.3123
XR_004595643.1	641	542	0	0
XR_004595644.1	1800	1701	10.6685	7.3382
XR_004595645.1	1814	1715	0.000711943	0.000485704
XR_004595646.1	430	331	0	0
XR_004595647.1	3791	3692	3.46242	1.09726
XR_004595648.1	599	500	0	0
XR_004595649.1	740	641	0	0
XR_004595650.1	548	449	0	0
XR_004595651.1	1602	1503	16	12.4552
XR_004595652.1	925	826	0	0
XR_004595653.1	844	745	0	0
XR_004595654.1	1325	1226	45	42.945
XR_004595655.1	1594	1495	17	13.3045
XR_004595656.1	2980	2881	0	0
XR_004595657.1	2934	2835	0	0
XR_004595658.1	2846	2747	0	0
XR_004595659.1	2708	2609	0	0
XR_004595660.1	2837	2738	0	0
XR_004595661.1	1652	1553	19.5905	14.7593
XR_004595662.1	1306	1207	0	0
XR_004595663.1	1920	1821	4.48123e-06	2.87924e-06
XR_004595664.1	1881	1782	0	0
XR_004595665.1	1290	1191	1	0.982379
XR_004595666.1	5280	5181	24.758	5.59104
XR_004595667.1	2063	1964	0	0
XR_004595668.1	1881	1782	0	0
XR_004595669.1	674	575	0	0
XR_004595670.1	2548	2449	0	0
XR_004595671.1	1220	1121	4	4.17489
XR_004595672.1	1002	903	0	0
XR_004595673.1	1011	912	3.39186	4.35145
XR_004595674.1	511	412	0	0
XR_004595675.1	1085	986	0	0
XR_004595676.1	937	838	1	1.3962
XR_004595677.1	1652	1553	0	0
XR_004595678.1	1634	1535	0	0
XR_004595679.1	1529	1430	0	0
XR_004595680.1	1532	1433	0	0
XR_004595681.1	1409	1310	0	0
XR_004595682.1	1505	1406	0	0
XR_004595683.1	1585	1486	0	0
XR_004595684.1	1491	1392	0	0
XR_004595685.1	1296	1197	0	0
XR_004595686.1	1566	1467	0	0
XR_004595687.1	1613	1514	0	0
XR_004595688.1	1406	1307	0	0
XR_004595689.1	1427	1328	121.252	106.827
XR_004595690.1	6313	6214	0	0
XR_004595691.1	1596	1497	0	0
XR_004595692.1	523	424	3.96262	10.9347
XR_004595693.1	416	317	3.51869	12.9871
XR_004595694.1	388	289	0	0
XR_004595695.1	386	287	0	0
XR_004595696.1	325	226	0	0
XR_004595697.1	1761	1662	0	0
XR_004595698.1	265	166	0	0
XR_004595699.1	709	610	0	0
XR_004595700.1	3015	2916	14	5.61735
XR_004595701.1	3011	2912	0	0
XR_004595702.1	5775	5676	4	0.824534
XR_004595703.1	4050	3951	0	0
XR_004595704.1	1347	1248	4	3.75004
XR_004595705.1	2080	1981	21	12.403
XR_004595706.1	4230	4131	0.120968	0.0342614
XR_004595707.1	2294	2195	3	1.59911
XR_004595708.1	965	866	13.6549	18.4485
XR_004595709.1	2116	2017	0	0
XR_004595710.1	1121	1022	2	2.28965
XR_004595711.1	654	555	0	0
XR_004595712.1	874	775	1	1.50969
XR_004595713.1	1121	1022	0	0
XR_004595714.1	326	227	3	15.4627
XR_004595715.1	1173	1074	1	1.0894
XR_004595716.1	1922	1823	0	0
XR_004595717.1	542	443	0	0
XR_004595718.1	527	428	7	19.1357
XR_004595719.1	797	698	4	6.70495
XR_004595720.1	2876	2777	56	23.5941
XR_004595721.1	2133	2034	0	0
XR_004595722.1	2334	2235	0	0
XR_004595723.1	164	65	8.1	145.802
XR_004595724.1	139	40.0016	0	0
XR_004595725.1	139	40.0016	0	0
XR_004595726.1	136	37.0051	0	0
XR_004595727.1	142	43.0005	0	0
XR_004595728.1	120	21.4973	7	380.983
XR_004595729.1	120	21.4973	0	0
XR_004595730.1	131	32.0279	1	36.5311
XR_004595731.1	121	22.4012	4	208.92
XR_004595732.1	139	40.0016	0	0
XR_004595733.1	139	40.0016	0	0
XR_004595734.1	139	40.0016	0	0
XR_004595735.1	139	40.0016	0	0
XR_004595736.1	580	481	0	0
XR_004595737.1	986	887	0	0
XR_004595738.1	649	550	0	0
XR_004595739.1	383	284	0	0
XR_004595740.1	2526	2427	55.7418	26.8721
XR_004595741.1	799	700	8	13.3716
XR_004595742.1	825	726	0.000236808	0.000381637
XR_004595743.1	819	720	3.99976	6.49969
XR_004595744.1	970	871	0	0
XR_004595745.1	6472	6373	1.50272	0.275884
XR_004595746.1	302	203	0	0
XR_004595747.1	401	302	0	0
XR_004595748.1	1468	1369	0	0
XR_004595749.1	2262	2163	0	0
XR_004595750.1	3266	3167	7.426	2.74346
XR_004595751.1	3380	3281	0	0
XR_004595752.1	3264	3165	6.64012	2.45467
XR_004595753.1	2434	2335	4.33108	2.1702
XR_004595754.1	541	442	0	0
XR_004595755.1	2577	2478	4.43485	2.09396
XR_004595756.1	4964	4865	19	4.56943
XR_004595757.1	569	470	10.0161	24.934
XR_004595758.1	2792	2693	0	0
XR_004595759.1	2690	2591	2.26034	1.0207
XR_004595760.1	1302	1203	0	0
XR_004595761.1	545	446	0	0
XR_004595762.1	1259	1160	1.62516	1.63919
XR_004595763.1	1246	1147	1	1.02006
XR_004595764.1	930	831	0	0
XR_004595765.1	654	555	0	0
XR_004595766.1	1036	937	4	4.99472
XR_004595767.1	191	92	0	0
XR_004595768.1	1138	1039	0	0
XR_004595769.1	1035	936	0	0
XR_004595770.1	1071	972	0	0
XR_004595771.1	837	738	0	0
XR_004595772.1	1427	1328	11.7238	10.329
XR_004595773.1	787	688	5.13984	8.74082
XR_004595774.1	1448	1349	1	0.867319
XR_004595775.1	516	417	0	0
XR_004595776.1	2518	2419	0	0
XR_004595777.1	2229	2130	0	0
XR_004595778.1	2006	1907	70	42.9475
XR_004595779.1	765	666	0	0
XR_004595780.1	653	554	0	0
XR_004595781.1	244	145	0	0
XR_004595782.1	581	482	2.54472	6.17709
XR_004595783.1	671	572	0	0
XR_004595784.1	1852	1753	0	0
XR_004595785.1	1006	907	0	0
XR_004595786.1	5293	5194	0	0
XR_004595787.1	5249	5150	0	0
XR_004595788.1	5134	5035	34	7.90079
XR_004595789.1	644	545	0	0
XR_004595790.1	1804	1705	0	0
XR_004595791.1	1355	1256	0	0
XR_004595792.1	1628	1529	6.55675	5.01732
XR_004595793.1	1352	1253	0	0
XR_004595794.1	838	739	6	9.49943
XR_004595795.1	1083	984	22	26.1588
XR_004595796.1	767	668	1	1.75152
XR_004595797.1	1687	1588	0	0
XR_004595798.1	863	764	0	0
XR_004595799.1	2666	2567	3	1.36737
XR_004595800.1	5257	5158	0	0
XR_004595801.1	2235	2136	0.163006	0.0892879
XR_004595802.1	809	710	3.59098	5.9176
XR_004595803.1	1645	1546	0	0
XR_004595804.1	701	602	0	0
XR_004595805.1	767	668	0	0
XR_004595806.1	549	450	0	0
XR_004595807.1	2297	2198	0	0
XR_004595808.1	607	508	0	0
XR_004595809.1	2638	2539	0	0
XR_004595810.1	2566	2467	4.91594	2.33146
XR_004595811.1	2807	2708	3.73988e-08	1.61584e-08
XR_004595812.1	2765	2666	3.43388	1.50701
XR_004595813.1	1034	935	6.28101	7.85975
XR_004595814.1	4646	4547	0	0
XR_004595815.1	4505	4406	2.21716e-05	5.88768e-06
XR_004595816.1	628	529	3.12025	6.9012
XR_004595817.1	464	365	0	0
XR_004595818.1	1665	1566	27	20.1726
XR_004595819.1	1629	1530	0	0
XR_004595820.1	1640	1541	2.05332	1.559
XR_004595821.1	1037	938	0	0
XR_004595822.1	1007	908	10.1987	13.1416
XR_004595823.1	383	284	0	0
XR_004595824.1	241	142	0	0
XR_004595825.1	3386	3287	0	0
XR_004595826.1	2718	2619	9.70405	4.33519
XR_004595827.1	468	369	0	0
XR_004595828.1	303	204	1	5.73536
XR_004595829.1	567	468	0	0
XR_004595830.1	4604	4505	0	0
XR_004595831.1	772	673	0	0
XR_004595832.1	2271	2172	1	0.53868
XR_004595833.1	2306	2207	0	0
XR_004595834.1	382	283	2.09701	8.66973
XR_004595835.1	405	306	1	3.82357
XR_004595836.1	174	75	0	0
XR_004595837.1	1038	939	0	0
XR_004595838.1	281	182	0	0
XR_004595839.1	213	114	1	10.2633
XR_004595840.1	384	285	0	0
XR_004595841.1	1338	1239	2	1.88864
XR_004595842.1	1130	1031	665.685	755.442
XR_004595843.1	419	320	0	0
XR_004595844.1	569	470	0	0
XR_004595845.1	1420	1321	24	21.2569
XR_004595846.1	436	337	0	0
XR_004595847.1	1581	1482	1	0.789483
XR_004595848.1	1936	1837	0	0
XR_004595849.1	3073	2974	0	0
XR_004595850.1	3636	3537	0	0
XR_004595851.1	964	865	5.86933	7.93895
XR_004595852.1	2111	2012	1	0.581518
XR_004595853.1	2164	2065	0	0
XR_004595854.1	1748	1649	0	0
XR_004595855.1	1452	1353	2.73877	2.36837
XR_004595856.1	1209	1110	2.10649	2.22038
XR_004595857.1	1156	1057	0	0
XR_004595858.1	852	753	0	0
XR_004595859.1	802	703	6	9.98589
XR_004595860.1	1029	930	0	0
XR_004595861.1	998	899	0	0
XR_004595862.1	344	245	0	0
XR_004595863.1	229	130	0	0
XR_004595864.1	944	845	0	0
XR_004595865.1	1068	969	0	0
XR_004595866.1	1004	905	0	0
XR_004595867.1	786	687	7	11.9215
XR_004595868.1	991	892	0	0
XR_004595869.1	837	738	0	0
XR_004595870.1	2661	2562	0	0
XR_004595871.1	425	326	0	0
XR_004595872.1	853	754	0	0
XR_004595873.1	767	668	0	0
XR_004595874.1	286	187	0	0
XR_004595875.1	407	308	2.33642	8.87548
XR_004595876.1	426	327	0	0
XR_004595877.1	1182	1083	0	0
XR_004595878.1	583	484	0	0
XR_004595879.1	906	807	1.12376	1.62926
XR_004595880.1	791	692	0	0
XR_004595881.1	1046	947	0	0
XR_004595882.1	577	478	0	0
XR_004595883.1	1654	1555	1	0.75242
XR_004595884.1	951	852	0	0
XR_004595885.1	910	811	0	0
XR_004595886.1	1021	922	2.56111	3.25004
XR_004595887.1	4523	4424	0	0
XR_004595888.1	3967	3868	2	0.604971
XR_004595889.1	477	378	0	0
XR_004595890.1	828	729	0	0
XR_004595891.1	1203	1104	0	0
XR_004595892.1	560	461	0	0
XR_004595893.1	700	601	0	0
XR_004595894.1	3224	3125	10	3.74404
XR_004595895.1	3047	2948	0	0
XR_004595896.1	3485	3386	0	0
XR_004595897.1	3413	3314	0	0
XR_004595898.1	2740	2641	0	0
XR_004595899.1	2875	2776	3	1.26442
XR_004595900.1	3586	3487	0	0
XR_004595901.1	893	794	2.274	3.35089
XR_004595902.1	400	301	0	0
XR_004595903.1	980	881	1	1.32805
XR_004595904.1	1723	1624	0	0
XR_004595905.1	1545	1446	1	0.809138
XR_004595906.1	1800	1701	0	0
XR_004595907.1	930	831	0	0
XR_004595908.1	741	642	2.12847	3.87903
XR_004595909.1	657	558	0	0
XR_004595910.1	1850	1751	0	0
XR_004595911.1	3733	3634	0	0
XR_004595912.1	3733	3634	0	0
XR_004595913.1	1580	1481	4	3.16006
XR_004595914.1	1565	1466	18.0635	14.4164
XR_004595915.1	2882	2783	13	5.46539
XR_004595916.1	2323	2224	0.00115944	0.000609965
XR_004595917.1	970	871	0	0
XR_004595918.1	1731	1632	0	0
XR_004595919.1	1750	1651	0	0
XR_004595920.1	423	324	0	0
XR_004595921.1	5432	5333	2.72509	0.597861
XR_004595922.1	1489	1390	2	1.68347
XR_004595923.1	657	558	0	0
XR_004595924.1	1045	946	0	0
XR_004595925.1	1009	910	0	0
XR_004595926.1	3070	2971	0	0
XR_004595927.1	1129	1030	0	0
XR_004595928.1	1109	1010	3	3.47529
XR_004595929.1	6244	6145	0	0
XR_004595930.1	5458	5359	14.5934	3.18613
XR_004595931.1	828	729	0	0
XR_004595932.1	4566	4467	31	8.11964
XR_004595933.1	712	613	1.20141	2.29309
XR_004595934.1	1023	924	0	0
XR_004595935.1	386	287	0	0
XR_004595936.1	634	535	0	0
XR_004595937.1	4584	4485	0	0
XR_004595938.1	1360	1261	6.26025	5.80855
XR_004595939.1	1124	1025	2	2.28295
XR_004595940.1	437	338	2	6.92316
XR_004595941.1	285	186	0.997141	6.27241
XR_004595942.1	813	714	28	45.8829
XR_004595943.1	820	721	0	0
XR_004595944.1	2654	2555	10.2303	4.68476
XR_004595945.1	2480	2381	0	0
XR_004595946.1	191	92	0	0
XR_004595947.1	541	442	0	0
XR_004595948.1	334	235	0	0
XR_004595949.1	404	305	0	0
XR_004595950.1	212	113	0	0
XR_004595951.1	1749	1650	35.2712	25.0108
XR_004595952.1	345	246	0	0
XR_004595953.1	358	259	0	0
XR_004595954.1	237	138	34	288.264
XR_004595955.1	967	868	15.566	20.982
XR_004595956.1	560	461	0	0
XR_004595957.1	911	812	143.163	206.284
XR_004595958.1	2908	2809	0	0
XR_004595959.1	468	369	0	0
XR_004595960.1	517	418	18	50.3834
XR_004595961.1	1942	1843	0	0
XR_004595962.1	1290	1191	0	0
XR_004595963.1	341	242	1	4.83477
XR_004595964.1	742	643	0	0
XR_004595965.1	523	424	0	0
XR_004595966.1	539	440	0	0
XR_004595967.1	492	393	0	0
XR_004595968.1	497	398	0	0
XR_004595969.1	185	86	0	0
XR_004595970.1	2277	2178	2.50853	1.34757
XR_004595971.1	460	361	21.0306	68.1607
XR_004595972.1	1311	1212	9.96945	9.62408
XR_004595973.1	1265	1166	0	0
XR_004595974.1	820	721	0	0
XR_004595975.1	818	719	3.9164	6.37308
XR_004595976.1	1095	996	5.53794	6.50549
XR_004595977.1	3884	3785	0	0
XR_004595978.1	3923	3824	0	0
XR_004595979.1	2278	2179	0	0
XR_004595980.1	2033	1934	5.1578	3.12032
XR_004595981.1	797	698	0	0
XR_004595982.1	1627	1528	0	0
XR_004595983.1	1214	1115	0	0
XR_004595984.1	1524	1425	32.4074	26.6085
XR_004595985.1	460	361	0	0
XR_004595986.1	3770	3671	79.6683	25.3917
XR_004595987.1	3907	3808	0	0
XR_004595988.1	844	745	0	0
XR_004595989.1	2489	2390	0	0
XR_004595990.1	1880	1781	0	0
XR_004595991.1	1815	1716	0	0
XR_004595992.1	2152	2053	35.8899	20.4538
XR_004595993.1	1300	1201	0	0
XR_004595994.1	2459	2360	0	0
XR_004595995.1	363	264	0	0
XR_004595996.1	468	369	0	0
XR_004595997.1	802	703	1.14415	1.90423
XR_004595998.1	3324	3225	0	0
XR_004595999.1	1394	1295	7	6.3244
XR_004596000.1	2982	2883	0.791605	0.321259
XR_004596001.1	631	532	0	0
XR_004596002.1	385	286	0	0
XR_004596003.1	1709	1610	0	0
XR_004596004.1	1654	1555	0	0
XR_004596005.1	770	671	1	1.74369
XR_004596006.1	989	890	0	0
XR_004596007.1	1089	990	0	0
XR_004596008.1	1096	997	0	0
XR_004596009.1	980	881	0	0
XR_004596010.1	868	769	0	0
XR_004596011.1	958	859	0	0
XR_004596012.1	716	617	0	0
XR_004596013.1	652	553	4	8.46303
XR_004596014.1	874	775	0	0
XR_004596015.1	607	508	1	2.30318
XR_004596016.1	1211	1112	0	0
XR_004596017.1	3862	3763	0	0
XR_004596018.1	469	370	1.24976	3.952
XR_004596019.1	760	661	0	0
XR_004596020.1	549	450	0	0
XR_004596021.1	1504	1405	0	0
XR_004596022.1	703	604	1	1.93711
XR_004596023.1	612	513	0	0
XR_004596024.1	612	513	0	0
XR_004596025.1	2837	2738	0	0
XR_004596026.1	593	494	145	343.425
XR_004596027.1	562	463	1	2.52703
XR_004596028.1	579	480	0	0
XR_004596029.1	785	686	0	0
XR_004596030.1	2710	2611	0	0
XR_004596031.1	2599	2500	5.46378e-08	2.55708e-08
XR_004596032.1	2580	2481	11.9127	5.61792
XR_004596033.1	2587	2488	0	0
XR_004596034.1	458	359	2	6.51818
XR_004596035.1	3459	3360	12	4.17862
XR_004596036.1	524	425	0	0
XR_004596037.1	474	375	0	0
XR_004596038.1	1794	1695	0	0
XR_004596039.1	811	712	0	0
XR_004596040.1	932	833	0	0
XR_004596041.1	3540	3441	0	0
XR_004596042.1	3516	3417	0	0
XR_004596043.1	3530	3431	0	0
XR_004596044.1	1140	1041	0	0
XR_004596045.1	668	569	0	0
XR_004596046.1	2045	1946	3.48186	2.09343
XR_004596047.1	1814	1715	0	0
XR_004596048.1	507	408	0	0
XR_004596049.1	517	418	0	0
XR_004596050.1	380	281	0	0
XR_004596051.1	574	475	0	0
XR_004596052.1	3131	3032	0	0
XR_004596053.1	3143	3044	0	0
XR_004596054.1	1192	1093	9.76399e-06	1.0452e-05
XR_004596055.1	1181	1082	1.38835	1.50129
XR_004596056.1	2216	2117	0	0
XR_004596057.1	2058	1959	4.06353	2.42695
XR_004596058.1	2348	2249	5	2.60119
XR_004596059.1	1843	1744	0	0
XR_004596060.1	456	357	0	0
XR_004596061.1	4125	4026	0	0
XR_004596062.1	1957	1858	9.43835	5.94349
XR_004596063.1	383	284	0	0
XR_004596064.1	1347	1248	4	3.75004
XR_004596065.1	2004	1905	0	0
XR_004596066.1	1985	1886	2.14206	1.32887
XR_004596067.1	1938	1839	12.1662	7.7404
XR_004596068.1	272	173	0	0
XR_004596069.1	445	346	0	0
XR_004596070.1	888	789	0	0
XR_004596071.1	3178	3079	30.0767	11.4291
XR_004596072.1	2663	2564	0	0
XR_004596073.1	960	861	22.2655	30.2566
XR_004596074.1	687	588	2.45666	4.8883
XR_004596075.1	1498	1399	0	0
XR_004596076.1	2990	2891	8.00761	3.24075
XR_004596077.1	1057	958	16.5142	20.169
XR_004596078.1	792	693	0	0
XR_004596079.1	3253	3154	12	4.45154
XR_004596080.1	12716	12617	0	0
XR_004596081.1	861	762	0	0
XR_004596082.1	887	788	0	0
XR_004596083.1	884	785	0	0
XR_004596084.1	825	726	0.41622	0.670775
XR_004596085.1	823	724	10.5838	17.1038
XR_004596086.1	855	756	0	0
XR_004596087.1	763	664	0	0
XR_004596088.1	2083	1984	0	0
XR_004596089.1	501	402	2	5.82096
XR_004596090.1	1132	1033	1	1.13264
XR_004596091.1	1029	930	0	0
XR_004596092.1	250	151	0	0
XR_004596093.1	460	361	0	0
XR_004596094.1	1171	1072	0	0
XR_004596095.1	3708	3609	0	0
XR_004596096.1	3407	3308	0	0
XR_004596097.1	3568	3469	3	1.01183
XR_004596098.1	970	871	1	1.3433
XR_004596099.1	1040	941	0	0
XR_004596100.1	472	373	0.510008	1.59978
XR_004596101.1	928	829	0	0
XR_004596102.1	1014	915	0	0
XR_004596103.1	2711	2612	6.64068	2.97461
XR_004596104.1	3679	3580	10	3.26819
XR_004596105.1	2610	2511	0.142245	0.0662798
XR_004596106.1	2606	2507	0.922991	0.430759
XR_004596107.1	2605	2506	1.4738	0.688097
XR_004596108.1	1458	1359	0	0
XR_004596109.1	773	674	0	0
XR_004596110.1	6193	6094	0	0
XR_004596111.1	6193	6094	0	0
XR_004596112.1	5051	4952	0	0
XR_004596113.1	6150	6051	0	0
XR_004596114.1	371	272	0	0
XR_004596115.1	936	837	1.78298	2.49237
XR_004596116.1	940	841	0	0
XR_004596117.1	575	476	20.3576	50.0393
XR_004596118.1	1331	1232	34.5718	32.8324
XR_004596119.1	447	348	0	0
XR_004596120.1	551	452	25.8452	66.9009
XR_004596121.1	525	426	0	0
XR_004596122.1	413	314	0	0
XR_004596123.1	835	736	2	3.17938
XR_004596124.1	1283	1184	51.7154	51.1045
XR_004596125.1	1456	1357	25	21.5551
XR_004596126.1	1581	1482	0	0
XR_004596127.1	1829	1730	0	0
XR_004596128.1	918	819	0	0
XR_004596129.1	1871	1772	8	5.28223
XR_004596130.1	759	660	0	0
XR_004596131.1	1057	958	0	0
XR_004596132.1	890	791	0	0
XR_004596133.1	1267	1168	0	0
XR_004596134.1	605	506	0	0
XR_004596135.1	1482	1383	0	0
XR_004596136.1	357	258	3.23431	14.6674
XR_004596137.1	510	411	1.76569	5.02648
XR_004596138.1	996	897	2	2.60873
XR_004596139.1	871	772	0	0
XR_004596140.1	808	709	5	8.25115
XR_004596141.1	310	211	0	0
XR_004596142.1	1421	1322	0.538138	0.47627
XR_004596143.1	734	635	0	0
XR_004596144.1	919	820	0	0
XR_004596145.1	417	318	0	0
XR_004596146.1	2883	2784	20	8.40527
XR_004596147.1	2425	2326	0	0
XR_004596148.1	2425	2326	8.83364	4.44346
XR_004596149.1	2047	1948	0	0
XR_004596150.1	1996	1897	42.9741	26.5052
XR_004596151.1	3226	3127	21.1932	7.92976
XR_004596152.1	593	494	2.31917	5.49283
XR_004596153.1	2240	2141	0	0
XR_004596154.1	1786	1687	0	0
XR_004596155.1	1776	1677	34	23.7212
XR_004596156.1	655	556	0	0
XR_004596157.1	577	478	0	0
XR_004596158.1	424	325	3.05793	11.0087
XR_004596159.1	1779	1680	0	0
XR_004596160.1	1261	1162	35.83	36.0771
XR_004596161.1	2014	1915	339.103	207.183
XR_004596162.1	2364	2265	0	0
XR_004596163.1	2034	1935	7.69815	4.65475
XR_004596164.1	2568	2469	1.22115	0.578679
XR_004596165.1	1982	1883	0	0
XR_004596166.1	2051	1952	1.83298	1.09868
XR_004596167.1	157	58	0	0
XR_004596168.1	1224	1125	1	1.04001
XR_004596169.1	594	495	1.81407	4.28785
XR_004596170.1	1137	1038	0	0
XR_004596171.1	859	760	8.98098	13.8261
XR_004596172.1	3397	3298	0	0
XR_004596173.1	1553	1454	3	2.41406
XR_004596174.1	590	491	0	0
XR_004596175.1	2897	2798	10	4.18161
XR_004596176.1	1147	1048	7	7.81498
XR_004596177.1	846	747	0	0
XR_004596178.1	580	481	0	0
XR_004596179.1	789	690	0	0
XR_004596180.1	1399	1300	1	0.90001
XR_004596181.1	2532	2433	0	0
XR_004596182.1	1241	1142	2	2.04906
XR_004596183.1	1374	1275	0	0
XR_004596184.1	500	401	27.2302	79.4505
XR_004596185.1	429	330	3	10.6365
XR_004596186.1	696	597	0	0
XR_004596187.1	3361	3262	1.15078	0.412761
XR_004596188.1	146	47.0001	1.74893	43.5376
XR_004596189.1	1657	1558	13	9.76263
XR_004596190.1	1537	1438	0	0
XR_004596191.1	320	221	0	0
XR_004596192.1	1185	1086	0	0
XR_004596193.1	908	809	2	2.89249
XR_004596194.1	453	354	0	0
XR_004596195.1	1477	1378	0	0
XR_004596196.1	435	336	0	0
XR_004596197.1	3107	3008	0	0
XR_004596198.1	3026	2927	0	0
XR_004596199.1	2972	2873	0	0
XR_004596200.1	1353	1254	10.2846	9.5958
XR_004596201.1	1832	1733	0	0
XR_004596202.1	2077	1978	21.661	12.8128
XR_004596203.1	2404	2305	0	0
XR_004596204.1	2284	2185	0	0
XR_004596205.1	2164	2065	0	0
XR_004596206.1	890	791	6.7624	10.0027
XR_004596207.1	481	382	0	0
XR_004596208.1	2619	2520	2.02569	0.940508
XR_004596209.1	2612	2513	52.9197	24.6386
XR_004596210.1	407	308	0	0
XR_004596211.1	654	555	1	2.10813
XR_004596212.1	1234	1135	0	0
XR_004596213.1	492	393	1	2.97713
XR_004596214.1	729	630	5	9.28582
XR_004596215.1	2279	2180	0	0
XR_004596216.1	601	502	0	0
XR_004596217.1	1805	1706	11.8465	8.12459
XR_004596218.1	311	212	0	0
XR_004596219.1	356	257	0	0
XR_004596220.1	945	846	0	0
XR_004596221.1	1704	1605	5.29425	3.85941
XR_004596222.1	559	460	52.114	132.552
XR_004596223.1	550	451	0	0
XR_004596224.1	6948	6849	0.00253714	0.000433419
XR_004596225.1	1334	1235	0	0
XR_004596226.1	6355	6256	0	0
XR_004596227.1	1761	1662	0	0
XR_004596228.1	694	595	0	0
XR_004596229.1	613	514	0	0
XR_004596230.1	6970	6871	8.00615	1.36331
XR_004596231.1	812	713	0	0
XR_004596232.1	2606	2507	0	0
XR_004596233.1	680	581	0	0
XR_004596234.1	341	242	0	0
XR_004596235.1	715	616	0	0
XR_004596236.1	358	259	0	0
XR_004596237.1	3185	3086	0	0
XR_004596238.1	3203	3104	0	0
XR_004596239.1	2926	2827	0	0
XR_004596240.1	2868	2769	0	0
XR_004596241.1	2754	2655	22.5561	9.94008
XR_004596242.1	774	675	1	1.73335
XR_004596243.1	339	240	0	0
XR_004596244.1	3364	3265	0	0
XR_004596245.1	374	275	0	0
XR_004596246.1	144	45.0002	0	0
XR_004596247.1	749	650	0	0
XR_004596248.1	2381	2282	1	0.512714
XR_004596249.1	672	573	0	0
XR_004596250.1	6981	6882	6.86162e-05	1.16655e-05
XR_004596251.1	1421	1322	0	0
XR_004596252.1	3871	3772	0	0
XR_004596253.1	3203	3104	0	0
XR_004596254.1	4077	3978	0	0
XR_004596255.1	4047	3948	0	0
XR_004596256.1	4038	3939	0	0
XR_004596257.1	3695	3596	0	0
XR_004596258.1	3665	3566	0	0
XR_004596259.1	3656	3557	0	0
XR_004596260.1	2988	2889	0	0
XR_004596261.1	1284	1185	0	0
XR_004596262.1	2853	2754	0	0
XR_004596263.1	2899	2800	0	0
XR_004596264.1	2476	2377	0	0
XR_004596265.1	2860	2761	1.5628	0.662259
XR_004596266.1	2863	2764	0.437199	0.185068
XR_004596267.1	398	299	1	3.91309
XR_004596268.1	496	397	0	0
XR_004596269.1	477	378	0	0
XR_004596270.1	738	639	4	7.32403
XR_004596271.1	861	762	0	0
XR_004596272.1	278	179	0	0
XR_004596273.1	1710	1611	0	0
XR_004596274.1	925	826	1.48006e-07	2.09648e-07
XR_004596275.1	1642	1543	8.27021	6.27107
XR_004596276.1	463	364	1.36999e-08	4.40357e-08
XR_004596277.1	1034	935	6.19527	7.75246
XR_004596278.1	457	358	4.01651	13.1267
XR_004596279.1	3732	3633	0	0
XR_004596280.1	720	621	0	0
XR_004596281.1	807	708	0	0
XR_004596282.1	2415	2316	0	0
XR_004596283.1	1958	1859	32	20.1401
XR_004596284.1	418	319	0	0
XR_004596285.1	724	625	0	0
XR_004596286.1	2854	2755	0	0
XR_004596287.1	2841	2742	0	0
XR_004596288.1	2924	2825	0	0
XR_004596289.1	2866	2767	0	0
XR_004596290.1	329	230	7	35.6091
XR_004596291.1	1186	1087	0	0
XR_004596292.1	2352	2253	38.374	19.9281
XR_004596293.1	269	170	0	0
XR_004596294.1	819	720	0	0
XR_004596295.1	512	413	0	0
XR_004596296.1	399	300	0	0
XR_004596297.1	1458	1359	11	9.47031
XR_004596298.1	1009	910	1	1.28573
XR_004596299.1	898	799	7	10.2504
XR_004596300.1	1041	942	2.49813	3.10281
XR_004596301.1	622	523	24	53.6909
XR_004596302.1	7146	7047	6.71348	1.11464
XR_004596303.1	1715	1616	2	1.44804
XR_004596304.1	386	287	1	4.0767
XR_004596305.1	2158	2059	0	0
XR_004596306.1	1453	1354	71.4124	61.7086
XR_004596307.1	1433	1334	1.33063	1.16706
XR_004596308.1	3794	3695	0	0
XR_004596309.1	951	852	11.3063	15.5265
XR_004596310.1	656	557	0	0
XR_004596311.1	699	600	0	0
XR_004596312.1	602	503	0	0
XR_004596313.1	1765	1666	5	3.51144
XR_004596314.1	645	546	0	0
XR_004596315.1	592	493	1	2.37325
XR_004596316.1	505	406	26.0244	74.9972
XR_004596317.1	456	357	0	0
XR_004596318.1	3673	3574	2.69048	0.880778
XR_004596319.1	1061	962	13	15.811
XR_004596320.1	1049	950	0	0
XR_004596321.1	543	444	0	0
XR_004596322.1	861	762	0	0
XR_004596323.1	665	566	0	0
XR_004596324.1	289	190	0	0
XR_004596325.1	4363	4264	4	1.09757
XR_004596326.1	576	477	0	0
XR_004596327.1	508	409	1	2.86067
XR_004596328.1	12046	11947	0.00718226	0.000703385
XR_004596329.1	11946	11847	137.489	13.5785
XR_004596330.1	10680	10581	0	0
XR_004596331.1	8758	8659	255.373	34.5062
XR_004596332.1	9224	9125	19.5816	2.51076
XR_004596333.1	8858	8759	0.000361138	4.82403e-05
XR_004596334.1	8650	8551	0	0
XR_004596335.1	8422	8323	0	0
XR_004596336.1	5250	5151	0	0
XR_004596337.1	5329	5230	0	0
XR_004596338.1	1089	990	0	0
XR_004596339.1	1923	1824	5.64232	3.6193
XR_004596340.1	4133	4034	0	0
XR_004596341.1	627	528	0	0
XR_004596342.1	552	453	0	0
XR_004596343.1	438	339	0	0
XR_004596344.1	518	419	0	0
XR_004596345.1	165	66	0	0
XR_004596346.1	630	531	0	0
XR_004596347.1	272	173	0	0
XR_004596348.1	436	337	0	0
XR_004596349.1	1082	983	178	211.864
XR_004596350.1	2133	2034	4	2.30091
XR_004596351.1	866	767	35	53.3904
XR_004596352.1	3022	2923	0	0
XR_004596353.1	3009	2910	0	0
XR_004596354.1	1253	1154	17	17.2359
XR_004596355.1	194	95	0	0
XR_004596356.1	144	45.0002	0	0
XR_004596357.1	3267	3168	0	0
XR_004596358.1	1726	1627	0	0
XR_004596359.1	2367	2268	0	0
XR_004596360.1	647	548	3.77222	8.05392
XR_004596361.1	3078	2979	0	0
XR_004596362.1	3325	3226	7.22778	2.62139
XR_004596363.1	473	374	0	0
XR_004596364.1	834	735	0	0
XR_004596365.1	260	161	0	0
XR_004596366.1	3878	3779	2.4749	0.766251
XR_004596367.1	536	437	0	0
XR_004596368.1	1795	1696	4	2.75947
XR_004596369.1	1501	1402	1	0.834532
XR_004596370.1	418	319	0	0
XR_004596371.1	502	403	0	0
XR_004596372.1	4256	4157	2	0.562912
XR_004596373.1	188	89	0	0
XR_004596374.1	276	177	0	0
XR_004596375.1	318	219	0	0
XR_004596376.1	539	440	0	0
XR_004596377.1	522	423	0	0
XR_004596378.1	1667	1568	0	0
XR_004596379.1	5679	5580	4.16047	0.872366
XR_004596380.1	5703	5604	0.0270866	0.0056552
XR_004596381.1	5704	5605	0.0219715	0.00458642
XR_004596382.1	1900	1801	4	2.59859
XR_004596383.1	502	403	0	0
XR_004596384.1	688	589	0	0
XR_004596385.1	555	456	0	0
XR_004596386.1	813	714	0	0
XR_004596387.1	200	101	0	0
XR_004596388.1	613	514	0	0
XR_004596389.1	7189	7090	0	0
XR_004596390.1	230	131	0	0
XR_004596391.1	538	439	0	0
XR_004596392.1	625	526	0	0
XR_004596393.1	725	626	0	0
XR_004596394.1	1235	1136	0	0
XR_004596395.1	622	523	0	0
XR_004596396.1	2959	2860	0	0
XR_004596397.1	3772	3673	0	0
XR_004596398.1	3695	3596	14	4.55511
XR_004596399.1	7507	7408	5.38874e-06	8.51093e-07
XR_004596400.1	7477	7378	0.00062906	9.97572e-05
XR_004596401.1	3881	3782	0	0
XR_004596402.1	2606	2507	0	0
XR_004596403.1	597	498	0	0
XR_004596404.1	894	795	2	2.94343
XR_004596405.1	606	507	0	0
XR_004596406.1	648	549	0.999997	2.13117
XR_004596407.1	654	555	2.90195e-06	6.11769e-06
XR_004596408.1	144	45.0002	0	0
XR_004596409.1	891	792	0	0
XR_004596410.1	399	300	0	0
XR_004596411.1	951	852	1.36699	1.87723
XR_004596412.1	14529	14430	0	0
XR_004596413.1	14492	14393	0	0
XR_004596414.1	13808	13709	0.00704726	0.000601458
XR_004596415.1	13293	13194	4109.61	364.43
XR_004596416.1	14406	14307	0	0
XR_004596417.1	13685	13586	275.003	23.683
XR_004596418.1	431	332	0	0
XR_004596419.1	1292	1193	0	0
XR_004596420.1	1433	1334	0	0
XR_004596421.1	2343	2244	0	0
XR_004596422.1	2096	1997	0	0
XR_004596423.1	564	465	0	0
XR_004596424.1	1999	1900	0	0
XR_004596425.1	670	571	0	0
XR_004596426.1	1379	1280	126	115.173
XR_004596427.1	689	590	2	3.96615
XR_004596428.1	1755	1656	3.25909	2.30265
XR_004596429.1	2088	1989	0	0
XR_004596430.1	810	711	0	0
XR_004596431.1	878	779	0	0
XR_004596432.1	1557	1458	9	7.22231
XR_004596433.1	1733	1634	0	0
XR_004596434.1	2400	2301	3.77065	1.9173
XR_004596435.1	2442	2343	0	0
XR_004596436.1	590	491	0	0
XR_004596437.1	573	474	0	0
XR_004596438.1	1374	1275	40.9246	37.5547
XR_004596439.1	3378	3279	3.02797	1.08044
XR_004596440.1	1928	1829	0	0
XR_004596441.1	1685	1586	0	0
XR_004596442.1	685	586	27.4596	54.8261
XR_004596443.1	1658	1559	0	0
XR_004596444.1	1813	1714	0	0
XR_004596445.1	1003	904	5.83941	7.55773
XR_004596446.1	398	299	0	0
XR_004596447.1	376	277	2	8.44775
XR_004596448.1	454	355	0	0
XR_004596449.1	895	796	0	0
XR_004596450.1	295	196	0	0
XR_004596451.1	2224	2125	0	0
XR_004596452.1	1522	1423	1	0.822216
XR_004596453.1	221	122	0	0
XR_004596454.1	1557	1458	0	0
XR_004596455.1	611	512	0	0
XR_004596456.1	538	439	2.28664	6.09429
XR_004596457.1	4084	3985	6	1.76163
XR_004596458.1	2945	2846	0	0
XR_004596459.1	2507	2408	0	0
XR_004596460.1	815	716	3	4.90229
XR_004596461.1	899	800	0	0
XR_004596462.1	2136	2037	0	0
XR_004596463.1	2088	1989	0	0
XR_004596464.1	1102	1003	0	0
XR_004596465.1	2821	2722	0	0
XR_004596466.1	2021	1922	2.53974	1.54606
XR_004596467.1	1116	1017	11.8985	13.6887
XR_004596468.1	1900	1801	1	0.649647
XR_004596469.1	2397	2298	5	2.54572
XR_004596470.1	643	544	0	0
XR_004596471.1	3640	3541	0	0
XR_004596472.1	3608	3509	0	0
XR_004596473.1	490	391	0	0
XR_004596474.1	2063	1964	0	0
XR_004596475.1	2053	1954	0	0
XR_004596476.1	2457	2358	0	0
XR_004596477.1	2242	2143	0	0
XR_004596478.1	7069	6970	1.01691e-07	1.70703e-08
XR_004596479.1	2551	2452	0	0
XR_004596480.1	2124	2025	0	0
XR_004596481.1	868	769	0	0
XR_004596482.1	1860	1761	23.8558	15.8499
XR_004596483.1	1860	1761	20.5874	13.6784
XR_004596484.1	1521	1422	0	0
XR_004596485.1	1349	1250	0	0
XR_004596486.1	1342	1243	0	0
XR_004596487.1	560	461	0	0
XR_004596488.1	3520	3421	36.8607	12.6067
XR_004596489.1	617	518	0	0
XR_004596490.1	1985	1886	6	3.72221
XR_004596491.1	1319	1220	0	0
XR_004596492.1	1244	1145	2.48355	2.53781
XR_004596493.1	259	160	4.55962	33.3426
XR_004596494.1	370	271	3.18774	13.7627
XR_004596495.1	1164	1065	0	0
XR_004596496.1	1988	1889	30.8997	19.1387
XR_004596497.1	2465	2366	36.9274	18.261
XR_004596498.1	467	368	0	0
XR_004596499.1	119	20.6109	0.0851064	4.83122
XR_004596500.1	119	20.6109	0.0851064	4.83122
XR_004596501.1	119	20.6109	0.0851064	4.83122
XR_004596502.1	119	20.6109	0.0851064	4.83122
XR_004596503.1	119	20.6109	0.0851064	4.83122
XR_004596504.1	193	94	7.63636	95.0494
XR_004596505.1	119	20.6109	0.0851064	4.83122
XR_004596506.1	193	94	7.63636	95.0494
XR_004596507.1	193	94	7.63636	95.0494
XR_004596508.1	193	94	7.63636	95.0494
XR_004596509.1	193	94	7.63636	95.0494
XR_004596510.1	193	94	7.63636	95.0494
XR_004596511.1	193	94	7.63636	95.0494
XR_004596512.1	187	88	0	0
XR_004596513.1	188	89	0	0
XR_004596514.1	193	94	0	0
XR_004596515.1	190	91	0	0
XR_004596516.1	119	20.6109	0.0851064	4.83122
XR_004596517.1	192	93	0	0
XR_004596518.1	76	3.88594	0	0
XR_004596519.1	126	27.1193	3	129.43
XR_004596520.1	71	3.46455	2	675.421
XR_004596521.1	69	3.32179	0	0
XR_004596522.1	135	36.0073	5	162.469
XR_004596523.1	119	20.6109	0.0851064	4.83122
XR_004596524.1	119	20.6109	0.0851064	4.83122
XR_004596525.1	2555	2456	97.3247	46.3645
XR_004596526.1	7009	6910	0.0104731	0.00177332
XR_004596527.1	4398	4299	2	0.544319
XR_004596528.1	847	748	0	0
XR_004596529.1	209	110	0	0
XR_004596530.1	2338	2239	0	0
XR_004596531.1	1329	1230	0	0
XR_004596532.1	1315	1216	20	19.2436
XR_004596533.1	335	236	0	0
XR_004596534.1	5330	5231	1.00493e-08	2.24771e-09
XR_004596535.1	5330	5231	1.00493e-08	2.24771e-09
XR_004596536.1	653	554	21	44.3507
XR_004596537.1	2942	2843	0	0
XR_004596538.1	877	778	0	0
XR_004596539.1	477	378	0	0
XR_004596540.1	582	483	0	0
XR_004596541.1	2142	2043	7	4.00886
XR_004596542.1	982	883	0	0
XR_004596543.1	756	657	0	0
XR_004596544.1	924	825	2.19232	3.10914
XR_004596545.1	507	408	6	17.2061
XR_004596546.1	428	329	0	0
XR_004596547.1	2275	2176	9	4.83921
XR_004596548.1	1355	1256	9.76398	9.09553
XR_004596549.1	577	478	26.8046	65.6103
XR_004596550.1	319	220	6	31.9095
XR_004596551.1	1244	1145	0	0
XR_004596552.1	297	198	0	0
XR_004596553.1	3270	3171	7.19356	2.65423
XR_004596554.1	977	878	0	0
XR_004596555.1	4960	4861	5	1.20347
XR_004596556.1	686	587	0	0
XR_004596557.1	3234	3135	1.84355e-05	6.8803e-06
XR_004596558.1	3205	3106	0.999982	0.376688
XR_004596559.1	3365	3266	1	0.35824
XR_004596560.1	497	398	0	0
XR_004596561.1	995	896	12.2284	15.9681
XR_004596562.1	788	689	0	0
XR_004596563.1	454	355	0	0
XR_004596564.1	538	439	0	0
XR_004596565.1	543	444	0	0
XR_004596566.1	893	794	0	0
XR_004596567.1	504	405	0	0
XR_004596568.1	161	62	0	0
XR_004596569.1	876	777	1	1.50581
XR_004596570.1	428	329	0	0
XR_004596571.1	1009	910	0	0
XR_004596572.1	1209	1110	1	1.05407
XR_004596573.1	4599	4500	122.435	31.8334
XR_004596574.1	237	138	0	0
XR_004596575.1	2827	2728	65.6832	28.1709
XR_004596576.1	766	667	0	0
XR_004596577.1	304	205	0	0
XR_004596578.1	1740	1641	1.89572	1.35163
XR_004596579.1	1291	1192	0	0
XR_004596580.1	648	549	0	0
XR_004596581.1	2805	2706	3.97006	1.71657
XR_004596582.1	2819	2720	0.00933197	0.00401417
XR_004596583.1	2861	2762	0	0
XR_004596584.1	317	218	0	0
XR_004596585.1	2940	2841	2.85143	1.17431
XR_004596586.1	915	816	31	44.449
XR_004596587.1	1223	1124	0	0
XR_004596588.1	579	480	0	0
XR_004596589.1	260	161	0	0
XR_004596590.1	396	297	0	0
XR_004596591.1	779	680	9.90946	17.0503
XR_004596592.1	562	463	8.09054	20.445
XR_004596593.1	2992	2893	3.78673	1.53146
XR_004596594.1	1593	1494	0	0
XR_004596595.1	944	845	0	0
XR_004596596.1	840	741	0	0
XR_004596597.1	798	699	0	0
XR_004596598.1	886	787	0	0
XR_004596599.1	857	758	0	0
XR_004596600.1	1144	1045	4.41546e-07	4.94368e-07
XR_004596601.1	1128	1029	32	36.3853
XR_004596602.1	613	514	0	0
XR_004596603.1	1155	1056	0	0
XR_004596604.1	2103	2004	10	5.83839
XR_004596605.1	1258	1159	0	0
XR_004596606.1	1490	1391	0	0
XR_004596607.1	1321	1222	0	0
XR_004596608.1	6167	6068	0	0
XR_004596609.1	437	338	0	0
XR_004596610.1	455	356	0	0
XR_004596611.1	939	840	46.9848	65.4438
XR_004596612.1	647	548	2.24046	4.78352
XR_004596613.1	421	322	0	0
XR_004596614.1	2230	2131	20	10.9809
XR_004596615.1	740	641	0	0
XR_004596616.1	320	221	5	26.4709
XR_004596617.1	804	705	2	3.31919
XR_004596618.1	931	832	0	0
XR_004596619.1	5254	5155	5.14938	1.16874
XR_004596620.1	301	202	3.85062	22.3034
XR_004596621.1	458	359	0	0
XR_004596622.1	486	387	0	0
XR_004596623.1	112	15.0416	0	0
XR_004596624.1	145	46.0001	0	0
XR_004596625.1	838	739	0	0
XR_004596626.1	877	778	0	0
XR_004596627.1	1791	1692	12	8.29797
XR_004596628.1	1218	1119	1	1.04559
XR_004596629.1	516	417	3.77859	10.6019
XR_004596630.1	566	467	0	0
XR_004596631.1	3076	2977	11.7604	4.62204
XR_004596632.1	1588	1489	0	0
XR_004596633.1	507	408	2.49117	7.14387
XR_004596634.1	1104	1005	1.14879	1.33741
XR_004596635.1	535	436	2.85121	7.65128
XR_004596636.1	1683	1584	27	19.9434
XR_004596637.1	1981	1882	2	1.24337
XR_004596638.1	470	371	0	0
XR_004596639.1	2701	2602	9.67962	4.35253
XR_004596640.1	1549	1450	45.5139	36.7254
XR_004596641.1	1724	1625	0	0
XR_004596642.1	577	478	2.21853	5.43036
XR_004596643.1	958	859	4	5.44826
XR_004596644.1	395	296	1	3.95275
XR_004596645.1	2363	2264	1	0.51679
XR_004596646.1	285	186	0	0
XR_004596647.1	589	490	0	0
XR_004596648.1	1291	1192	1.1429	1.12182
XR_004596649.1	7310	7211	20	3.24508
XR_004596650.1	837	738	0	0
XR_004596651.1	626	527	2.09655	4.65464
XR_004596652.1	239	140	0	0
XR_004596653.1	1750	1651	0	0
XR_004596654.1	1393	1294	0	0
XR_004596655.1	2325	2226	0	0
XR_004596656.1	3635	3536	0	0
XR_004596657.1	3850	3751	0	0
XR_004596658.1	3597	3498	0	0
XR_004596659.1	1531	1432	2.35932	1.92768
XR_004596660.1	1002	903	0	0
XR_004596661.1	1261	1162	57.1091	57.503
XR_004596662.1	500	401	0	0
XR_004596663.1	1082	983	16.5672	19.7191
XR_004596664.1	1634	1535	0	0
XR_004596665.1	215	116	0	0
XR_004596666.1	1921	1822	0	0
XR_004596667.1	1148	1049	0	0
XR_004596668.1	919	820	13.5281	19.3025
XR_004596669.1	1051	952	0	0
XR_004596670.1	2745	2646	0	0
XR_004596671.1	4109	4010	0	0
XR_004596672.1	4326	4227	0	0
XR_004596673.1	4084	3985	0	0
XR_004596674.1	4255	4156	0	0
XR_004596675.1	1889	1790	0	0
XR_004596676.1	434	335	0	0
XR_004596677.1	1221	1122	0	0
XR_004596678.1	236	137	0	0
XR_004596679.1	401	302	0	0
XR_004596680.1	467	368	0	0
XR_004596681.1	1400	1301	49.1605	44.2109
XR_004596682.1	607	508	4	9.2127
XR_004596683.1	660	561	0	0
XR_004596684.1	633	534	0	0
XR_004596685.1	133	34.0145	0	0
XR_004596686.1	521	422	1.37816	3.821
XR_004596687.1	396	297	0	0
XR_004596688.1	1062	963	0	0
XR_004596689.1	252	153	0	0
XR_004596690.1	340	241	0	0
XR_004596691.1	95	7.05304	0	0
XR_004596692.1	1175	1076	27.9319	30.3724
XR_004596693.1	1035	936	0	0
XR_004596694.1	465	366	0	0
XR_004596695.1	976	877	1	1.33411
XR_004596696.1	704	605	0	0
XR_004596697.1	2753	2654	9.79938	4.32005
XR_004596698.1	130	31.038	0	0
XR_004596699.1	537	438	2.65086	7.08114
XR_004596700.1	1025	926	0	0
XR_004596701.1	242	143	0	0
XR_004596702.1	1381	1282	0	0
XR_004596703.1	2316	2217	0	0
XR_004596704.1	1862	1763	31.0666	20.6173
XR_004596705.1	2118	2019	0	0
XR_004596706.1	1246	1147	0	0
XR_004596707.1	3012	2913	0	0
XR_004596708.1	2252	2153	11	5.97777
XR_004596709.1	395	296	0	0
XR_004596710.1	368	269	0	0
XR_004596711.1	608	509	4	9.1946
XR_004596712.1	1847	1748	141.174	94.4936
XR_004596713.1	714	615	0	0
XR_004596714.1	3514	3415	2.64151	0.905009
XR_004596715.1	3529	3430	23.6042	8.05166
XR_004596716.1	2998	2899	17.1553	6.92375
XR_004596717.1	1982	1883	0	0
XR_004596718.1	2211	2112	0	0
XR_004596719.1	2783	2684	37.2852	16.2534
XR_004596720.1	245	146	12.0648	96.6845
XR_004596721.1	547	448	0	0
XR_004596722.1	3450	3351	0	0
XR_004596723.1	1243	1144	0	0
XR_004596724.1	966	867	0	0
XR_004596725.1	300	201	0	0
XR_004596726.1	894	795	0	0
XR_004596727.1	5147	5048	68.707	15.9247
XR_004596728.1	415	316	0	0
XR_004596729.1	2997	2898	4	1.61493
XR_004596730.1	2955	2856	7	2.86768
XR_004596731.1	1869	1770	0	0
XR_004596732.1	1054	955	7	8.57601
XR_004596733.1	804	705	5	8.29797
XR_004596734.1	181	82	0	0
XR_004596735.1	3813	3714	1	0.315028
XR_004596736.1	2638	2539	3.21604	1.482
XR_004596737.1	724	625	0	0
XR_004596738.1	302	203	1	5.76361
XR_004596739.1	913	814	0	0
XR_004596740.1	482	383	0	0
XR_004596741.1	1686	1587	57	42.0231
XR_004596742.1	1706	1607	2.37677e-05	1.73046e-05
XR_004596743.1	346	247	44	208.423
XR_004596744.1	608	509	0	0
XR_004596745.1	1957	1858	16.9091	10.6479
XR_004596746.1	5257	5158	27.0903	6.14502
XR_004596747.1	3045	2946	37	14.6947
XR_004596748.1	660	561	4.32684	9.02399
XR_004596749.1	449	350	5.93117	19.8273
XR_004596750.1	1210	1111	0	0
XR_004596751.1	1784	1685	0	0
XR_004596752.1	667	568	0	0
XR_004596753.1	280	181	0	0
XR_004596754.1	1310	1211	36.9208	35.6712
XR_004596755.1	736	637	2.64233	4.85331
XR_004596756.1	1965	1866	0	0
XR_004596757.1	202	103	0	0
XR_004596758.1	776	677	0	0
XR_004596759.1	659	560	0	0
XR_004596760.1	1758	1659	0	0
XR_004596761.1	1756	1657	0	0
XR_004596762.1	1050	951	0	0
XR_004596763.1	1050	951	0	0
XR_004596764.1	277	178	16.1868	106.398
XR_004596765.1	665	566	177.174	366.248
XR_004596766.1	1661	1562	11.5117	8.6228
XR_004596767.1	3477	3378	0	0
XR_004596768.1	2626	2527	13.1808	6.10279
XR_004596769.1	3400	3301	2.07597	0.73581
XR_004596770.1	392	293	0	0
XR_004596771.1	304	205	0	0
XR_004596772.1	681	582	0	0
XR_004596773.1	1445	1346	9	7.82327
XR_004596774.1	652	553	4.03114	8.52892
XR_004596775.1	2609	2510	9.30094	4.33555
XR_004596776.1	336	237	0	0
XR_004596777.1	2295	2196	37.4464	19.9512
XR_004596778.1	3446	3347	0	0
XR_004596779.1	3443	3344	0	0
XR_004596780.1	3369	3270	0	0
XR_004596781.1	3511	3412	0	0
XR_004596782.1	2150	2051	0	0
XR_004596783.1	1312	1213	0	0
XR_004596784.1	1019	920	0	0
XR_004596785.1	782	683	0	0
XR_004596786.1	793	694	2.77741	4.68243
XR_004596787.1	1411	1312	3	2.67534
XR_004596788.1	528	429	0	0
XR_004596789.1	352	253	0	0
XR_004596790.1	925	826	7.69814	10.9043
XR_004596791.1	1303	1204	5.50459	5.34921
XR_004596792.1	4627	4528	0	0
XR_004596793.1	3766	3667	19.9894	6.37792
XR_004596794.1	1368	1269	0	0
XR_004596795.1	1259	1160	4	4.03453
XR_004596796.1	270	171	0.969109	6.63082
XR_004596797.1	1902	1803	16.1739	10.4957
XR_004596798.1	1713	1614	0	0
XR_004596799.1	722	623	2.60304	4.88859
XR_004596800.1	2718	2619	0	0
XR_004596801.1	2155	2056	0	0
XR_004596802.1	131	32.0279	1	36.5311
XR_004596803.1	1513	1414	0.262368	0.217097
XR_004596804.1	1701	1602	0	0
XR_004596805.1	1710	1611	0	0
XR_004596806.1	1382	1283	32.581	29.7118
XR_004596807.1	1657	1558	0	0
XR_004596808.1	652	553	0	0
XR_004596809.1	320	221	10	52.9418
XR_004596810.1	313	214	22	120.282
XR_004596811.1	809	710	2	3.29581
XR_004596812.1	1268	1169	116.143	116.243
XR_004596813.1	1381	1282	0	0
XR_004596814.1	3234	3135	0	0
XR_004596815.1	1979	1880	0	0
XR_004596816.1	1982	1883	0	0
XR_004596817.1	542	443	0	0
XR_004596818.1	2087	1988	2.59951	1.52991
XR_004596819.1	1480	1381	22.6049	19.1514
XR_004596820.1	1228	1129	0	0
XR_004596821.1	1107	1008	1.43411	1.66461
XR_004596822.1	3833	3734	0	0
XR_004596823.1	738	639	4	7.32403
XR_004596824.1	821	722	0	0
XR_004596825.1	722	623	24	45.0727
XR_004596826.1	1855	1756	0	0
XR_004596827.1	1819	1720	17	11.5641
XR_004596828.1	824	725	0	0
XR_004596829.1	2310	2211	3	1.58754
XR_004596830.1	982	883	7	9.2753
XR_004596831.1	1295	1196	0	0
XR_004596832.1	1064	965	0	0
XR_004596833.1	590	491	0	0
XR_004596834.1	277	178	0	0
XR_004596835.1	252	153	10	76.4715
XR_004596836.1	465	366	0	0
XR_004596837.1	1128	1029	0	0
XR_004596838.1	480	381	4	12.2836
XR_004596839.1	399	300	0	0
XR_004596840.1	416	317	0	0
XR_004596841.1	1454	1355	0	0
XR_004596842.1	1423	1324	16.9382	14.9683
XR_004596843.1	386	287	0	0
XR_004596844.1	369	270	0	0
XR_004596845.1	366	267	0	0
XR_004596846.1	2531	2432	15	7.21637
XR_004596847.1	6659	6560	59.5077	10.6135
XR_004596848.1	328	229	0	0
XR_004596849.1	436	337	0	0
XR_004596850.1	1370	1271	0	0
XR_004596851.1	570	471	0	0
XR_004596852.1	294	195	2.41854	14.5114
XR_004596853.1	1246	1147	10.8814	11.0997
XR_004596854.1	603	504	0	0
XR_004596855.1	616	517	0	0
XR_004596856.1	367	268	0	0
XR_004596857.1	1826	1727	2	1.35497
XR_004596858.1	3159	3060	0	0
XR_004596859.1	975	876	3.42738	4.57771
XR_004596860.1	1151	1052	1.36245	1.51529
XR_004596861.1	1200	1101	1.0642	1.13091
XR_004596862.1	340	241	2	9.70965
XR_004596863.1	335	236	0	0
XR_004596864.1	403	304	0	0
XR_004596865.1	1449	1350	5	4.33338
XR_004596866.1	1215	1116	7.51149	7.87504
XR_004596867.1	1985	1886	0	0
XR_004596868.1	343	244	0	0
XR_004596869.1	979	880	0	0
XR_004596870.1	957	858	7.05269	9.61741
XR_004596871.1	918	819	0	0
XR_004596872.1	964	865	0.00051174	0.000692188
XR_004596873.1	1502	1403	7.26738	6.06054
XR_004596874.1	2459	2360	0	0
XR_004596875.1	2453	2354	0	0
XR_004596876.1	2463	2364	0	0
XR_004596877.1	513	414	0	0
XR_004596878.1	607	508	0	0
XR_004596879.1	1658	1559	0	0
XR_004596880.1	261	162	0	0
XR_004596881.1	538	439	0	0
XR_004596882.1	808	709	0	0
XR_004596883.1	2965	2866	0	0
XR_004596884.1	2600	2501	0	0
XR_004596885.1	2981	2882	0	0
XR_004596886.1	1294	1195	0	0
XR_004596887.1	1295	1196	0	0
XR_004596888.1	766	667	4	7.01657
XR_004596889.1	733	634	3	5.53634
XR_004596890.1	2347	2248	0	0
XR_004596891.1	1364	1265	1	0.924912
XR_004596892.1	2389	2290	0	0
XR_004596893.1	1590	1491	1	0.784717
XR_004596894.1	1637	1538	2	1.52147
XR_004596895.1	844	745	2	3.14098
XR_004596896.1	408	309	0	0
XR_004596897.1	348	249	0	0
XR_004596898.1	305	206	0	0
XR_004596899.1	1133	1034	17	19.2362
XR_004596900.1	2094	1995	0	0
XR_004596901.1	1030	931	1	1.25673
XR_004596902.1	7758	7659	0	0
XR_004596903.1	1780	1681	0	0
XR_004596904.1	818	719	0	0
XR_004596905.1	1475	1376	5	4.2515
XR_004596906.1	2137	2038	29	16.6489
XR_004596907.1	623	524	38	84.8483
XR_004596908.1	560	461	168	426.382
XR_004596909.1	543	444	0	0
XR_004596910.1	2707	2608	14	6.28075
XR_004596911.1	3335	3236	6	2.16937
XR_004596912.1	831	732	0	0
XR_004596913.1	390	291	6.7665	27.2058
XR_004596914.1	345	246	0	0
XR_004596915.1	454	355	0	0
XR_004596916.1	1024	925	141.526	179.014
XR_004596917.1	3025	2926	5	1.99934
XR_004596918.1	2099	2000	1	0.585007
XR_004596919.1	343	244	0	0
XR_004596920.1	1501	1402	0	0
XR_004596921.1	1509	1410	0	0
XR_004596922.1	1210	1111	11	11.5843
XR_004596923.1	2825	2726	9.94437	4.26817
XR_004596924.1	632	533	6.05563	13.293
XR_004596925.1	690	591	0	0
XR_004596926.1	855	756	2	3.09527
XR_004596927.1	2229	2130	8.85018	4.86142
XR_004596928.1	1619	1520	0	0
XR_004596929.1	1924	1825	128.567	82.425
XR_004596930.1	1797	1698	0	0
XR_004596931.1	184	85	0.662364	9.11735
XR_004596932.1	1310	1211	0	0
XR_004596933.1	975	876	1	1.33563
XR_004596934.1	712	613	2	3.81734
XR_004596935.1	1194	1095	1	1.06851
XR_004596936.1	797	698	3	5.02871
XR_004596937.1	1184	1085	0	0
XR_004596938.1	1198	1099	0	0
XR_004596939.1	1775	1676	27	18.8487
XR_004596940.1	231	132	0	0
XR_004596941.1	1487	1388	0	0
XR_004596942.1	230	131	0	0
XR_004596943.1	693	594	0	0
XR_004596944.1	1235	1136	6	6.17965
XR_004596945.1	776	677	0	0
XR_004596946.1	812	713	0	0
XR_004596947.1	541	442	0	0
XR_004596948.1	226	127	0	0
XR_004596949.1	2054	1955	10	5.98472
XR_004596950.1	826	727	2	3.21874
XR_004596951.1	1782	1683	0	0
XR_004596952.1	3250	3151	0	0
XR_004596953.1	1539	1440	9	7.31258
XR_004596954.1	2812	2713	0	0
XR_004596955.1	3248	3149	0	0
XR_004596956.1	332	233	1.14646	5.75696
XR_004596957.1	792	693	0	0
XR_004596958.1	348	249	0	0
XR_004596959.1	1162	1063	0	0
XR_004596960.1	308	209	0	0
XR_004596961.1	349	250	0	0
XR_004596962.1	629	530	0	0
XR_004596963.1	542	443	0	0
XR_004596964.1	2367	2268	2	1.03176
XR_004596965.1	603	504	1.00927	2.34299
XR_004596966.1	2363	2264	18.7102	9.66927
XR_004596967.1	2121	2022	1.33061	0.769946
XR_004596968.1	1315	1216	0	0
XR_004596969.1	968	869	0	0
XR_004596970.1	1327	1228	0	0
XR_004596971.1	623	524	0	0
XR_004596972.1	864	765	2	3.05886
XR_004596973.1	551	452	0	0
XR_004596974.1	579	480	0	0
XR_004596975.1	360	261	0	0
XR_004596976.1	356	257	0	0
XR_004596977.1	1081	982	0	0
XR_004596978.1	540	441	0	0
XR_004596979.1	531	432	0	0
XR_004596980.1	521	422	0	0
XR_004596981.1	317	218	0	0
XR_004596982.1	2028	1929	0	0
XR_004596983.1	2006	1907	0	0
XR_004596984.1	2046	1947	0	0
XR_004596985.1	1918	1819	0	0
XR_004596986.1	1953	1854	0	0
XR_004596987.1	1796	1697	3.68419e-08	2.5401e-08
XR_004596988.1	2010	1911	0	0
XR_004596989.1	1881	1782	0	0
XR_004596990.1	1771	1672	1.33966	0.937453
XR_004596991.1	2299	2200	1	0.531824
XR_004596992.1	289	190	0	0
XR_004596993.1	1315	1216	0	0
XR_004596994.1	478	379	0	0
XR_004596995.1	1830	1731	0	0
XR_004596996.1	2304	2205	0	0
XR_004596997.1	1807	1708	0	0
XR_004596998.1	1172	1073	1	1.09041
XR_004596999.1	415	316	0	0
XR_004597000.1	1502	1403	0	0
XR_004597001.1	1600	1501	0	0
XR_004597002.1	1656	1557	0	0
XR_004597003.1	1502	1403	0	0
XR_004597004.1	695	596	0	0
XR_004597005.1	3897	3798	396.23	122.063
XR_004597006.1	3942	3843	0.000395872	0.000120524
XR_004597007.1	1536	1437	0	0
XR_004597008.1	1759	1660	0	0
XR_004597009.1	1816	1717	0	0
XR_004597010.1	1547	1448	0	0
XR_004597011.1	555	456	0	0
XR_004597012.1	1062	963	83.694	101.685
XR_004597013.1	657	558	0	0
XR_004597014.1	354	255	1.12976	5.18366
XR_004597015.1	4827	4728	0	0
XR_004597016.1	4678	4579	0.000258692	6.61002e-05
XR_004597017.1	4803	4704	0	0
XR_004597018.1	4632	4533	35.9997	9.2919
XR_004597019.1	4820	4721	0	0
XR_004597020.1	4814	4715	0	0
XR_004597021.1	4802	4703	0	0
XR_004597022.1	4788	4689	0	0
XR_004597023.1	2802	2703	5	2.16429
XR_004597024.1	914	815	0	0
XR_004597025.1	93	6.53305	0	0
XR_004597026.1	941	842	0	0
XR_004597027.1	609	510	54.3109	124.597
XR_004597028.1	893	794	10	14.7357
XR_004597029.1	869	770	7.25162	11.0188
XR_004597030.1	497	398	0	0
XR_004597031.1	1093	994	4	4.7083
XR_004597032.1	556	457	0	0
XR_004597033.1	442	343	0	0
XR_004597034.1	1961	1862	1.72134	1.08163
XR_004597035.1	1903	1804	0	0
XR_004597036.1	1655	1556	2	1.50387
XR_004597037.1	914	815	2.15781	3.09776
XR_004597038.1	2067	1968	0	0
XR_004597039.1	1969	1870	0	0
XR_004597040.1	590	491	1.82337	4.34495
XR_004597041.1	1976	1877	0	0
XR_004597042.1	2060	1961	0	0
XR_004597043.1	5957	5858	145.434	29.0473
XR_004597044.1	4593	4494	0	0
XR_004597045.1	1208	1109	7.96434	8.40251
XR_004597046.1	463	364	1	3.21432
XR_004597047.1	309	210	0	0
XR_004597048.1	2211	2112	0	0
XR_004597049.1	435	336	0	0
XR_004597050.1	478	379	112.211	346.407
XR_004597051.1	399	300	0	0
XR_004597052.1	448	349	6	20.1148
XR_004597053.1	232	133	0	0
XR_004597054.1	360	261	0	0
XR_004597055.1	608	509	0	0
XR_004597056.1	649	550	1	2.1273
XR_004597057.1	619	520	3.9995	8.99898
XR_004597058.1	4933	4834	0	0
XR_004597059.1	4734	4635	18	4.54374
XR_004597060.1	1569	1470	56.3264	44.8317
XR_004597061.1	4671	4572	0	0
XR_004597062.1	4643	4544	0	0
XR_004597063.1	4668	4569	0	0
XR_004597064.1	4668	4569	0	0
XR_004597065.1	4668	4569	0	0
XR_004597066.1	4668	4569	0	0
XR_004597067.1	4668	4569	0	0
XR_004597068.1	4668	4569	0	0
XR_004597069.1	4668	4569	0	0
XR_004597070.1	4668	4569	0	0
XR_004597071.1	4668	4569	0	0
XR_004597072.1	4591	4492	0	0
XR_004597073.1	4591	4492	0	0
XR_004597074.1	4591	4492	0	0
XR_004597075.1	4591	4492	0	0
XR_004597076.1	4591	4492	0	0
XR_004597077.1	4591	4492	0	0
XR_004597078.1	4591	4492	0	0
XR_004597079.1	4591	4492	0	0
XR_004597080.1	4591	4492	0	0
XR_004597081.1	4249	4150	0	0
XR_004597082.1	4230	4131	0	0
XR_004597083.1	3809	3710	0	0
XR_004597084.1	3789	3690	0	0
XR_004597085.1	201	102	0	0
XR_004597086.1	772	673	0	0
XR_004597087.1	1471	1372	3.40632	2.90484
XR_004597088.1	1695	1596	0	0
XR_004597089.1	1672	1573	0	0
XR_004597090.1	704	605	9	17.4052
XR_004597091.1	4645	4546	0	0
XR_004597092.1	340	241	5.03895	24.4632
XR_004597093.1	577	478	3	7.34318
XR_004597094.1	840	741	0	0
XR_004597095.1	874	775	0	0
XR_004597096.1	1219	1120	0	0
XR_004597097.1	406	307	0	0
XR_004597098.1	136	37.0051	1	31.6176
XR_004597099.1	1361	1262	0	0
XR_004597100.1	1455	1356	0	0
XR_004597101.1	1153	1054	0	0
XR_004597102.1	685	586	2	3.99322
XR_004597103.1	614	515	0	0
XR_004597104.1	1095	996	1	1.17471
XR_004597105.1	1054	955	14	17.152
XR_004597106.1	552	453	9	23.2453
XR_004597107.1	1274	1175	0	0
XR_004597108.1	1220	1121	0	0
XR_004597109.1	710	611	5	9.57458
XR_004597110.1	174	75	0	0
XR_004597111.1	1417	1318	6.49203	5.7631
XR_004597112.1	2946	2847	4.00743	1.64691
XR_004597113.1	679	580	24.9163	50.2627
XR_004597114.1	544	445	0	0
XR_004597115.1	419	320	0	0
XR_004597116.1	347	248	0	0
XR_004597117.1	743	644	0	0
XR_004597118.1	1074	975	3	3.60004
XR_004597119.1	672	573	8.24666	16.8389
XR_004597120.1	1525	1426	2.17667	1.78593
XR_004597121.1	929	830	0	0
XR_004597122.1	302	203	0	0
XR_004597123.1	1200	1101	0.0333963	0.0354897
XR_004597124.1	477	378	0	0
XR_004597125.1	582	483	2	4.84478
XR_004597126.1	1650	1551	0	0
XR_004597127.1	340	241	0	0
XR_004597128.1	523	424	0	0
XR_004597129.1	126	27.1193	0	0
XR_004597130.1	1333	1234	1	0.948147
XR_004597131.1	765	666	0	0
XR_004597132.1	2350	2251	8	4.1582
XR_004597133.1	619	520	0	0
XR_004597134.1	385	286	0	0
XR_004597135.1	2159	2060	0	0
XR_004597136.1	1938	1839	0	0
XR_004597137.1	1269	1170	0	0
XR_004597138.1	1583	1484	44	34.6904
XR_004597139.1	586	487	0	0
XR_004597140.1	804	705	0	0
XR_004597141.1	755	656	0	0
XR_004597142.1	1270	1171	0	0
XR_004597143.1	1305	1206	0	0
XR_004597144.1	1451	1352	0	0
XR_004597145.1	172	73	0	0
XR_004597146.1	2113	2014	0	0
XR_004597147.1	1089	990	0	0
XR_004597148.1	386	287	0	0
XR_004597149.1	860	761	1	1.53747
XR_004597150.1	653	554	0	0
XR_004597151.1	532	433	0	0
XR_004597152.1	1685	1586	0	0
XR_004597153.1	236	137	0	0
XR_004597154.1	1780	1681	3.13654	2.1831
XR_004597155.1	310	211	1	5.54509
XR_004597156.1	633	534	0	0
XR_004597157.1	580	481	8.4652	20.5913
XR_004597158.1	1527	1428	0.386488	0.316664
XR_004597159.1	555	456	94	241.187
XR_004597160.1	554	455	2	5.14292
XR_004597161.1	1203	1104	0	0
XR_004597162.1	1372	1273	17.5654	16.1443
XR_004597163.1	1253	1154	1	1.01388
XR_004597164.1	828	729	0	0
XR_004597165.1	811	712	0	0
XR_004597166.1	776	677	0	0
XR_004597167.1	717	618	0	0
XR_004597168.1	735	636	0	0
XR_004597169.1	846	747	0	0
XR_004597170.1	1695	1596	0	0
XR_004597171.1	1701	1602	0	0
XR_004597172.1	2124	2025	3.70201	2.13896
XR_004597173.1	2145	2046	3.59586	2.05631
XR_004597174.1	1791	1692	0	0
XR_004597175.1	1724	1625	0	0
XR_004597176.1	1730	1631	0	0
XR_004597177.1	1656	1557	0	0
XR_004597178.1	1650	1551	0	0
XR_004597179.1	1680	1581	0	0
XR_004597180.1	1577	1478	16.0425	12.6996
XR_004597181.1	631	532	8	17.5942
XR_004597182.1	520	421	0	0
XR_004597183.1	640	541	0	0
XR_004597184.1	2000	1901	34.9019	21.4811
XR_004597185.1	549	450	0	0
XR_004597186.1	958	859	3.60033	4.90389
XR_004597187.1	915	816	0	0
XR_004597188.1	863	764	0	0
XR_004597189.1	786	687	0	0
XR_004597190.1	944	845	1.54169	2.13467
XR_004597191.1	839	740	0	0
XR_004597192.1	757	658	0	0
XR_004597193.1	497	398	0	0
XR_004597194.1	307	208	0	0
XR_004597195.1	491	392	0	0
XR_004597196.1	544	445	0	0
XR_004597197.1	1365	1266	0	0
XR_004597198.1	389	290	0	0
XR_004597199.1	491	392	0	0
XR_004597200.1	552	453	0	0
XR_004597201.1	1106	1007	0	0
XR_004597202.1	2402	2303	0	0
XR_004597203.1	2545	2446	0	0
XR_004597204.1	2319	2220	2.71853e-05	1.43276e-05
XR_004597205.1	2335	2236	0	0
XR_004597206.1	2419	2320	0	0
XR_004597207.1	2078	1979	0	0
XR_004597208.1	2531	2432	5	2.40546
XR_004597209.1	502	403	25.3833	73.6942
XR_004597210.1	337	238	0	0
XR_004597211.1	617	518	0	0
XR_004597212.1	1024	925	3.81898	4.83055
XR_004597213.1	131	32.0279	0.921112	33.6492
XR_004597214.1	279	180	0	0
XR_004597215.1	530	431	0	0
XR_004597216.1	1455	1356	263	226.927
XR_004597217.1	2392	2293	69.8887	35.661
XR_004597218.1	977	878	0	0
XR_004597219.1	1039	940	0	0
XR_004597220.1	839	740	7.46656	11.8054
XR_004597221.1	1088	989	0	0
XR_004597222.1	2404	2305	11.9582	6.06997
XR_004597223.1	872	773	1	1.5136
XR_004597224.1	677	578	12.6054	25.5165
XR_004597225.1	639	540	0	0
XR_004597226.1	899	800	0	0
XR_004597227.1	470	371	0	0
XR_004597228.1	396	297	2	7.87888
XR_004597229.1	468	369	0	0
XR_004597230.1	424	325	0	0
XR_004597231.1	609	510	0	0
XR_004597232.1	561	462	0	0
XR_004597233.1	635	536	2.35304	5.13636
XR_004597234.1	2313	2214	0	0
XR_004597235.1	618	519	0	0
XR_004597236.1	923	824	0	0
XR_004597237.1	916	817	0	0
XR_004597238.1	1645	1546	2	1.5136
XR_004597239.1	1047	948	0	0
XR_004597240.1	1590	1491	0	0
XR_004597241.1	1898	1799	11.5588	7.51749
XR_004597242.1	1013	914	0	0
XR_004597243.1	5650	5551	2	0.42155
XR_004597244.1	778	679	0	0
XR_004597245.1	3311	3212	4.80827e-06	1.75148e-06
XR_004597246.1	3087	2988	0	0
XR_004597247.1	3289	3190	0.0152483	0.00559271
XR_004597248.1	3427	3328	0	0
XR_004597249.1	3065	2966	0	0
XR_004597250.1	3016	2917	0.00163257	0.000654827
XR_004597251.1	2994	2895	11.7363	4.74324
XR_004597252.1	3270	3171	0	0
XR_004597253.1	3173	3074	10.9749	4.17721
XR_004597254.1	5263	5164	5.57197	1.26245
XR_004597255.1	518	419	0	0
XR_004597256.1	1835	1736	0	0
XR_004597257.1	439	340	0	0
XR_004597258.1	2652	2553	1	0.45829
XR_004597259.1	3492	3393	1	0.344832
XR_004597260.1	1663	1564	0	0
XR_004597261.1	1252	1153	0	0
XR_004597262.1	2077	1978	6.40672	3.78966
XR_004597263.1	1640	1541	2.80182	2.1273
XR_004597264.1	2566	2467	0	0
XR_004597265.1	363	264	6	26.5912
XR_004597266.1	576	477	0	0
XR_004597267.1	269	170	0	0
XR_004597268.1	1120	1021	0	0
XR_004597269.1	323	224	0	0
XR_004597270.1	1253	1154	0	0
XR_004597271.1	1212	1113	0	0
XR_004597272.1	1187	1088	0	0
XR_004597273.1	1184	1085	0	0
XR_004597274.1	1178	1079	0	0
XR_004597275.1	981	882	0	0
XR_004597276.1	972	873	0	0
XR_004597277.1	1000	901	0.108089	0.140362
XR_004597278.1	1111	1012	0	0
XR_004597279.1	7139	7040	3	0.498585
XR_004597280.1	1706	1607	33	24.0264
XR_004597281.1	4002	3903	52.8476	15.8423
XR_004597282.1	917	818	78	111.566
XR_004597283.1	354	255	0	0
XR_004597284.1	699	600	0.148244	0.28908
XR_004597285.1	2553	2454	0	0
XR_004597286.1	720	621	0	0
XR_004597287.1	1073	974	0	0
XR_004597288.1	880	781	0	0
XR_004597289.1	1113	1014	0	0
XR_004597290.1	498	399	0	0
XR_004597291.1	1834	1735	10.6917	7.21005
XR_004597292.1	2252	2153	0	0
XR_004597293.1	1750	1651	6.00782	4.25756
XR_004597294.1	1316	1217	0	0
XR_004597295.1	876	777	0	0
XR_004597296.1	1067	968	0	0
XR_004597297.1	786	687	0	0
XR_004597298.1	778	679	0	0
XR_004597299.1	778	679	0	0
XR_004597300.1	511	412	0	0
XR_004597301.1	1446	1347	10.9994	9.55413
XR_004597302.1	1775	1676	17.6837	12.3449
XR_004597303.1	1620	1521	0	0
XR_004597304.1	1565	1466	6.10595	4.87315
XR_004597305.1	1333	1234	4.06688	3.856
XR_004597306.1	577	478	0	0
XR_004597307.1	602	503	0.445787	1.03693
XR_004597308.1	628	529	0	0
XR_004597309.1	571	472	0	0
XR_004597310.1	1339	1240	0	0
XR_004597311.1	1363	1264	0	0
XR_004597312.1	2075	1976	0	0
XR_004597313.1	1126	1027	6.66456	7.59262
XR_004597314.1	932	833	3.18772	4.4774
XR_004597315.1	996	897	2.79439	3.6449
XR_004597316.1	1280	1181	0	0
XR_004597317.1	508	409	2.20778	6.31573
XR_004597318.1	1250	1151	38.6478	39.2862
XR_004597319.1	1779	1680	0.013999	0.00974944
XR_004597320.1	1662	1563	0	0
XR_004597321.1	751	652	1	1.7945
XR_004597322.1	403	304	3.76662	14.4967
XR_004597323.1	1234	1135	0	0
XR_004597324.1	385	286	5	20.4548
XR_004597325.1	1367	1268	0	0
XR_004597326.1	1254	1155	0	0
XR_004597327.1	936	837	0	0
XR_004597328.1	2010	1911	14.4641	8.85566
XR_004597329.1	1775	1676	15.5174	10.8327
XR_004597330.1	1010	911	10	12.8432
XR_004597331.1	386	287	0	0
XR_004597332.1	580	481	0	0
XR_004597333.1	2700	2601	12.8463	5.7787
XR_004597334.1	791	692	0	0
XR_004597335.1	719	620	0	0
XR_004597336.1	1242	1143	0	0
XR_004597337.1	449	350	0	0
XR_004597338.1	626	527	0	0
XR_004597339.1	693	594	0	0
XR_004597340.1	1144	1045	0	0
XR_004597341.1	1124	1025	8	9.13181
XR_004597342.1	362	263	2	8.89744
XR_004597343.1	642	543	10	21.5472
XR_004597344.1	433	334	0	0
XR_004597345.1	400	301	0	0
XR_004597346.1	2452	2353	0.000155686	7.74136e-05
XR_004597347.1	2287	2188	0	0
XR_004597348.1	2449	2350	0.000695291	0.00034617
XR_004597349.1	2428	2329	25.9991	13.0611
XR_004597350.1	1766	1667	0	0
XR_004597351.1	638	539	2	4.34142
XR_004597352.1	1836	1737	0	0
XR_004597353.1	1607	1508	2.52122e-06	1.95614e-06
XR_004597354.1	1731	1632	4.59248	3.29244
XR_004597355.1	1653	1554	0	0
XR_004597356.1	1678	1579	26.7888	19.85
XR_004597357.1	1736	1637	0	0
XR_004597358.1	1218	1119	3.07917	3.21954
XR_004597359.1	659	560	0	0
XR_004597360.1	578	479	0	0
XR_004597361.1	2097	1998	2	1.17118
XR_004597362.1	673	574	0	0
XR_004597363.1	716	617	0	0
XR_004597364.1	362	263	2	8.89744
XR_004597365.1	910	811	0	0
XR_004597366.1	224	125	0	0
XR_004597367.1	711	612	6	11.4707
XR_004597368.1	522	423	10	27.6599
XR_004597369.1	2220	2121	1	0.551633
XR_004597370.1	751	652	2	3.589
XR_004597371.1	3431	3332	0	0
XR_004597372.1	259	160	0	0
XR_004597373.1	258	159	0	0
XR_004597374.1	450	351	0	0
XR_004597375.1	449	350	73.9939	247.354
XR_004597376.1	561	462	0	0
XR_004597377.1	347	248	0	0
XR_004597378.1	237	138	0	0
XR_004597379.1	186	87	0	0
XR_004597380.1	602	503	1	2.32607
XR_004597381.1	785	686	0	0
XR_004597382.1	993	894	0	0
XR_004597383.1	973	874	521.11	697.604
XR_004597384.1	609	510	0	0
XR_004597385.1	1355	1256	0	0
XR_004597386.1	265	166	0	0
XR_004597387.1	119	20.6109	0.0851064	4.83122
XR_004597388.1	193	94	7.63636	95.0494
XR_004597389.1	193	94	7.63636	95.0494
XR_004597390.1	193	94	7.63636	95.0494
XR_004597391.1	193	94	7.63636	95.0494
XR_004597392.1	193	94	3.14648e-06	3.91641e-05
XR_004597393.1	119	20.6109	0.0851064	4.83122
XR_004597394.1	193	94	3.14648e-06	3.91641e-05
XR_004597395.1	192	93	0	0
XR_004597396.1	192	93	0	0
XR_004597397.1	191	92	0	0
XR_004597398.1	192	93	0	0
XR_004597399.1	193	94	0	0
XR_004597400.1	109	13.0646	44.3264	3969.7
XR_004597401.1	109	13.0646	44.3264	3969.7
XR_004597402.1	109	13.0646	44.3264	3969.7
XR_004597403.1	109	13.0646	44.3264	3969.7
XR_004597404.1	119	20.6109	0.0851064	4.83122
XR_004597405.1	109	13.0646	44.3264	3969.7
XR_004597406.1	109	13.0646	44.3264	3969.7
XR_004597407.1	109	13.0646	44.3264	3969.7
XR_004597408.1	109	13.0646	44.3264	3969.7
XR_004597409.1	109	13.0646	44.3264	3969.7
XR_004597410.1	109	13.0646	44.3264	3969.7
XR_004597411.1	109	13.0646	44.3264	3969.7
XR_004597412.1	109	13.0646	1.40922	126.204
XR_004597413.1	111	14.3532	0	0
XR_004597414.1	70	3.39154	0	0
XR_004597415.1	119	20.6109	0.0851064	4.83122
XR_004597416.1	119	20.6109	0.0851064	4.83122
XR_004597417.1	119	20.6109	0.0851064	4.83122
XR_004597418.1	119	20.6109	0.0851064	4.83122
XR_004597419.1	119	20.6109	0.0851064	4.83122
XR_004597420.1	119	20.6109	0.0851064	4.83122
XR_004597421.1	119	20.6109	0.0851064	4.83122
XR_004597422.1	119	20.6109	0.0851064	4.83122
XR_004597423.1	119	20.6109	0.0851064	4.83122
XR_004597424.1	119	20.6109	0.0851064	4.83122
XR_004597425.1	119	20.6109	0.0851064	4.83122
XR_004597426.1	119	20.6109	0.0851064	4.83122
XR_004597427.1	119	20.6109	0.0851064	4.83122
XR_004597428.1	119	20.6109	0.0851064	4.83122
XR_004597429.1	119	20.6109	0.0851064	4.83122
XR_004597430.1	119	20.6109	0.0851064	4.83122
XR_004597431.1	118	19.7438	0	0
XR_004597432.1	118	19.7438	0	0
XR_004597433.1	164	65	0	0
XR_004597434.1	119	20.6109	0.0851064	4.83122
XR_004597435.1	164	65	0	0
XR_004597436.1	164	65	0	0
XR_004597437.1	164	65	0	0
XR_004597438.1	164	65	0	0
XR_004597439.1	164	65	0	0
XR_004597440.1	164	65	0	0
XR_004597441.1	164	65	0	0
XR_004597442.1	164	65	0	0
XR_004597443.1	164	65	0	0
XR_004597444.1	164	65	0	0
XR_004597445.1	119	20.6109	0.0851064	4.83122
XR_004597446.1	164	65	0	0
XR_004597447.1	164	65	0	0
XR_004597448.1	193	94	3.14648e-06	3.91641e-05
XR_004597449.1	193	94	3.14648e-06	3.91641e-05
XR_004597450.1	193	94	3.14648e-06	3.91641e-05
XR_004597451.1	193	94	3.14648e-06	3.91641e-05
XR_004597452.1	193	94	3.14648e-06	3.91641e-05
XR_004597453.1	193	94	3.14648e-06	3.91641e-05
XR_004597454.1	193	94	3.14648e-06	3.91641e-05
XR_004597455.1	193	94	3.14648e-06	3.91641e-05
XR_004597456.1	119	20.6109	0.0851064	4.83122
XR_004597457.1	193	94	3.14648e-06	3.91641e-05
XR_004597458.1	193	94	3.14648e-06	3.91641e-05
XR_004597459.1	193	94	3.14648e-06	3.91641e-05
XR_004597460.1	193	94	3.14648e-06	3.91641e-05
XR_004597461.1	193	94	3.14648e-06	3.91641e-05
XR_004597462.1	393	294	0	0
XR_004597463.1	390	291	0	0
XR_004597464.1	390	291	1	4.02066
XR_004597465.1	383	284	0	0
XR_004597466.1	1040	941	53	65.8987
XR_004597467.1	4014	3915	0.456697	0.136486
XR_004597468.1	4003	3904	12.3875	3.71249
XR_004597469.1	6430	6331	38.7104	7.15395
XR_004597470.1	6701	6602	11.3601	2.01325
XR_004597471.1	445	346	0	0
XR_004597472.1	839	740	1.57063	2.48333
XR_004597473.1	327	228	5	25.6582
XR_004597474.1	1799	1700	0	0
XR_004597475.1	281	182	0	0
XR_004597476.1	203	104	0	0
XR_004597477.1	412	313	0	0
XR_004597478.1	875	776	0	0
XR_004597479.1	516	417	0	0
XR_004597480.1	506	407	16	45.9956
XR_004597481.1	1930	1831	0	0
XR_004597482.1	4252	4153	42.0229	11.839
XR_004597483.1	1290	1191	0	0
XR_004597484.1	1174	1075	0	0
XR_004597485.1	660	561	58	120.964
XR_004597486.1	239	140	0	0
XR_004597487.1	1685	1586	0	0
XR_004597488.1	420	321	2	7.2898
XR_004597489.1	6712	6613	0	0
XR_004597490.1	1251	1152	13	13.2033
XR_004597491.1	977	878	0	0
XR_004597492.1	650	551	0	0
XR_004597493.1	942	843	0	0
XR_004597494.1	683	584	0	0
XR_004597495.1	663	564	0	0
XR_004597496.1	387	288	0	0
XR_004597497.1	3974	3875	5.39184	1.62801
XR_004597498.1	1724	1625	0	0
XR_004597499.1	3103	3004	10.6082	4.13172
XR_004597500.1	1811	1712	0	0
XR_004597501.1	282	183	1	6.39352
XR_004597502.1	754	655	0	0
XR_004597503.1	480	381	0	0
XR_004597504.1	964	865	2	2.70523
XR_004597505.1	1723	1624	3	2.16135
XR_004597506.1	377	278	0	0
XR_004597507.1	1010	911	1	1.28432
XR_004597508.1	453	354	0	0
XR_004597509.1	2300	2201	2	1.06317
XR_004597510.1	3515	3416	4.24216	1.45298
XR_004597511.1	5607	5508	0	0
XR_004597512.1	2720	2621	0.00228477	0.00101992
XR_004597513.1	3912	3813	1.802	0.552941
XR_004597514.1	1435	1336	5	4.37879
XR_004597515.1	2564	2465	3	1.42395
XR_004597516.1	1198	1099	7	7.45231
XR_004597517.1	3268	3169	0	0
XR_004597518.1	2764	2665	65.6497	28.8222
XR_004597519.1	7624	7525	0	0
XR_004597520.1	7656	7557	0	0
XR_004597521.1	7740	7641	0	0
XR_004597522.1	7718	7619	0	0
XR_004597523.1	7446	7347	0	0
XR_004597524.1	7561	7462	0	0
XR_004597525.1	7539	7440	0	0
XR_004597526.1	8132	8033	7.99215e-08	1.16406e-08
XR_004597527.1	7438	7339	0	0
XR_004597528.1	8104	8005	4.80216e-06	7.01886e-07
XR_004597529.1	7493	7394	0	0
XR_004597530.1	7735	7636	0	0
XR_004597531.1	7620	7521	0	0
XR_004597532.1	8001	7902	19	2.81324
XR_004597533.1	6769	6670	0	0
XR_004597534.1	3036	2937	43.8962	17.487
XR_004597535.1	1393	1294	68	61.4845
XR_004597536.1	442	343	0	0
XR_004597537.1	1644	1545	0	0
XR_004597538.1	12684	12585	0	0
XR_004597539.1	12218	12119	6.20395	0.598953
XR_004597540.1	12684	12585	0	0
XR_004597541.1	12218	12119	0	0
XR_004597542.1	1045	946	0	0
XR_004597543.1	814	715	5.44239	8.90582
XR_004597544.1	1043	944	2	2.47884
XR_004597545.1	767	668	2	3.50303
XR_004597546.1	761	662	0	0
XR_004597547.1	1580	1481	0	0
XR_004597548.1	847	748	4.75135	7.43202
XR_004597549.1	693	594	1.24865	2.45948
XR_004597550.1	628	529	0	0
XR_004597551.1	814	715	0	0
XR_004597552.1	741	642	2.15882	3.93434
XR_004597553.1	411	312	0	0
XR_004597554.1	419	320	0	0
XR_004597555.1	230	131	0	0
XR_004597556.1	753	654	1	1.78901
XR_004597557.1	522	423	1	2.76599
XR_004597558.1	228	129	0	0
XR_004597559.1	611	512	0	0
XR_004597560.1	501	402	1.19055	3.46507
XR_004597561.1	1117	1018	1	1.14933
XR_004597562.1	3627	3528	0	0
XR_004597563.1	3572	3473	0	0
XR_004597564.1	3351	3252	0	0
XR_004597565.1	3502	3403	0	0
XR_004597566.1	4290	4191	1.19478e-06	3.33551e-07
XR_004597567.1	2922	2823	41.6853	17.2768
XR_004597568.1	168	69	0	0
XR_004597569.1	565	466	12.748	32.007
XR_004597570.1	1978	1879	0	0
XR_004597571.1	316	217	0	0
XR_004597572.1	670	571	2	4.09812
XR_004597573.1	826	727	3	4.82812
XR_004597574.1	5072	4973	0	0
XR_004597575.1	1785	1686	1	0.693958
XR_004597576.1	632	533	0	0
XR_004597577.1	1939	1840	0	0
XR_004597578.1	2338	2239	0	0
XR_004597579.1	363	264	0	0
XR_004597580.1	1057	958	0	0
XR_004597581.1	1237	1138	15.5743	16.0125
XR_004597582.1	300	201	0	0
XR_004597583.1	1001	902	16	20.7541
XR_004597584.1	3577	3478	22.8283	7.67953
XR_004597585.1	958	859	0	0
XR_004597586.1	2124	2025	0	0
XR_004597587.1	5198	5099	0	0
XR_004597588.1	730	631	0	0
XR_004597589.1	1796	1697	0	0
XR_004597590.1	478	379	1	3.08711
XR_004597591.1	378	279	0	0
XR_004597592.1	1200	1101	1	1.06268
XR_004597593.1	468	369	0	0
XR_004597594.1	439	340	0	0
XR_004597595.1	210	111	0	0
XR_004597596.1	634	535	0	0
XR_004597597.1	619	520	0	0
XR_004597598.1	265	166	0	0
XR_004597599.1	917	818	22	31.4674
XR_004597600.1	123	24.2541	0	0
XR_004597601.1	763	664	1	1.76207
XR_004597602.1	168	69	0	0
XR_004597603.1	2121	2022	0	0
XR_004597604.1	1790	1691	0	0
XR_004597605.1	1772	1673	0	0
XR_004597606.1	1394	1295	0	0
XR_004597607.1	560	461	7	17.7659
XR_004597608.1	659	560	4	8.35724
XR_004597609.1	481	382	0	0
XR_004597610.1	475	376	0	0
XR_004597611.1	494	395	0	0
XR_004597612.1	324	225	0	0
XR_004597613.1	507	408	0	0
XR_004597614.1	3479	3380	0	0
XR_004597615.1	3351	3252	0	0
XR_004597616.1	2160	2061	0	0
XR_004597617.1	813	714	0	0
XR_004597618.1	1509	1410	0	0
XR_004597619.1	1004	905	0	0
XR_004597620.1	405	306	0	0
XR_004597621.1	2053	1954	0	0
XR_004597622.1	1987	1888	0	0
XR_004597623.1	1795	1696	0	0
XR_004597624.1	8138	8039	6.89899	1.00409
XR_004597625.1	8167	8068	0.101013	0.0146488
XR_004597626.1	923	824	0	0
XR_004597627.1	2930	2831	1	0.413286
XR_004597628.1	2754	2655	14.6945	6.47562
XR_004597629.1	973	874	8.49989	11.3787
XR_004597630.1	732	633	24.5571	45.3904
XR_004597631.1	979	880	0	0
XR_004597632.1	572	473	0	0
XR_004597633.1	1875	1776	3	1.97637
XR_004597634.1	2348	2249	4	2.08095
XR_004597635.1	374	275	0	0
XR_004597636.1	890	791	0	0
XR_004597637.1	728	629	0	0
XR_004597638.1	186	87	0	0
XR_004597639.1	616	517	0	0
XR_004597640.1	304	205	0	0
XR_004597641.1	1101	1002	2.0301	2.37051
XR_004597642.1	3264	3165	0	0
XR_004597643.1	826	727	7.11453	11.4499
XR_004597644.1	2613	2514	8.65955e-08	4.03015e-08
XR_004597645.1	80	4.30693	0	0
XR_004597646.1	3230	3131	3.04042e-06	1.13617e-06
XR_004597647.1	335	236	0	0
XR_004597648.1	586	487	1.2784	3.07135
XR_004597649.1	3192	3093	5.05273	1.91134
XR_004597650.1	1283	1184	0	0
XR_004597651.1	466	367	2	6.37609
XR_004597652.1	668	569	0	0
XR_004597653.1	737	638	8.45796	15.5108
XR_004597654.1	2705	2606	89.2053	40.0504
XR_004597655.1	3626	3527	23.1498	7.67949
XR_004597656.1	271	172	1	6.8024
XR_004597657.1	368	269	0	0
XR_004597658.1	1940	1841	57	36.2253
XR_004597659.1	2379	2280	0	0
XR_004597660.1	2442	2343	0	0
XR_004597661.1	2371	2272	0	0
XR_004597662.1	1916	1817	0	0
XR_004597663.1	637	538	0	0
XR_004597664.1	333	234	1	5.00006
XR_004597665.1	393	294	0	0
XR_004597666.1	638	539	0	0
XR_004597667.1	973	874	0	0
XR_004597668.1	294	195	0	0
XR_004597669.1	727	628	0	0
XR_004597670.1	1071	972	0	0
XR_004597671.1	1098	999	8	9.36948
XR_004597672.1	308	209	1.62778	9.11257
XR_004597673.1	967	868	0	0
XR_004597674.1	3219	3120	33.7453	12.6546
XR_004597675.1	3337	3238	37.4491	13.5318
XR_004597676.1	3342	3243	6.12927	2.21132
XR_004597677.1	681	582	2	4.02066
XR_004597678.1	667	568	4	8.23953
XR_004597679.1	246	147	7	55.7149
XR_004597680.1	790	691	0	0
XR_004597681.1	2073	1974	37.2519	22.0796
XR_004597682.1	1075	976	1	1.19878
XR_004597683.1	1293	1194	0	0
XR_004597684.1	494	395	0	0
XR_004597685.1	1053	954	0	0
XR_004597686.1	1423	1324	10.4205	9.20857
XR_004597687.1	1497	1398	0	0
XR_004597688.1	482	383	0	0
XR_004597689.1	328	229	0	0
XR_004597690.1	753	654	0	0
XR_004597691.1	567	468	0	0
XR_004597692.1	1303	1204	1.07451	1.04418
XR_004597693.1	1352	1253	0	0
XR_004597694.1	607	508	0	0
XR_004597695.1	567	468	4.1228	10.3071
XR_004597696.1	2123	2024	0	0
XR_004597697.1	1656	1557	0	0
XR_004597698.1	1875	1776	2.0467	1.34835
XR_004597699.1	429	330	0	0
XR_004597700.1	386	287	0	0
XR_004597701.1	402	303	0	0
XR_004597702.1	1197	1098	66.1383	70.4761
XR_004597703.1	2585	2486	0	0
XR_004597704.1	2581	2482	0	0
XR_004597705.1	2576	2477	0	0
XR_004597706.1	2701	2602	0	0
XR_004597707.1	427	328	0	0
XR_004597708.1	1840	1741	0	0
XR_004597709.1	765	666	1.64009	2.88128
XR_004597710.1	2634	2535	0	0
XR_004597711.1	2603	2504	0	0
XR_004597712.1	2685	2586	0	0
XR_004597713.1	2627	2528	0	0
XR_004597714.1	900	801	0	0
XR_004597715.1	298	199	0	0
XR_004597716.1	478	379	0	0
XR_004597717.1	1137	1038	0	0
XR_004597718.1	1112	1013	0	0
XR_004597719.1	552	453	0	0
XR_004597720.1	605	506	0	0
XR_004597721.1	736	637	0	0
XR_004597722.1	375	276	0	0
XR_004597723.1	375	276	0	0
XR_004597724.1	448	349	0	0
XR_004597725.1	3177	3078	0	0
XR_004597726.1	3154	3055	0	0
XR_004597727.1	2552	2453	0	0
XR_004597728.1	3686	3587	14.08	4.59265
XR_004597729.1	2487	2388	5	2.44978
XR_004597730.1	3138	3039	45.3512	17.4602
XR_004597731.1	2529	2430	0	0
XR_004597732.1	2600	2501	0	0
XR_004597733.1	2464	2365	0	0
XR_004597734.1	2577	2478	0	0
XR_004597735.1	4114	4015	6.42383	1.87197
XR_004597736.1	2425	2326	0	0
XR_004597737.1	947	848	0	0
XR_004597738.1	2258	2159	0	0
XR_004597739.1	1389	1290	0	0
XR_004597740.1	1169	1070	0.0227354	0.0248605
XR_004597741.1	1327	1228	1.12385	1.07078
XR_004597742.1	1337	1238	8.29995e-05	7.84415e-05
XR_004597743.1	411	312	0	0
XR_004597744.1	3611	3512	5.01597	1.67106
XR_004597745.1	1018	919	0	0
XR_004597746.1	1101	1002	1	1.16768
XR_004597747.1	1152	1053	0	0
XR_004597748.1	327	228	0	0
XR_004597749.1	858	759	2	3.08304
XR_004597750.1	2080	1981	0	0
XR_004597751.1	1053	954	2	2.45286
XR_004597752.1	1655	1556	18.3144	13.7713
XR_004597753.1	479	380	1	3.07898
XR_004597754.1	210	111	0	0
XR_004597755.1	3414	3315	4	1.41178
XR_004597756.1	2072	1973	73.3188	43.4789
XR_004597757.1	3063	2964	0	0
XR_004597758.1	1504	1405	54	44.9685
XR_004597759.1	893	794	3	4.42071
XR_004597760.1	17908	17809	0	0
XR_004597761.1	16583	16484	0	0
XR_004597762.1	6983	6884	4	0.679845
XR_004597763.1	1151	1052	119	132.349
XR_004597764.1	3435	3336	1.99735e-05	7.00518e-06
XR_004597765.1	4901	4802	2.01594	0.491188
XR_004597766.1	2697	2598	14.8115	6.6704
XR_004597767.1	3249	3150	3.27932	1.21805
XR_004597768.1	635	536	0	0
XR_004597769.1	870	771	0	0
XR_004597770.1	518	419	0	0
XR_004597771.1	1178	1079	22	23.8557
XR_004597772.1	337	238	0	0
XR_004597773.1	3420	3321	2.28896	0.806419
XR_004597774.1	403	304	0	0
XR_004597775.1	243	144	0	0
XR_004597776.1	161	62	0	0
XR_004597777.1	642	543	0	0
XR_004597778.1	698	599	0	0
XR_004597779.1	1536	1437	30	24.4262
XR_004597780.1	1622	1523	0	0
XR_004597781.1	1620	1521	0	0
XR_004597782.1	2871	2772	16.3206	6.88864
XR_004597783.1	547	448	0	0
XR_004597784.1	215	116	0	0
XR_004597785.1	1929	1830	66.7424	42.6719
XR_004597786.1	660	561	16.5803	34.5797
XR_004597787.1	483	384	0	0
XR_004597788.1	563	464	0	0
XR_004597789.1	265	166	0	0
XR_004597790.1	141	42.0007	0	0
XR_004597791.1	851	752	1	1.55587
XR_004597792.1	1886	1787	146.814	96.1242
XR_004597793.1	1227	1128	28.4014	29.4593
XR_004597794.1	209	110	0	0
XR_004597795.1	431	332	0	0
XR_004597796.1	530	431	0	0
XR_004597797.1	2862	2763	1188.9	503.45
XR_004597798.1	1495	1396	0	0
XR_004597799.1	1117	1018	5	5.74663
XR_004597800.1	697	598	0	0
XR_004597801.1	713	614	0	0
XR_004597802.1	512	413	0	0
XR_004597803.1	931	832	21.2836	29.9304
XR_004597804.1	3331	3232	0	0
XR_004597805.1	3324	3225	0	0
XR_004597806.1	1680	1581	10.0594	7.44445
XR_004597807.1	1279	1180	0	0
XR_004597808.1	2058	1959	4	2.389
XR_004597809.1	1774	1675	0	0
XR_004597810.1	2774	2675	0.00114559	0.000501069
XR_004597811.1	935	836	1	1.39954
XR_004597812.1	2145	2046	31	17.7275
XR_004597813.1	550	451	1.74542	4.52808
XR_004597814.1	610	511	19.4896	44.6245
XR_004597815.1	2235	2136	46.2156	25.315
XR_004597816.1	1328	1229	0	0
XR_004597817.1	739	640	25.6553	46.9016
XR_004597818.1	865	766	0	0
XR_004597819.1	1863	1764	0	0
XR_004597820.1	565	466	0	0
XR_004597821.1	1054	955	4.45857	5.46239
XR_004597822.1	1334	1235	0	0
XR_004597823.1	1299	1200	0	0
XR_004597824.1	895	796	0	0
XR_004597825.1	1071	972	0	0
XR_004597826.1	2425	2326	0	0
XR_004597827.1	2270	2171	0	0
XR_004597828.1	2211	2112	5.8237	3.22623
XR_004597829.1	364	265	16.1294	71.2136
XR_004597830.1	823	724	0	0
XR_004597831.1	1631	1532	0	0
XR_004597832.1	1623	1524	0	0
XR_004597833.1	1693	1594	0	0
XR_004597834.1	1568	1469	0	0
XR_004597835.1	1567	1468	1.40192e-08	1.11734e-08
XR_004597836.1	2415	2316	1	0.505187
XR_004597837.1	1914	1815	8	5.15708
XR_004597838.1	491	392	7	20.8931
XR_004597839.1	574	475	13.2227	32.5701
XR_004597840.1	3071	2972	5.65569	2.22653
XR_004597841.1	1755	1656	0	0
XR_004597842.1	1741	1642	0	0
XR_004597843.1	1842	1743	0	0
XR_004597844.1	1624	1525	0	0
XR_004597845.1	1622	1523	0	0
XR_004597846.1	1841	1742	0	0
XR_004597847.1	1425	1326	0	0
XR_004597848.1	1348	1249	0	0
XR_004597849.1	1727	1628	0	0
XR_004597850.1	1337	1238	0	0
XR_004597851.1	642	543	0	0
XR_004597852.1	688	589	0	0
XR_004597853.1	673	574	0	0
XR_004597854.1	174	75	0	0
XR_004597855.1	327	228	3	15.3949
XR_004597856.1	1084	985	8.85435	10.5175
XR_004597857.1	1196	1097	1.41912	1.51358
XR_004597858.1	1215	1116	0	0
XR_004597859.1	473	374	0	0
XR_004597860.1	5375	5276	0	0
XR_004597861.1	6045	5946	0.368251	0.0724618
XR_004597862.1	1144	1045	0	0
XR_004597863.1	1290	1191	0.000112523	0.00011054
XR_004597864.1	1279	1180	5.99989	5.94911
XR_004597865.1	408	309	0.333866	1.26417
XR_004597866.1	706	607	0	0
XR_004597867.1	331	232	1.04047	5.24727
XR_004597868.1	616	517	0	0
XR_004597869.1	1030	931	1	1.25673
XR_004597870.1	410	311	0	0
XR_004597871.1	2474	2375	10	4.92637
XR_004597872.1	497	398	0	0
XR_004597873.1	310	211	7.6239	42.2752
XR_004597874.1	385	286	0	0
XR_004597875.1	1096	997	0	0
XR_004597876.1	3038	2939	2	0.796198
XR_004597877.1	332	233	0	0
XR_004597878.1	2045	1946	0	0
XR_004597879.1	261	162	0	0
XR_004597880.1	784	685	0	0
XR_004597881.1	1048	949	0	0
XR_004597882.1	1020	921	16.4732	20.9271
XR_004597883.1	593	494	0.413302	0.978884
XR_004597884.1	3273	3174	0	0
XR_004597885.1	1435	1336	1.5867	1.38956
XR_004597886.1	2917	2818	2.68073	1.11302
XR_004597887.1	3043	2944	0.0268198	0.0106588
XR_004597888.1	3034	2935	0.97318	0.38795
XR_004597889.1	4066	3967	161.897	47.7494
XR_004597890.1	951	852	1.49048	2.04681
XR_004597891.1	1145	1046	15.8288	17.7054
XR_004597892.1	1555	1456	0	0
XR_004597893.1	1990	1891	0	0
XR_004597894.1	1865	1766	0	0
XR_004597895.1	1465	1366	0	0
XR_004597896.1	1370	1271	0	0
XR_004597897.1	1394	1295	0	0
XR_004597898.1	1574	1475	0	0
XR_004597899.1	1745	1646	0	0
XR_004597900.1	1410	1311	0	0
XR_004597901.1	1625	1526	0	0
XR_004597902.1	659	560	0	0
XR_004597903.1	831	732	4	6.39352
XR_004597904.1	583	484	0	0
XR_004597905.1	827	728	0	0
XR_004597906.1	448	349	0	0
XR_004597907.1	2795	2696	17.3052	7.51012
XR_004597908.1	2798	2699	4.69484	2.03521
XR_004597909.1	2816	2717	0	0
XR_004597910.1	883	784	0	0
XR_004597911.1	940	841	0	0
XR_004597912.1	5750	5651	0	0
XR_004597913.1	1118	1019	0	0
XR_004597914.1	5568	5469	0.0577691	0.0123589
XR_004597915.1	2605	2506	0	0
XR_004597916.1	1690	1591	0	0
XR_004597917.1	428	329	0	0
XR_004597918.1	1610	1511	0	0
XR_004597919.1	4437	4338	0	0
XR_004597920.1	1357	1258	0	0
XR_004597921.1	1242	1143	0	0
XR_004597922.1	797	698	0	0
XR_004597923.1	3691	3592	0	0
XR_004597924.1	751	652	0	0
XR_004597925.1	1289	1190	0	0
XR_004597926.1	1319	1220	0	0
XR_004597927.1	2058	1959	9	5.37525
XR_004597928.1	588	489	0	0
XR_004597929.1	913	814	0	0
XR_004597930.1	1255	1156	0	0
XR_004597931.1	1178	1079	0	0
XR_004597932.1	1259	1160	4	4.03453
XR_004597933.1	2850	2751	0	0
XR_004597934.1	2464	2365	10.3856	5.13797
XR_004597935.1	1993	1894	0	0
XR_004597936.1	171	72	0	0
XR_004597937.1	210	111	0	0
XR_004597938.1	446	347	0	0
XR_004597939.1	578	479	0	0
XR_004597940.1	1236	1137	0	0
XR_004597941.1	2754	2655	1	0.440683
XR_004597942.1	767	668	1	1.75152
XR_004597943.1	408	309	0	0
XR_004597944.1	1532	1433	0	0
XR_004597945.1	1242	1143	4.1089	4.20601
XR_004597946.1	1139	1040	0	0
XR_004597947.1	1007	908	157.374	202.787
XR_004597948.1	942	843	102	141.567
XR_004597949.1	2376	2277	0	0
XR_004597950.1	1428	1329	0	0
XR_004597951.1	192	93	0	0
XR_004597952.1	4827	4728	5	1.23732
XR_004597953.1	461	362	40.0974	129.598
XR_004597954.1	1893	1794	3	1.95654
XR_004597955.1	701	602	0	0
XR_004597956.1	807	708	0	0
XR_004597957.1	685	586	0	0
XR_004597958.1	8058	7959	0	0
XR_004597959.1	7131	7032	8.35416	1.39
XR_004597960.1	993	894	0	0
XR_004597961.1	752	653	6	10.7505
XR_004597962.1	723	624	1	1.87502
XR_004597963.1	861	762	1	1.53545
XR_004597964.1	709	610	0	0
XR_004597965.1	333	234	0	0
XR_004597966.1	776	677	1	1.72823
XR_004597967.1	4283	4184	1.79861	0.502963
XR_004597968.1	4180	4081	0	0
XR_004597969.1	1491	1392	0	0
XR_004597970.1	217	118	0	0
XR_004597971.1	968	869	0	0
XR_004597972.1	863	764	0	0
XR_004597973.1	731	632	0	0
XR_004597974.1	3956	3857	0	0
XR_004597975.1	3831	3732	0	0
XR_004597976.1	1894	1795	14.1531	9.22527
XR_004597977.1	1211	1112	0	0
XR_004597978.1	1411	1312	0	0
XR_004597979.1	1520	1421	0	0
XR_004597980.1	826	727	3.53973	5.69674
XR_004597981.1	1012	913	0	0
XR_004597982.1	1609	1510	0	0
XR_004597983.1	805	706	0	0
XR_004597984.1	475	376	0	0
XR_004597985.1	1983	1884	0	0
XR_004597986.1	887	788	0	0
XR_004597987.1	690	591	0	0
XR_004597988.1	154	55	51	1084.92
XR_004597989.1	3783	3684	12743.1	4047.12
XR_004597990.1	120	21.4973	0	0
XR_004597991.1	1821	1722	60032	40788.8
XR_004597992.1	2932	2833	0	0
XR_004597993.1	4661	4562	0	0
XR_004597994.1	3533	3434	52.0949	17.7495
XR_004597995.1	3574	3475	0	0
XR_004597996.1	3388	3289	0.000582548	0.000207233
XR_004597997.1	3682	3583	74.8013	24.426
XR_004597998.1	3483	3384	0	0
XR_004597999.1	3414	3315	0	0
XR_004598000.1	3550	3451	44.3513	15.0367
XR_004598001.1	3650	3551	11.7356	3.86673
XR_004598002.1	3550	3451	1.69521e-05	5.74739e-06
XR_004598003.1	3419	3320	3.69231e-06	1.30122e-06
XR_004598004.1	2362	2263	2.31583	1.19733
XR_004598005.1	2739	2640	0	0
XR_004598006.1	740	641	2	3.65059
XR_004598007.1	1605	1506	2	1.5538
XR_004598008.1	5426	5327	0	0
XR_004598009.1	4202	4103	0	0
XR_004598010.1	4836	4737	0	0
XR_004598011.1	1131	1032	1	1.13373
XR_004598012.1	3599	3500	274	91.5953
XR_004598013.1	378	279	0	0
XR_004598014.1	470	371	30	94.6102
XR_004598015.1	618	519	22.3484	50.3813
XR_004598016.1	267	168	0	0
XR_004598017.1	1954	1855	0	0
XR_004598018.1	1835	1736	0	0
XR_004598019.1	820	721	0	0
XR_004598020.1	1789	1690	0	0
XR_004598021.1	1743	1644	0	0
XR_004598022.1	1431	1332	0	0
XR_004598023.1	3128	3029	2	0.772541
XR_004598024.1	561	462	5	12.6625
XR_004598025.1	2054	1955	1	0.598472
XR_004598026.1	2082	1983	0	0
XR_004598027.1	1470	1371	3.38378	2.88773
XR_004598028.1	748	649	0	0
XR_004598029.1	1009	910	0	0
XR_004598030.1	1285	1186	1.36327	1.3449
XR_004598031.1	1030	931	18	22.6211
XR_004598032.1	132	33.0202	9.55817	338.677
XR_004598033.1	1082	983	2.42991	2.8922
XR_004598034.1	736	637	1	1.83676
XR_004598035.1	4427	4328	10.5557	2.85358
XR_004598036.1	5007	4908	0	0
XR_004598037.1	1977	1878	0	0
XR_004598038.1	888	789	1	1.48291
XR_004598039.1	1404	1305	9	8.06906
XR_004598040.1	720	621	0	0
XR_004598041.1	863	764	0	0
XR_004598042.1	531	432	111	300.628
XR_004598043.1	5139	5040	4.4158	1.02511
XR_004598044.1	1272	1173	7.45516	7.43618
XR_004598045.1	899	800	1.47489	2.15705
XR_004598046.1	512	413	5	14.1648
XR_004598047.1	506	407	1	2.87473
XR_004598048.1	441	342	1	3.42109
XR_004598049.1	669	570	0	0
XR_004598050.1	532	433	0	0
XR_004598051.1	386	287	3.14569	12.8241
XR_004598052.1	1074	975	132.752	159.304
XR_004598053.1	342	243	0	0
XR_004598054.1	2081	1982	0	0
XR_004598055.1	877	778	0	0
XR_004598056.1	518	419	0	0
XR_004598057.1	681	582	0	0
XR_004598058.1	1663	1564	0	0
XR_004598059.1	2369	2270	0	0
XR_004598060.1	805	706	0	0
XR_004598061.1	748	649	0	0
XR_004598062.1	637	538	0	0
XR_004598063.1	824	725	0	0
XR_004598064.1	767	668	0	0
XR_004598065.1	657	558	0	0
XR_004598066.1	5398	5299	0	0
XR_004598067.1	5226	5127	0.000243714	5.5617e-05
XR_004598068.1	5185	5086	2.99976	0.690082
XR_004598069.1	576	477	0	0
XR_004598070.1	317	218	0.93334	5.00927
XR_004598071.1	424	325	12	43.2005
XR_004598072.1	284	185	0	0
XR_004598073.1	2507	2408	0	0
XR_004598074.1	4918	4819	16.544	4.01674
XR_004598075.1	2524	2425	11.025	5.31932
XR_004598076.1	2000	1901	18	11.0785
XR_004598077.1	878	779	0	0
XR_004598078.1	3007	2908	3	1.20703
XR_004598079.1	1532	1433	0	0
XR_004598080.1	202	103	0	0
XR_004598081.1	3031	2932	3.77835	1.50775
XR_004598082.1	4201	4102	0	0
XR_004598083.1	3384	3285	0	0
XR_004598084.1	2598	2499	0	0
XR_004598085.1	3228	3129	5.67386	2.1216
XR_004598086.1	788	689	0	0
XR_004598087.1	2516	2417	0	0
XR_004598088.1	2487	2388	0	0
XR_004598089.1	336	237	0	0
XR_004598090.1	1007	908	2.99364	3.85749
XR_004598091.1	1098	999	0	0
XR_004598092.1	582	483	0	0
XR_004598093.1	185	86	0	0
XR_004598094.1	13576	13477	2.96996	0.257839
XR_004598095.1	991	892	0	0
XR_004598096.1	370	271	0	0
XR_004598097.1	2146	2047	3.82866	2.18837
XR_004598098.1	1257	1158	0	0
XR_004598099.1	5289	5190	0	0
XR_004598100.1	792	693	0	0
XR_004598101.1	2194	2095	1.33734	0.746879
XR_004598102.1	640	541	0	0
XR_004598103.1	7042	6943	0	0
XR_004598104.1	1432	1333	0	0
XR_004598105.1	573	474	0	0
XR_004598106.1	2339	2240	3.39496	1.77328
XR_004598107.1	1056	957	1	1.22258
XR_004598108.1	598	499	0	0
XR_004598109.1	4298	4199	4.99881	1.39287
XR_004598110.1	445	346	9.81569	33.1922
XR_004598111.1	2864	2765	0	0
XR_004598112.1	789	690	0	0
XR_004598113.1	1068	969	1.85581	2.24078
XR_004598114.1	2986	2887	0	0
XR_004598115.1	1412	1313	0	0
XR_004598116.1	570	471	0	0
XR_004598117.1	633	534	0	0
XR_004598118.1	1281	1182	25	24.7465
XR_004598119.1	345	246	2.34425	11.1496
XR_004598120.1	2082	1983	0	0
XR_004598121.1	2203	2104	0	0
XR_004598122.1	3903	3804	0	0
XR_004598123.1	902	803	0	0
XR_004598124.1	1173	1074	0	0
XR_004598125.1	693	594	0	0
XR_004598126.1	556	457	1.35343	3.46506
XR_004598127.1	1967	1868	0	0
XR_004598128.1	207	108	0	0
XR_004598129.1	473	374	1.30105	4.07018
XR_004598130.1	806	707	0	0
XR_004598131.1	2081	1982	10	5.9032
XR_004598132.1	1081	982	4.21153	5.01787
XR_004598133.1	241	142	0	0
XR_004598134.1	3290	3191	19.3405	7.0914
XR_004598135.1	936	837	3.87768	5.42048
XR_004598136.1	1515	1416	1	0.826281
XR_004598137.1	2524	2425	0	0
XR_004598138.1	393	294	0.239327	0.952436
XR_004598139.1	135	36.0073	0	0
XR_004598140.1	212	113	0	0
XR_004598141.1	1026	927	31.9878	40.3734
XR_004598142.1	492	393	0	0
XR_004598143.1	359	260	0	0
XR_004598144.1	3035	2936	18.5112	7.37681
XR_004598145.1	3076	2977	5.26417	2.06891
XR_004598146.1	3575	3476	0	0
XR_004598147.1	2928	2829	7.40614	3.06302
XR_004598148.1	2926	2827	37.9037	15.6872
XR_004598149.1	207	108	0	0
XR_004598150.1	1359	1260	4.39282	4.0791
XR_004598151.1	734	635	1	1.84254
XR_004598152.1	1325	1226	12	11.452
XR_004598153.1	5131	5032	193.91	45.0869
XR_004598154.1	736	637	0	0
XR_004598155.1	3033	2934	0	0
XR_004598156.1	2301	2202	0	0
XR_004598157.1	3034	2935	0	0
XR_004598158.1	2891	2792	247.09	103.545
XR_004598159.1	2108	2009	0	0
XR_004598160.1	1619	1520	0	0
XR_004598161.1	2117	2018	0	0
XR_004598162.1	238	139	0	0
XR_004598163.1	2451	2352	0	0
XR_004598164.1	2412	2313	0	0
XR_004598165.1	2400	2301	0	0
XR_004598166.1	2370	2271	0	0
XR_004598167.1	2358	2259	0	0
XR_004598168.1	2331	2232	0	0
XR_004598169.1	2319	2220	0	0
XR_004598170.1	687	588	0	0
XR_004598171.1	511	412	0	0
XR_004598172.1	1614	1515	0	0
XR_004598173.1	3286	3187	9	3.30409
XR_004598174.1	7802	7703	8.61876	1.30911
XR_004598175.1	1406	1307	0	0
XR_004598176.1	1574	1475	0	0
XR_004598177.1	5153	5054	0	0
XR_004598178.1	3033	2934	0	0
XR_004598179.1	2892	2793	0	0
XR_004598180.1	2952	2853	6.63075e-06	2.71927e-06
XR_004598181.1	6914	6815	0.0416845	0.00715647
XR_004598182.1	1712	1613	0	0
XR_004598183.1	1011	912	2.57992	3.3098
XR_004598184.1	715	616	0	0
XR_004598185.1	580	481	0	0
XR_004598186.1	1146	1047	2.24348	2.50707
XR_004598187.1	893	794	1.15527	1.70237
XR_004598188.1	356	257	0	0
XR_004598189.1	1696	1597	69.742	51.0952
XR_004598190.1	370	271	0	0
XR_004598191.1	545	446	0	0
XR_004598192.1	1064	965	2	2.4249
XR_004598193.1	714	615	0	0
XR_004598194.1	788	689	0	0
XR_004598195.1	3411	3312	9.52722	3.36563
XR_004598196.1	1345	1246	2	1.87803
XR_004598197.1	3560	3461	0	0
XR_004598198.1	3204	3105	8.87465	3.34411
XR_004598199.1	1017	918	0	0
XR_004598200.1	626	527	0	0
XR_004598201.1	623	524	1.92107	4.28947
XR_004598202.1	2372	2273	4.68015	2.40908
XR_004598203.1	514	415	0	0
XR_004598204.1	678	579	0	0
XR_004598205.1	546	447	1.31316	3.43716
XR_004598206.1	1692	1593	0	0
XR_004598207.1	363	264	0	0
XR_004598208.1	1326	1227	3.3811	3.22407
XR_004598209.1	1003	904	0	0
XR_004598210.1	723	624	0	0
XR_004598211.1	1181	1082	0	0
XR_004598212.1	779	680	39.766	68.4218
XR_004598213.1	314	215	0	0
XR_004598214.1	2537	2438	2.23313	1.07169
XR_004598215.1	903	804	2	2.91048
XR_004598216.1	1196	1097	81.1474	86.5483
XR_004598217.1	2509	2410	9.54379	4.63334
XR_004598218.1	1176	1077	0	0
XR_004598219.1	4878	4779	0	0
XR_004598220.1	1568	1469	0	0
XR_004598221.1	292	193	0.764435	4.63419
XR_004598222.1	630	531	0	0
XR_004598223.1	1645	1546	0	0
XR_004598224.1	1611	1512	9.0813e-05	7.02728e-05
XR_004598225.1	1599	1500	1.04076	0.811805
XR_004598226.1	861	762	2.52277	3.87359
XR_004598227.1	837	738	0	0
XR_004598228.1	4338	4239	7	1.93208
XR_004598229.1	825	726	2.38083	3.83692
XR_004598230.1	883	784	0	0
XR_004598231.1	343	244	7.88705	37.8195
XR_004598232.1	856	757	0	0
XR_004598233.1	784	685	13	22.2046
XR_004598234.1	807	708	0	0
XR_004598235.1	297	198	0	0
XR_004598236.1	1264	1165	0	0
XR_004598237.1	1605	1506	0	0
XR_004598238.1	4845	4746	0	0
XR_004598239.1	213	114	0	0
XR_004598240.1	303	204	0	0
XR_004598241.1	1168	1069	2.59471	2.83989
XR_004598242.1	1064	965	0	0
XR_004598243.1	1673	1574	0	0
XR_004598244.1	1428	1329	1.15058	1.01294
XR_004598245.1	1047	948	3.02907	3.73845
XR_004598246.1	312	213	0	0
XR_004598247.1	394	295	4.17202	16.5469
XR_004598248.1	417	318	0	0
XR_004598249.1	801	702	3.24642	5.41076
XR_004598250.1	171	72	0	0
XR_004598251.1	2779	2680	0	0
XR_004598252.1	3671	3572	0	0
XR_004598253.1	2570	2471	0	0
XR_004598254.1	283	184	35	222.557
XR_004598255.1	3036	2937	0	0
XR_004598256.1	1294	1195	0	0
XR_004598257.1	2778	2679	20	8.7347
XR_004598258.1	1011	912	0	0
XR_004598259.1	5307	5208	0	0
XR_004598260.1	5347	5248	0	0
XR_004598261.1	5322	5223	0	0
XR_004598262.1	5346	5247	0	0
XR_004598263.1	5096	4997	0	0
XR_004598264.1	5091	4992	0	0
XR_004598265.1	5370	5271	0	0
XR_004598266.1	4934	4835	1.49429e-05	3.61601e-06
XR_004598267.1	5283	5184	0	0
XR_004598268.1	5197	5098	0	0
XR_004598269.1	4879	4780	10.0596	2.46232
XR_004598270.1	4663	4564	0	0
XR_004598271.1	5236	5137	0	0
XR_004598272.1	4629	4530	0	0
XR_004598273.1	4668	4569	0	0
XR_004598274.1	1512	1413	36	29.8093
XR_004598275.1	2517	2418	0	0
XR_004598276.1	1938	1839	0	0
XR_004598277.1	3094	2995	0	0
XR_004598278.1	1669	1570	0	0
XR_004598279.1	1647	1548	0	0
XR_004598280.1	380	281	8.90741	37.0882
XR_004598281.1	512	413	6.99411	19.8141
XR_004598282.1	730	631	0	0
XR_004598283.1	2957	2858	28.5799	11.7001
XR_004598284.1	968	869	124	166.952
XR_004598285.1	2955	2856	0	0
XR_004598286.1	1391	1292	0	0
XR_004598287.1	1166	1067	0	0
XR_004598288.1	590	491	0	0
XR_004598289.1	1522	1423	2	1.64443
XR_004598290.1	1239	1140	0	0
XR_004598291.1	340	241	0	0
XR_004598292.1	351	252	0	0
XR_004598293.1	3023	2924	5	2.00071
XR_004598294.1	606	507	71.6372	165.319
XR_004598295.1	6639	6540	0	0
XR_004598296.1	139	40.0016	0	0
XR_004598297.1	387	288	23.4049	95.0834
XR_004598298.1	387	288	23.4049	95.0834
XR_004598299.1	443	344	0	0
XR_004598300.1	584	485	0	0
XR_004598301.1	733	634	1.96155	3.61994
XR_004598302.1	733	634	1.96155	3.61994
XR_004598303.1	1063	964	3.05219	3.70446
XR_004598304.1	1483	1384	0	0
XR_004598305.1	1480	1381	0	0
XR_004598306.1	3427	3328	0	0
XR_004598307.1	3296	3197	0	0
XR_004598308.1	2928	2829	0	0
XR_004598309.1	2969	2870	0	0
XR_004598310.1	2378	2279	0	0
XR_004598311.1	2871	2772	0.0168773	0.00712362
XR_004598312.1	2954	2855	0	0
XR_004598313.1	2887	2788	1.97396e-05	8.28394e-06
XR_004598314.1	2939	2840	0	0
XR_004598315.1	2857	2758	6.4075	2.71822
XR_004598316.1	7030	6931	0.000298012	5.03071e-05
XR_004598317.1	1768	1669	0	0
XR_004598318.1	1696	1597	0	0
XR_004598319.1	2035	1936	29.9163	18.0798
XR_004598320.1	3352	3253	3	1.07902
XR_004598321.1	11658	11559	1.01253	0.102489
XR_004598322.1	446	347	2.53512	8.54791
XR_004598323.1	2193	2094	1.85633	1.03722
XR_004598324.1	1055	956	0	0
XR_004598325.1	402	303	0	0
XR_004598326.1	390	291	0	0
XR_004598327.1	588	489	0	0
XR_004598328.1	592	493	0	0
XR_004598329.1	605	506	0	0
XR_004598330.1	234	135	0	0
XR_004598331.1	3026	2927	0	0
XR_004598332.1	2139	2040	0	0
XR_004598333.1	862	763	0	0
XR_004598334.1	1029	930	0	0
XR_004598335.1	2096	1997	0	0
XR_004598336.1	1854	1755	0	0
XR_004598337.1	5867	5768	0	0
XR_004598338.1	259	160	0	0
XR_004598339.1	1615	1516	0	0
XR_004598340.1	1240	1141	0	0
XR_004598341.1	1362	1263	0	0
XR_004598342.1	1422	1323	0	0
XR_004598343.1	779	680	0	0
XR_004598344.1	530	431	0	0
XR_004598345.1	591	492	0	0
XR_004598346.1	529	430	0	0
XR_004598347.1	520	421	0	0
XR_004598348.1	1550	1451	0	0
XR_004598349.1	595	496	0	0
XR_004598350.1	322	223	0	0
XR_004598351.1	1286	1187	2.48542	2.44985
XR_004598352.1	3112	3013	0	0
XR_004598353.1	1495	1396	4.95089	4.14943
XR_004598354.1	937	838	0	0
XR_004598355.1	551	452	0.00280724	0.00726661
XR_004598356.1	2257	2158	9.88072e-07	5.35708e-07
XR_004598357.1	2224	2125	70	38.5416
XR_004598358.1	578	479	0	0
XR_004598359.1	730	631	0	0
XR_004598360.1	1509	1410	0	0
XR_004598361.1	1503	1404	0	0
XR_004598362.1	662	563	0	0
XR_004598363.1	666	567	0	0
XR_004598364.1	181	82	0	0
XR_004598365.1	305	206	0	0
XR_004598366.1	2789	2690	0	0
XR_004598367.1	1032	933	1.07219	1.34456
XR_004598368.1	1373	1274	0	0
XR_004598369.1	2864	2765	0	0
XR_004598370.1	3734	3635	0	0
XR_004598371.1	1638	1539	5	3.80121
XR_004598372.1	2203	2104	0	0
XR_004598373.1	604	505	0	0
XR_004598374.1	616	517	0	0
XR_004598375.1	3195	3096	0	0
XR_004598376.1	3028	2929	1	0.399458
XR_004598377.1	712	613	1	1.90867
XR_004598378.1	652	553	8.04408	17.0193
XR_004598379.1	598	499	169.354	397.087
XR_004598380.1	754	655	2.60183	4.6476
XR_004598381.1	1853	1754	19.3354	12.8978
XR_004598382.1	1218	1119	5.66457	5.92281
XR_004598383.1	2440	2341	2	0.999584
XR_004598384.1	1641	1542	0	0
XR_004598385.1	1389	1290	0	0
XR_004598386.1	1598	1499	0	0
XR_004598387.1	2648	2549	3.87836	1.7802
XR_004598388.1	455	356	0	0
XR_004598389.1	362	263	0	0
XR_004598390.1	1583	1484	0	0
XR_004598391.1	2034	1935	17	10.2792
XR_004598392.1	1313	1214	0	0
XR_004598393.1	3569	3470	0	0
XR_004598394.1	3554	3455	0	0
XR_004598395.1	3551	3452	0	0
XR_004598396.1	3535	3436	0	0
XR_004598397.1	3508	3409	0	0
XR_004598398.1	420	321	1.13861	4.15013
XR_004598399.1	931	832	2	2.81253
XR_004598400.1	304	205	0	0
XR_004598401.1	3264	3165	1.10354e-07	4.07947e-08
XR_004598402.1	2944	2845	18.4188	7.57477
XR_004598403.1	420	321	0	0
XR_004598404.1	378	279	0	0
XR_004598405.1	1109	1010	4.55421	5.27573
XR_004598406.1	4190	4091	7.02921	2.01033
XR_004598407.1	3820	3721	0	0
XR_004598408.1	1209	1110	3	3.1622
XR_004598409.1	1143	1044	0	0
XR_004598410.1	1061	962	0	0
XR_004598411.1	310	211	0	0
XR_004598412.1	5242	5143	70.6156	16.0648
XR_004598413.1	1725	1626	3.71899	2.67606
XR_004598414.1	766	667	0	0
XR_004598415.1	535	436	12.2331	32.8276
XR_004598416.1	840	741	0	0
XR_004598417.1	933	834	11	15.4318
XR_004598418.1	308	209	0	0
XR_004598419.1	2945	2846	1.45575	0.598472
XR_004598420.1	2622	2523	0	0
XR_004598421.1	6958	6859	0	0
XR_004598422.1	1829	1730	0	0
XR_004598423.1	373	274	0	0
XR_004598424.1	2904	2805	31	12.9306
XR_004598425.1	4229	4130	0.00183126	0.000518788
XR_004598426.1	4168	4069	12.3994	3.56537
XR_004598427.1	4400	4301	0	0
XR_004598428.1	4383	4284	0	0
XR_004598429.1	4116	4017	0	0
XR_004598430.1	3958	3859	0	0
XR_004598431.1	1679	1580	0	0
XR_004598432.1	1090	991	0	0
XR_004598433.1	2994	2895	3.74894	1.51513
XR_004598434.1	1335	1236	0	0
XR_004598435.1	1360	1261	0	0
XR_004598436.1	2792	2693	6.71087	2.91564
XR_004598437.1	1237	1138	2.1174	2.17696
XR_004598438.1	565	466	0	0
XR_004598439.1	600	501	8.80335	20.559
XR_004598440.1	931	832	7.85709	11.0492
XR_004598441.1	517	418	0	0
XR_004598442.1	268	169	0	0
XR_004598443.1	2269	2170	1	0.539177
XR_004598444.1	454	355	0	0
XR_004598445.1	251	152	0	0
XR_004598446.1	1365	1266	10.0718	9.30816
XR_004598447.1	3618	3519	2.03847	0.67776
XR_004598448.1	778	679	1.0265	1.76881
XR_004598449.1	731	632	1	1.85129
XR_004598450.1	1038	939	0	0
XR_004598451.1	1036	937	0	0
XR_004598452.1	972	873	13.1762	17.659
XR_004598453.1	2926	2827	0	0
XR_004598454.1	2671	2572	1	0.454904
XR_004598455.1	2009	1910	0	0
XR_004598456.1	2799	2700	0	0
XR_004598457.1	1686	1587	0	0
XR_004598458.1	305	206	0	0
XR_004598459.1	5418	5319	0	0
XR_004598460.1	5300	5201	1.49442	0.336184
XR_004598461.1	4033	3934	0	0
XR_004598462.1	3960	3861	0	0
XR_004598463.1	7234	7135	0	0
XR_004598464.1	802	703	5	8.32157
XR_004598465.1	747	648	1	1.80558
XR_004598466.1	931	832	5	7.03133
XR_004598467.1	6183	6084	0	0
XR_004598468.1	1351	1252	6	5.60709
XR_004598469.1	6581	6482	0	0
XR_004598470.1	2832	2733	2.41372	1.03333
XR_004598471.1	364	265	2	8.83029
XR_004598472.1	1492	1393	0	0
XR_004598473.1	1054	955	0	0
XR_004598474.1	284	185	0	0
XR_004598475.1	682	583	0	0
XR_004598476.1	1322	1223	7.20696	6.89472
XR_004598477.1	1857	1758	1.88435e-07	1.2541e-07
XR_004598478.1	927	828	15.4416	21.82
XR_004598479.1	1454	1355	600.993	518.944
XR_004598480.1	196	97	0	0
XR_004598481.1	2356	2257	1.18264	0.613071
XR_004598482.1	1719	1620	0	0
XR_004598483.1	1737	1638	0	0
XR_004598484.1	1508	1409	0	0
XR_004598485.1	1600	1501	0	0
XR_004598486.1	1583	1484	0	0
XR_004598487.1	1602	1503	0	0
XR_004598488.1	1389	1290	0	0
XR_004598489.1	1631	1532	0	0
XR_004598490.1	1478	1379	0	0
XR_004598491.1	1555	1456	0	0
XR_004598492.1	917	818	17.3884	24.8712
XR_004598493.1	1755	1656	0	0
XR_004598494.1	1760	1661	8	5.63522
XR_004598495.1	1788	1689	0	0
XR_004598496.1	1600	1501	60.518	47.1731
XR_004598497.1	673	574	0	0
XR_004598498.1	2176	2077	0	0
XR_004598499.1	806	707	0.63345	1.0483
XR_004598500.1	672	573	1.39173	2.84178
XR_004598501.1	519	420	0	0
XR_004598502.1	534	435	0	0
XR_004598503.1	418	319	0	0
XR_004598504.1	430	331	0	0
XR_004598505.1	570	471	1.46806	3.6468
XR_004598506.1	517	418	0	0
XR_004598507.1	1007	908	0	0
XR_004598508.1	607	508	4	9.2127
XR_004598509.1	3518	3419	0	0
XR_004598510.1	2488	2389	2.39071	1.17085
XR_004598511.1	976	877	0	0
XR_004598512.1	2490	2391	0	0
XR_004598513.1	495	396	0.215674	0.637227
XR_004598514.1	498	399	0	0
XR_004598515.1	1634	1535	1.13811	0.867497
XR_004598516.1	2853	2754	5	2.12421
XR_004598517.1	2479	2380	0	0
XR_004598518.1	2282	2183	0	0
XR_004598519.1	2228	2129	118.847	65.3136
XR_004598520.1	986	887	0	0
XR_004598521.1	2099	2000	0	0
XR_004598522.1	2124	2025	0	0
XR_004598523.1	2285	2186	11.8865	6.36204
XR_004598524.1	1699	1600	1.11346	0.814228
XR_004598525.1	728	629	0.00731014	0.0135977
XR_004598526.1	515	416	0	0
XR_004598527.1	231	132	0	0
XR_004598528.1	316	217	8.88199	47.8896
XR_004598529.1	262	163	0	0
XR_004598530.1	1344	1245	0	0
XR_004598531.1	262	163	0	0
XR_004598532.1	1606	1507	6	4.65831
XR_004598533.1	136	37.0051	0	0
XR_004598534.1	2346	2247	1.99998	1.04139
XR_004598535.1	9164	9065	13.1282	1.69444
XR_004598536.1	5021	4922	11.4199	2.71464
XR_004598537.1	9046	8947	0	0
XR_004598538.1	476	377	0	0
XR_004598539.1	406	307	0	0
XR_004598540.1	338	239	0	0
XR_004598541.1	3718	3619	0	0
XR_004598542.1	1543	1444	0	0
XR_004598543.1	382	283	0	0
XR_004598544.1	568	469	0	0
XR_004598545.1	1383	1284	16.8339	15.3395
XR_004598546.1	1502	1403	0	0
XR_004598547.1	1484	1385	0	0
XR_004598548.1	471	372	1	3.1452
XR_004598549.1	1439	1340	5.97058	5.21318
XR_004598550.1	1397	1298	15.5903	14.053
XR_004598551.1	2739	2640	0	0
XR_004598552.1	1510	1411	0	0
XR_004598553.1	815	716	1.12436	1.83732
XR_004598554.1	539	440	0	0
XR_004598555.1	391	292	0	0
XR_004598556.1	799	700	4.41158	7.37372
XR_004598557.1	2411	2312	0	0
XR_004598558.1	2223	2124	0	0
XR_004598559.1	1016	917	0	0
XR_004598560.1	1803	1704	0	0
XR_004598561.1	1805	1706	0	0
XR_004598562.1	722	623	2.42948	4.56264
XR_004598563.1	1100	1001	5.46156e-06	6.38372e-06
XR_004598564.1	1174	1075	0	0
XR_004598565.1	1089	990	2.32491	2.74765
XR_004598566.1	968	869	0	0
XR_004598567.1	809	710	0	0
XR_004598568.1	816	717	0	0
XR_004598569.1	2175	2076	35.7324	20.1384
XR_004598570.1	1020	921	4.0005	5.08213
XR_004598571.1	997	898	16	20.8466
XR_004598572.1	1270	1171	0	0
XR_004598573.1	1398	1299	0	0
XR_004598574.1	696	597	0	0
XR_004598575.1	667	568	3.16524	6.52003
XR_004598576.1	2854	2755	0	0
XR_004598577.1	2661	2562	10.6882	4.88107
XR_004598578.1	481	382	0.997818	3.05618
XR_004598579.1	665	566	0	0
XR_004598580.1	1447	1348	6.60501	5.7329
XR_004598581.1	2558	2459	21	9.99198
XR_004598582.1	373	274	0	0
XR_004598583.1	254	155	0	0
XR_004598584.1	1491	1392	3	2.52158
XR_004598585.1	1154	1055	0	0
XR_004598586.1	2190	2091	0.000160913	9.00383e-05
XR_004598587.1	1161	1062	0	0
XR_004598588.1	3896	3797	14.6659	4.51916
XR_004598589.1	2012	1913	18.5382	11.3382
XR_004598590.1	825	726	0	0
XR_004598591.1	3178	3079	0	0
XR_004598592.1	612	513	4.43609	10.1175
XR_004598593.1	642	543	14.5474	31.3455
XR_004598594.1	382	283	0	0
XR_004598595.1	1338	1239	0	0
XR_004598596.1	3525	3426	109.808	37.5004
XR_004598597.1	274	175	1	6.68579
XR_004598598.1	4513	4414	4	1.06027
XR_004598599.1	376	277	0	0
XR_004598600.1	1577	1478	3.96421	3.13815
XR_004598601.1	5786	5687	0.00307744	0.000633136
XR_004598602.1	2781	2682	119.749	52.2402
XR_004598603.1	1795	1696	0	0
XR_004598604.1	878	779	2	3.00389
XR_004598605.1	904	805	1	1.45343
XR_004598606.1	5619	5520	4.60113	0.97525
XR_004598607.1	1806	1707	1	0.685421
XR_004598608.1	2060	1961	10.9608	6.53968
XR_004598609.1	388	289	0	0
XR_004598610.1	770	671	0	0
XR_004598611.1	1826	1727	0	0
XR_004598612.1	1748	1649	16.2668	11.5418
XR_004598613.1	1761	1662	92.8316	65.3515
XR_004598614.1	978	879	0	0
XR_004598615.1	1072	973	1.39639	1.67913
XR_004598616.1	6763	6664	0	0
XR_004598617.1	483	384	0	0
XR_004598618.1	1330	1231	0	0
XR_004598619.1	2838	2739	64.4197	27.518
XR_004598620.1	2614	2515	82	38.1476
XR_004598621.1	1429	1330	0	0
XR_004598622.1	2300	2201	0	0
XR_004598623.1	2301	2202	0	0
XR_004598624.1	2144	2045	24.4269	13.9755
XR_004598625.1	423	324	7.51744	27.1466
XR_004598626.1	2066	1967	0	0
XR_004598627.1	2020	1921	0	0
XR_004598628.1	1486	1387	16.6763	14.0674
XR_004598629.1	1376	1277	0	0
XR_004598630.1	3468	3369	35.2608	12.2457
XR_004598631.1	2862	2763	10.0414	4.2521
XR_004598632.1	1285	1186	0	0
XR_004598633.1	1250	1151	2.97923	3.02845
XR_004598634.1	2315	2216	15.2363	8.04451
XR_004598635.1	2424	2325	0	0
XR_004598636.1	204	105	0	0
XR_004598637.1	259	160	0	0
XR_004598638.1	92	6.29573	0	0
XR_004598639.1	475	376	17.8893	55.6669
XR_004598640.1	611	512	0	0
XR_004598641.1	756	657	2	3.56168
XR_004598642.1	686	587	0	0
XR_004598643.1	2594	2495	3	1.40683
XR_004598644.1	1098	999	0	0
XR_004598645.1	1428	1329	33.2454	29.2683
XR_004598646.1	1014	915	0	0
XR_004598647.1	416	317	0	0
XR_004598648.1	272	173	0	0
XR_004598649.1	1415	1316	0	0
XR_004598650.1	938	839	0	0
XR_004598651.1	932	833	0	0
XR_004598652.1	1830	1731	4	2.70367
XR_004598653.1	1539	1440	0	0
XR_004598654.1	1747	1648	0	0
XR_004598655.1	3742	3643	0	0
XR_004598656.1	611	512	0	0
XR_004598657.1	540	441	0	0
XR_004598658.1	561	462	0	0
XR_004598659.1	2766	2667	13.6244	5.97701
XR_004598660.1	1859	1760	0	0
XR_004598661.1	2140	2041	0	0
XR_004598662.1	1903	1804	0	0
XR_004598663.1	2025	1926	0	0
XR_004598664.1	1788	1689	0	0
XR_004598665.1	777	678	0	0
XR_004598666.1	627	528	0	0
XR_004598667.1	1467	1368	0	0
XR_004598668.1	2619	2520	0	0
XR_004598669.1	2481	2382	0	0
XR_004598670.1	2342	2243	0	0
XR_004598671.1	1560	1461	0	0
XR_004598672.1	429	330	0	0
XR_004598673.1	454	355	0	0
XR_004598674.1	856	757	0	0
XR_004598675.1	611	512	0	0
XR_004598676.1	706	607	0	0
XR_004598677.1	540	441	0	0
XR_004598678.1	628	529	0	0
XR_004598679.1	894	795	0	0
XR_004598680.1	891	792	0	0
XR_004598681.1	916	817	0	0
XR_004598682.1	837	738	0	0
XR_004598683.1	833	734	0	0
XR_004598684.1	859	760	0	0
XR_004598685.1	909	810	0	0
XR_004598686.1	781	682	0	0
XR_004598687.1	788	689	0	0
XR_004598688.1	865	766	0	0
XR_004598689.1	727	628	0	0
XR_004598690.1	723	624	0	0
XR_004598691.1	731	632	0	0
XR_004598692.1	406	307	0	0
XR_004598693.1	462	363	0	0
XR_004598694.1	1021	922	0	0
XR_004598695.1	939	840	2.68509	3.73999
XR_004598696.1	1566	1467	0	0
XR_004598697.1	725	626	0	0
XR_004598698.1	465	366	0	0
XR_004598699.1	1879	1780	45	29.579
XR_004598700.1	2190	2091	0	0
XR_004598701.1	1903	1804	6.7674e-06	4.38911e-06
XR_004598702.1	357	258	0	0
XR_004598703.1	579	480	2	4.87506
XR_004598704.1	620	521	0	0
XR_004598705.1	795	696	0	0
XR_004598706.1	4209	4110	0.0500248	0.0142408
XR_004598707.1	4261	4162	1.96928e-08	5.536e-09
XR_004598708.1	4190	4091	11.4726	3.28114
XR_004598709.1	4341	4242	0	0
XR_004598710.1	4221	4122	0.00163672	0.000464575
XR_004598711.1	4690	4591	0	0
XR_004598712.1	4184	4085	64.1734	18.3804
XR_004598713.1	2476	2377	0	0
XR_004598714.1	3326	3227	0	0
XR_004598715.1	4102	4003	1.75365	0.512563
XR_004598716.1	4077	3978	2725.55	801.641
XR_004598717.1	803	704	0	0
XR_004598718.1	723	624	0	0
XR_004598719.1	2867	2768	0	0
XR_004598720.1	3328	3229	174.108	63.0871
XR_004598721.1	1403	1304	0	0
XR_004598722.1	164	65	8.1	145.802
XR_004598723.1	139	40.0016	0	0
XR_004598724.1	139	40.0016	39	1140.72
XR_004598725.1	120	21.4973	0	0
XR_004598726.1	120	21.4973	0	0
XR_004598727.1	120	21.4973	0	0
XR_004598728.1	120	21.4973	0	0
XR_004598729.1	120	21.4973	0	0
XR_004598730.1	120	21.4973	0	0
XR_004598731.1	120	21.4973	0	0
XR_004598732.1	120	21.4973	0	0
XR_004598733.1	164	65	3.6	64.8007
XR_004598734.1	120	21.4973	0	0
XR_004598735.1	120	21.4973	0	0
XR_004598736.1	120	21.4973	0	0
XR_004598737.1	120	21.4973	0	0
XR_004598738.1	120	21.4973	0	0
XR_004598739.1	120	21.4973	0	0
XR_004598740.1	120	21.4973	0	0
XR_004598741.1	120	21.4973	0	0
XR_004598742.1	120	21.4973	0	0
XR_004598743.1	120	21.4973	0	0
XR_004598744.1	164	65	3.6	64.8007
XR_004598745.1	120	21.4973	0	0
XR_004598746.1	120	21.4973	0	0
XR_004598747.1	120	21.4973	0	0
XR_004598748.1	122	23.3208	0	0
XR_004598749.1	195	96	0	0
XR_004598750.1	154	55	14	297.822
XR_004598751.1	97	7.64028	0	0
XR_004598752.1	164	65	3.6	64.8007
XR_004598753.1	139	40.0016	0	0
XR_004598754.1	2084	1985	0	0
XR_004598755.1	2360	2261	0	0
XR_004598756.1	2153	2054	0	0
XR_004598757.1	708	609	0	0
XR_004598758.1	1633	1534	0	0
XR_004598759.1	187	88	0	0
XR_004598760.1	2824	2725	25.2285	10.8322
XR_004598761.1	1089	990	0	0
XR_004598762.1	183	84	2.65169	36.9346
XR_004598763.1	472	373	0	0
XR_004598764.1	484	385	0	0
XR_004598765.1	2936	2837	0	0
XR_004598766.1	785	686	1	1.70556
XR_004598767.1	603	504	0	0
XR_004598768.1	593	494	0	0
XR_004598769.1	700	601	0	0
XR_004598770.1	581	482	2	4.85483
XR_004598771.1	864	765	0	0
XR_004598772.1	380	281	0	0
XR_004598773.1	3383	3284	29.0499	10.3498
XR_004598774.1	1780	1681	0	0
XR_004598775.1	360	261	1	4.48281
XR_004598776.1	1693	1594	2.63087	1.93109
XR_004598777.1	1598	1499	0	0
XR_004598778.1	1529	1430	0	0
XR_004598779.1	1412	1313	0	0
XR_004598780.1	1534	1435	0	0
XR_004598781.1	1501	1402	0	0
XR_004598782.1	1432	1333	0	0
XR_004598783.1	1317	1218	0	0
XR_004598784.1	1338	1239	15.2296	14.3817
XR_004598785.1	988	889	0	0
XR_004598786.1	1233	1134	8.03122	8.28627
XR_004598787.1	792	693	11.1931	18.8976
XR_004598788.1	1511	1412	0	0
XR_004598789.1	4212	4113	0	0
XR_004598790.1	4250	4151	0	0
XR_004598791.1	3893	3794	0	0
XR_004598792.1	765	666	0	0
XR_004598793.1	2422	2323	27.7763	13.9899
XR_004598794.1	209	110	1	10.6365
XR_004598795.1	2797	2698	0	0
XR_004598796.1	2564	2465	0	0
XR_004598797.1	1900	1801	0	0
XR_004598798.1	2008	1909	1	0.612893
XR_004598799.1	3175	3076	47	17.8773
XR_004598800.1	269	170	0	0
XR_004598801.1	1412	1313	0	0
XR_004598802.1	4207	4108	184	52.4057
XR_004598803.1	1450	1351	0	0
XR_004598804.1	933	834	1	1.40289
XR_004598805.1	346	247	2	9.47379
XR_004598806.1	803	704	0	0
XR_004598807.1	458	359	0	0
XR_004598808.1	1527	1428	0	0
XR_004598809.1	176	77	0	0
XR_004598810.1	662	563	0	0
XR_004598811.1	658	559	0	0
XR_004598812.1	239	140	0	0
XR_004598813.1	1521	1422	400.966	329.912
XR_004598814.1	317	218	0	0
XR_004598815.1	728	629	1063.24	1977.74
XR_004598816.1	509	410	0	0
XR_004598817.1	541	442	1.2755	3.37636
XR_004598818.1	169	70	0	0
XR_004598819.1	457	358	0	0
XR_004598820.1	248	149	0	0
XR_004598821.1	1079	980	0	0
XR_004598822.1	348	249	0	0
XR_004598823.1	269	170	0	0
XR_004598824.1	1345	1246	0	0
XR_004598825.1	339	240	13.7819	67.1877
XR_004598826.1	1612	1513	0	0
XR_004598827.1	1268	1169	0	0
XR_004598828.1	1503	1404	0	0
XR_004598829.1	1258	1159	1.05219	1.06219
XR_004598830.1	2706	2607	13	5.83436
XR_004598831.1	346	247	2.10454	9.96898
XR_004598832.1	525	426	1.67592	4.60294
XR_004598833.1	1139	1040	1.00208	1.12735
XR_004598834.1	404	305	0	0
XR_004598835.1	1109	1010	2	2.31686
XR_004598836.1	396	297	0	0
XR_004598837.1	123	24.2541	3.63458	175.332
XR_004598838.1	713	614	0	0
XR_004598839.1	601	502	0	0
XR_004598840.1	727	628	0.047094	0.0877398
XR_004598841.1	1843	1744	1.91655	1.28577
XR_004598842.1	1473	1374	0	0
XR_004598843.1	537	438	0	0
XR_004598844.1	369	270	0	0
XR_004598845.1	421	322	0	0
XR_004598846.1	303	204	0	0
XR_004598847.1	959	860	0	0
XR_004598848.1	432	333	0	0
XR_004598849.1	539	440	0	0
XR_004598850.1	198	99	1	11.8183
XR_004598851.1	411	312	0	0
XR_004598852.1	491	392	0	0
XR_004598853.1	478	379	0	0
XR_004598854.1	372	273	0	0
XR_004598855.1	5696	5597	9	1.88139
XR_004598856.1	751	652	0	0
XR_004598857.1	1353	1254	0	0
XR_004598858.1	2546	2447	0	0
XR_004598859.1	2195	2096	0	0
XR_004598860.1	310	211	0	0
XR_004598861.1	481	382	0	0
XR_004598862.1	952	853	0	0
XR_004598863.1	552	453	1.25258	3.23518
XR_004598864.1	738	639	0	0
XR_004598865.1	281	182	0	0
XR_004598866.1	952	853	0	0
XR_004598867.1	933	834	0	0
XR_004598868.1	1550	1451	0	0
XR_004598869.1	1430	1331	0	0
XR_004598870.1	1431	1332	0	0
XR_004598871.1	1309	1210	0	0
XR_004598872.1	1283	1184	0	0
XR_004598873.1	1464	1365	0	0
XR_004598874.1	1373	1274	0	0
XR_004598875.1	241	142	70	576.767
XR_004598876.1	717	618	0	0
XR_004598877.1	1360	1261	1	0.927846
XR_004598878.1	554	455	2.62397	6.74743
XR_004598879.1	638	539	8.37603	18.1819
XR_004598880.1	2575	2476	0	0
XR_004598881.1	2539	2440	0	0
XR_004598882.1	2591	2492	0	0
XR_004598883.1	1445	1346	0	0
XR_004598884.1	2470	2371	58	28.6212
XR_004598885.1	1497	1398	0	0
XR_004598886.1	1323	1224	0	0
XR_004598887.1	1043	944	0	0
XR_004598888.1	1438	1339	6.80973	5.95032
XR_004598889.1	241	142	0	0
XR_004598890.1	608	509	1	2.29865
XR_004598891.1	693	594	0	0
XR_004598892.1	1225	1126	0	0
XR_004598893.1	696	597	8	15.6786
XR_004598894.1	241	142	1	8.23953
XR_004598895.1	576	477	2.51708	6.17403
XR_004598896.1	315	216	3.37068	18.2581
XR_004598897.1	975	876	3.0826	4.11722
XR_004598898.1	357	258	0	0
XR_004598899.1	2428	2329	0	0
XR_004598900.1	1037	938	0	0
XR_004598901.1	371	272	1	4.30152
XR_004598902.1	1717	1618	4.24864	3.07229
XR_004598903.1	910	811	0	0
XR_004598904.1	1766	1667	8.96029	6.28894
XR_004598905.1	568	469	68	169.639
XR_004598906.1	676	577	0	0
XR_004598907.1	470	371	0	0
XR_004598908.1	622	523	0	0
XR_004598909.1	492	393	0	0
XR_004598910.1	418	319	0	0
XR_004598911.1	193	94	6	74.6817
XR_004598912.1	368	269	1.30204	5.66322
XR_004598913.1	207	108	0	0
XR_004598914.1	745	646	560.815	1015.73
XR_004598915.1	974	875	0	0
XR_004598916.1	283	184	0	0
XR_004598917.1	666	567	0	0
XR_004598918.1	266	167	0	0
XR_004598919.1	359	260	0	0
XR_004598920.1	966	867	1.35169	1.8241
XR_004598921.1	1150	1051	0	0
XR_004598922.1	837	738	0	0
XR_004598923.1	772	673	0	0
XR_004598924.1	1968	1869	1.96147	1.2279
XR_004598925.1	1747	1648	0	0
XR_004598926.1	896	797	0	0
XR_004598927.1	240	141	0	0
XR_004598928.1	642	543	0	0
XR_004598929.1	1033	934	1	1.25269
XR_004598930.1	740	641	0	0
XR_004598931.1	2090	1991	0	0
XR_004598932.1	2114	2015	0	0
XR_004598933.1	3213	3114	0.14638	0.0549989
XR_004598934.1	555	456	2.3767	6.09818
XR_004598935.1	332	233	0	0
XR_004598936.1	798	699	0	0
XR_004598937.1	1489	1390	0.0172759	0.0145418
XR_004598938.1	1482	1383	6.44741	5.45448
XR_004598939.1	1484	1385	1.18364	0.999906
XR_004598940.1	1327	1228	0	0
XR_004598941.1	407	308	1	3.79874
XR_004598942.1	317	218	0	0
XR_004598943.1	567	468	0	0
XR_004598944.1	1480	1381	10.1037	8.56007
XR_004598945.1	386	287	0	0
XR_004598946.1	526	427	0	0
XR_004598947.1	1301	1202	0	0
XR_004598948.1	594	495	0	0
XR_004598949.1	332	233	0	0
XR_004598950.1	1216	1117	3	3.14238
XR_004598951.1	214	115	0.54142	5.50842
XR_004598952.1	393	294	0	0
XR_004598953.1	637	538	0	0
XR_004598954.1	883	784	0	0
XR_004598955.1	996	897	124.014	161.759
XR_004598956.1	900	801	6.25931	9.14292
XR_004598957.1	496	397	0	0
XR_004598958.1	936	837	18.9459	26.4838
XR_004598959.1	1600	1501	0	0
XR_004598960.1	3449	3350	0	0
XR_004598961.1	2819	2720	0	0
XR_004598962.1	1115	1016	0	0
XR_004598963.1	359	260	0	0
XR_004598964.1	361	262	0	0
XR_004598965.1	408	309	0	0
XR_004598966.1	396	297	0	0
XR_004598967.1	290	191	0	0
XR_004598968.1	1211	1112	0	0
XR_004598969.1	2147	2048	28.6425	16.3633
XR_004598970.1	1658	1559	27.9946	21.0097
XR_004598971.1	402	303	0	0
XR_004598972.1	655	556	0.3018	0.63509
XR_004598973.1	460	361	0	0
XR_004598974.1	954	855	0	0
XR_004598975.1	879	780	7.48417	11.2264
XR_004598976.1	791	692	0	0
XR_004598977.1	1407	1308	20.4375	18.2815
XR_004598978.1	1343	1244	12.6977	11.9425
XR_004598979.1	917	818	0	0
XR_004598980.1	603	504	0	0
XR_004598981.1	936	837	0	0
XR_004598982.1	2017	1918	0	0
XR_004598983.1	1996	1897	0	0
XR_004598984.1	1907	1808	0	0
XR_004598985.1	843	744	1.34284	2.11175
XR_004598986.1	1085	986	2.10183	2.49409
XR_004598987.1	2417	2318	0	0
XR_004598988.1	2153	2054	0.15375	0.0875803
XR_004598989.1	1263	1164	0	0
XR_004598990.1	621	522	0	0
XR_004598991.1	871	772	0.568627	0.861789
XR_004598992.1	1134	1035	9	10.174
XR_004598993.1	1294	1195	0	0
XR_004598994.1	370	271	55	237.457
XR_004598995.1	383	284	0	0
XR_004598996.1	1287	1188	4.38763	4.3212
XR_004598997.1	490	391	18.9982	56.8495
XR_004598998.1	2281	2182	0.038055	0.0204055
XR_004598999.1	2275	2176	0.961945	0.517228
XR_004599000.1	300	201	0	0
XR_004599001.1	322	223	1	5.2467
XR_004599002.1	960	861	0	0
XR_004599003.1	702	603	0	0
XR_004599004.1	631	532	0	0
XR_004599005.1	424	325	0	0
XR_004599006.1	3120	3021	2.72456	1.05521
XR_004599007.1	2882	2783	0	0
XR_004599008.1	394	295	0	0
XR_004599009.1	669	570	112.185	230.277
XR_004599010.1	256	157	2.36542	17.6279
XR_004599011.1	2025	1926	45.9188	27.8949
XR_004599012.1	572	473	0	0
XR_004599013.1	1040	941	0	0
XR_004599014.1	493	394	0	0
XR_004599015.1	7179	7080	0	0
XR_004599016.1	1296	1197	0	0
XR_004599017.1	534	435	0	0
XR_004599018.1	716	617	0	0
XR_004599019.1	937	838	0	0
XR_004599020.1	848	749	3.5	5.46735
XR_004599021.1	178	79	0	0
XR_004599022.1	231	132	0	0
XR_004599023.1	530	431	0	0
XR_004599024.1	2175	2076	35	19.7257
XR_004599025.1	293	194	0	0
XR_004599026.1	406	307	0	0
XR_004599027.1	390	291	0	0
XR_004599028.1	2286	2187	0	0
XR_004599029.1	2127	2028	0	0
XR_004599030.1	2659	2560	0	0
XR_004599031.1	1069	970	0	0
XR_004599032.1	732	633	0	0
XR_004599033.1	307	208	0	0
XR_004599034.1	551	452	0	0
XR_004599035.1	1909	1810	0	0
XR_004599036.1	1714	1615	0.5	0.362233
XR_004599037.1	1799	1700	1.8808e-06	1.29445e-06
XR_004599038.1	1294	1195	1	0.979091
XR_004599039.1	4502	4403	3.15278	0.837791
XR_004599040.1	215	116	0	0
XR_004599041.1	1731	1632	2.54334	1.82337
XR_004599042.1	200	101	0	0
XR_004599043.1	1074	975	0	0
XR_004599044.1	1602	1503	0	0
XR_004599045.1	267	168	0	0
XR_004599046.1	3229	3130	0	0
XR_004599047.1	659	560	6.6289	13.8498
XR_004599048.1	461	362	0	0
XR_004599049.1	2094	1995	147.523	86.5181
XR_004599050.1	5646	5547	0	0
XR_004599051.1	3462	3363	123.81	43.0743
XR_004599052.1	4085	3986	54	15.8507
XR_004599053.1	3221	3122	0	0
XR_004599054.1	1207	1108	16.4858	17.4085
XR_004599055.1	254	155	0	0
XR_004599056.1	1074	975	37	44.4005
XR_004599057.1	1011	912	1	1.28291
XR_004599058.1	960	861	0	0
XR_004599059.1	969	870	0	0
XR_004599060.1	2401	2302	0	0
XR_004599061.1	2006	1907	71.7424	44.0166
XR_004599062.1	564	465	0	0
XR_004599063.1	1000	901	14.553	18.8981
XR_004599064.1	869	770	0	0
XR_004599065.1	2200	2101	26	14.479
XR_004599066.1	1939	1840	0	0
XR_004599067.1	2059	1960	1.32028	0.788134
XR_004599068.1	464	365	0	0
XR_004599069.1	888	789	1	1.48291
XR_004599070.1	658	559	0	0
XR_004599071.1	2958	2859	0	0
XR_004599072.1	518	419	0	0
XR_004599073.1	1089	990	0	0
XR_004599074.1	1194	1095	0	0
XR_004599075.1	1464	1365	0	0
XR_004599076.1	1461	1362	0	0
XR_004599077.1	276	177	0	0
XR_004599078.1	1506	1407	0	0
XR_004599079.1	539	440	0	0
XR_004599080.1	208	109	0	0
XR_004599081.1	755	656	15	26.7534
XR_004599082.1	266	167	1	7.00607
XR_004599083.1	579	480	0	0
XR_004599084.1	117	18.8979	0	0
XR_004599085.1	1600	1501	0	0
XR_004599086.1	1903	1804	0	0
XR_004599087.1	11892	11793	7.04452	0.698905
XR_004599088.1	1624	1525	0.0143132	0.0109814
XR_004599089.1	1628	1529	0.000662649	0.000507069
XR_004599090.1	1636	1537	1.45485e-06	1.10748e-06
XR_004599091.1	1618	1519	1.4588	1.12364
XR_004599092.1	736	637	1.28727	2.3644
XR_004599093.1	835	736	0	0
XR_004599094.1	846	747	0	0
XR_004599095.1	819	720	1.14638	1.86289
XR_004599096.1	1692	1593	0	0
XR_004599097.1	1035	936	0	0
XR_004599098.1	1307	1208	4.42016	4.28116
XR_004599099.1	638	539	0	0
XR_004599100.1	288	189	0	0
XR_004599101.1	1235	1136	0	0
XR_004599102.1	620	521	0	0
XR_004599103.1	551	452	0	0
XR_004599104.1	656	557	0	0
XR_004599105.1	612	513	5	11.4036
XR_004599106.1	1152	1053	0	0
XR_004599107.1	1300	1201	7.00718	6.82639
XR_004599108.1	486	387	34.3923	103.978
XR_004599109.1	441	342	0	0
XR_004599110.1	188	89	0	0
XR_004599111.1	607	508	0	0
XR_004599112.1	521	422	1.54764	4.29091
XR_004599113.1	1593	1494	0	0
XR_004599114.1	1228	1129	1243.16	1288.32
XR_004599115.1	803	704	3.37556	5.61001
XR_004599116.1	698	599	0	0
XR_004599117.1	438	339	2.21508	7.64504
XR_004599118.1	1711	1612	0	0
XR_004599119.1	728	629	0	0
XR_004599120.1	693	594	0	0
XR_004599121.1	717	618	8	15.1458
XR_004599122.1	340	241	4	19.4193
XR_004599123.1	2471	2372	2.43459	1.20089
XR_004599124.1	2187	2088	1	0.560351
XR_004599125.1	569	470	4.56163	11.3557
XR_004599126.1	268	169	0	0
XR_004599127.1	1533	1434	13.5289	11.0384
XR_004599128.1	370	271	10.1999	44.0368
XR_004599129.1	867	768	1	1.52345
XR_004599130.1	541	442	3.38838	8.96935
XR_004599131.1	303	204	0	0
XR_004599132.1	1673	1574	0	0
XR_004599133.1	1384	1285	8.74224	7.95996
XR_004599134.1	517	418	0	0
XR_004599135.1	230	131	0	0
XR_004599136.1	1529	1430	0	0
XR_004599137.1	590	491	3.726	8.87876
XR_004599138.1	562	463	1	2.52703
XR_004599139.1	421	322	1	3.63358
XR_004599140.1	2661	2562	0	0
XR_004599141.1	2754	2655	0	0
XR_004599142.1	2460	2361	0	0
XR_004599143.1	2668	2569	0	0
XR_004599144.1	235	136	0	0
XR_004599145.1	1857	1758	0	0
XR_004599146.1	1072	973	0	0
XR_004599147.1	547	448	0	0
XR_004599148.1	494	395	0	0
XR_004599149.1	567	468	0	0
XR_004599150.1	111	14.3532	4.83409	394.056
XR_004599151.1	1016	917	0	0
XR_004599152.1	711	612	0.217545	0.4159
XR_004599153.1	1329	1230	0	0
XR_004599154.1	278	179	0	0
XR_004599155.1	477	378	0	0
XR_004599156.1	634	535	0	0
XR_004599157.1	641	542	1	2.1587
XR_004599158.1	828	729	0	0
XR_004599159.1	756	657	1.03988	1.85187
XR_004599160.1	704	605	0	0
XR_004599161.1	355	256	0	0
XR_004599162.1	915	816	0	0
XR_004599163.1	437	338	1	3.46158
XR_004599164.1	347	248	0	0
XR_004599165.1	260	161	0	0
XR_004599166.1	712	613	18	34.356
XR_004599167.1	457	358	0	0
XR_004599168.1	444	345	0	0
XR_004599169.1	7666	7567	0	0
XR_004599170.1	539	440	0	0
XR_004599171.1	2056	1957	0	0
XR_004599172.1	2012	1913	0	0
XR_004599173.1	1947	1848	0	0
XR_004599174.1	2810	2711	3	1.29474
XR_004599175.1	1484	1385	0	0
XR_004599176.1	1242	1143	0	0
XR_004599177.1	1335	1236	0	0
XR_004599178.1	1409	1310	0	0
XR_004599179.1	1352	1253	0	0
XR_004599180.1	2854	2755	1.37103e-08	5.82257e-09
XR_004599181.1	2412	2313	3	1.51753
XR_004599182.1	2592	2493	0	0
XR_004599183.1	1932	1833	2	1.27661
XR_004599184.1	1134	1035	0	0
XR_004599185.1	2029	1930	0	0
XR_004599186.1	1868	1769	5.21225	3.44738
XR_004599187.1	623	524	1	2.23285
XR_004599188.1	2051	1952	0	0
XR_004599189.1	545	446	1	2.62335
XR_004599190.1	1349	1250	84.6019	79.1883
XR_004599191.1	1824	1725	6	4.06961
XR_004599192.1	453	354	0	0
XR_004599193.1	343	244	0	0
XR_004599194.1	1195	1096	3	3.20259
XR_004599195.1	1577	1478	0	0
XR_004599196.1	1298	1199	0	0
XR_004599197.1	360	261	2	8.96562
XR_004599198.1	376	277	0	0
XR_004599199.1	6544	6445	0	0
XR_004599200.1	1046	947	240.133	296.683
XR_004599201.1	1744	1645	0	0
XR_004599202.1	492	393	0	0
XR_004599203.1	670	571	0	0
XR_004599204.1	1263	1164	0	0
XR_004599205.1	1162	1063	4	4.40268
XR_004599206.1	542	443	0	0
XR_004599207.1	1745	1646	0	0
XR_004599208.1	604	505	1	2.31686
XR_004599209.1	545	446	0	0
XR_004599210.1	531	432	0	0
XR_004599211.1	814	715	0	0
XR_004599212.1	843	744	0	0
XR_004599213.1	1433	1334	1.6991	1.49023
XR_004599214.1	228	129	0	0
XR_004599215.1	1963	1864	0	0
XR_004599216.1	1812	1713	0	0
XR_004599217.1	1874	1775	0	0
XR_004599218.1	1843	1744	0	0
XR_004599219.1	1722	1623	0	0
XR_004599220.1	1888	1789	0	0
XR_004599221.1	1719	1620	0	0
XR_004599222.1	2918	2819	14.9878	6.22061
XR_004599223.1	1726	1627	0	0
XR_004599224.1	1823	1724	0	0
XR_004599225.1	1703	1604	0	0
XR_004599226.1	561	462	2	5.06499
XR_004599227.1	433	334	6.13734	21.4993
XR_004599228.1	1067	968	0	0
XR_004599229.1	999	900	0	0
XR_004599230.1	2325	2226	0	0
XR_004599231.1	5365	5266	4.32692	0.961367
XR_004599232.1	5467	5368	2.20202e-06	4.79955e-07
XR_004599233.1	1300	1201	0	0
XR_004599234.1	436	337	0	0
XR_004599235.1	933	834	0	0
XR_004599236.1	1776	1677	0	0
XR_004599237.1	1565	1466	2.6965	2.15207
XR_004599238.1	254	155	0	0
XR_004599239.1	732	633	0	0
XR_004599240.1	1324	1225	0	0
XR_004599241.1	249	150	0	0
XR_004599242.1	371	272	1.07623	4.62942
XR_004599243.1	498	399	3	8.79709
XR_004599244.1	160	61	0	0
XR_004599245.1	1789	1690	0	0
XR_004599246.1	1222	1123	1270.76	1323.96
XR_004599247.1	358	259	0	0
XR_004599248.1	596	497	0	0
XR_004599249.1	423	324	0	0
XR_004599250.1	464	365	0	0
XR_004599251.1	474	375	0	0
XR_004599252.1	423	324	0	0
XR_004599253.1	784	685	0	0
XR_004599254.1	280	181	0	0
XR_004599255.1	1671	1572	38.5155	28.6665
XR_004599256.1	1811	1712	0	0
XR_004599257.1	1016	917	1.4702	1.87585
XR_004599258.1	1455	1356	0	0
XR_004599259.1	1327	1228	0	0
XR_004599260.1	655	556	10	21.0434
XR_004599261.1	478	379	0	0
XR_004599262.1	601	502	0	0
XR_004599263.1	651	552	0	0
XR_004599264.1	2246	2147	1.28574e-08	7.00667e-09
XR_004599265.1	532	433	0	0
XR_004599266.1	1435	1336	0	0
XR_004599267.1	150	51	0	0
XR_004599268.1	1879	1780	1	0.657311
XR_004599269.1	300	201	1	5.82096
XR_004599270.1	1706	1607	0	0
XR_004599271.1	1165	1066	0	0
XR_004599272.1	1104	1005	1.06123	1.23547
XR_004599273.1	724	625	0	0
XR_004599274.1	429	330	1	3.5455
XR_004599275.1	1214	1115	2	2.09868
XR_004599276.1	665	566	3.69345	7.63495
XR_004599277.1	818	719	0	0
XR_004599278.1	2010	1911	0.305365	0.18696
XR_004599279.1	2003	1904	22.6089	13.8933
XR_004599280.1	2792	2693	34.4699	14.976
XR_004599281.1	2141	2042	2	1.14595
XR_004599282.1	1145	1046	35.0479	39.2032
XR_004599283.1	3606	3507	2.96199	0.988187
XR_004599284.1	3510	3411	0	0
XR_004599285.1	1036	937	1.18271	1.47682
XR_004599286.1	152	53	0	0
XR_004599287.1	1983	1884	0	0
XR_004599288.1	363	264	0	0
XR_004599289.1	512	413	0	0
XR_004599290.1	2363	2264	0	0
XR_004599291.1	1280	1181	4	3.96279
XR_004599292.1	594	495	0	0
XR_004599293.1	336	237	0	0
XR_004599294.1	744	645	1	1.81397
XR_004599295.1	2400	2301	0	0
XR_004599296.1	2405	2306	0	0
XR_004599297.1	2450	2351	0	0
XR_004599298.1	2364	2265	2.0602e-07	1.06422e-07
XR_004599299.1	2369	2270	1.5509e-08	7.99373e-09
XR_004599300.1	2334	2235	1.27754	0.668788
XR_004599301.1	389	290	0	0
XR_004599302.1	1691	1592	0	0
XR_004599303.1	293	194	0	0
XR_004599304.1	2686	2587	3.35624	1.51792
XR_004599305.1	1682	1583	0	0
XR_004599306.1	572	473	2	4.9472
XR_004599307.1	975	876	0	0
XR_004599308.1	878	779	0	0
XR_004599309.1	898	799	3.25366	4.76449
XR_004599310.1	1582	1483	0	0
XR_004599311.1	568	469	0	0
XR_004599312.1	2065	1966	0	0
XR_004599313.1	1970	1871	0	0
XR_004599314.1	2945	2846	22.3623	9.19332
XR_004599315.1	2333	2234	0	0
XR_004599316.1	330	231	0	0
XR_004599317.1	685	586	0	0
XR_004599318.1	201	102	4.49996	51.6178
XR_004599319.1	459	360	0	0
XR_004599320.1	335	236	0	0
XR_004599321.1	279	180	0	0
XR_004599322.1	456	357	5.9793	19.5963
XR_004599323.1	2124	2025	0	0
XR_004599324.1	1831	1732	2.22044	1.49997
XR_004599325.1	2170	2071	0	0
XR_004599326.1	1878	1779	10.3385	6.79941
XR_004599327.1	1160	1061	0	0
XR_004599328.1	1234	1135	7	7.21594
XR_004599329.1	1174	1075	0	0
XR_004599330.1	445	346	9.81569	33.1922
XR_004599331.1	798	699	2.48295	4.15606
XR_004599332.1	1005	906	0	0
XR_004599333.1	768	669	0	0
XR_004599334.1	1422	1323	6	5.30618
XR_004599335.1	1739	1640	48.7938	34.8106
XR_004599336.1	624	525	0	0
XR_004599337.1	1649	1550	13	9.81302
XR_004599338.1	426	327	0	0
XR_004599339.1	2100	2001	4	2.33886
XR_004599340.1	850	751	0	0
XR_004599341.1	2490	2391	15.4563	7.56339
XR_004599342.1	803	704	0	0
XR_004599343.1	304	205	0	0
XR_004599344.1	440	341	0	0
XR_004599345.1	1215	1116	1.06426	1.11577
XR_004599346.1	336	237	0	0
XR_004599347.1	373	274	0	0
XR_004599348.1	420	321	0	0
XR_004599349.1	1952	1853	2	1.26283
XR_004599350.1	711	612	319.817	611.422
XR_004599351.1	1557	1458	4	3.20991
XR_004599352.1	910	811	0	0
XR_004599353.1	1869	1770	2	1.32205
XR_004599354.1	1325	1226	0	0
XR_004599355.1	1765	1666	0	0
XR_004599356.1	1907	1808	0	0
XR_004599357.1	1681	1582	0	0
XR_004599358.1	1459	1360	27.6891	23.821
XR_004599359.1	1321	1222	0	0
XR_004599360.1	1358	1259	0	0
XR_004599361.1	1347	1248	0	0
XR_004599362.1	1327	1228	0	0
XR_004599363.1	482	383	0	0
XR_004599364.1	652	553	0	0
XR_004599365.1	348	249	0	0
XR_004599366.1	191	92	0	0
XR_004599367.1	408	309	0	0
XR_004599368.1	1001	902	0	0
XR_004599369.1	1670	1571	6.23839	4.64608
XR_004599370.1	2415	2316	0	0
XR_004599371.1	855	756	0	0
XR_004599372.1	1776	1677	2	1.39536
XR_004599373.1	228	129	0	0
XR_004599374.1	143	44.0003	0	0
XR_004599375.1	144	45.0002	0	0
XR_004599376.1	651	552	0	0
XR_004599377.1	439	340	1	3.44122
XR_004599378.1	561	462	0	0
XR_004599379.1	564	465	0	0
XR_004599380.1	781	682	0	0
XR_004599381.1	944	845	0	0
XR_004599382.1	547	448	8	20.8931
XR_004599383.1	1751	1652	3.53957	2.50686
XR_004599384.1	1631	1532	0	0
XR_004599385.1	286	187	0	0
XR_004599386.1	778	679	0	0
XR_004599387.1	2750	2651	0	0
XR_004599388.1	588	489	0	0
XR_004599389.1	1782	1683	0	0
XR_004599390.1	1809	1710	0	0
XR_004599391.1	1162	1063	0	0
XR_004599392.1	3657	3558	2.14516	0.705415
XR_004599393.1	932	833	0	0
XR_004599394.1	510	411	0	0
XR_004599395.1	666	567	0	0
XR_004599396.1	583	484	0	0
XR_004599397.1	764	665	0	0
XR_004599398.1	457	358	0	0
XR_004599399.1	400	301	0	0
XR_004599400.1	241	142	0	0
XR_004599401.1	4372	4273	0.897219	0.245673
XR_004599402.1	4382	4283	0.0578217	0.0157955
XR_004599403.1	4369	4270	2.04496	0.560335
XR_004599404.1	4163	4064	4	1.15159
XR_004599405.1	682	583	0	0
XR_004599406.1	320	221	0	0
XR_004599407.1	604	505	4.34914	10.0763
XR_004599408.1	871	772	1	1.51556
XR_004599409.1	555	456	0	0
XR_004599410.1	335	236	0	0
XR_004599411.1	1196	1097	2	2.13311
XR_004599412.1	389	290	0	0
XR_004599413.1	1128	1029	17.5262	19.928
XR_004599414.1	4903	4804	13.4755	3.28195
XR_004599415.1	691	592	7	13.8346
XR_004599416.1	2494	2395	0	0
XR_004599417.1	2528	2429	0	0
XR_004599418.1	2462	2363	13.8295	6.84753
XR_004599419.1	297	198	2	11.8183
XR_004599420.1	297	198	2	11.8183
XR_004599421.1	1296	1197	0	0
XR_004599422.1	1519	1420	0	0
XR_004599423.1	1619	1520	0	0
XR_004599424.1	1195	1096	0	0
XR_004599425.1	1154	1055	0	0
XR_004599426.1	3504	3405	8	2.74893
XR_004599427.1	510	411	1	2.84675
XR_004599428.1	303	204	0	0
XR_004599429.1	1164	1065	0	0
XR_004599430.1	720	621	0	0
XR_004599431.1	600	501	0	0
XR_004599432.1	316	217	0	0
XR_004599433.1	726	627	0	0
XR_004599434.1	2936	2837	0	0
XR_004599435.1	1708	1609	0	0
XR_004599436.1	1678	1579	1	0.740984
XR_004599437.1	1706	1607	0	0
XR_004599438.1	949	850	0	0
XR_004599439.1	1039	940	0	0
XR_004599440.1	1081	982	2.27051	2.70522
XR_004599441.1	736	637	1	1.83676
XR_004599442.1	625	526	1.52454	3.39114
XR_004599443.1	907	808	8.97051	12.9896
XR_004599444.1	1605	1506	8.55637	6.64746
XR_004599445.1	2104	2005	19.737	11.5175
XR_004599446.1	3435	3336	14.2869	5.01076
XR_004599447.1	491	392	0	0
XR_004599448.1	2567	2468	0	0
XR_004599449.1	2341	2242	0	0
XR_004599450.1	793	694	0	0
XR_004599451.1	1782	1683	0	0
XR_004599452.1	696	597	2.12736	4.16924
XR_004599453.1	351	252	0	0
XR_004599454.1	2149	2050	1.51305	0.863554
XR_004599455.1	1107	1008	0	0
XR_004599456.1	998	899	0	0
XR_004599457.1	473	374	1	3.12838
XR_004599458.1	1062	963	0.363266	0.441357
XR_004599459.1	2820	2721	0	0
XR_004599460.1	1260	1161	51.7754	52.1774
XR_004599461.1	501	402	0	0
XR_004599462.1	684	585	1	2.00002
XR_004599463.1	1234	1135	0	0
XR_004599464.1	1200	1101	0	0
XR_004599465.1	241	142	0	0
XR_004599466.1	1200	1101	0	0
XR_004599467.1	1211	1112	0	0
XR_004599468.1	1729	1630	0	0
XR_004599469.1	1361	1262	0	0
XR_004599470.1	220	121	0	0
XR_004599471.1	1737	1638	7	5.00006
XR_004599472.1	595	496	0	0
XR_004599473.1	2528	2429	1	0.481685
XR_004599474.1	672	573	0	0
XR_004599475.1	1122	1023	12	13.7245
XR_004599476.1	460	361	1	3.24103
XR_004599477.1	325	226	0	0
XR_004599478.1	1380	1281	3.99892	3.65245
XR_004599479.1	858	759	0	0
XR_004599480.1	790	691	0	0
XR_004599481.1	341	242	0	0
XR_004599482.1	2735	2636	25.9785	11.5308
XR_004599483.1	771	672	2.63106	4.58092
XR_004599484.1	779	680	2.46226e-06	4.23658e-06
XR_004599485.1	804	705	0	0
XR_004599486.1	811	712	0	0
XR_004599487.1	1219	1120	0	0
XR_004599488.1	68	3.25509	3	1078.32
XR_004599489.1	553	454	0	0
XR_004599490.1	373	274	0	0
XR_004599491.1	368	269	0	0
XR_004599492.1	1208	1109	0	0
XR_004599493.1	694	595	7	13.7649
XR_004599494.1	3757	3658	0	0
XR_004599495.1	2665	2566	0	0
XR_004599496.1	2708	2609	0	0
XR_004599497.1	2683	2584	0	0
XR_004599498.1	2489	2390	0	0
XR_004599499.1	2071	1972	0	0
XR_004599500.1	309	210	0	0
XR_004599501.1	1218	1119	0	0
XR_004599502.1	693	594	77.4411	152.537
XR_004599503.1	696	597	0.210175	0.411905
XR_004599504.1	1465	1366	3	2.56958
XR_004599505.1	583	484	2	4.83477
XR_004599506.1	1002	903	0	0
XR_004599507.1	202	103	0	0
XR_004599508.1	2323	2224	7	3.6826
XR_004599509.1	212	113	0	0
XR_004599510.1	1662	1563	0	0
XR_004599511.1	1661	1562	0	0
XR_004599512.1	249	150	0	0
XR_004599513.1	572	473	0	0
XR_004599514.1	585	486	2	4.81487
XR_004599515.1	498	399	1.81265	5.31536
XR_004599516.1	485	386	22.9026	69.4205
XR_004599517.1	526	427	0	0
XR_004599518.1	435	336	37.297	129.875
XR_004599519.1	806	707	5	8.27449
XR_004599520.1	2110	2011	0	0
XR_004599521.1	1920	1821	0	0
XR_004599522.1	537	438	21.6871	57.932
XR_004599523.1	1109	1010	2	2.31686
XR_004599524.1	620	521	11	24.7028
XR_004599525.1	1676	1577	0	0
XR_004599526.1	4880	4781	39	9.54414
XR_004599527.1	324	225	26	135.202
XR_004599528.1	4189	4090	12.7162	3.63769
XR_004599529.1	4925	4826	101.068	24.5029
XR_004599530.1	4734	4635	1170.14	295.379
XR_004599531.1	1749	1650	1.37297	0.973569
XR_004599532.1	2581	2482	0	0
XR_004599533.1	2577	2478	0	0
XR_004599534.1	2703	2604	0	0
XR_004599535.1	223	124	0	0
XR_004599536.1	1162	1063	0	0
XR_004599537.1	854	755	0	0
XR_004599538.1	239	140	0	0
XR_004599539.1	1340	1241	0	0
XR_004599540.1	1395	1296	0	0
XR_004599541.1	1653	1554	1	0.752904
XR_004599542.1	617	518	0	0
XR_004599543.1	418	319	5.85726	21.483
XR_004599544.1	876	777	0	0
XR_004599545.1	2712	2613	41	18.3584
XR_004599546.1	701	602	0	0
XR_004599547.1	668	569	0	0
XR_004599548.1	420	321	0	0
XR_004599549.1	1376	1277	0	0
XR_004599550.1	896	797	30.5513	44.85
XR_004599551.1	1626	1527	0	0
XR_004599552.1	1622	1523	0	0
XR_004599553.1	585	486	0	0
XR_004599554.1	363	264	0	0
XR_004599555.1	527	428	1.66229	4.54418
XR_004599556.1	1127	1028	5	5.69073
XR_004599557.1	1193	1094	0	0
XR_004599558.1	594	495	8.45798	19.9918
XR_004599559.1	757	658	0	0
XR_004599560.1	853	754	0	0
XR_004599561.1	1795	1696	0	0
XR_004599562.1	1500	1401	0	0
XR_004599563.1	470	371	0	0
XR_004599564.1	380	281	0	0
XR_004599565.1	1734	1635	83.8355	59.993
XR_004599566.1	3886	3787	0	0
XR_004599567.1	3749	3650	0	0
XR_004599568.1	3667	3568	2.99546	0.982268
XR_004599569.1	1670	1571	0	0
XR_004599570.1	1731	1632	18.285	13.1088
XR_004599571.1	1572	1473	3.23887	2.57265
XR_004599572.1	1158	1059	0	0
XR_004599573.1	1153	1054	0	0
XR_004599574.1	1134	1035	0	0
XR_004599575.1	1233	1134	0	0
XR_004599576.1	813	714	0	0
XR_004599577.1	1064	965	6.76113	8.19753
XR_004599578.1	953	854	0	0
XR_004599579.1	4789	4690	40.7901	10.1759
XR_004599580.1	584	485	10.4514	25.2129
XR_004599581.1	8339	8240	0.5	0.070996
XR_004599582.1	405	306	0	0
XR_004599583.1	286	187	0	0
XR_004599584.1	937	838	0	0
XR_004599585.1	848	749	3.5	5.46735
XR_004599586.1	1780	1681	8.0836	5.62637
XR_004599587.1	589	490	0	0
XR_004599588.1	740	641	0	0
XR_004599589.1	1308	1209	3.43565	3.32486
XR_004599590.1	361	262	0	0
XR_004599591.1	798	699	0	0
XR_004599592.1	519	420	0	0
XR_004599593.1	1181	1082	1.01312	1.09553
XR_004599594.1	628	529	21	46.4467
XR_004599595.1	1924	1825	57.2031	36.6731
XR_004599596.1	1526	1427	0	0
XR_004599597.1	1933	1834	0.178381	0.113799
XR_004599598.1	1360	1261	0	0
XR_004599599.1	1081	982	0	0
XR_004599600.1	4183	4084	0	0
XR_004599601.1	3948	3849	0	0
XR_004599602.1	570	471	8.49273	21.0968
XR_004599603.1	574	475	0.000417799	0.00102912
XR_004599604.1	3100	3001	23	8.96711
XR_004599605.1	240	141	1	8.29797
XR_004599606.1	287	188	0	0
XR_004599607.1	860	761	0	0
XR_004599608.1	211	112	0	0
XR_004599609.1	1763	1664	2	1.40627
XR_004599610.1	306	207	0	0
XR_004599611.1	1837	1738	0	0
XR_004599612.1	1405	1306	0	0
XR_004599613.1	1178	1079	0	0
XR_004599614.1	1211	1112	17.8074	18.7364
XR_004599615.1	152	53	0	0
XR_004599616.1	237	138	0	0
XR_004599617.1	160	61	0	0
XR_004599618.1	1426	1327	4.76141	4.19813
XR_004599619.1	450	351	0	0
XR_004599620.1	1017	918	1	1.27452
XR_004599621.1	622	523	0	0
XR_004599622.1	776	677	0	0
XR_004599623.1	538	439	0	0
XR_004599624.1	850	751	0	0
XR_004599625.1	295	196	0	0
XR_004599626.1	2042	1943	0	0
XR_004599627.1	1165	1066	3	3.29272
XR_004599628.1	1899	1800	9	5.85007
XR_004599629.1	575	476	0	0
XR_004599630.1	2209	2110	296.096	164.188
XR_004599631.1	1878	1779	4	2.63072
XR_004599632.1	1143	1044	0	0
XR_004599633.1	1274	1175	0	0
XR_004599634.1	876	777	0	0
XR_004599635.1	1426	1327	0	0
XR_004599636.1	1552	1453	0	0
XR_004599637.1	1268	1169	1.13285	1.13383
XR_004599638.1	4447	4348	24.5676	6.61094
XR_004599639.1	4462	4363	0.432446	0.115968
XR_004599640.1	2454	2355	13.8449	6.87842
XR_004599641.1	2158	2059	0	0
XR_004599642.1	1910	1811	16	10.3369
XR_004599643.1	194	95	0	0
XR_004599644.1	1229	1130	1	1.03541
XR_004599645.1	7609	7510	35	5.45279
XR_004599646.1	398	299	0	0
XR_004599647.1	702	603	0	0
XR_004599648.1	185	86	0	0
XR_004599649.1	464	365	0	0
XR_004599650.1	1711	1612	0	0
XR_004599651.1	2002	1903	0	0
XR_004599652.1	1140	1041	0	0
XR_004599653.1	1140	1041	0	0
XR_004599654.1	1736	1637	0	0
XR_004599655.1	479	380	1	3.07898
XR_004599656.1	917	818	13	18.5943
XR_004599657.1	623	524	1.24441	2.77858
XR_004599658.1	563	464	19	47.91
XR_004599659.1	1185	1086	0	0
XR_004599660.1	494	395	0	0
XR_004599661.1	1455	1356	0	0
XR_004599662.1	1372	1273	0	0
XR_004599663.1	7189	7090	2.85694	0.471462
XR_004599664.1	590	491	1	2.38292
XR_004599665.1	1057	958	0	0
XR_004599666.1	925	826	0	0
XR_004599667.1	906	807	0	0
XR_004599668.1	931	832	0	0
XR_004599669.1	912	813	3.35036	4.8216
XR_004599670.1	799	700	1	1.67145
XR_004599671.1	1104	1005	0	0
XR_004599672.1	159	60	0	0
XR_004599673.1	427	328	17	60.6409
XR_004599674.1	167	68	0	0
XR_004599675.1	3598	3499	0	0
XR_004599676.1	1378	1279	0	0
XR_004599677.1	660	561	0	0
XR_004599678.1	2286	2187	0	0
XR_004599679.1	420	321	0	0
XR_004599680.1	297	198	3.64029	21.5111
XR_004599681.1	444	345	1	3.39134
XR_004599682.1	1978	1879	30	18.6804
XR_004599683.1	3429	3330	9	3.1622
XR_004599684.1	3427	3328	0	0
XR_004599685.1	1717	1618	25.9302	18.7508
XR_004599686.1	1385	1286	0	0
XR_004599687.1	1343	1244	0	0
XR_004599688.1	2620	2521	3.63974	1.68923
XR_004599689.1	909	810	6.62318	9.56692
XR_004599690.1	386	287	0	0
XR_004599691.1	548	449	0	0
XR_004599692.1	1764	1665	0	0
XR_004599693.1	131	32.0279	4.62758	169.051
XR_004599694.1	154	55	0	0
XR_004599695.1	148	49	0	0
XR_004599696.1	629	530	0	0
XR_004599697.1	819	720	2	3.25004
XR_004599698.1	542	443	1	2.64111
XR_004599699.1	279	180	0	0
XR_004599700.1	778	679	1	1.72314
XR_004599701.1	310	211	0	0
XR_004599702.1	95	7.05304	0	0
XR_004599703.1	2186	2087	0	0
XR_004599704.1	1601	1502	0	0
XR_004599705.1	270	171	0	0
XR_004599706.1	543	444	3	7.9055
XR_004599707.1	1140	1041	0	0
XR_004599708.1	1263	1164	0	0
XR_004599709.1	1044	945	0	0
XR_004599710.1	309	210	0	0
XR_004599711.1	1455	1356	2	1.72568
XR_004599712.1	2899	2800	2.10361	0.879019
XR_004599713.1	307	208	1	5.62506
XR_004599714.1	6450	6351	34.7041	6.39336
XR_004599715.1	1782	1683	0	0
XR_004599716.1	446	347	2	6.74359
XR_004599717.1	293	194	0	0
XR_004599718.1	307	208	0	0
XR_004599719.1	2133	2034	56.504	32.5027
XR_004599720.1	1120	1021	1.03967	1.19141
XR_004599721.1	440	341	0	0
XR_004599722.1	318	219	0	0
XR_004599723.1	411	312	0	0
XR_004599724.1	499	400	6.39864	18.7162
XR_004599725.1	2562	2463	2.73496e-08	1.2992e-08
XR_004599726.1	2522	2423	6	2.89727
XR_004599727.1	2389	2290	0	0
XR_004599728.1	1327	1228	4.97474	4.73983
XR_004599729.1	2187	2088	42.2346	23.6662
XR_004599730.1	2683	2584	0	0
XR_004599731.1	487	388	0	0
XR_004599732.1	1795	1696	0	0
XR_004599733.1	1544	1445	23.4403	18.9795
XR_004599734.1	3142	3043	0	0
XR_004599735.1	299	200	1	5.85007
XR_004599736.1	443	344	0	0
XR_004599737.1	3455	3356	7	2.44043
XR_004599738.1	927	828	0	0
XR_004599739.1	1957	1858	250.698	157.869
XR_004599740.1	7544	7445	0	0
XR_004599741.1	1355	1256	5.16895	4.81508
XR_004599742.1	791	692	1.10417	1.86689
XR_004599743.1	3248	3149	60.9983	22.6639
XR_004599744.1	256	157	17.7808	132.508
XR_004599745.1	352	253	0	0
XR_004599746.1	294	195	0	0
XR_004599747.1	1678	1579	0	0
XR_004599748.1	1472	1373	2	1.70432
XR_004599749.1	2350	2251	118.805	61.7519
XR_004599750.1	1483	1384	3	2.53616
XR_004599751.1	1153	1054	0	0
XR_004599752.1	1104	1005	0	0
XR_004599753.1	1085	986	3	3.55988
XR_004599754.1	5381	5282	8.39307	1.85914
XR_004599755.1	3020	2921	4	1.60221
XR_004599756.1	247	148	1	7.9055
XR_004599757.1	1793	1694	87.9696	60.7589
XR_004599758.1	1086	987	1.14212	1.35389
XR_004599759.1	1828	1729	2.4645	1.66773
XR_004599760.1	1030	931	0	0
XR_004599761.1	285	186	0	0
XR_004599762.1	408	309	5.16721	19.5654
XR_004599763.1	1709	1610	1	0.726716
XR_004599764.1	119	20.6109	0.0851064	4.83122
XR_004599765.1	119	20.6109	0.0851064	4.83122
XR_004599766.1	489	390	0	0
XR_004599767.1	119	20.6109	0.0851064	4.83122
XR_004599768.1	176	77	0	0
XR_004599769.1	119	20.6109	0.0851064	4.83122
XR_004599770.1	119	20.6109	0.0851064	4.83122
XR_004599771.1	119	20.6109	0.0851064	4.83122
XR_004599772.1	119	20.6109	0.0851064	4.83122
XR_004599773.1	7008	6909	0	0
XR_004599774.1	119	20.6109	0.0851064	4.83122
XR_004599775.1	119	20.6109	0.0851064	4.83122
XR_004599776.1	119	20.6109	0.0851064	4.83122
XR_004599777.1	119	20.6109	0.0851064	4.83122
XR_004599778.1	195	96	0	0
XR_004599779.1	353	254	0	0
XR_004599780.1	3157	3058	0	0
XR_004599781.1	3125	3026	2.11668	0.81842
XR_004599782.1	119	20.6109	0.0851064	4.83122
XR_004599783.1	2705	2606	0	0
XR_004599784.1	2234	2135	6.51995	3.57303
XR_004599785.1	3373	3274	5.19369	1.85604
XR_004599786.1	119	20.6109	0.0851064	4.83122
XR_004599787.1	1270	1171	0	0
XR_004599788.1	119	20.6109	0	0
XR_004599789.1	120	21.4973	0	0
XR_004599790.1	118	19.7438	0	0
XR_004599791.1	3785	3686	1.55766e-05	4.94433e-06
XR_004599792.1	139	40.0016	0	0
XR_004599793.1	1053	954	0	0
XR_004599794.1	245	146	0	0
XR_004599795.1	428	329	0	0
XR_004599796.1	371	272	0	0
XR_004599797.1	245	146	0	0
XR_004599798.1	923	824	3.2532	4.61928
XR_004599799.1	244	145	0	0
XR_004599800.1	917	818	0	0
XR_004599801.1	245	146	0	0
XR_004599802.1	2367	2268	20	10.3176
XR_004599803.1	119	20.6109	0.0851064	4.83122
XR_004599804.1	245	146	0	0
XR_004599805.1	3357	3258	27.8112	9.98758
XR_004599806.1	245	146	0	0
XR_004599807.1	389	290	0	0
XR_004599808.1	90	5.86172	2	399.205
XR_004599809.1	119	20.6109	0.0851064	4.83122
XR_004599810.1	5914	5815	0	0
XR_004599811.1	119	20.6109	0.0851064	4.83122
XR_004599812.1	1702	1603	2	1.45978
XR_004599813.1	709	610	0	0
XR_004599814.1	2669	2570	0	0
XR_004599815.1	1996	1897	13.1628	8.1184
XR_004599816.1	487	388	0	0
XR_004599817.1	1263	1164	40.9702	41.1819
XR_004599818.1	1469	1370	25.8926	22.1129
XR_004599819.1	252	153	4	30.5886
XR_004599820.1	351	252	1	4.64291
XR_004599821.1	1991	1892	0	0
XR_004599822.1	949	850	84.4719	116.274
XR_004599823.1	265	166	1	7.04827
XR_004599824.1	458	359	0	0
XR_004599825.1	506	407	0	0
XR_004599826.1	124	25.1994	4.517	209.726
XR_004599827.1	2889	2790	5.39	2.26035
XR_004599828.1	819	720	0	0
XR_004599829.1	2171	2072	3.53692	1.99722
XR_004599830.1	627	528	0	0
XR_004599831.1	487	388	1	3.0155
XR_004599832.1	496	397	0	0
XR_004599833.1	649	550	0	0
XR_004599834.1	819	720	0	0
XR_004599835.1	875	776	15.6944	23.6633
XR_004599836.1	1979	1880	5.26459	3.2764
XR_004599837.1	897	798	37.9364	55.6217
XR_004599838.1	1115	1016	7	8.06112
XR_004599839.1	981	882	17.0737	22.649
XR_004599840.1	772	673	3.92634	6.82596
XR_004599841.1	3780	3681	43.7887	13.9183
XR_004599842.1	1434	1335	6.26252	5.48857
XR_004599843.1	431	332	0	0
XR_004599844.1	425	326	0	0
XR_004599845.1	519	420	0	0
XR_004599846.1	392	293	0	0
XR_004599847.1	465	366	0	0
XR_004599848.1	454	355	0	0
XR_004599849.1	594	495	0	0
XR_004599850.1	412	313	0	0
XR_004599851.1	317	218	0	0
XR_004599852.1	327	228	0	0
XR_004599853.1	1234	1135	1	1.03085
XR_004599854.1	1499	1400	0	0
XR_004599855.1	484	385	5.27735	16.0379
XR_004599856.1	1074	975	0	0
XR_004599857.1	470	371	0	0
XR_004599858.1	870	771	0	0
XR_004599859.1	1255	1156	4.8353	4.89392
XR_004599860.1	785	686	0	0
XR_004599861.1	918	819	0	0
XR_004599862.1	2000	1901	0	0
XR_004599863.1	3615	3516	12.8694	4.28254
XR_004599864.1	2223	2124	0	0
XR_004599865.1	2018	1919	0	0
XR_004599866.1	1856	1757	0	0
XR_004599867.1	1316	1217	1	0.961391
XR_004599868.1	1169	1070	26.8876	29.4008
XR_004599869.1	719	620	13	24.5325
XR_004599870.1	780	681	2	3.43616
XR_004599871.1	737	638	0	0
XR_004599872.1	1131	1032	0	0
XR_004599873.1	875	776	0	0
XR_004599874.1	488	389	0	0
XR_004599875.1	1037	938	3.07798	3.83932
XR_004599876.1	345	246	0	0
XR_004599877.1	7154	7055	24.8647	4.1236
XR_004599878.1	1757	1658	0.0297067	0.0209633
XR_004599879.1	582	483	0	0
XR_004599880.1	548	449	0	0
XR_004599881.1	816	717	0	0
XR_004599882.1	551	452	2.97825	7.70928
XR_004599883.1	1034	935	7.91868	9.90905
XR_004599884.1	554	455	1.02106	2.6256
XR_004599885.1	631	532	0.069546	0.152951
XR_004599886.1	397	298	2.33771	9.17834
XR_004599887.1	1191	1092	0	0
XR_004599888.1	445	346	9.81569	33.1922
XR_004599889.1	959	860	0	0
XR_004599890.1	2168	2069	7.17322	4.05644
XR_004599891.1	1022	923	0	0
XR_004599892.1	1345	1246	0	0
XR_004599893.1	1726	1627	0	0
XR_004599894.1	1098	999	3	3.51355
XR_004599895.1	200	101	7	81.09
XR_004599896.1	221	122	0	0
XR_004599897.1	3863	3764	0	0
XR_004599898.1	2435	2336	0	0
XR_004599899.1	2311	2212	1.1468e-05	6.06587e-06
XR_004599900.1	883	784	0	0
XR_004599901.1	1827	1728	0	0
XR_004599902.1	754	655	0	0
XR_004599903.1	1416	1317	8.28302	7.35857
XR_004599904.1	508	409	0	0
XR_004599905.1	1795	1696	0	0
XR_004599906.1	1813	1714	0	0
XR_004599907.1	1674	1575	0	0
XR_004599908.1	1674	1575	0	0
XR_004599909.1	1552	1453	0	0
XR_004599910.1	1652	1553	0	0
XR_004599911.1	1442	1343	1.21915	1.06212
XR_004599912.1	1711	1612	0	0
XR_004599913.1	1550	1451	0	0
XR_004599914.1	1871	1772	0	0
XR_004599915.1	1775	1676	0	0
XR_004599916.1	1753	1654	0	0
XR_004599917.1	407	308	22	83.5724
XR_004599918.1	395	296	14.2531	56.3389
XR_004599919.1	4237	4138	3.70988	1.04896
XR_004599920.1	4246	4147	0.290119	0.0818528
XR_004599921.1	3246	3147	2.39291	0.889652
XR_004599922.1	2551	2452	26.6071	12.696
XR_004599923.1	1189	1090	18.0374	19.3614
XR_004599924.1	1261	1162	0	0
XR_004599925.1	775	676	42	72.6931
XR_004599926.1	746	647	4.88452	8.833
XR_004599927.1	5197	5098	48.1413	11.0486
XR_004599928.1	494	395	1.19407	3.53692
XR_004599929.1	3292	3193	1	0.366431
XR_004599930.1	2739	2640	1.00613	0.445902
XR_004599931.1	288	189	462.207	2861.31
XR_004599932.1	3000	2901	43	17.3425
XR_004599933.1	1279	1180	0	0
XR_004599934.1	1618	1519	24.33	18.7402
XR_004599935.1	188	89	0	0
XR_004599936.1	2061	1962	0	0
XR_004599937.1	1953	1854	0	0
XR_004599938.1	2075	1976	0	0
XR_004599939.1	2080	1981	0	0
XR_004599940.1	1915	1816	0	0
XR_004599941.1	1830	1731	0	0
XR_004599942.1	1986	1887	0	0
XR_004599943.1	1980	1881	0	0
XR_004599944.1	1974	1875	0	0
XR_004599945.1	312	213	0	0
XR_004599946.1	3119	3020	0	0
XR_004599947.1	585	486	0	0
XR_004599948.1	3195	3096	0	0
XR_004599949.1	2988	2889	0.00371398	0.00150412
XR_004599950.1	2964	2865	65.9963	26.9517
XR_004599951.1	1163	1064	0	0
XR_004599952.1	1616	1517	1	0.771268
XR_004599953.1	1058	959	0	0
XR_004599954.1	702	603	0	0
XR_004599955.1	1269	1170	0	0
XR_004599956.1	1736	1637	0	0
XR_004599957.1	1302	1203	5.87678	5.71564
XR_004599958.1	3054	2955	5.89281	2.33322
XR_004599959.1	1006	907	1.76055	2.27107
XR_004599960.1	1658	1559	0	0
XR_004599961.1	1442	1343	0	0
XR_004599962.1	930	831	0	0
XR_004599963.1	295	196	0	0
XR_004599964.1	1209	1110	0	0
XR_004599965.1	1935	1836	940.079	599.077
XR_004599966.1	136	37.0051	0	0
XR_004599967.1	561	462	14	35.455
XR_004599968.1	230	131	0	0
XR_004599969.1	224	125	0	0
XR_004599970.1	605	506	0	0
XR_004599971.1	676	577	0	0
XR_004599972.1	3781	3682	11.6997	3.71777
XR_004599973.1	3545	3446	0	0
XR_004599974.1	3456	3357	0	0
XR_004599975.1	944	845	4	5.53853
XR_004599976.1	447	348	0	0
XR_004599977.1	609	510	9.53271	21.8694
XR_004599978.1	3204	3105	19.2378	7.2491
XR_004599979.1	640	541	0	0
XR_004599980.1	1619	1520	0	0
XR_004599981.1	1648	1549	0	0
XR_004599982.1	450	351	0	0
XR_004599983.1	451	352	26.9929	89.7217
XR_004599984.1	469	370	0	0
XR_004599985.1	490	391	0	0
XR_004599986.1	470	371	0	0
XR_004599987.1	431	332	3.00712	10.5975
XR_004599988.1	444	345	0	0
XR_004599989.1	443	344	0	0
XR_004599990.1	1515	1416	14	11.5679
XR_004599991.1	369	270	0	0
XR_004599992.1	3241	3142	0	0
XR_004599993.1	325	226	3	15.5312
XR_004599994.1	1780	1681	0.999998	0.696021
XR_004599995.1	1887	1788	0	0
XR_004599996.1	221	122	0	0
XR_004599997.1	208	109	0	0
XR_004599998.1	578	479	18.6065	45.4485
XR_004599999.1	1661	1562	1	0.749048
XR_004600000.1	1744	1645	10.1453	7.21588
XR_004600001.1	496	397	15.8193	46.6216
XR_004600002.1	175	76	0	0
XR_004600003.1	496	397	16.4659	48.5272
XR_004600004.1	2116	2017	0.00326949	0.00189655
XR_004600005.1	2105	2006	1.99673	1.16461
XR_004600006.1	2071	1972	4.33307	2.57087
XR_004600007.1	1622	1523	0	0
XR_004600008.1	544	445	0	0
XR_004600009.1	548	449	2.54897	6.64217
XR_004600010.1	435	336	1.83952	6.40554
XR_004600011.1	2554	2455	0	0
XR_004600012.1	364	265	0	0
XR_004600013.1	1377	1278	4.24315	3.88462
XR_004600014.1	1192	1093	0	0
XR_004600015.1	1223	1124	1.34483	1.39988
XR_004600016.1	1046	947	0	0
XR_004600017.1	991	892	12.6754	16.626
XR_004600018.1	315	216	0	0
XR_004600019.1	2378	2279	0	0
XR_004600020.1	863	764	7.08157	10.8449
XR_004600021.1	2491	2392	0	0
XR_004600022.1	286	187	1	6.25676
XR_004600023.1	364	265	0	0
XR_004600024.1	531	432	0	0
XR_004600025.1	684	585	0	0
XR_004600026.1	666	567	0	0
XR_004600027.1	550	451	0	0
XR_004600028.1	531	432	0	0
XR_004600029.1	1452	1353	0	0
XR_004600030.1	1459	1360	0	0
XR_004600031.1	1544	1445	0	0
XR_004600032.1	1425	1326	0	0
XR_004600033.1	1165	1066	0	0
XR_004600034.1	1368	1269	0	0
XR_004600035.1	1472	1373	0	0
XR_004600036.1	1399	1300	0	0
XR_004600037.1	1199	1100	0	0
XR_004600038.1	1206	1107	0	0
XR_004600039.1	732	633	0	0
XR_004600040.1	1208	1109	0	0
XR_004600041.1	1227	1128	14.5484	15.0903
XR_004600042.1	2681	2582	1.05345e-05	4.77361e-06
XR_004600043.1	5010	4911	4	0.952974
XR_004600044.1	2712	2613	0	0
XR_004600045.1	2625	2526	0	0
XR_004600046.1	2550	2451	0	0
XR_004600047.1	5100	5001	11	2.57351
XR_004600048.1	666	567	0	0
XR_004600049.1	205	106	0	0
XR_004600050.1	208	109	0	0
XR_004600051.1	1718	1619	10.3336	7.46788
XR_004600052.1	257	158	0	0
XR_004600053.1	331	232	3	15.1295
XR_004600054.1	664	565	57	118.037
XR_004600055.1	211	112	0	0
XR_004600056.1	996	897	25	32.6091
XR_004600057.1	2479	2380	0	0
XR_004600058.1	1966	1867	0	0
XR_004600059.1	584	485	0	0
XR_004600060.1	2304	2205	1	0.530618
XR_004600061.1	781	682	0	0
XR_004600062.1	268	169	2	13.8463
XR_004600063.1	450	351	0	0
XR_004600064.1	432	333	0	0
XR_004600065.1	437	338	21	72.6931
XR_004600066.1	3948	3849	4	1.21591
XR_004600067.1	1642	1543	6	4.54963
XR_004600068.1	2021	1922	1	0.608748
XR_004600069.1	984	885	0	0
XR_004600070.1	4477	4378	0	0
XR_004600071.1	2869	2770	0	0
XR_004600072.1	2643	2544	0	0
XR_004600073.1	1032	933	3.30554	4.14526
XR_004600074.1	773	674	0	0
XR_004600075.1	410	311	0	0
XR_004600076.1	3376	3277	0	0
XR_004600077.1	3346	3247	0	0
XR_004600078.1	3337	3238	0	0
XR_004600079.1	1778	1679	0	0
XR_004600080.1	1739	1640	0	0
XR_004600081.1	1950	1851	0	0
XR_004600082.1	1752	1653	0	0
XR_004600083.1	2268	2169	0	0
XR_004600084.1	1560	1461	0	0
XR_004600085.1	2287	2188	0	0
XR_004600086.1	2687	2588	0	0
XR_004600087.1	2092	1993	0	0
XR_004600088.1	1365	1266	0	0
XR_004600089.1	1920	1821	0	0
XR_004600090.1	1428	1329	0	0
XR_004600091.1	1158	1059	2.10494	2.3256
XR_004600092.1	369	270	0	0
XR_004600093.1	3972	3873	1.48565	0.448808
XR_004600094.1	725	626	2	3.73806
XR_004600095.1	194	95	0	0
XR_004600096.1	377	278	0	0
XR_004600097.1	1079	980	0	0
XR_004600098.1	320	221	0	0
XR_004600099.1	415	316	0	0
XR_004600100.1	896	797	0	0
XR_004600101.1	762	663	0	0
XR_004600102.1	809	710	0	0
XR_004600103.1	2427	2328	0.162703	0.0817717
XR_004600104.1	2408	2309	12.3511	6.25854
XR_004600105.1	568	469	0	0
XR_004600106.1	1435	1336	0	0
XR_004600107.1	1060	961	0	0
XR_004600108.1	728	629	0	0
XR_004600109.1	1069	970	0	0
XR_004600110.1	3759	3660	0	0
XR_004600111.1	3749	3650	0	0
XR_004600112.1	1463	1364	0	0
XR_004600113.1	2421	2322	0.452793	0.228154
XR_004600114.1	4256	4157	9.86051	2.7753
XR_004600115.1	4251	4152	40.4578	11.4008
XR_004600116.1	7149	7050	0.00930367	0.00154403
XR_004600117.1	606	507	0	0
XR_004600118.1	2416	2317	2.97761e-05	1.5036e-05
XR_004600119.1	764	665	0	0
XR_004600120.1	7136	7037	0	0
XR_004600121.1	776	677	0	0
XR_004600122.1	1350	1251	3.83863	3.59012
XR_004600123.1	613	514	0	0
XR_004600124.1	2782	2683	0	0
XR_004600125.1	852	753	0	0
XR_004600126.1	534	435	7	18.8278
XR_004600127.1	584	485	21.769	52.5156
XR_004600128.1	693	594	0	0
XR_004600129.1	2761	2662	14	6.15334
XR_004600130.1	2934	2835	16.4074	6.7714
XR_004600131.1	1258	1159	0.680628	0.687096
XR_004600132.1	1345	1246	0	0
XR_004600133.1	579	480	5	12.1876
XR_004600134.1	1975	1876	6	3.74205
XR_004600135.1	392	293	0	0
XR_004600136.1	3121	3022	0	0
XR_004600137.1	1147	1048	0	0
XR_004600138.1	871	772	0	0
XR_004600139.1	1561	1462	0	0
XR_004600140.1	287	188	0	0
XR_004600141.1	1315	1216	8.0992	7.79291
XR_004600142.1	2117	2018	0	0
XR_004600143.1	662	563	0	0
XR_004600144.1	447	348	3	10.0863
XR_004600145.1	622	523	0.154906	0.346543
XR_004600146.1	666	567	0	0
XR_004600147.1	807	708	0	0
XR_004600148.1	3874	3775	0	0
XR_004600149.1	1158	1059	10.1654	11.231
XR_004600150.1	429	330	0	0
XR_004600151.1	5586	5487	49	10.4485
XR_004600152.1	556	457	0	0
XR_004600153.1	455	356	0	0
XR_004600154.1	974	875	0	0
XR_004600155.1	1857	1758	2.40973	1.60376
XR_004600156.1	4241	4142	1.49785	0.423105
XR_004600157.1	4553	4454	2	0.525376
XR_004600158.1	2035	1936	14.4447	8.7296
XR_004600159.1	942	843	15.2319	21.1406
XR_004600160.1	2219	2120	33.7574	18.6305
XR_004600161.1	655	556	0	0
XR_004600162.1	1471	1372	0	0
XR_004600163.1	1046	947	0	0
XR_004600164.1	1571	1472	0	0
XR_004600165.1	712	613	0	0
XR_004600166.1	734	635	0	0
XR_004600167.1	1247	1148	18.1515	18.4995
XR_004600168.1	3260	3161	1	0.37014
XR_004600169.1	660	561	0	0
XR_004600170.1	2220	2121	0	0
XR_004600171.1	563	464	0	0
XR_004600172.1	1696	1597	0	0
XR_004600173.1	340	241	5.10924	24.8045
XR_004600174.1	365	266	0	0
XR_004600175.1	177	78	0	0
XR_004600176.1	923	824	0	0
XR_004600177.1	1307	1208	2	1.93711
XR_004600178.1	327	228	0	0
XR_004600179.1	1162	1063	0	0
XR_004600180.1	991	892	1.36873	1.79533
XR_004600181.1	778	679	0	0
XR_004600182.1	647	548	0	0
XR_004600183.1	1078	979	1	1.19511
XR_004600184.1	420	321	0	0
XR_004600185.1	2002	1903	5	3.07413
XR_004600186.1	1633	1534	0	0
XR_004600187.1	1170	1071	2	2.1849
XR_004600188.1	1642	1543	1.3803	1.04665
XR_004600189.1	1099	1000	0	0
XR_004600190.1	567	468	6.27418	15.6856
XR_004600191.1	1256	1157	1	1.01125
XR_004600192.1	3303	3204	0	0
XR_004600193.1	2729	2630	1.20047	0.534054
XR_004600194.1	502	403	3	8.70978
XR_004600195.1	550	451	0	0
XR_004600196.1	619	520	0	0
XR_004600197.1	3131	3032	0	0
XR_004600198.1	3025	2926	8.63127	3.45137
XR_004600199.1	553	454	0	0
XR_004600200.1	1105	1006	0	0
XR_004600201.1	981	882	1	1.32655
XR_004600202.1	829	730	0	0
XR_004600203.1	935	836	190.837	267.084
XR_004600204.1	1711	1612	35.9717	26.1088
XR_004600205.1	418	319	0	0
XR_004600206.1	209	110	2	21.273
XR_004600207.1	258	159	0	0
XR_004600208.1	983	884	2	2.64709
XR_004600209.1	660	561	2	4.17117
XR_004600210.1	1182	1083	0	0
XR_004600211.1	1356	1257	2.07785	1.93406
XR_004600212.1	779	680	2	3.44122
XR_004600213.1	159	60	0	0
XR_004600214.1	804	705	0	0
XR_004600215.1	110	13.6941	0	0
XR_004600216.1	493	394	0	0
XR_004600217.1	1760	1661	0	0
XR_004600218.1	2604	2505	6	2.80243
XR_004600219.1	387	288	0	0
XR_004600220.1	254	155	21.524	162.474
XR_004600221.1	3892	3793	0	0
XR_004600222.1	3520	3421	0	0
XR_004600223.1	3540	3441	29.1903	9.92531
XR_004600224.1	604	505	0	0
XR_004600225.1	227	128	0	0
XR_004600226.1	720	621	0	0
XR_004600227.1	431	332	0	0
XR_004600228.1	495	396	0	0
XR_004600229.1	283	184	0	0
XR_004600230.1	274	175	0	0
XR_004600231.1	626	527	0	0
XR_004600232.1	301	202	0.285588	1.65417
XR_004600233.1	1330	1231	2.78734	2.64925
XR_004600234.1	1623	1524	0	0
XR_004600235.1	718	619	0	0
XR_004600236.1	1279	1180	0	0
XR_004600237.1	1119	1020	4.23099	4.85325
XR_004600238.1	695	596	0	0
XR_004600239.1	586	487	2	4.80498
XR_004600240.1	467	368	0	0
XR_004600241.1	620	521	0	0
XR_004600242.1	1109	1010	0	0
XR_004600243.1	2300	2201	1.23606	0.657067
XR_004600244.1	1496	1397	0	0
XR_004600245.1	2959	2860	50.9633	20.8489
XR_004600246.1	685	586	1.13652	2.26918
XR_004600247.1	1657	1558	24.7302	18.5716
XR_004600248.1	1662	1563	4.40428	3.29691
XR_004600249.1	425	326	4	14.356
XR_004600250.1	1697	1598	24.6945	18.0806
XR_004600251.1	587	488	0	0
XR_004600252.1	321	222	0	0
XR_004600253.1	484	385	0	0
XR_004600254.1	1053	954	0	0
XR_004600255.1	914	815	0	0
XR_004600256.1	888	789	1.34529	1.99494
XR_004600257.1	557	458	0	0
XR_004600258.1	810	711	0	0
XR_004600259.1	1234	1135	0	0
XR_004600260.1	1215	1116	0	0
XR_004600261.1	1101	1002	0	0
XR_004600262.1	1081	982	0	0
XR_004600263.1	1521	1422	0	0
XR_004600264.1	1372	1273	0	0
XR_004600265.1	1453	1354	0	0
XR_004600266.1	1553	1454	0	0
XR_004600267.1	1434	1335	0	0
XR_004600268.1	1445	1346	0	0
XR_004600269.1	1211	1112	0	0
XR_004600270.1	1071	972	0	0
XR_004600271.1	821	722	0	0
XR_004600272.1	661	562	0	0
XR_004600273.1	1460	1361	14.4985	12.464
XR_004600274.1	381	282	0	0
XR_004600275.1	3062	2963	1.01147	0.399404
XR_004600276.1	1124	1025	10.8075	12.3365
XR_004600277.1	3535	3436	0	0
XR_004600278.1	3697	3598	0	0
XR_004600279.1	3549	3450	0	0
XR_004600280.1	3589	3490	0	0
XR_004600281.1	3534	3435	0	0
XR_004600282.1	3458	3359	0	0
XR_004600283.1	3542	3443	0	0
XR_004600284.1	3488	3389	0	0
XR_004600285.1	3751	3652	0	0
XR_004600286.1	3704	3605	0	0
XR_004600287.1	3556	3457	0	0
XR_004600288.1	3650	3551	0	0
XR_004600289.1	3502	3403	0	0
XR_004600290.1	3488	3389	0	0
XR_004600291.1	3407	3308	0	0
XR_004600292.1	3493	3394	0	0
XR_004600293.1	3547	3448	0	0
XR_004600294.1	3446	3347	0	0
XR_004600295.1	3457	3358	0	0
XR_004600296.1	3593	3494	26.9465	9.02341
XR_004600297.1	582	483	4.46538	10.8169
XR_004600298.1	3243	3144	0	0
XR_004600299.1	1870	1771	25	16.5163
XR_004600300.1	1556	1457	5.68642e-06	4.56636e-06
XR_004600301.1	774	675	0	0
XR_004600302.1	754	655	0	0
XR_004600303.1	803	704	0	0
XR_004600304.1	537	438	0	0
XR_004600305.1	3914	3815	0	0
XR_004600306.1	3697	3598	21.8327	7.09965
XR_004600307.1	3726	3627	0.0017765	0.00057307
XR_004600308.1	3834	3735	0	0
XR_004600309.1	493	394	0	0
XR_004600310.1	1107	1008	0	0
XR_004600311.1	1919	1820	0	0
XR_004600312.1	914	815	0.999999	1.4356
XR_004600313.1	862	763	4	6.13375
XR_004600314.1	555	456	8	20.5266
XR_004600315.1	276	177	0	0
XR_004600316.1	559	460	39.9116	101.515
XR_004600317.1	968	869	40.9096	55.0803
XR_004600318.1	751	652	79	141.765
XR_004600319.1	2518	2419	29	14.0266
XR_004600320.1	1756	1657	49.6222	35.0384
XR_004600321.1	518	419	1	2.79239
XR_004600322.1	4055	3956	0	0
XR_004600323.1	3973	3874	3.83129e-06	1.15711e-06
XR_004600324.1	502	403	0	0
XR_004600325.1	329	230	0	0
XR_004600326.1	870	771	0	0
XR_004600327.1	6610	6511	0	0
XR_004600328.1	3194	3095	0	0
XR_004600329.1	3143	3044	0	0
XR_004600330.1	3166	3067	5.03905	1.92232
XR_004600331.1	3178	3079	4.96095	1.88515
XR_004600332.1	3036	2937	0	0
XR_004600333.1	1814	1715	0	0
XR_004600334.1	915	816	7.98185	11.4447
XR_004600335.1	148	49	0	0
XR_004600336.1	133	34.0145	0	0
XR_004600337.1	2239	2140	18	9.84123
XR_004600338.1	564	465	0	0
XR_004600339.1	1523	1424	20	16.4328
XR_004600340.1	1913	1814	27.9208	18.0087
XR_004600341.1	1886	1787	0.010664	0.00698208
XR_004600342.1	581	482	0	0
XR_004600343.1	288	189	0	0
XR_004600344.1	683	584	0	0
XR_004600345.1	556	457	0	0
XR_004600346.1	941	842	0	0
XR_004600347.1	7021	6922	0	0
XR_004600348.1	1520	1421	75.1433	61.871
XR_004600349.1	1524	1425	37.8003	31.0364
XR_004600350.1	332	233	0	0
XR_004600351.1	1432	1333	0	0
XR_004600352.1	875	776	0	0
XR_004600353.1	856	757	18.2296	28.1755
XR_004600354.1	765	666	0	0
XR_004600355.1	652	553	3.16009	6.68597
XR_004600356.1	1391	1292	60.9743	55.2173
XR_004600357.1	1040	941	0	0
XR_004600358.1	1388	1289	0	0
XR_004600359.1	479	380	4.74091	14.5972
XR_004600360.1	1648	1549	2.60502	1.96766
XR_004600361.1	1392	1293	0	0
XR_004600362.1	659	560	0	0
XR_004600363.1	279	180	0	0
XR_004600364.1	427	328	0	0
XR_004600365.1	2703	2604	4	1.79726
XR_004600366.1	1166	1067	9	9.8689
XR_004600367.1	1502	1403	0	0
XR_004600368.1	982	883	0	0
XR_004600369.1	1011	912	0	0
XR_004600370.1	2110	2011	2.37563	1.38216
XR_004600371.1	201	102	0	0
XR_004600372.1	913	814	0	0
XR_004600373.1	6967	6868	13.3628	2.27645
XR_004600374.1	1234	1135	2.51645	2.59408
XR_004600375.1	1779	1680	0	0
XR_004600376.1	2155	2056	28.2116	16.0545
XR_004600377.1	425	326	0	0
XR_004600378.1	297	198	0	0
XR_004600379.1	1237	1138	0.090604	0.0931528
XR_004600380.1	867	768	0	0
XR_004600381.1	575	476	12	29.4961
XR_004600382.1	991	892	0	0
XR_004600383.1	396	297	2	7.87888
XR_004600384.1	1722	1623	1	0.720896
XR_004600385.1	1160	1061	0	0
XR_004600386.1	463	364	0	0
XR_004600387.1	72	3.541	0	0
XR_004600388.1	4612	4513	30.3085	7.85759
XR_004600389.1	1093	994	1	1.17708
XR_004600390.1	1494	1395	0	0
XR_004600391.1	1511	1412	0	0
XR_004600392.1	1416	1317	0	0
XR_004600393.1	726	627	0	0
XR_004600394.1	436	337	0	0
XR_004600395.1	1001	902	0	0
XR_004600396.1	546	447	0	0
XR_004600397.1	867	768	6.6233	10.0903
XR_004600398.1	1119	1020	0	0
XR_004600399.1	929	830	0	0
XR_004600400.1	806	707	0	0
XR_004600401.1	1900	1801	1	0.649647
XR_004600402.1	100	8.66635	0	0
XR_004600403.1	298	199	0	0
XR_004600404.1	318	219	0	0
XR_004600405.1	398	299	0	0
XR_004600406.1	604	505	1	2.31686
XR_004600407.1	480	381	1	3.0709
XR_004600408.1	7246	7147	0	0
XR_004600409.1	6293	6194	3.95014	0.74616
XR_004600410.1	638	539	1	2.17071
XR_004600411.1	288	189	0	0
XR_004600412.1	2261	2162	2.12004	1.1473
XR_004600413.1	1107	1008	4.50123	5.22471
XR_004600414.1	2173	2074	0	0
XR_004600415.1	1903	1804	0	0
XR_004600416.1	2117	2018	0.278341	0.161379
XR_004600417.1	690	591	5.88467	11.65
XR_004600418.1	756	657	4	7.12337
XR_004600419.1	437	338	43	148.848
XR_004600420.1	417	318	0	0
XR_004600421.1	924	825	6.12905e-07	8.69221e-07
XR_004600422.1	2016	1917	0	0
XR_004600423.1	1985	1886	1.193	0.740099
XR_004600424.1	1953	1854	13.1669	8.30929
XR_004600425.1	404	305	2	7.67222
XR_004600426.1	554	455	1	2.57146
XR_004600427.1	1873	1774	0	0
XR_004600428.1	205	106	0	0
XR_004600429.1	237	138	0	0
XR_004600430.1	1349	1250	3.07889	2.88187
XR_004600431.1	1181	1082	0	0
XR_004600432.1	917	818	0	0
XR_004600433.1	912	813	1	1.43913
XR_004600434.1	841	742	16.291	25.6883
XR_004600435.1	1817	1718	2	1.36206
XR_004600436.1	723	624	60	112.501
XR_004600437.1	546	447	0	0
XR_004600438.1	3316	3217	12.9951	4.72627
XR_004600439.1	1086	987	5.40412	6.40617
XR_004600440.1	516	417	0	0
XR_004600441.1	501	402	0	0
XR_004600442.1	553	454	0	0
XR_004600443.1	470	371	1	3.15367
XR_004600444.1	446	347	0	0
XR_004600445.1	1040	941	1	1.24337
XR_004600446.1	533	434	0	0
XR_004600447.1	761	662	0	0
XR_004600448.1	3520	3421	2	0.684018
XR_004600449.1	1901	1802	0	0
XR_004600450.1	4023	3924	0	0
XR_004600451.1	4154	4055	0	0
XR_004600452.1	262	163	0	0
XR_004600453.1	777	678	1.04062	1.79578
XR_004600454.1	2059	1960	0	0
XR_004600455.1	2064	1965	2.09751	1.24891
XR_004600456.1	2054	1955	24.6686	14.7635
XR_004600457.1	3178	3079	0	0
XR_004600458.1	3058	2959	0	0
XR_004600459.1	3150	3051	0	0
XR_004600460.1	3356	3257	0	0
XR_004600461.1	3343	3244	0	0
XR_004600462.1	2989	2890	0	0
XR_004600463.1	2935	2836	0	0
XR_004600464.1	3062	2963	0	0
XR_004600465.1	2746	2647	0	0
XR_004600466.1	3052	2953	0	0
XR_004600467.1	2627	2528	0	0
XR_004600468.1	723	624	0	0
XR_004600469.1	1969	1870	0	0
XR_004600470.1	188	89	1	13.1462
XR_004600471.1	6976	6877	0.708395	0.120522
XR_004600472.1	2911	2812	2	0.832157
XR_004600473.1	707	608	0	0
XR_004600474.1	8471	8372	3.43256e-06	4.7971e-07
XR_004600475.1	8471	8372	3.43256e-06	4.7971e-07
XR_004600476.1	8349	8250	0	0
XR_004600477.1	593	494	5.54996	13.1448
XR_004600478.1	466	367	0	0
XR_004600479.1	151	52	0	0
XR_004600480.1	975	876	1	1.33563
XR_004600481.1	1296	1197	0	0
XR_004600482.1	943	844	1	1.38627
XR_004600483.1	488	389	0	0
XR_004600484.1	956	857	2	2.73049
XR_004600485.1	3419	3320	43.0785	15.1814
XR_004600486.1	1685	1586	0	0
XR_004600487.1	985	886	0	0
XR_004600488.1	1789	1690	0	0
XR_004600489.1	1743	1644	0	0
XR_004600490.1	1212	1113	0	0
XR_004600491.1	1496	1397	0	0
XR_004600492.1	1108	1009	0	0
XR_004600493.1	943	844	76	105.357
XR_004600494.1	549	450	0	0
XR_004600495.1	3030	2931	0	0
XR_004600496.1	1374	1275	0	0
XR_004600497.1	3263	3164	49.3056	18.2327
XR_004600498.1	528	429	61	166.366
XR_004600499.1	1400	1301	2	1.79864
XR_004600500.1	3109	3010	73	28.3757
XR_004600501.1	992	893	12.1003	15.8538
XR_004600502.1	421	322	0	0
XR_004600503.1	441	342	1	3.42109
XR_004600504.1	1681	1582	0	0
XR_004600505.1	760	661	0	0
XR_004600506.1	830	731	2	3.20113
XR_004600507.1	336	237	1	4.93677
XR_004600508.1	926	827	0	0
XR_004600509.1	675	576	0	0
XR_004600510.1	1754	1655	11.0834	7.83546
XR_004600511.1	900	801	0	0
XR_004600512.1	6774	6675	28.9144	5.0682
XR_004600513.1	1603	1504	3.33748e-07	2.59634e-07
XR_004600514.1	1584	1485	1	0.787888
XR_004600515.1	260	161	0	0
XR_004600516.1	2079	1980	4.59766	2.71683
XR_004600517.1	2052	1953	248.497	148.871
XR_004600518.1	2194	2095	0	0
XR_004600519.1	1363	1264	0	0
XR_004600520.1	496	397	0	0
XR_004600521.1	390	291	8	32.1653
XR_004600522.1	4169	4070	20	5.74945
XR_004600523.1	793	694	0	0
XR_004600524.1	7060	6961	0	0
XR_004600525.1	3707	3608	0	0
XR_004600526.1	3179	3080	0	0
XR_004600527.1	3108	3009	0	0
XR_004600528.1	3456	3357	0	0
XR_004600529.1	2930	2831	2.00202	0.827406
XR_004600530.1	1436	1337	404.292	353.798
XR_004600531.1	1170	1071	1.71725	1.87601
XR_004600532.1	1918	1819	11	7.0754
XR_004600533.1	447	348	1	3.36211
XR_004600534.1	494	395	0	0
XR_004600535.1	657	558	0	0
XR_004600536.1	1146	1047	8	8.93993
XR_004600537.1	8040	7941	0	0
XR_004600538.1	775	676	0	0
XR_004600539.1	1792	1693	1.05054	0.726016
XR_004600540.1	475	376	0	0
XR_004600541.1	1212	1113	0	0
XR_004600542.1	961	862	0	0
XR_004600543.1	609	510	0	0
XR_004600544.1	1295	1196	0.115016	0.112517
XR_004600545.1	1290	1191	15.6652	15.3891
XR_004600546.1	569	470	2.96825	7.38912
XR_004600547.1	1097	998	0	0
XR_004600548.1	1447	1348	0	0
XR_004600549.1	1000	901	19.5157	25.3426
XR_004600550.1	772	673	182	316.408
XR_004600551.1	2874	2775	0	0
XR_004600552.1	624	525	0	0
XR_004600553.1	598	499	0	0
XR_004600554.1	3564	3465	0	0
XR_004600555.1	2671	2572	64.4622	29.3241
XR_004600556.1	3398	3299	1.51261	0.536457
XR_004600557.1	3398	3299	1.51261	0.536457
XR_004600558.1	3398	3299	1.51261	0.536457
XR_004600559.1	562	463	0.696034	1.7589
XR_004600560.1	319	220	183	973.238
XR_004600561.1	466	367	0	0
XR_004600562.1	2501	2402	0	0
XR_004600563.1	351	252	0	0
XR_004600564.1	381	282	15	62.2348
XR_004600565.1	1063	964	36	43.6934
XR_004600566.1	1893	1794	2	1.30436
XR_004600567.1	497	398	0	0
XR_004600568.1	3546	3447	4	1.35772
XR_004600569.1	271	172	0	0
XR_004600570.1	1088	989	82.8425	98.0049
XR_004600571.1	458	359	0	0
XR_004600572.1	1373	1274	0	0
XR_004600573.1	1471	1372	0	0
XR_004600574.1	1391	1292	0	0
XR_004600575.1	651	552	0	0
XR_004600576.1	1118	1019	0	0
XR_004600577.1	970	871	0	0
XR_004600578.1	757	658	0	0
XR_004600579.1	998	899	0	0
XR_004600580.1	872	773	0	0
XR_004600581.1	506	407	0	0
XR_004600582.1	504	405	3.69369	10.6708
XR_004600583.1	1023	924	0	0
XR_004600584.1	858	759	22	33.9134
XR_004600585.1	3004	2905	0	0
XR_004600586.1	3891	3792	0	0
XR_004600587.1	2966	2867	0	0
XR_004600588.1	2859	2760	10.7128	4.54136
XR_004600589.1	2567	2468	1	0.474074
XR_004600590.1	497	398	2	5.87946
XR_004600591.1	493	394	0	0
XR_004600592.1	6815	6716	0	0
XR_004600593.1	3915	3816	0	0
XR_004600594.1	2549	2450	0	0
XR_004600595.1	2535	2436	0	0
XR_004600596.1	2475	2376	0	0
XR_004600597.1	2578	2479	0	0
XR_004600598.1	2547	2448	5.01982	2.3992
XR_004600599.1	2592	2493	0	0
XR_004600600.1	2435	2336	0	0
XR_004600601.1	2439	2340	0	0
XR_004600602.1	2379	2280	0	0
XR_004600603.1	2433	2334	0	0
XR_004600604.1	2558	2459	0	0
XR_004600605.1	2830	2731	0	0
XR_004600606.1	841	742	3.51459	5.54194
XR_004600607.1	2271	2172	0	0
XR_004600608.1	2184	2085	0	0
XR_004600609.1	1880	1781	0	0
XR_004600610.1	1767	1668	0	0
XR_004600611.1	1699	1600	0	0
XR_004600612.1	1742	1643	0	0
XR_004600613.1	1619	1520	0	0
XR_004600614.1	761	662	0	0
XR_004600615.1	1487	1388	0	0
XR_004600616.1	1716	1617	33.9	24.529
XR_004600617.1	1243	1144	7.01946	7.17908
XR_004600618.1	4626	4527	0	0
XR_004600619.1	2204	2105	0	0
XR_004600620.1	2148	2049	31.8054	18.1614
XR_004600621.1	1995	1896	0	0
XR_004600622.1	354	255	0	0
XR_004600623.1	1128	1029	24.9344	28.3514
XR_004600624.1	930	831	0	0
XR_004600625.1	1563	1464	7	5.59433
XR_004600626.1	1275	1176	438	435.77
XR_004600627.1	826	727	0	0
XR_004600628.1	708	609	0	0
XR_004600629.1	511	412	0	0
XR_004600630.1	2071	1972	0	0
XR_004600631.1	1485	1386	25.9382	21.8961
XR_004600632.1	1440	1341	0.00222076	0.0019376
XR_004600633.1	2838	2739	1	0.427168
XR_004600634.1	1010	911	0	0
XR_004600635.1	512	413	0	0
XR_004600636.1	961	862	1	1.35732
XR_004600637.1	4541	4442	45.3834	11.9539
XR_004600638.1	1062	963	0	0
XR_004600639.1	406	307	0	0
XR_004600640.1	319	220	0	0
XR_004600641.1	3194	3095	0	0
XR_004600642.1	1678	1579	15.5107	11.4931
XR_004600643.1	363	264	0	0
XR_004600644.1	325	226	1.60638	8.31629
XR_004600645.1	2502	2403	0	0
XR_004600646.1	2564	2465	0	0
XR_004600647.1	1377	1278	0	0
XR_004600648.1	3787	3688	0	0
XR_004600649.1	828	729	0	0
XR_004600650.1	678	579	0	0
XR_004600651.1	1562	1463	0	0
XR_004600652.1	645	546	0	0
XR_004600653.1	1715	1616	0	0
XR_004600654.1	385	286	0	0
XR_004600655.1	2582	2483	0	0
XR_004600656.1	167	68	1	17.2061
XR_004600657.1	798	699	32.669	54.6827
XR_004600658.1	256	157	0	0
XR_004600659.1	375	276	2	8.47836
XR_004600660.1	475	376	0	0
XR_004600661.1	1723	1624	7	5.04316
XR_004600662.1	652	553	0	0
XR_004600663.1	1338	1239	0	0
XR_004600664.1	2178	2079	2.55386	1.43726
XR_004600665.1	3899	3800	1.22716	0.37784
XR_004600666.1	225	126	2	18.5716
XR_004600667.1	761	662	0	0
XR_004600668.1	703	604	0	0
XR_004600669.1	2864	2765	0	0
XR_004600670.1	787	688	45	76.527
XR_004600671.1	960	861	1	1.3589
XR_004600672.1	2490	2391	0	0
XR_004600673.1	2593	2494	0	0
XR_004600674.1	601	502	4.52939	10.5567
XR_004600675.1	1706	1607	2	1.45615
XR_004600676.1	937	838	1	1.3962
XR_004600677.1	421	322	5	18.1679
XR_004600678.1	439	340	0	0
XR_004600679.1	558	459	6	15.2943
XR_004600680.1	790	691	4	6.77287
XR_004600681.1	1313	1214	0	0
XR_004600682.1	822	723	2	3.23655
XR_004600683.1	1212	1113	7.26367	7.63575
XR_004600684.1	176	77	1	15.195
XR_004600685.1	540	441	13.7432	36.4619
XR_004600686.1	845	746	2	3.13677
XR_004600687.1	3761	3662	10.5884	3.38301
XR_004600688.1	3690	3591	0	0
XR_004600689.1	1744	1645	0	0
XR_004600690.1	5514	5415	3.34996	0.723823
XR_004600691.1	1940	1841	1	0.635531
XR_004600692.1	1904	1805	2	1.29641
XR_004600693.1	189	90	0	0
XR_004600694.1	417	318	0	0
XR_004600695.1	1495	1396	0	0
XR_004600696.1	1202	1103	0	0
XR_004600697.1	615	516	0	0
XR_004600698.1	184	85	0	0
XR_004600699.1	666	567	0	0
XR_004600700.1	565	466	0	0
XR_004600701.1	850	751	0	0
XR_004600702.1	1539	1440	25.2477	20.514
XR_004600703.1	413	314	37	137.868
XR_004600704.1	1336	1237	2.23379	2.11283
XR_004600705.1	1253	1154	0	0
XR_004600706.1	498	399	0	0
XR_004600707.1	498	399	0	0
XR_004600708.1	424	325	0	0
XR_004600709.1	505	406	0	0
XR_004600710.1	568	469	0	0
XR_004600711.1	561	462	0	0
XR_004600712.1	561	462	0	0
XR_004600713.1	566	467	0	0
XR_004600714.1	485	386	0	0
XR_004600715.1	417	318	1	3.67929
XR_004600716.1	476	377	9	27.9314
XR_004600717.1	779	680	0	0
XR_004600718.1	447	348	0	0
XR_004600719.1	352	253	0	0
XR_004600720.1	485	386	0	0
XR_004600721.1	414	315	16.5575	61.5
XR_004600722.1	699	600	0	0
XR_004600723.1	675	576	0.365439	0.742306
XR_004600724.1	451	352	0	0
XR_004600725.1	1404	1305	16.4183	14.72
XR_004600726.1	1362	1263	23.6445	21.9037
XR_004600727.1	2750	2651	0	0
XR_004600728.1	1025	926	11	13.8986
XR_004600729.1	3943	3844	17.0298	5.18343
XR_004600730.1	1374	1275	0	0
XR_004600731.1	1689	1590	0	0
XR_004600732.1	780	681	2	3.43616
XR_004600733.1	705	606	0	0
XR_004600734.1	1482	1383	20	16.9199
XR_004600735.1	495	396	0	0
XR_004600736.1	2855	2756	39.3922	16.7233
XR_004600737.1	5816	5717	13	2.66052
XR_004600738.1	980	881	29.2764	38.8806
XR_004600739.1	811	712	0	0
XR_004600740.1	660	561	0	0
XR_004600741.1	578	479	0	0
XR_004600742.1	4355	4256	1.04928	0.288458
XR_004600743.1	3017	2918	0	0
XR_004600744.1	2915	2816	0	0
XR_004600745.1	741	642	4	7.2898
XR_004600746.1	2449	2350	0	0
XR_004600747.1	621	522	0	0
XR_004600748.1	263	164	0	0
XR_004600749.1	2367	2268	15.4286	7.95927
XR_004600750.1	461	362	0	0
XR_004600751.1	3350	3251	0	0
XR_004600752.1	2457	2358	0	0
XR_004600753.1	3253	3154	61.5546	22.8344
XR_004600754.1	862	763	0	0
XR_004600755.1	347	248	0	0
XR_004600756.1	473	374	0.628214	1.96529
XR_004600757.1	2936	2837	0	0
XR_004600758.1	3769	3670	27.5238	8.77471
XR_004600759.1	1520	1421	0	0
XR_004600760.1	832	733	0	0
XR_004600761.1	1381	1282	31.7645	28.9897
XR_004600762.1	541	442	0	0
XR_004600763.1	1989	1890	0	0
XR_004600764.1	1910	1811	0	0
XR_004600765.1	534	435	18	48.4143
XR_004600766.1	1022	923	0	0
XR_004600767.1	595	496	2	4.7178
XR_004600768.1	6032	5933	0	0
XR_004600769.1	2128	2029	15.1042	8.70978
XR_004600770.1	2555	2456	0	0
XR_004600771.1	2583	2484	0	0
XR_004600772.1	1924	1825	0.020577	0.013192
XR_004600773.1	2097	1998	0	0
XR_004600774.1	1918	1819	0.979423	0.629982
XR_004600775.1	858	759	0	0
XR_004600776.1	1029	930	0	0
XR_004600777.1	939	840	0	0
XR_004600778.1	403	304	0	0
XR_004600779.1	4245	4146	1451.71	409.676
XR_004600780.1	3901	3802	6.21981	1.91406
XR_004600781.1	3272	3173	6	2.21244
XR_004600782.1	2707	2608	26.6152	11.9402
XR_004600783.1	2167	2068	0	0
XR_004600784.1	1128	1029	3	3.41112
XR_004600785.1	1104	1005	2	2.32838
XR_004600786.1	2206	2107	16.9575	9.41649
XR_004600787.1	1406	1307	0	0
XR_004600788.1	1203	1104	6	6.35877
XR_004600789.1	1719	1620	8.23065	5.94443
XR_004600790.1	708	609	6	11.5272
XR_004600791.1	695	596	0	0
XR_004600792.1	3904	3805	0	0
XR_004600793.1	3342	3243	0	0
XR_004600794.1	1639	1540	0	0
XR_004600795.1	1398	1299	0	0
XR_004600796.1	3823	3724	0	0
XR_004600797.1	1151	1052	0	0
XR_004600798.1	2411	2312	0	0
XR_004600799.1	2403	2304	0	0
XR_004600800.1	2315	2216	0	0
XR_004600801.1	1623	1524	0	0
XR_004600802.1	1669	1570	0	0
XR_004600803.1	2460	2361	0	0
XR_004600804.1	872	773	0	0
XR_004600805.1	695	596	1	1.96311
XR_004600806.1	539	440	0	0
XR_004600807.1	518	419	0	0
XR_004600808.1	829	730	0	0
XR_004600809.1	233	134	42.3643	369.902
XR_004600810.1	194	95	4.10364	50.5402
XR_004600811.1	2806	2707	1	0.432218
XR_004600812.1	322	223	0	0
XR_004600813.1	2783	2684	2	0.871843
XR_004600814.1	3918	3819	0	0
XR_004600815.1	1885	1786	0	0
XR_004600816.1	715	616	0	0
XR_004600817.1	667	568	0	0
XR_004600818.1	655	556	0	0
XR_004600819.1	593	494	1	2.36845
XR_004600820.1	614	515	0	0
XR_004600821.1	595	496	0	0
XR_004600822.1	705	606	0	0
XR_004600823.1	615	516	0	0
XR_004600824.1	642	543	0	0
XR_004600825.1	371	272	0	0
XR_004600826.1	557	458	0	0
XR_004600827.1	1069	970	0	0
XR_004600828.1	562	463	0	0
XR_004600829.1	2770	2671	2.79465	1.22418
XR_004600830.1	3055	2956	1	0.39581
XR_004600831.1	1467	1368	7.13498	6.10236
XR_004600832.1	347	248	0	0
XR_004600833.1	604	505	1	2.31686
XR_004600834.1	535	436	0	0
XR_004600835.1	372	273	2	8.57153
XR_004600836.1	847	748	0	0
XR_004600837.1	402	303	0	0
XR_004600838.1	1419	1320	1	0.886374
XR_004600839.1	1467	1368	0	0
XR_004600840.1	1396	1297	6	5.41255
XR_004600841.1	273	174	0	0
XR_004600842.1	478	379	0	0
XR_004600843.1	1591	1492	4	3.13677
XR_004600844.1	465	366	0.0851844	0.272314
XR_004600845.1	1854	1755	16.8163	11.211
XR_004600846.1	2445	2346	161.525	80.5568
XR_004600847.1	3048	2949	2.79941	1.11067
XR_004600848.1	4669	4570	8.52216	2.18185
XR_004600849.1	337	238	0	0
XR_004600850.1	507	408	0	0
XR_004600851.1	203	104	0	0
XR_004600852.1	998	899	0	0
XR_004600853.1	841	742	0	0
XR_004600854.1	846	747	2.05018	3.21115
XR_004600855.1	171	72	0	0
XR_004600856.1	2257	2158	0	0
XR_004600857.1	780	681	0	0
XR_004600858.1	236	137	2.36361e-06	2.01858e-05
XR_004600859.1	2456	2357	30.9583	15.3677
XR_004600860.1	1808	1709	0	0
XR_004600861.1	2084	1985	0	0
XR_004600862.1	780	681	0	0
XR_004600863.1	236	137	2.36361e-06	2.01858e-05
XR_004600864.1	2145	2046	10	5.71854
XR_004600865.1	551	452	3	7.76558
XR_004600866.1	3585	3486	3.46177	1.16188
XR_004600867.1	3628	3529	1.96753e-06	6.52321e-07
XR_004600868.1	2284	2185	0	0
XR_004600869.1	1654	1555	6	4.51452
XR_004600870.1	709	610	1	1.91805
XR_004600871.1	459	360	0	0
XR_004600872.1	1223	1124	0	0
XR_004600873.1	1679	1580	18.4076	13.6311
XR_004600874.1	2519	2420	3.26355	1.57785
XR_004600875.1	1302	1203	14.4785	14.0815
XR_004600876.1	2670	2571	2.0655	0.939972
XR_004600877.1	647	548	0	0
XR_004600878.1	3392	3293	0	0
XR_004600879.1	2669	2570	0	0
XR_004600880.1	2441	2342	6.44816	3.22136
XR_004600881.1	931	832	1	1.40627
XR_004600882.1	541	442	0	0
XR_004600883.1	468	369	0	0
XR_004600884.1	323	224	0	0
XR_004600885.1	889	790	0	0
XR_004600886.1	469	370	0	0
XR_004600887.1	926	827	0	0
XR_004600888.1	867	768	0	0
XR_004600889.1	675	576	6	12.1876
XR_004600890.1	1075	976	0	0
XR_004600891.1	1442	1343	33	28.7494
XR_004600892.1	243	144	0	0
XR_004600893.1	526	427	0	0
XR_004600894.1	1480	1381	16.3464	13.849
XR_004600895.1	1231	1132	29	29.9738
XR_004600896.1	3059	2960	1	0.395275
XR_004600897.1	2815	2716	1.99999	0.861566
XR_004600898.1	289	190	0	0
XR_004600899.1	589	490	0	0
XR_004600900.1	3316	3217	1.03261	0.375559
XR_004600901.1	2876	2777	6.54359	2.75697
XR_004600902.1	293	194	0	0
XR_004600903.1	834	735	1	1.59185
XR_004600904.1	377	278	3	12.626
XR_004600905.1	562	463	6	15.1622
XR_004600906.1	606	507	0	0
XR_004600907.1	2199	2100	0	0
XR_004600908.1	1778	1679	5	3.48426
XR_004600909.1	965	866	0	0
XR_004600910.1	928	829	0	0
XR_004600911.1	565	466	0	0
XR_004600912.1	586	487	0	0
XR_004600913.1	7941	7842	19.1836	2.86215
XR_004600914.1	452	353	0	0
XR_004600915.1	1077	978	0	0
XR_004600916.1	1572	1473	0	0
XR_004600917.1	3356	3257	0	0
XR_004600918.1	3563	3464	7.013	2.36874
XR_004600919.1	335	236	2.89924	14.3735
XR_004600920.1	3635	3536	6	1.98532
XR_004600921.1	2870	2771	0	0
XR_004600922.1	3488	3389	0	0
XR_004600923.1	2848	2749	0	0
XR_004600924.1	3252	3153	0	0
XR_004600925.1	3323	3224	0	0
XR_004600926.1	776	677	0	0
XR_004600927.1	1730	1631	0	0
XR_004600928.1	1689	1590	0	0
XR_004600929.1	1307	1208	0	0
XR_004600930.1	1118	1019	2	2.2964
XR_004600931.1	667	568	0	0
XR_004600932.1	4868	4769	0	0
XR_004600933.1	4872	4773	0	0
XR_004600934.1	4919	4820	0	0
XR_004600935.1	1173	1074	4.27883	4.66135
XR_004600936.1	1313	1214	0	0
XR_004600937.1	1152	1053	0	0
XR_004600938.1	2520	2421	7.46313e-08	3.60676e-08
XR_004600939.1	2524	2425	1.0763e-08	5.19295e-09
XR_004600940.1	2481	2382	14	6.87665
XR_004600941.1	624	525	0	0
XR_004600942.1	534	435	1	2.68969
XR_004600943.1	755	656	1.06091	1.89219
XR_004600944.1	1042	943	11	13.6481
XR_004600945.1	754	655	0	0
XR_004600946.1	665	566	5.12445	10.5931
XR_004600947.1	303	204	0	0
XR_004600948.1	932	833	0	0
XR_004600949.1	3977	3878	0	0
XR_004600950.1	1350	1251	0	0
XR_004600951.1	772	673	4.54469	7.90096
XR_004600952.1	407	308	0	0
XR_004600953.1	1601	1502	0	0
XR_004600954.1	378	279	0	0
XR_004600955.1	934	835	559.711	784.275
XR_004600956.1	903	804	14.7917	21.5255
XR_004600957.1	386	287	0	0
XR_004600958.1	650	551	0	0
XR_004600959.1	1021	922	0	0
XR_004600960.1	2385	2286	2	1.02363
XR_004600961.1	873	774	0	0
XR_004600962.1	655	556	14	29.4608
XR_004600963.1	269	170	0	0
XR_004600964.1	1805	1706	3.16986e-05	2.17396e-05
XR_004600965.1	1790	1691	0.999968	0.691884
XR_004600966.1	1380	1281	3.98341	3.63829
XR_004600967.1	1386	1287	0.0165863	0.0150786
XR_004600968.1	3802	3703	4	1.26385
XR_004600969.1	569	470	0	0
XR_004600970.1	451	352	0	0
XR_004600971.1	2126	2027	0	0
XR_004600972.1	597	498	0	0
XR_004600973.1	1999	1900	1.83956	1.1328
XR_004600974.1	1834	1735	0	0
XR_004600975.1	1379	1280	1	0.914073
XR_004600976.1	859	760	0	0
XR_004600977.1	2677	2578	16.0451	7.282
XR_004600978.1	2556	2457	15.5287	7.39471
XR_004600979.1	625	526	0	0
XR_004600980.1	333	234	0	0
XR_004600981.1	410	311	0	0
XR_004600982.1	876	777	3.34111	5.03108
XR_004600983.1	458	359	0	0
XR_004600984.1	662	563	0	0
XR_004600985.1	1350	1251	4	3.74105
XR_004600986.1	2917	2818	0	0
XR_004600987.1	1899	1800	0	0
XR_004600988.1	1788	1689	56.8968	39.4139
XR_004600989.1	669	570	0	0
XR_004600990.1	748	649	5	9.01397
XR_004600991.1	261	162	0	0
XR_004600992.1	11335	11236	2.94406	0.306567
XR_004600993.1	706	607	33	63.6086
XR_004600994.1	108	12.4647	0	0
XR_004600995.1	1354	1255	0	0
XR_004600996.1	1259	1160	7.49536	7.56006
XR_004600997.1	348	249	0	0
XR_004600998.1	608	509	13.0955	30.1019
XR_004600999.1	384	285	0	0
XR_004601000.1	501	402	0	0
XR_004601001.1	990	891	0	0
XR_004601002.1	233	134	0	0
XR_004601003.1	770	671	0	0
XR_004601004.1	441	342	0	0
XR_004601005.1	1293	1194	18.9882	18.6068
XR_004601006.1	315	216	0	0
XR_004601007.1	706	607	0	0
XR_004601008.1	149	50	0	0
XR_004601009.1	651	552	0	0
XR_004601010.1	775	676	0	0
XR_004601011.1	705	606	0	0
XR_004601012.1	537	438	0	0
XR_004601013.1	2390	2291	2	1.0214
XR_004601014.1	4332	4233	0	0
XR_004601015.1	2567	2468	0	0
XR_004601016.1	2462	2363	17.7196	8.77367
XR_004601017.1	2477	2378	0	0
XR_004601018.1	566	467	0	0
XR_004601019.1	533	434	0	0
XR_004601020.1	1413	1314	6	5.34253
XR_004601021.1	2231	2132	13.0327	7.15219
XR_004601022.1	1535	1436	0.00107153	0.000873057
XR_004601023.1	526	427	0	0
XR_004601024.1	1751	1652	2.08796	1.47878
XR_004601025.1	368	269	0	0
XR_004601026.1	1342	1243	0	0
XR_004601027.1	1180	1081	0	0
XR_004601028.1	1092	993	0	0
XR_004601029.1	1166	1067	0	0
XR_004601030.1	267	168	0	0
XR_004601031.1	426	327	0	0
XR_004601032.1	906	807	0	0
XR_004601033.1	745	646	0	0
XR_004601034.1	2851	2752	0	0
XR_004601035.1	1171	1072	4	4.36572
XR_004601036.1	238	139	0	0
XR_004601037.1	1698	1599	0	0
XR_004601038.1	2609	2510	4.114	1.9177
XR_004601039.1	287	188	0	0
XR_004601040.1	1009	910	16.7656	21.556
XR_004601041.1	594	495	0	0
XR_004601042.1	581	482	1.02051	2.47719
XR_004601043.1	1599	1500	0	0
XR_004601044.1	1340	1241	0	0
XR_004601045.1	1597	1498	0	0
XR_004601046.1	1251	1152	0	0
XR_004601047.1	1187	1088	0	0
XR_004601048.1	1227	1128	0	0
XR_004601049.1	1165	1066	0	0
XR_004601050.1	383	284	0	0
XR_004601051.1	472	373	0	0
XR_004601052.1	2107	2008	0	0
XR_004601053.1	546	447	0	0
XR_004601054.1	561	462	0	0
XR_004601055.1	2122	2023	0	0
XR_004601056.1	798	699	1.22306	2.0472
XR_004601057.1	1296	1197	0	0
XR_004601058.1	349	250	0	0
XR_004601059.1	2115	2016	1.4587	0.846576
XR_004601060.1	668	569	0	0
XR_004601061.1	2278	2179	14.0352	7.5362
XR_004601062.1	476	377	0	0
XR_004601063.1	361	262	0	0
XR_004601064.1	462	363	0	0
XR_004601065.1	456	357	1	3.27735
XR_004601066.1	982	883	0	0
XR_004601067.1	1001	902	1.40351	1.82054
XR_004601068.1	509	410	0	0
XR_004601069.1	379	280	7	29.2503
XR_004601070.1	2110	2011	418	243.195
XR_004601071.1	121	22.4012	0	0
XR_004601072.1	803	704	0	0
XR_004601073.1	2584	2485	21	9.88744
XR_004601074.1	2050	1951	0	0
XR_004601075.1	881	782	5	7.4809
XR_004601076.1	3042	2943	0	0
XR_004601077.1	3004	2905	0	0
XR_004601078.1	1141	1042	0	0
XR_004601079.1	3140	3041	0	0
XR_004601080.1	3556	3457	26.4494	8.95174
XR_004601081.1	2955	2856	0	0
XR_004601082.1	3136	3037	0	0
XR_004601083.1	3024	2925	0	0
XR_004601084.1	2841	2742	0	0
XR_004601085.1	3782	3683	0	0
XR_004601086.1	3672	3573	29.8511	9.77502
XR_004601087.1	3347	3248	0.00731457	0.0026349
XR_004601088.1	3347	3248	0.00731457	0.0026349
XR_004601089.1	800	701	3.34996	5.59129
XR_004601090.1	729	630	2.32965	4.32655
XR_004601091.1	3698	3599	37.9667	12.3427
XR_004601092.1	1802	1703	0	0
XR_004601093.1	2062	1963	0	0
XR_004601094.1	243	144	0	0
XR_004601095.1	381	282	1.19403	4.95401
XR_004601096.1	420	321	0	0
XR_004601097.1	819	720	2	3.25004
XR_004601098.1	293	194	0	0
XR_004601099.1	1046	947	5.40932	6.68318
XR_004601100.1	1867	1768	0	0
XR_004601101.1	1711	1612	5.3877	3.91047
XR_004601102.1	504	405	1.21943	3.52283
XR_004601103.1	683	584	1	2.00345
XR_004601104.1	432	333	3	10.5407
XR_004601105.1	1602	1503	11.4616	8.92232
XR_004601106.1	736	637	4.9855	9.15715
XR_004601107.1	1728	1629	0	0
XR_004601108.1	1308	1209	27.7012	26.8079
XR_004601109.1	649	550	1	2.1273
XR_004601110.1	477	378	0	0
XR_004601111.1	1045	946	0	0
XR_004601112.1	320	221	0	0
XR_004601113.1	1790	1691	3	2.07572
XR_004601114.1	541	442	0	0
XR_004601115.1	592	493	0	0
XR_004601116.1	1742	1643	0	0
XR_004601117.1	1191	1092	5	5.3572
XR_004601118.1	521	422	0	0
XR_004601119.1	407	308	0	0
XR_004601120.1	517	418	0	0
XR_004601121.1	1302	1203	1.48681	1.44604
XR_004601122.1	4607	4508	10.2997	2.6732
XR_004601123.1	1240	1141	0	0
XR_004601124.1	1122	1023	80.9412	92.5731
XR_004601125.1	579	480	1.02186	2.49081
XR_004601126.1	1885	1786	0	0
XR_004601127.1	2055	1956	0	0
XR_004601128.1	2017	1918	0	0
XR_004601129.1	806	707	0	0
XR_004601130.1	1463	1364	0	0
XR_004601131.1	878	779	0	0
XR_004601132.1	1220	1121	113.976	118.96
XR_004601133.1	674	575	0	0
XR_004601134.1	7142	7043	1.64709	0.273622
XR_004601135.1	3510	3411	68	23.3248
XR_004601136.1	315	216	0.192287	1.04157
XR_004601137.1	1528	1429	0	0
XR_004601138.1	1223	1124	47.2161	49.149
XR_004601139.1	2384	2285	1	0.512041
XR_004601140.1	2447	2348	11.4042	5.68274
XR_004601141.1	2035	1936	0	0
XR_004601142.1	323	224	0	0
XR_004601143.1	2306	2207	0	0
XR_004601144.1	2209	2110	5.97405	3.31266
XR_004601145.1	308	209	0	0
XR_004601146.1	1185	1086	0	0
XR_004601147.1	296	197	0	0
XR_004601148.1	209	110	0	0
XR_004601149.1	691	592	0	0
XR_004601150.1	269	170	0	0
XR_004601151.1	3172	3073	0	0
XR_004601152.1	6928	6829	99.4049	17.0311
XR_004601153.1	1682	1583	0	0
XR_004601154.1	1781	1682	0	0
XR_004601155.1	1399	1300	0	0
XR_004601156.1	1618	1519	0	0
XR_004601157.1	1339	1240	0	0
XR_004601158.1	1244	1145	0	0
XR_004601159.1	334	235	0	0
XR_004601160.1	404	305	50	191.805
XR_004601161.1	3457	3358	73.7415	25.6934
XR_004601162.1	891	792	0	0
XR_004601163.1	724	625	9	16.8482
XR_004601164.1	1235	1136	0	0
XR_004601165.1	728	629	0	0
XR_004601166.1	1749	1650	4.20636	2.98273
XR_004601167.1	1913	1814	0	0
XR_004601168.1	1874	1775	0	0
XR_004601169.1	1294	1195	3	2.93727
XR_004601170.1	304	205	0	0
XR_004601171.1	348	249	0	0
XR_004601172.1	1519	1420	0	0
XR_004601173.1	1493	1394	15.7347	13.2065
XR_004601174.1	1226	1127	0	0
XR_004601175.1	2472	2373	0	0
XR_004601176.1	1199	1100	5.04984	5.37125
XR_004601177.1	1438	1339	2	1.74759
XR_004601178.1	1311	1212	4	3.86143
XR_004601179.1	6170	6071	1.99584e-07	3.84643e-08
XR_004601180.1	1573	1474	160.161	127.131
XR_004601181.1	635	536	8.59232	18.7558
XR_004601182.1	682	583	0	0
XR_004601183.1	488	389	0	0
XR_004601184.1	798	699	0	0
XR_004601185.1	856	757	0	0
XR_004601186.1	2474	2375	2.3173	1.14159
XR_004601187.1	554	455	0	0
XR_004601188.1	2276	2177	0	0
XR_004601189.1	2257	2158	0	0
XR_004601190.1	1215	1116	3.0398	3.18692
XR_004601191.1	1034	935	0	0
XR_004601192.1	427	328	0	0
XR_004601193.1	362	263	16	71.1795
XR_004601194.1	2170	2071	0	0
XR_004601195.1	555	456	8.07975	20.7312
XR_004601196.1	1188	1089	0.369329	0.396804
XR_004601197.1	289	190	6.94491	42.7665
XR_004601198.1	3371	3272	0	0
XR_004601199.1	1007	908	0	0
XR_004601200.1	2266	2167	18.481	9.97831
XR_004601201.1	2715	2616	0	0
XR_004601202.1	337	238	0	0
XR_004601203.1	297	198	0	0
XR_004601204.1	731	632	0	0
XR_004601205.1	712	613	39.7169	75.8063
XR_004601206.1	1661	1562	338.189	253.32
XR_004601207.1	8068	7969	0	0
XR_004601208.1	7835	7736	9.05888	1.37009
XR_004601209.1	7903	7804	0.000315309	4.72727e-05
XR_004601210.1	7907	7808	0.000172859	2.59026e-05
XR_004601211.1	7456	7357	0	0
XR_004601212.1	7375	7276	3.07644e-06	4.94705e-07
XR_004601213.1	7282	7183	11	1.79175
XR_004601214.1	1586	1487	0	0
XR_004601215.1	976	877	0	0
XR_004601216.1	2279	2180	0	0
XR_004601217.1	2124	2025	0	0
XR_004601218.1	2200	2101	0	0
XR_004601219.1	459	360	0	0
XR_004601220.1	192	93	0	0
XR_004601221.1	1093	994	0	0
XR_004601222.1	2289	2190	0	0
XR_004601223.1	2909	2810	5.91934	2.46467
XR_004601224.1	1158	1059	0	0
XR_004601225.1	2253	2154	0	0
XR_004601226.1	1386	1287	0	0
XR_004601227.1	355	256	0	0
XR_004601228.1	1901	1802	0	0
XR_004601229.1	428	329	19.9814	71.0594
XR_004601230.1	192	93	0	0
XR_004601231.1	467	368	0	0
XR_004601232.1	453	354	0	0
XR_004601233.1	3684	3585	3	0.979091
XR_004601234.1	1743	1644	6.99932	4.98132
XR_004601235.1	1756	1657	0.000680112	0.000480229
XR_004601236.1	2243	2144	0	0
XR_004601237.1	2243	2144	0	0
XR_004601238.1	1806	1707	8.32196	5.70405
XR_004601239.1	822	723	6.41108	10.3749
XR_004601240.1	694	595	1	1.96641
XR_004601241.1	398	299	0	0
XR_004601242.1	530	431	9	24.4318
XR_004601243.1	697	598	13	25.4351
XR_004601244.1	1508	1409	0	0
XR_004601245.1	1539	1440	0	0
XR_004601246.1	538	439	1.62123	4.32087
XR_004601247.1	1658	1559	0	0
XR_004601248.1	1216	1117	0	0
XR_004601249.1	2759	2660	1.89955	0.835527
XR_004601250.1	202	103	0	0
XR_004601251.1	3028	2929	0	0
XR_004601252.1	2293	2194	0	0
XR_004601253.1	2215	2116	0	0
XR_004601254.1	2600	2501	0.942246	0.4408
XR_004601255.1	1342	1243	0	0
XR_004601256.1	1115	1016	0	0
XR_004601257.1	835	736	3.05599	4.85808
XR_004601258.1	892	793	0	0
XR_004601259.1	570	471	0	0
XR_004601260.1	692	593	0	0
XR_004601261.1	1574	1475	8.15164	6.46612
XR_004601262.1	1892	1793	0.656347	0.428296
XR_004601263.1	500	401	35.5165	103.628
XR_004601264.1	536	437	1.94027	5.19482
XR_004601265.1	1935	1836	0	0
XR_004601266.1	812	713	0	0
XR_004601267.1	540	441	0	0
XR_004601268.1	862	763	0	0
XR_004601269.1	446	347	0	0
XR_004601270.1	1197	1098	0	0
XR_004601271.1	2887	2788	18	7.55389
XR_004601272.1	3533	3434	0	0
XR_004601273.1	1546	1447	0	0
XR_004601274.1	2688	2589	0	0
XR_004601275.1	1572	1473	0	0
XR_004601276.1	1116	1017	48.0711	55.3037
XR_004601277.1	813	714	0	0
XR_004601278.1	728	629	6.28087	11.6831
XR_004601279.1	1311	1212	2.0789	2.00688
XR_004601280.1	2796	2697	0	0
XR_004601281.1	2852	2753	36.3146	15.4336
XR_004601282.1	2343	2244	0	0
XR_004601283.1	921	822	9	12.8104
XR_004601284.1	1304	1205	0	0
XR_004601285.1	1644	1545	0	0
XR_004601286.1	1282	1183	0	0
XR_004601287.1	1259	1160	0	0
XR_004601288.1	673	574	0	0
XR_004601289.1	801	702	0	0
XR_004601290.1	5123	5024	0	0
XR_004601291.1	5000	4901	3.61815	0.86376
XR_004601292.1	3527	3428	4.95833	1.69233
XR_004601293.1	559	460	0	0
XR_004601294.1	1040	941	0	0
XR_004601295.1	781	682	0	0
XR_004601296.1	4248	4149	4	1.128
XR_004601297.1	1569	1470	0	0
XR_004601298.1	516	417	0	0
XR_004601299.1	1882	1783	0	0
XR_004601300.1	692	593	11.5968	22.8811
XR_004601301.1	613	514	0	0
XR_004601302.1	676	577	3	6.08326
XR_004601303.1	582	483	5.82688	14.115
XR_004601304.1	137	38.0035	0	0
XR_004601305.1	243	144	0	0
XR_004601306.1	157	58	0	0
XR_004601307.1	1996	1897	48.8689	30.1409
XR_004601308.1	2895	2796	10.8244	4.52959
XR_004601309.1	1822	1723	0	0
XR_004601310.1	1729	1630	0	0
XR_004601311.1	1569	1470	2062.56	1641.65
XR_004601312.1	1755	1656	0	0
XR_004601313.1	2492	2393	0	0
XR_004601314.1	1763	1664	222.565	156.493
XR_004601315.1	1095	996	10.4089	12.2274
XR_004601316.1	2498	2399	1	0.487709
XR_004601317.1	2317	2218	0	0
XR_004601318.1	3331	3232	2.3982	0.868169
XR_004601319.1	816	717	318	518.918
XR_004601320.1	1557	1458	13.2906	10.6654
XR_004601321.1	560	461	0	0
XR_004601322.1	709	610	0	0
XR_004601323.1	575	476	3.80398	9.35022
XR_004601324.1	1091	992	10	11.7945
XR_004601325.1	1419	1320	172.73	153.104
XR_004601326.1	500	401	0	0
XR_004601327.1	2950	2851	0	0
XR_004601328.1	3003	2904	0	0
XR_004601329.1	3960	3861	22.9611	6.95799
XR_004601330.1	2381	2282	0	0
XR_004601331.1	1774	1675	11.7522	8.20913
XR_004601332.1	353	254	0	0
XR_004601333.1	2138	2039	5	2.86909
XR_004601334.1	3258	3159	0	0
XR_004601335.1	1799	1700	14.8433	10.2158
XR_004601336.1	2694	2595	0	0
XR_004601337.1	2404	2305	0	0
XR_004601338.1	891	792	0	0
XR_004601339.1	891	792	0	0
XR_004601340.1	386	287	0	0
XR_004601341.1	1350	1251	0	0
XR_004601342.1	1317	1218	0	0
XR_004601343.1	1287	1188	0	0
XR_004601344.1	1254	1155	0	0
XR_004601345.1	1212	1113	0	0
XR_004601346.1	793	694	0	0
XR_004601347.1	736	637	0	0
XR_004601348.1	1046	947	0	0
XR_004601349.1	1031	932	2.89217	3.63078
XR_004601350.1	2614	2515	5.85926	2.72581
XR_004601351.1	552	453	0	0
XR_004601352.1	498	399	0	0
XR_004601353.1	7016	6917	0.00219166	0.000370721
XR_004601354.1	369	270	6.15619	26.6771
XR_004601355.1	783	684	0	0
XR_004601356.1	1022	923	0	0
XR_004601357.1	983	884	0	0
XR_004601358.1	1051	952	6	7.37403
XR_004601359.1	4009	3910	1.03809	0.310634
XR_004601360.1	897	798	4.58065	6.71607
XR_004601361.1	892	793	0	0
XR_004601362.1	332	233	1.20604	6.05617
XR_004601363.1	1526	1427	24.5809	20.1541
XR_004601364.1	397	298	16	62.8195
XR_004601365.1	815	716	6	9.80458
XR_004601366.1	972	873	0	0
XR_004601367.1	1144	1045	0	0
XR_004601368.1	1694	1595	4.28316	3.14191
XR_004601369.1	639	540	94.1534	204.001
XR_004601370.1	622	523	0	0
XR_004601371.1	375	276	0	0
XR_004601372.1	1500	1401	0	0
XR_004601373.1	1341	1242	0	0
XR_004601374.1	1317	1218	0	0
XR_004601375.1	1668	1569	7	5.21995
XR_004601376.1	2925	2826	4.60634	1.9071
XR_004601377.1	1479	1380	19	16.1089
XR_004601378.1	342	243	1	4.81487
XR_004601379.1	404	305	0	0
XR_004601380.1	266	167	1	7.00607
XR_004601381.1	283	184	1	6.35877
XR_004601382.1	506	407	0	0
XR_004601383.1	659	560	1.81743	3.79717
XR_004601384.1	2893	2794	4.43137	1.85568
XR_004601385.1	1973	1874	0	0
XR_004601386.1	1632	1533	0.225022	0.171741
XR_004601387.1	1263	1164	0	0
XR_004601388.1	1074	975	4.54223	5.45073
XR_004601389.1	1367	1268	0	0
XR_004601390.1	375	276	7.4566	31.6099
XR_004601391.1	1572	1473	0	0
XR_004601392.1	473	374	1	3.12838
XR_004601393.1	492	393	0	0
XR_004601394.1	1913	1814	13	8.38488
XR_004601395.1	2809	2710	0	0
XR_004601396.1	2627	2528	13.7094	6.34499
XR_004601397.1	1297	1198	3.20905	3.13408
XR_004601398.1	3672	3573	0	0
XR_004601399.1	3672	3573	0	0
XR_004601400.1	1479	1380	0	0
XR_004601401.1	1438	1339	0	0
XR_004601402.1	761	662	0	0
XR_004601403.1	2899	2800	4	1.67145
XR_004601404.1	339	240	0	0
XR_004601405.1	1242	1143	0	0
XR_004601406.1	1298	1199	0	0
XR_004601407.1	2032	1933	0	0
XR_004601408.1	1885	1786	2.50477	1.64088
XR_004601409.1	1646	1547	1	0.756311
XR_004601410.1	481	382	0	0
XR_004601411.1	361	262	0	0
XR_004601412.1	3921	3822	39.1188	11.9753
XR_004601413.1	2147	2048	45.2051	25.8255
XR_004601414.1	9695	9596	0	0
XR_004601415.1	9926	9827	0	0
XR_004601416.1	9951	9852	0	0
XR_004601417.1	9898	9799	0	0
XR_004601418.1	9599	9500	0	0
XR_004601419.1	9583	9484	0	0
XR_004601420.1	676	577	0	0
XR_004601421.1	548	449	0	0
XR_004601422.1	649	550	0	0
XR_004601423.1	2217	2118	2.82212	1.55898
XR_004601424.1	716	617	6.17788	11.7151
XR_004601425.1	2680	2581	2	0.906636
XR_004601426.1	3217	3118	3.81686	1.43226
XR_004601427.1	1077	978	4	4.78533
XR_004601428.1	1105	1006	0	0
XR_004601429.1	628	529	60	132.705
XR_004601430.1	617	518	0	0
XR_004601431.1	1201	1102	54.2082	57.5538
XR_004601432.1	432	333	0	0
XR_004601433.1	891	792	5	7.38645
XR_004601434.1	1744	1645	2.93167e-07	2.08516e-07
XR_004601435.1	1740	1641	5.09745e-06	3.63442e-06
XR_004601436.1	830	731	1	1.60057
XR_004601437.1	981	882	0	0
XR_004601438.1	10390	10291	0	0
XR_004601439.1	358	259	0	0
XR_004601440.1	2872	2773	21.0485	8.88101
XR_004601441.1	2798	2699	0	0
XR_004601442.1	1584	1485	1	0.787888
XR_004601443.1	458	359	0	0
XR_004601444.1	577	478	0	0
XR_004601445.1	1484	1385	0	0
XR_004601446.1	2471	2372	20.167	9.9476
XR_004601447.1	1089	990	2	2.36366
XR_004601448.1	9028	8929	2.61323	0.342425
XR_004601449.1	513	414	3.10289	8.76913
XR_004601450.1	165	66	0	0
XR_004601451.1	510	411	0	0
XR_004601452.1	2039	1940	5	3.0155
XR_004601453.1	1501	1402	0	0
XR_004601454.1	941	842	0	0
XR_004601455.1	856	757	0	0
XR_004601456.1	3662	3563	6.18576	2.03127
XR_004601457.1	475	376	1	3.11174
XR_004601458.1	3286	3187	0	0
XR_004601459.1	1414	1315	0	0
XR_004601460.1	1379	1280	0.00585926	0.00535579
XR_004601461.1	2095	1996	0	0
XR_004601462.1	606	507	11.9966	27.6849
XR_004601463.1	1834	1735	0	0
XR_004601464.1	1168	1069	0	0
XR_004601465.1	1627	1528	4	3.06286
XR_004601466.1	2340	2241	0	0
XR_004601467.1	330	231	1.10272	5.58525
XR_004601468.1	468	369	0	0
XR_004601469.1	728	629	0	0
XR_004601470.1	744	645	0	0
XR_004601471.1	1126	1027	19.4116	22.1147
XR_004601472.1	5603	5504	0	0
XR_004601473.1	4773	4674	0	0
XR_004601474.1	436	337	0	0
XR_004601475.1	114	16.5041	3	212.676
XR_004601476.1	6937	6838	0	0
XR_004601477.1	873	774	9.93072	15.0117
XR_004601478.1	557	458	0	0
XR_004601479.1	528	429	1	2.7273
XR_004601480.1	441	342	0	0
XR_004601481.1	1996	1897	3.08981	1.90571
XR_004601482.1	856	757	0	0
XR_004601483.1	822	723	17	27.5107
XR_004601484.1	949	850	0	0
XR_004601485.1	4371	4272	7.99958	2.19092
XR_004601486.1	794	695	0	0
XR_004601487.1	1045	946	2	2.4736
XR_004601488.1	1045	946	0	0
XR_004601489.1	1747	1648	0	0
XR_004601490.1	387	288	0	0
XR_004601491.1	3041	2942	0	0
XR_004601492.1	2525	2426	41.9654	20.2391
XR_004601493.1	1338	1239	0	0
XR_004601494.1	1889	1790	3.83439	2.5063
XR_004601495.1	1018	919	0	0
XR_004601496.1	177	78	0	0
XR_004601497.1	697	598	0	0
XR_004601498.1	557	458	0	0
XR_004601499.1	2185	2086	0	0
XR_004601500.1	2203	2104	7.26352	4.03917
XR_004601501.1	870	771	0	0
XR_004601502.1	2788	2689	0	0
XR_004601503.1	464	365	0	0
XR_004601504.1	2275	2176	0	0
XR_004601505.1	562	463	0	0
XR_004601506.1	2007	1908	2	1.22643
XR_004601507.1	1568	1469	0	0
XR_004601508.1	559	460	6	15.261
XR_004601509.1	1147	1048	8	8.9314
XR_004601510.1	3251	3152	0	0
XR_004601511.1	507	408	98	281.033
XR_004601512.1	505	406	0	0
XR_004601513.1	895	796	1	1.46987
XR_004601514.1	2003	1904	0	0
XR_004601515.1	1985	1886	0	0
XR_004601516.1	2105	2006	4.43153e-06	2.58472e-06
XR_004601517.1	2081	1982	6	3.54191
XR_004601518.1	1809	1710	0	0
XR_004601519.1	3379	3280	0	0
XR_004601520.1	4770	4671	0	0
XR_004601521.1	1026	927	18	22.7187
XR_004601522.1	1666	1567	0	0
XR_004601523.1	1344	1245	11	10.3375
XR_004601524.1	2443	2344	1	0.499152
XR_004601525.1	1403	1304	8	7.178
XR_004601526.1	698	599	3	5.85983
XR_004601527.1	393	294	0	0
XR_004601528.1	588	489	2.85177	6.82332
XR_004601529.1	894	795	27	39.7363
XR_004601530.1	1190	1091	9.12665	9.78763
XR_004601531.1	1889	1790	10.5534	6.89813
XR_004601532.1	1932	1833	0	0
XR_004601533.1	1763	1664	1.5045	1.05786
XR_004601534.1	6086	5987	0	0
XR_004601535.1	2033	1934	0.202303	0.122387
XR_004601536.1	1243	1144	12	12.2729
XR_004601537.1	762	663	1	1.76473
XR_004601538.1	693	594	0	0
XR_004601539.1	4234	4135	0	0
XR_004601540.1	4246	4147	0	0
XR_004601541.1	3005	2906	0	0
XR_004601542.1	3018	2919	0	0
XR_004601543.1	5040	4941	0	0
XR_004601544.1	825	726	3	4.83477
XR_004601545.1	3162	3063	0	0
XR_004601546.1	5256	5157	0	0
XR_004601547.1	5141	5042	0	0
XR_004601548.1	5182	5083	8.68697	1.99958
XR_004601549.1	5115	5016	0	0
XR_004601550.1	5011	4912	0	0
XR_004601551.1	5086	4987	0	0
XR_004601552.1	5142	5043	0	0
XR_004601553.1	5011	4912	0	0
XR_004601554.1	5106	5007	9.83443	2.29807
XR_004601555.1	4065	3966	0	0
XR_004601556.1	5064	4965	23.7364	5.59353
XR_004601557.1	3465	3366	0	0
XR_004601558.1	3517	3418	0	0
XR_004601559.1	792	693	13	21.9483
XR_004601560.1	2094	1995	16.6909	9.78876
XR_004601561.1	1644	1545	0	0
XR_004601562.1	963	864	0	0
XR_004601563.1	958	859	0	0
XR_004601564.1	7018	6919	0.0634618	0.0107315
XR_004601565.1	2134	2035	0	0
XR_004601566.1	841	742	0	0
XR_004601567.1	2074	1975	0	0
XR_004601568.1	2087	1988	0	0
XR_004601569.1	2153	2054	0	0
XR_004601570.1	761	662	0	0
XR_004601571.1	1376	1277	0	0
XR_004601572.1	1566	1467	5	3.98778
XR_004601573.1	1261	1162	0	0
XR_004601574.1	1205	1106	0	0
XR_004601575.1	1272	1173	47.5566	47.4355
XR_004601576.1	1173	1074	0	0
XR_004601577.1	460	361	1	3.24103
XR_004601578.1	4682	4583	908.912	232.04
XR_004601579.1	1406	1307	0	0
XR_004601580.1	1388	1289	52.9321	48.046
XR_004601581.1	1335	1236	52.0679	49.2881
XR_004601582.1	469	370	0	0
XR_004601583.1	2045	1946	0	0
XR_004601584.1	1412	1313	1	0.891099
XR_004601585.1	1393	1294	0	0
XR_004601586.1	442	343	0	0
XR_004601587.1	1982	1883	0	0
XR_004601588.1	2057	1958	0	0
XR_004601589.1	2030	1931	0	0
XR_004601590.1	2056	1957	0	0
XR_004601591.1	2039	1940	2.14754	1.29518
XR_004601592.1	751	652	0	0
XR_004601593.1	462	363	0	0
XR_004601594.1	1601	1502	5	3.89485
XR_004601595.1	865	766	23.6325	36.097
XR_004601596.1	4839	4740	0	0
XR_004601597.1	4853	4754	0	0
XR_004601598.1	4839	4740	0	0
XR_004601599.1	4820	4721	0	0
XR_004601600.1	4799	4700	0	0
XR_004601601.1	4837	4738	0	0
XR_004601602.1	4838	4739	0	0
XR_004601603.1	4828	4729	0	0
XR_004601604.1	581	482	0	0
XR_004601605.1	409	310	0	0
XR_004601606.1	500	401	2	5.83548
XR_004601607.1	1411	1312	0	0
XR_004601608.1	848	749	0	0
XR_004601609.1	328	229	0	0
XR_004601610.1	411	312	0	0
XR_004601611.1	2185	2086	0	0
XR_004601612.1	1762	1663	0	0
XR_004601613.1	7102	7003	0	0
XR_004601614.1	7399	7300	5.04492	0.808579
XR_004601615.1	1074	975	0	0
XR_004601616.1	1581	1482	0	0
XR_004601617.1	789	690	2	3.39134
XR_004601618.1	596	497	5.43445	12.7935
XR_004601619.1	2284	2185	24	12.8514
XR_004601620.1	2492	2393	2	0.977863
XR_004601621.1	416	317	0	0
XR_004601622.1	2031	1932	0	0
XR_004601623.1	1880	1781	0	0
XR_004601624.1	1986	1887	0	0
XR_004601625.1	1897	1798	0	0
XR_004601626.1	841	742	0	0
XR_004601627.1	872	773	0	0
XR_004601628.1	824	725	0	0
XR_004601629.1	1520	1421	7.07569e-05	5.82593e-05
XR_004601630.1	1023	924	0	0
XR_004601631.1	1121	1022	0	0
XR_004601632.1	184	85	0	0
XR_004601633.1	350	251	0	0
XR_004601634.1	916	817	0	0
XR_004601635.1	360	261	0	0
XR_004601636.1	313	214	0	0
XR_004601637.1	2018	1919	0	0
XR_004601638.1	1908	1809	2	1.29355
XR_004601639.1	1940	1841	0	0
XR_004601640.1	1381	1282	2.54666	2.3242
XR_004601641.1	793	694	0	0
XR_004601642.1	3134	3035	44.4599	17.1396
XR_004601643.1	2009	1910	52.7621	32.3206
XR_004601644.1	4669	4570	5.18148	1.32656
XR_004601645.1	427	328	0	0
XR_004601646.1	1076	977	0	0
XR_004601647.1	406	307	0	0
XR_004601648.1	428	329	247	878.399
XR_004601649.1	2973	2874	0	0
XR_004601650.1	2220	2121	1	0.551633
XR_004601651.1	377	278	0	0
XR_004601652.1	459	360	0	0
XR_004601653.1	2069	1970	4	2.37566
XR_004601654.1	431	332	0	0
XR_004601655.1	2026	1927	14.991	9.10206
XR_004601656.1	846	747	0	0
XR_004601657.1	1355	1256	0	0
XR_004601658.1	1539	1440	9.73068	7.90627
XR_004601659.1	367	268	0	0
XR_004601660.1	1211	1112	0	0
XR_004601661.1	2423	2324	0	0
XR_004601662.1	2007	1908	0	0
XR_004601663.1	723	624	0	0
XR_004601664.1	1817	1718	5.61634	3.82491
XR_004601665.1	2145	2046	0	0
XR_004601666.1	2470	2371	0	0
XR_004601667.1	2060	1961	0	0
XR_004601668.1	5263	5164	0	0
XR_004601669.1	1504	1405	57.5404	47.9167
XR_004601670.1	263	164	0	0
XR_004601671.1	218	119	0	0
XR_004601672.1	1100	1001	13	15.195
XR_004601673.1	677	578	0	0
XR_004601674.1	655	556	3	6.31302
XR_004601675.1	785	686	0	0
XR_004601676.1	719	620	0	0
XR_004601677.1	2475	2376	9	4.43187
XR_004601678.1	604	505	36	83.4069
XR_004601679.1	645	546	0	0
XR_004601680.1	612	513	0	0
XR_004601681.1	454	355	0	0
XR_004601682.1	104	10.3531	0	0
XR_004601683.1	1461	1362	63	54.1196
XR_004601684.1	1595	1496	0	0
XR_004601685.1	1126	1027	0	0
XR_004601686.1	977	878	0	0
XR_004601687.1	1192	1093	0	0
XR_004601688.1	2149	2050	0	0
XR_004601689.1	966	867	2	2.69899
XR_004601690.1	273	174	0	0
XR_004601691.1	596	497	0	0
XR_004601692.1	252	153	0	0
XR_004601693.1	1207	1108	24.53	25.9029
XR_004601694.1	1833	1734	0	0
XR_004601695.1	1118	1019	3.86988	4.44339
XR_004601696.1	1430	1331	27.1716	23.8851
XR_004601697.1	948	849	2.06857	2.85071
XR_004601698.1	2085	1986	0	0
XR_004601699.1	6695	6596	0	0
XR_004601700.1	6635	6536	0	0
XR_004601701.1	2163	2064	54	30.6108
XR_004601702.1	771	672	0	0
XR_004601703.1	5739	5640	1.3143	0.27265
XR_004601704.1	5740	5641	1.06752	0.221418
XR_004601705.1	5738	5639	1.61818	0.335749
XR_004601706.1	343	244	0	0
XR_004601707.1	868	769	20	30.4295
XR_004601708.1	3015	2916	0	0
XR_004601709.1	4174	4075	116.854	33.551
XR_004601710.1	1470	1371	0	0
XR_004601711.1	887	788	0	0
XR_004601712.1	1931	1832	4	2.55461
XR_004601713.1	4762	4663	9.95304	2.49736
XR_004601714.1	591	492	0	0
XR_004601715.1	1090	991	0	0
XR_004601716.1	1693	1594	0	0
XR_004601717.1	607	508	13.1097	30.1939
XR_004601718.1	389	290	0	0
XR_004601719.1	941	842	0	0
XR_004601720.1	2377	2278	0	0
XR_004601721.1	5789	5690	0	0
XR_004601722.1	297	198	7.42972	43.9034
XR_004601723.1	377	278	0	0
XR_004601724.1	326	227	0	0
XR_004601725.1	443	344	1.52922	5.20119
XR_004601726.1	1511	1412	0	0
XR_004601727.1	1864	1765	2	1.32579
XR_004601728.1	433	334	1	3.50303
XR_004601729.1	571	472	0	0
XR_004601730.1	2492	2393	5	2.44466
XR_004601731.1	870	771	0	0
XR_004601732.1	2157	2058	2	1.13704
XR_004601733.1	1372	1273	10.8443	9.96703
XR_004601734.1	553	454	0	0
XR_004601735.1	2120	2021	0	0
XR_004601736.1	575	476	0	0
XR_004601737.1	510	411	0	0
XR_004601738.1	886	787	5.60291	8.3297
XR_004601739.1	647	548	0	0
XR_004601740.1	492	393	0	0
XR_004601741.1	1443	1344	1.42985	1.24475
XR_004601742.1	1610	1511	1	0.774331
XR_004601743.1	526	427	0	0
XR_004601744.1	269	170	0	0
XR_004601745.1	1886	1787	7	4.58315
XR_004601746.1	1695	1596	0.000257398	0.000188696
XR_004601747.1	1705	1606	1.52712e-05	1.11254e-05
XR_004601748.1	1120	1021	0	0
XR_004601749.1	1601	1502	7.56011	5.8891
XR_004601750.1	1458	1359	0	0
XR_004601751.1	1306	1207	0	0
XR_004601752.1	3112	3013	7.49382	2.91001
XR_004601753.1	2885	2786	0	0
XR_004601754.1	2741	2642	0	0
XR_004601755.1	1972	1873	0	0
XR_004601756.1	589	490	0	0
XR_004601757.1	1382	1283	0	0
XR_004601758.1	822	723	2.66791	4.31741
XR_004601759.1	2552	2453	1.97312	0.941122
XR_004601760.1	2561	2462	0.0268841	0.0127761
XR_004601761.1	1018	919	0	0
XR_004601762.1	696	597	0	0
XR_004601763.1	1154	1055	4	4.43607
XR_004601764.1	705	606	0	0
XR_004601765.1	725	626	1	1.86903
XR_004601766.1	1075	976	0	0
XR_004601767.1	1796	1697	3	2.06838
XR_004601768.1	1434	1335	11	9.64056
XR_004601769.1	454	355	0	0
XR_004601770.1	236	137	0	0
XR_004601771.1	1042	943	0	0
XR_004601772.1	570	471	0	0
XR_004601773.1	887	788	0	0
XR_004601774.1	811	712	0	0
XR_004601775.1	3065	2966	0	0
XR_004601776.1	3065	2966	0	0
XR_004601777.1	5739	5640	0.161292	0.0334599
XR_004601778.1	648	549	14.8412	31.6292
XR_004601779.1	614	515	0	0
XR_004601780.1	522	423	0	0
XR_004601781.1	342	243	1	4.81487
XR_004601782.1	696	597	0	0
XR_004601783.1	1545	1446	0	0
XR_004601784.1	572	473	5.93415e-06	1.46787e-05
XR_004601785.1	1719	1620	3.46559	2.50296
XR_004601786.1	462	363	13	41.9013
XR_004601787.1	2574	2475	0	0
XR_004601788.1	2448	2349	37	18.4293
XR_004601789.1	2578	2479	0	0
XR_004601790.1	2487	2388	0.0598831	0.0293401
XR_004601791.1	1340	1241	0	0
XR_004601792.1	1114	1015	0	0
XR_004601793.1	1182	1083	1	1.08034
XR_004601794.1	909	810	0	0
XR_004601795.1	433	334	3	10.5091
XR_004601796.1	1833	1734	8.04901	5.43105
XR_004601797.1	148	49	0	0
XR_004601798.1	5648	5549	0	0
XR_004601799.1	5613	5514	0	0
XR_004601800.1	5589	5490	0	0
XR_004601801.1	5170	5071	3	0.692179
XR_004601802.1	5541	5442	0	0
XR_004601803.1	5597	5498	0	0
XR_004601804.1	4950	4851	0	0
XR_004601805.1	2251	2152	12.7071	6.90869
XR_004601806.1	245	146	0	0
XR_004601807.1	3211	3112	0	0
XR_004601808.1	2257	2158	0	0
XR_004601809.1	796	697	5	8.39321
XR_004601810.1	503	404	0	0
XR_004601811.1	746	647	0.999997	1.80836
XR_004601812.1	753	654	3.29626e-06	5.89704e-06
XR_004601813.1	360	261	0	0
XR_004601814.1	376	277	0	0
XR_004601815.1	1090	991	3	3.54192
XR_004601816.1	2389	2290	4.3168	2.20555
XR_004601817.1	629	530	0.363962	0.803472
XR_004601818.1	650	551	5	10.6172
XR_004601819.1	1254	1155	18	18.234
XR_004601820.1	1121	1022	43.6946	50.0228
XR_004601821.1	265	166	0	0
XR_004601822.1	7064	6965	0	0
XR_004601823.1	1185	1086	12.8919	13.8893
XR_004601824.1	118	19.7438	0	0
XR_004601825.1	71	3.46455	0	0
XR_004601826.1	70	3.39154	0	0
XR_004601827.1	129	30.0513	0	0
XR_004601828.1	268	169	0	0
XR_004601829.1	1873	1774	0	0
XR_004601830.1	2378	2279	2	1.02678
XR_004601831.1	4704	4605	0	0
XR_004601832.1	387	288	0	0
XR_004601833.1	508	409	0	0
XR_004601834.1	2400	2301	3.92764	1.99713
XR_004601835.1	448	349	0	0
XR_004601836.1	1371	1272	3.61313	3.32343
XR_004601837.1	414	315	0.980278	3.64107
XR_004601838.1	886	787	0	0
XR_004601839.1	703	604	0	0
XR_004601840.1	280	181	0	0
XR_004601841.1	315	216	0	0
XR_004601842.1	511	412	29.6788	84.2829
XR_004601843.1	658	559	0	0
XR_004601844.1	661	562	33.4952	69.7328
XR_004601845.1	443	344	0	0
XR_004601846.1	267	168	0	0
XR_004601847.1	149	50	0	0
XR_004601848.1	367	268	0	0
XR_004601849.1	760	661	0	0
XR_004601850.1	385	286	2	8.18191
XR_004601851.1	397	298	1.37308	5.391
XR_004601852.1	484	385	0	0
XR_004601853.1	503	404	0	0
XR_004601854.1	529	430	2.70777	7.36773
XR_004601855.1	276	177	0	0
XR_004601856.1	596	497	1.29223	3.04212
XR_004601857.1	391	292	0	0
XR_004601858.1	146	47.0001	0	0
XR_004601859.1	260	161	0	0
XR_004601860.1	216	117	0	0
XR_004601861.1	249	150	0	0
XR_004601862.1	628	529	1	2.21175
XR_004601863.1	531	432	1	2.70836
XR_004601864.1	216	117	0	0
XR_004601865.1	216	117	18.7912	187.915
XR_004601866.1	218	119	0	0
XR_004601867.1	218	119	0	0
XR_004601868.1	217	118	2.20876	21.9007
XR_004601869.1	249	150	0	0
XR_004601870.1	1934	1835	0	0
XR_004601871.1	595	496	0	0
XR_004601872.1	4135	4036	0	0
XR_004601873.1	4202	4103	0	0
XR_004601874.1	4038	3939	0	0
XR_004601875.1	2046	1947	0	0
XR_004601876.1	1312	1213	1	0.964562
XR_004601877.1	1915	1816	1.99996	1.28854
XR_004601878.1	520	421	0	0
XR_004601879.1	4738	4639	0.00105658	0.000266482
XR_004601880.1	4708	4609	2.13315	0.541509
XR_004601881.1	5764	5665	6.68605	1.38089
XR_004601882.1	1336	1237	12.8388	12.1435
XR_004601883.1	1253	1154	7.65463	7.76085
XR_004601884.1	545	446	0	0
XR_004601885.1	211	112	0	0
XR_004601886.1	2639	2540	0	0
XR_004601887.1	2572	2473	0	0
XR_004601888.1	2499	2400	0	0
XR_004601889.1	2238	2139	0	0
XR_004601890.1	2606	2507	0	0
XR_004601891.1	344	245	0	0
XR_004601892.1	321	222	0	0
XR_004601893.1	1715	1616	0	0
XR_004601894.1	1573	1474	1	0.793768
XR_004601895.1	2753	2654	0	0
XR_004601896.1	2761	2662	0	0
XR_004601897.1	2505	2406	0	0
XR_004601898.1	2565	2466	0	0
XR_004601899.1	2565	2466	0	0
XR_004601900.1	2565	2466	0	0
XR_004601901.1	583	484	0	0
XR_004601902.1	2425	2326	0	0
XR_004601903.1	2425	2326	0	0
XR_004601904.1	2425	2326	0	0
XR_004601905.1	2425	2326	0	0
XR_004601906.1	2502	2403	0	0
XR_004601907.1	2502	2403	0	0
XR_004601908.1	2502	2403	0	0
XR_004601909.1	2502	2403	0	0
XR_004601910.1	2143	2044	1	0.572414
XR_004601911.1	785	686	7	11.9389
XR_004601912.1	656	557	0	0
XR_004601913.1	336	237	1	4.93677
XR_004601914.1	608	509	0	0
XR_004601915.1	454	355	0	0
XR_004601916.1	155	56	0	0
XR_004601917.1	2214	2115	6.44633	3.5661
XR_004601918.1	1133	1034	3.12118	3.53174
XR_004601919.1	1502	1403	0	0
XR_004601920.1	1572	1473	6	4.76584
XR_004601921.1	2184	2085	0	0
XR_004601922.1	1953	1854	0	0
XR_004601923.1	2259	2160	29.49	15.9739
XR_004601924.1	1781	1682	23.9046	16.6282
XR_004601925.1	518	419	0	0
XR_004601926.1	209	110	1	10.6365
XR_004601927.1	261	162	0	0
XR_004601928.1	923	824	0	0
XR_004601929.1	1017	918	0	0
XR_004601930.1	3919	3820	17.7747	5.44415
XR_004601931.1	2413	2314	9	4.55061
XR_004601932.1	1367	1268	2	1.84545
XR_004601933.1	493	394	0	0
XR_004601934.1	391	292	0	0
XR_004601935.1	534	435	0	0
XR_004601936.1	624	525	0	0
XR_004601937.1	465	366	0	0
XR_004601938.1	660	561	0	0
XR_004601939.1	737	638	0	0
XR_004601940.1	1878	1779	1.45237	0.955197
XR_004601941.1	344	245	9.21969	44.0292
XR_004601942.1	1610	1511	1	0.774331
XR_004601943.1	721	622	6.71873	12.6383
XR_004601944.1	1830	1731	0	0
XR_004601945.1	2306	2207	19.7367	10.4632
XR_004601946.1	399	300	0	0
XR_004601947.1	1711	1612	0	0
XR_004601948.1	2967	2868	0	0
XR_004601949.1	587	488	1.06193e-07	2.54605e-07
XR_004601950.1	698	599	1.78932	3.49504
XR_004601951.1	533	434	0	0
XR_004601952.1	1018	919	4.21068	5.36077
XR_004601953.1	1393	1294	0	0
XR_004601954.1	564	465	0	0
XR_004601955.1	1827	1728	3.97624	2.69228
XR_004601956.1	1829	1730	1.02376	0.692378
XR_004601957.1	1708	1609	0	0
XR_004601958.1	735	636	1	1.83964
XR_004601959.1	1589	1490	0	0
XR_004601960.1	1812	1713	0	0
XR_004601961.1	724	625	0	0
XR_004601962.1	1395	1296	3	2.70836
XR_004601963.1	192	93	5.70727	71.802
XR_004601964.1	1695	1596	0	0
XR_004601965.1	3308	3209	0	0
XR_004601966.1	3038	2939	1	0.398099
XR_004601967.1	1225	1126	37.7503	39.2259
XR_004601968.1	638	539	0	0
XR_004601969.1	478	379	0	0
XR_004601970.1	661	562	1	2.08187
XR_004601971.1	1683	1584	0	0
XR_004601972.1	438	339	0	0
XR_004601973.1	199	100	0	0
XR_004601974.1	1920	1821	0	0
XR_004601975.1	1319	1220	5.80018	5.56253
XR_004601976.1	961	862	17.0186	23.0998
XR_004601977.1	1649	1550	0	0
XR_004601978.1	4306	4207	0	0
XR_004601979.1	4352	4253	0	0
XR_004601980.1	4229	4130	16.07	4.55258
XR_004601981.1	3972	3873	11.1608	3.37162
XR_004601982.1	4339	4240	0	0
XR_004601983.1	1515	1416	2	1.65256
XR_004601984.1	913	814	27	38.8088
XR_004601985.1	1456	1357	8	6.89765
XR_004601986.1	1526	1427	0	0
XR_004601987.1	5256	5157	0	0
XR_004601988.1	2540	2441	0	0
XR_004601989.1	2458	2359	0	0
XR_004601990.1	1561	1462	0	0
XR_004601991.1	335	236	0.535433	2.65451
XR_004601992.1	606	507	0	0
XR_004601993.1	1149	1050	0	0
XR_004601994.1	1564	1465	0	0
XR_004601995.1	315	216	0.39602	2.14513
XR_004601996.1	1677	1578	0	0
XR_004601997.1	1737	1638	0	0
XR_004601998.1	793	694	0	0
XR_004601999.1	1799	1700	0	0
XR_004602000.1	1317	1218	0	0
XR_004602001.1	1096	997	3.69842	4.34022
XR_004602002.1	3846	3747	1.75026	0.546525
XR_004602003.1	3846	3747	1.75026	0.546525
XR_004602004.1	209	110	0	0
XR_004602005.1	1209	1110	0	0
XR_004602006.1	1809	1710	0	0
XR_004602007.1	1588	1489	0	0
XR_004602008.1	662	563	1.93017	4.01124
XR_004602009.1	653	554	0	0
XR_004602010.1	469	370	0	0
XR_004602011.1	464	365	0	0
XR_004602012.1	1437	1338	0	0
XR_004602013.1	387	288	1	4.06255
XR_004602014.1	435	336	4	13.9287
XR_004602015.1	1690	1591	0	0
XR_004602016.1	344	245	0	0
XR_004602017.1	2847	2748	0	0
XR_004602018.1	2753	2654	0	0
XR_004602019.1	2731	2632	0	0
XR_004602020.1	2842	2743	0	0
XR_004602021.1	2636	2537	0	0
XR_004602022.1	2747	2648	0	0
XR_004602023.1	2766	2667	0	0
XR_004602024.1	2649	2550	0	0
XR_004602025.1	2839	2740	0	0
XR_004602026.1	2822	2723	0	0
XR_004602027.1	1036	937	0	0
XR_004602028.1	1469	1370	0	0
XR_004602029.1	1206	1107	2	2.11385
XR_004602030.1	1568	1469	0	0
XR_004602031.1	3081	2982	0	0
XR_004602032.1	2358	2259	0	0
XR_004602033.1	235	136	0	0
XR_004602034.1	1584	1485	2	1.57578
XR_004602035.1	363	264	0	0
XR_004602036.1	855	756	0	0
XR_004602037.1	1479	1380	0	0
XR_004602038.1	616	517	0	0
XR_004602039.1	312	213	2	10.986
XR_004602040.1	244	145	0	0
XR_004602041.1	690	591	3	5.93915
XR_004602042.1	671	572	0	0
XR_004602043.1	1380	1281	0	0
XR_004602044.1	2187	2088	188.281	105.503
XR_004602045.1	1043	944	0	0
XR_004602046.1	418	319	0	0
XR_004602047.1	762	663	0	0
XR_004602048.1	618	519	0	0
XR_004602049.1	1135	1036	0	0
XR_004602050.1	3026	2927	0	0
XR_004602051.1	2849	2750	0	0
XR_004602052.1	1264	1165	0	0
XR_004602053.1	1238	1139	0	0
XR_004602054.1	1469	1370	7	5.97817
XR_004602055.1	1097	998	1	1.17236
XR_004602056.1	930	831	0	0
XR_004602057.1	1433	1334	0	0
XR_004602058.1	660	561	1	2.08559
XR_004602059.1	2720	2621	4.13351	1.8452
XR_004602060.1	2902	2803	0	0
XR_004602061.1	935	836	1	1.39954
XR_004602062.1	450	351	0	0
XR_004602063.1	545	446	0	0
XR_004602064.1	800	701	0	0
XR_004602065.1	2109	2010	17	9.89564
XR_004602066.1	468	369	0	0
XR_004602067.1	685	586	2	3.99322
XR_004602068.1	1389	1290	0	0
XR_004602069.1	1013	914	40.96	52.4329
XR_004602070.1	1898	1799	0	0
XR_004602071.1	6290	6191	4	0.755945
XR_004602072.1	768	669	0	0
XR_004602073.1	1678	1579	0	0
XR_004602074.1	389	290	0	0
XR_004602075.1	2758	2659	0	0
XR_004602076.1	1215	1116	0	0
XR_004602077.1	4792	4693	0	0
XR_004602078.1	4822	4723	0	0
XR_004602079.1	4314	4215	0	0
XR_004602080.1	4114	4015	18.8554	5.49467
XR_004602081.1	4166	4067	0	0
XR_004602082.1	2634	2535	27.7803	12.8218
XR_004602083.1	1292	1193	7.68684	7.53874
XR_004602084.1	1010	911	124.926	160.445
XR_004602085.1	695	596	0	0
XR_004602086.1	371	272	70	301.106
XR_004602087.1	3764	3665	5.0749	1.62011
XR_004602088.1	3821	3722	6.97468e-08	2.1925e-08
XR_004602089.1	1805	1706	0	0
XR_004602090.1	327	228	0	0
XR_004602091.1	1538	1439	0	0
XR_004602092.1	3766	3667	134.517	42.9197
XR_004602093.1	3787	3688	74.8955	23.7605
XR_004602094.1	3049	2950	85.5877	33.9453
XR_004602095.1	2045	1946	0	0
XR_004602096.1	2066	1967	0	0
XR_004602097.1	1982	1883	0	0
XR_004602098.1	920	821	0	0
XR_004602099.1	1433	1334	0	0
XR_004602100.1	1217	1118	0	0
XR_004602101.1	1139	1040	0	0
XR_004602102.1	1320	1221	20.592	19.7321
XR_004602103.1	1190	1091	1	1.07242
XR_004602104.1	454	355	4	13.1832
XR_004602105.1	1215	1116	3	3.1452
XR_004602106.1	1233	1134	2.11889e-08	2.18618e-08
XR_004602107.1	3978	3879	0	0
XR_004602108.1	3843	3744	0	0
XR_004602109.1	3876	3777	0	0
XR_004602110.1	3676	3577	0	0
XR_004602111.1	4844	4745	0	0
XR_004602112.1	3893	3794	0	0
XR_004602113.1	711	612	0	0
XR_004602114.1	3293	3194	0.00398295	0.00145902
XR_004602115.1	1640	1541	0	0
XR_004602116.1	1651	1552	0	0
XR_004602117.1	1015	916	0	0
XR_004602118.1	2029	1930	2	1.21245
XR_004602119.1	365	266	0	0
XR_004602120.1	1299	1200	0	0
XR_004602121.1	719	620	1.38896	2.62113
XR_004602122.1	771	672	0	0
XR_004602123.1	395	296	0	0
XR_004602124.1	996	897	1	1.30436
XR_004602125.1	381	282	0	0
XR_004602126.1	381	282	0	0
XR_004602127.1	1387	1288	8.29309	7.53341
XR_004602128.1	1687	1588	0	0
XR_004602129.1	429	330	1	3.5455
XR_004602130.1	1700	1601	0	0
XR_004602131.1	1398	1299	0	0
XR_004602132.1	162	63	0	0
XR_004602133.1	225	126	21.7204	201.692
XR_004602134.1	572	473	4	9.89441
XR_004602135.1	1480	1381	28.1648	23.8618
XR_004602136.1	117	18.8979	1836.81	113721
XR_004602137.1	4378	4279	11.3874	3.11366
XR_004602138.1	764	665	0	0
XR_004602139.1	3227	3128	8.28942	3.10062
XR_004602140.1	1052	953	0	0
XR_004602141.1	3908	3809	0	0
XR_004602142.1	572	473	0	0
XR_004602143.1	615	516	0	0
XR_004602144.1	545	446	0	0
XR_004602145.1	2480	2381	8.43699	4.1459
XR_004602146.1	277	178	24	157.755
XR_004602147.1	782	683	0	0
XR_004602148.1	403	304	0	0
XR_004602149.1	316	217	0	0
XR_004602150.1	2757	2658	0	0
XR_004602151.1	5003	4904	15.5834	3.71794
XR_004602152.1	561	462	0	0
XR_004602153.1	864	765	1	1.52943
XR_004602154.1	1375	1276	0	0
XR_004602155.1	2009	1910	0	0
XR_004602156.1	1269	1170	0	0
XR_004602157.1	1890	1791	9.98532	6.52315
XR_004602158.1	467	368	0	0
XR_004602159.1	391	292	0	0
XR_004602160.1	427	328	1	3.56711
XR_004602161.1	748	649	8	14.4224
XR_004602162.1	793	694	0	0
XR_004602163.1	425	326	0	0
XR_004602164.1	382	283	0	0
XR_004602165.1	1034	935	0	0
XR_004602166.1	1296	1197	5.74602	5.61648
XR_004602167.1	1935	1836	0	0
XR_004602168.1	1816	1717	0	0
XR_004602169.1	1814	1715	0	0
XR_004602170.1	1695	1596	0	0
XR_004602171.1	1916	1817	0	0
XR_004602172.1	1789	1690	0	0
XR_004602173.1	1670	1571	0	0
XR_004602174.1	1864	1765	0	0
XR_004602175.1	1844	1745	0	0
XR_004602176.1	1843	1744	0	0
XR_004602177.1	1952	1853	0	0
XR_004602178.1	1599	1500	0	0
XR_004602179.1	1479	1380	0	0
XR_004602180.1	1758	1659	0	0
XR_004602181.1	1288	1189	6.03607	5.93968
XR_004602182.1	4097	3998	0	0
XR_004602183.1	469	370	0	0
XR_004602184.1	297	198	0	0
XR_004602185.1	221	122	2.62028	25.1292
XR_004602186.1	2459	2360	4	1.98307
XR_004602187.1	300	201	0	0
XR_004602188.1	3844	3745	14.2676	4.4575
XR_004602189.1	2945	2846	0.0055134	0.0022666
XR_004602190.1	1206	1107	5.24142	5.53977
XR_004602191.1	173	74	0	0
XR_004602192.1	8045	7946	13.8862	2.04468
XR_004602193.1	994	895	0	0
XR_004602194.1	1882	1783	0	0
XR_004602195.1	625	526	2	4.44872
XR_004602196.1	486	387	0	0
XR_004602197.1	350	251	6.47651	30.1896
XR_004602198.1	287	188	0	0
XR_004602199.1	5088	4989	0	0
XR_004602200.1	1872	1773	161.148	106.343
XR_004602201.1	203	104	0	0
XR_004602202.1	5037	4938	0	0
XR_004602203.1	1286	1187	1	0.985689
XR_004602204.1	1469	1370	0	0
XR_004602205.1	1550	1451	0	0
XR_004602206.1	788	689	2.63098	4.46775
XR_004602207.1	779	680	0	0
XR_004602208.1	2678	2579	1	0.453669
XR_004602209.1	1859	1760	0	0
XR_004602210.1	358	259	0	0
XR_004602211.1	1529	1430	19.0716	15.6042
XR_004602212.1	584	485	3.43432	8.28494
XR_004602213.1	1190	1091	0	0
XR_004602214.1	327	228	0	0
XR_004602215.1	788	689	0	0
XR_004602216.1	1028	929	0.881606	1.11032
XR_004602217.1	2531	2432	0	0
XR_004602218.1	2438	2339	0	0
XR_004602219.1	1689	1590	0	0
XR_004602220.1	2257	2158	0	0
XR_004602221.1	2181	2082	0	0
XR_004602222.1	406	307	0	0
XR_004602223.1	406	307	0	0
XR_004602224.1	397	298	196.5	771.502
XR_004602225.1	406	307	0	0
XR_004602226.1	397	298	196.5	771.502
XR_004602227.1	397	298	196.5	771.502
XR_004602228.1	397	298	196.5	771.502
XR_004602229.1	287	188	0	0
XR_004602230.1	269	170	0	0
XR_004602231.1	2464	2365	12.7379	6.30171
XR_004602232.1	1476	1377	0	0
XR_004602233.1	842	743	11	17.3219
XR_004602234.1	2890	2791	3.20687	1.34435
XR_004602235.1	6375	6276	0	0
XR_004602236.1	6146	6047	0	0
XR_004602237.1	6190	6091	0	0
XR_004602238.1	5805	5706	8.67657	1.77913
XR_004602239.1	5831	5732	0.0419141	0.00855549
XR_004602240.1	2878	2779	18	7.57835
XR_004602241.1	1290	1191	0	0
XR_004602242.1	1150	1051	0	0
XR_004602243.1	4001	3902	0	0
XR_004602244.1	3225	3126	0	0
XR_004602245.1	783	684	1	1.71055
XR_004602246.1	2536	2437	0	0
XR_004602247.1	2752	2653	0	0
XR_004602248.1	2425	2326	0	0
XR_004602249.1	2561	2462	0	0
XR_004602250.1	2674	2575	0	0
XR_004602251.1	2679	2580	0	0
XR_004602252.1	2596	2497	4.20987	1.97261
XR_004602253.1	2612	2513	0.00234655	0.00109252
XR_004602254.1	2069	1970	0	0
XR_004602255.1	947	848	0	0
XR_004602256.1	1041	942	1.08639	1.34935
XR_004602257.1	996	897	0	0
XR_004602258.1	1042	943	0	0
XR_004602259.1	2749	2650	2.05818	0.908716
XR_004602260.1	915	816	0	0
XR_004602261.1	1617	1518	0	0
XR_004602262.1	1575	1476	16.8554	13.3612
XR_004602263.1	836	737	0	0
XR_004602264.1	1139	1040	0.229464	0.258151
XR_004602265.1	1520	1421	0	0
XR_004602266.1	842	743	0	0
XR_004602267.1	3198	3099	72	27.1833
XR_004602268.1	1448	1349	0	0
XR_004602269.1	788	689	2	3.39627
XR_004602270.1	883	784	4	5.96946
XR_004602271.1	434	335	0	0
XR_004602272.1	1215	1116	19	19.9196
XR_004602273.1	884	785	0	0
XR_004602274.1	639	540	0	0
XR_004602275.1	508	409	1	2.86067
XR_004602276.1	990	891	0	0
XR_004602277.1	187	88	0	0
XR_004602278.1	1087	988	19	22.5003
XR_004602279.1	844	745	2.85149	4.47823
XR_004602280.1	2790	2691	4.14851	1.80372
XR_004602281.1	2290	2191	3	1.60203
XR_004602282.1	985	886	0	0
XR_004602283.1	291	192	0	0
XR_004602284.1	910	811	0	0
XR_004602285.1	203	104	0	0
XR_004602286.1	972	873	10	13.4022
XR_004602287.1	1844	1745	0	0
XR_004602288.1	1442	1343	150.067	130.737
XR_004602289.1	525	426	1	2.74651
XR_004602290.1	3802	3703	0	0
XR_004602291.1	302	203	3.63893	20.9734
XR_004602292.1	440	341	0	0
XR_004602293.1	1127	1028	1	1.13815
XR_004602294.1	1172	1073	0	0
XR_004602295.1	744	645	2.43158	4.41083
XR_004602296.1	523	424	7.20275	19.8757
XR_004602297.1	272	173	0	0
XR_004602298.1	620	521	2.54492	5.71514
XR_004602299.1	935	836	18.7647	26.2618
XR_004602300.1	1424	1325	2.07913	1.83593
XR_004602301.1	6696	6597	0	0
XR_004602302.1	1417	1318	0	0
XR_004602303.1	5396	5297	0	0
XR_004602304.1	5263	5164	0	0
XR_004602305.1	2409	2310	0	0
XR_004602306.1	779	680	1	1.72061
XR_004602307.1	1282	1183	0	0
XR_004602308.1	305	206	0	0
XR_004602309.1	834	735	0	0
XR_004602310.1	2884	2785	13	5.46146
XR_004602311.1	1955	1856	0	0
XR_004602312.1	1564	1465	0	0
XR_004602313.1	661	562	2.36403	4.92161
XR_004602314.1	1927	1828	1	0.640051
XR_004602315.1	1784	1685	0	0
XR_004602316.1	1338	1239	0	0
XR_004602317.1	1684	1585	0	0
XR_004602318.1	1989	1890	0	0
XR_004602319.1	1613	1514	0	0
XR_004602320.1	2005	1906	0	0
XR_004602321.1	439	340	0	0
XR_004602322.1	569	470	3.46134	8.61662
XR_004602323.1	504	405	0	0
XR_004602324.1	1415	1316	5.24303	4.66141
XR_004602325.1	1164	1065	4.9936	5.48599
XR_004602326.1	622	523	2.38677	5.33949
XR_004602327.1	2431	2332	0	0
XR_004602328.1	687	588	0	0
XR_004602329.1	3092	2993	4	1.56367
XR_004602330.1	531	432	90	243.753
XR_004602331.1	292	193	0	0
XR_004602332.1	974	875	0	0
XR_004602333.1	1045	946	3.55984	4.40281
XR_004602334.1	972	873	0.359971	0.48244
XR_004602335.1	1493	1394	1	0.839321
XR_004602336.1	826	727	0	0
XR_004602337.1	1550	1451	0	0
XR_004602338.1	1620	1521	0	0
XR_004602339.1	589	490	0	0
XR_004602340.1	1775	1676	1	0.698099
XR_004602341.1	2463	2364	0	0
XR_004602342.1	4004	3905	0	0
XR_004602343.1	3708	3609	2	0.648386
XR_004602344.1	1395	1296	0	0
XR_004602345.1	340	241	1	4.85483
XR_004602346.1	397	298	0	0
XR_004602347.1	2338	2239	44.6941	23.3554
XR_004602348.1	350	251	50.2261	234.124
XR_004602349.1	361	262	0	0
XR_004602350.1	4655	4556	0	0
XR_004602351.1	4300	4201	11	3.06359
XR_004602352.1	1990	1891	0	0
XR_004602353.1	649	550	1	2.1273
XR_004602354.1	1383	1284	1	0.911225
XR_004602355.1	611	512	0	0
XR_004602356.1	448	349	0	0
XR_004602357.1	1216	1117	0	0
XR_004602358.1	251	152	1	7.69746
XR_004602359.1	378	279	0	0
XR_004602360.1	420	321	30	109.347
XR_004602361.1	403	304	0	0
XR_004602362.1	459	360	0	0
XR_004602363.1	496	397	1	2.94714
XR_004602364.1	308	209	0	0
XR_004602365.1	350	251	25	116.535
XR_004602366.1	456	357	1	3.27735
XR_004602367.1	341	242	0	0
XR_004602368.1	548	449	0	0
XR_004602369.1	271	172	0	0
XR_004602370.1	653	554	0	0
XR_004602371.1	531	432	0	0
XR_004602372.1	574	475	1.26389	3.11319
XR_004602373.1	547	448	0	0
XR_004602374.1	2638	2539	0	0
XR_004602375.1	2116	2017	49	28.4237
XR_004602376.1	944	845	0.0181782	0.0251701
XR_004602377.1	652	553	1.34647	2.8488
XR_004602378.1	1609	1510	0	0
XR_004602379.1	498	399	0	0
XR_004602380.1	661	562	0	0
XR_004602381.1	1064	965	117.569	142.546
XR_004602382.1	1227	1128	7.44195	7.71913
XR_004602383.1	1520	1421	0	0
XR_004602384.1	1240	1141	1.08193e-05	1.10944e-05
XR_004602385.1	1383	1284	0	0
XR_004602386.1	1380	1281	0	0
XR_004602387.1	1394	1295	1	0.903485
XR_004602388.1	1029	930	0	0
XR_004602389.1	383	284	0	0
XR_004602390.1	266	167	0	0
XR_004602391.1	1116	1017	0	0
XR_004602392.1	971	872	1.01207	1.35795
XR_004602393.1	601	502	2.48601	5.79415
XR_004602394.1	804	705	0	0
XR_004602395.1	444	345	0	0
XR_004602396.1	1245	1146	7.66043	7.82095
XR_004602397.1	209	110	0	0
XR_004602398.1	1512	1413	0	0
XR_004602399.1	1641	1542	46	34.9031
XR_004602400.1	1914	1815	47.2211	30.4404
XR_004602401.1	737	638	4.72227	8.66006
XR_004602402.1	699	600	0	0
XR_004602403.1	752	653	1.73836	3.11471
XR_004602404.1	3816	3717	9.99453	3.14601
XR_004602405.1	3633	3534	0	0
XR_004602406.1	3627	3528	0	0
XR_004602407.1	3683	3584	0	0
XR_004602408.1	3620	3521	0	0
XR_004602409.1	3672	3573	0	0
XR_004602410.1	295	196	0	0
XR_004602411.1	524	425	1	2.75297
XR_004602412.1	2068	1969	12.3806	7.35678
XR_004602413.1	1117	1018	0	0
XR_004602414.1	1063	964	0	0
XR_004602415.1	1892	1793	0	0
XR_004602416.1	780	681	0	0
XR_004602417.1	495	396	0	0
XR_004602418.1	709	610	0	0
XR_004602419.1	650	551	0	0
XR_004602420.1	468	369	1.08416	3.43762
XR_004602421.1	832	733	0	0
XR_004602422.1	499	400	1.15012	3.36414
XR_004602423.1	371	272	0	0
XR_004602424.1	319	220	0	0
XR_004602425.1	655	556	0	0
XR_004602426.1	871	772	0	0
XR_004602427.1	3464	3365	19.2964	6.70938
XR_004602428.1	3797	3698	0	0
XR_004602429.1	1470	1371	0	0
XR_004602430.1	413	314	0	0
XR_004602431.1	810	711	0.239979	0.394906
XR_004602432.1	2539	2440	0	0
XR_004602433.1	1420	1321	0	0
XR_004602434.1	717	618	0.429538	0.813213
XR_004602435.1	617	518	0	0
XR_004602436.1	1309	1210	0	0
XR_004602437.1	1991	1892	460.25	284.619
XR_004602438.1	561	462	0	0
XR_004602439.1	515	416	0	0
XR_004602440.1	512	413	0	0
XR_004602441.1	1404	1305	0	0
XR_004602442.1	1223	1124	0	0
XR_004602443.1	1186	1087	0	0
XR_004602444.1	945	846	0	0
XR_004602445.1	996	897	0	0
XR_004602446.1	933	834	1.09569	1.53714
XR_004602447.1	732	633	2	3.69672
XR_004602448.1	1411	1312	1	0.891779
XR_004602449.1	619	520	0	0
XR_004602450.1	2355	2256	2.10649	1.09247
XR_004602451.1	383	284	0	0
XR_004602452.1	3260	3161	0	0
XR_004602453.1	442	343	0	0
XR_004602454.1	3399	3300	0	0
XR_004602455.1	3295	3196	0	0
XR_004602456.1	3375	3276	0	0
XR_004602457.1	3271	3172	36.7108	13.541
XR_004602458.1	4047	3948	0	0
XR_004602459.1	3412	3313	0	0
XR_004602460.1	3240	3141	0.000110134	4.10245e-05
XR_004602461.1	4041	3942	0	0
XR_004602462.1	3274	3175	0	0
XR_004602463.1	3281	3182	0	0
XR_004602464.1	4016	3917	0	0
XR_004602465.1	5787	5688	26	5.34816
XR_004602466.1	1431	1332	2.08118	1.82808
XR_004602467.1	402	303	15	57.9215
XR_004602468.1	1002	903	2	2.59139
XR_004602469.1	2860	2761	31	13.1367
XR_004602470.1	548	449	0	0
XR_004602471.1	1741	1642	34	24.2268
XR_004602472.1	818	719	15	24.4092
XR_004602473.1	5529	5430	8.28365	1.7849
XR_004602474.1	843	744	1.46457	2.30318
XR_004602475.1	1118	1019	2	2.2964
XR_004602476.1	1321	1222	2	1.91492
XR_004602477.1	983	884	0	0
XR_004602478.1	945	846	0	0
XR_004602479.1	942	843	0	0
XR_004602480.1	5100	5001	0	0
XR_004602481.1	7024	6925	0.0229583	0.00387892
XR_004602482.1	1300	1201	0	0
XR_004602483.1	818	719	1.4429	2.348
XR_004602484.1	3095	2996	7.7734	3.03571
XR_004602485.1	1928	1829	6.08265	3.89108
XR_004602486.1	940	841	8	11.1297
XR_004602487.1	302	203	0	0
XR_004602488.1	236	137	0	0
XR_004602489.1	1037	938	0	0
XR_004602490.1	2193	2094	0	0
XR_004602491.1	6963	6864	0.00148112	0.000252466
XR_004602492.1	1769	1670	5.64071	3.95192
XR_004602493.1	1916	1817	0	0
XR_004602494.1	1472	1373	0	0
XR_004602495.1	1063	964	0	0
XR_004602496.1	686	587	0	0
XR_004602497.1	1044	945	4	4.95244
XR_004602498.1	601	502	0	0
XR_004602499.1	270	171	50.5529	345.892
XR_004602500.1	1607	1508	55.9084	43.3777
XR_004602501.1	213	114	0	0
XR_004602502.1	1497	1398	1	0.836919
XR_004602503.1	5212	5113	103.091	23.5905
XR_004602504.1	1907	1808	0	0
XR_004602505.1	2813	2714	1	0.431103
XR_004602506.1	1165	1066	2.47702	2.71871
XR_004602507.1	2614	2515	24.2169	11.266
XR_004602508.1	2644	2545	100.218	46.0733
XR_004602509.1	455	356	0	0
XR_004602510.1	872	773	5.02918	7.61218
XR_004602511.1	330	231	0	0
XR_004602512.1	503	404	0	0
XR_004602513.1	254	155	0	0
XR_004602514.1	13472	13373	0	0
XR_004602515.1	12170	12071	17.0183	1.64954
XR_004602516.1	1933	1834	0	0
XR_004602517.1	1272	1173	0	0
XR_004602518.1	1575	1476	7	5.54884
XR_004602519.1	508	409	0	0
XR_004602520.1	3552	3453	24	8.13215
XR_004602521.1	193	94	0	0
XR_004602522.1	190	91	0	0
XR_004602523.1	1272	1173	0	0
XR_004602524.1	153	54	0	0
XR_004602525.1	1058	959	10	12.2003
XR_004602526.1	1518	1419	0	0
XR_004602527.1	1235	1136	48.4768	49.9283
XR_004602528.1	4169	4070	0	0
XR_004602529.1	3184	3085	28.1608	10.6802
XR_004602530.1	5268	5169	0.095752	0.0216737
XR_004602531.1	332	233	0	0
XR_004602532.1	2844	2745	0	0
XR_004602533.1	2815	2716	11	4.73864
XR_004602534.1	1897	1798	0	0
XR_004602535.1	193	94	84	1045.54
XR_004602536.1	79	4.19342	0	0
XR_004602537.1	78	4.08566	0	0
XR_004602538.1	84	4.82681	0	0
XR_004602539.1	84	4.82681	0	0
XR_004602540.1	84	4.82681	0	0
XR_004602541.1	193	94	0	0
XR_004602542.1	222	123	61	580.251
XR_004602543.1	222	123	0	0
XR_004602544.1	120	21.4973	0	0
XR_004602545.1	1644	1545	3.07584	2.3293
XR_004602546.1	947	848	0	0
XR_004602547.1	561	462	1.02979	2.60794
XR_004602548.1	881	782	0	0
XR_004602549.1	965	866	1.79041	2.41894
XR_004602550.1	907	808	0	0
XR_004602551.1	1253	1154	0	0
XR_004602552.1	1793	1694	0	0
XR_004602553.1	1977	1878	0	0
XR_004602554.1	1515	1416	10.6081	8.76524
XR_004602555.1	613	514	0	0
XR_004602556.1	1281	1182	0	0
XR_004602557.1	1803	1704	0	0
XR_004602558.1	1451	1352	1.96997	1.7048
XR_004602559.1	1253	1154	0	0
XR_004602560.1	426	327	0	0
XR_004602561.1	455	356	2.41844	7.94835
XR_004602562.1	1202	1103	4.7651	5.0546
XR_004602563.1	2906	2807	0	0
XR_004602564.1	2745	2646	0	0
XR_004602565.1	3093	2994	3	1.17236
XR_004602566.1	1026	927	7	8.83505
XR_004602567.1	433	334	0	0
XR_004602568.1	320	221	0	0
XR_004602569.1	449	350	0	0
XR_004602570.1	1409	1310	3.19865	2.85684
XR_004602571.1	386	287	0	0
XR_004602572.1	534	435	0	0
XR_004602573.1	646	547	0	0
XR_004602574.1	270	171	0	0
XR_004602575.1	1219	1120	8.19981	8.56597
XR_004602576.1	559	460	0	0
XR_004602577.1	1729	1630	0	0
XR_004602578.1	343	244	0	0
XR_004602579.1	880	781	43.035	64.4706
XR_004602580.1	873	774	0	0
XR_004602581.1	250	151	0	0
XR_004602582.1	488	389	0	0
XR_004602583.1	576	477	0	0
XR_004602584.1	1208	1109	0	0
XR_004602585.1	195	96	0	0
XR_004602586.1	3726	3627	6.12326	1.97527
XR_004602587.1	566	467	9	22.5484
XR_004602588.1	2083	1984	0	0
XR_004602589.1	2430	2331	0	0
XR_004602590.1	493	394	0	0
XR_004602591.1	1627	1528	1.68983e-06	1.29393e-06
XR_004602592.1	1969	1870	0	0
XR_004602593.1	1857	1758	0	0
XR_004602594.1	216	117	0	0
XR_004602595.1	1195	1096	0	0
XR_004602596.1	1273	1174	0	0
XR_004602597.1	350	251	0	0
XR_004602598.1	2663	2564	3.63941	1.66075
XR_004602599.1	2740	2641	0	0
XR_004602600.1	3147	3048	0.000174908	6.71405e-05
XR_004602601.1	1221	1122	0	0
XR_004602602.1	260	161	0	0
XR_004602603.1	336	237	0	0
XR_004602604.1	833	734	1.54327	2.46001
XR_004602605.1	2213	2114	0.999991	0.553454
XR_004602606.1	500	401	0	0
XR_004602607.1	1230	1131	20	20.6899
XR_004602608.1	5288	5189	82.5033	18.6028
XR_004602609.1	2623	2524	0	0
XR_004602610.1	2627	2528	0	0
XR_004602611.1	3255	3156	0	0
XR_004602612.1	1404	1305	2.05017	1.83811
XR_004602613.1	1843	1744	0	0
XR_004602614.1	439	340	0	0
XR_004602615.1	506	407	0	0
XR_004602616.1	439	340	25	86.0304
XR_004602617.1	1385	1286	0	0
XR_004602618.1	1701	1602	0	0
XR_004602619.1	1351	1252	0	0
XR_004602620.1	404	305	0	0
XR_004602621.1	351	252	16	74.2866
XR_004602622.1	1168	1069	0	0
XR_004602623.1	710	611	1	1.91492
XR_004602624.1	499	400	0	0
XR_004602625.1	2055	1956	0	0
XR_004602626.1	632	533	12	26.3418
XR_004602627.1	5612	5513	0	0
XR_004602628.1	5570	5471	0	0
XR_004602629.1	5577	5478	0	0
XR_004602630.1	2063	1964	0	0
XR_004602631.1	2123	2024	1.61398	0.932995
XR_004602632.1	5924	5825	0	0
XR_004602633.1	888	789	0	0
XR_004602634.1	647	548	2.35076e-06	5.01902e-06
XR_004602635.1	640	541	8.32552	18.0055
XR_004602636.1	1561	1462	0	0
XR_004602637.1	2099	2000	8.9059	5.21001
XR_004602638.1	1959	1860	0	0
XR_004602639.1	1724	1625	0	0
XR_004602640.1	384	285	0	0
XR_004602641.1	1056	957	32	39.1227
XR_004602642.1	4079	3980	13.2302	3.88933
XR_004602643.1	1583	1484	0	0
XR_004602644.1	1460	1361	0	0
XR_004602645.1	1495	1396	0	0
XR_004602646.1	1405	1306	0	0
XR_004602647.1	1858	1759	0	0
XR_004602648.1	1485	1386	0	0
XR_004602649.1	2056	1957	0	0
XR_004602650.1	4224	4125	0	0
XR_004602651.1	2966	2867	391.572	159.799
XR_004602652.1	339	240	0	0
XR_004602653.1	347	248	0	0
XR_004602654.1	379	280	0	0
XR_004602655.1	437	338	6	20.7695
XR_004602656.1	351	252	0	0
XR_004602657.1	637	538	0	0
XR_004602658.1	1415	1316	0	0
XR_004602659.1	1417	1318	0	0
XR_004602660.1	1250	1151	0	0
XR_004602661.1	1410	1311	0	0
XR_004602662.1	1403	1304	0	0
XR_004602663.1	1326	1227	4	3.81422
XR_004602664.1	1000	901	200	259.714
XR_004602665.1	1257	1158	0	0
XR_004602666.1	2080	1981	0	0
XR_004602667.1	380	281	1.09351	4.55311
XR_004602668.1	1741	1642	0	0
XR_004602669.1	637	538	0	0
XR_004602670.1	4153	4054	1.98057e-05	5.71606e-06
XR_004602671.1	4111	4012	3.99998	1.16651
XR_004602672.1	1211	1112	0	0
XR_004602673.1	2550	2451	1	0.477362
XR_004602674.1	2300	2201	0	0
XR_004602675.1	3114	3015	59	22.8958
XR_004602676.1	2204	2105	0	0
XR_004602677.1	1629	1530	0	0
XR_004602678.1	1665	1566	8.21401	6.13697
XR_004602679.1	687	588	5.28605	10.5183
XR_004602680.1	693	594	3.55824e-05	7.00873e-05
XR_004602681.1	1711	1612	12	8.70978
XR_004602682.1	1096	997	1.74354	2.0461
XR_004602683.1	1200	1101	21	22.3163
XR_004602684.1	1445	1346	0	0
XR_004602685.1	639	540	0	0
XR_004602686.1	382	283	0	0
XR_004602687.1	943	844	0	0
XR_004602688.1	229	130	0	0
XR_004602689.1	375	276	0	0
XR_004602690.1	665	566	0	0
XR_004602691.1	373	274	0	0
XR_004602692.1	2479	2380	0	0
XR_004602693.1	2188	2089	10	5.60083
XR_004602694.1	444	345	0	0
XR_004602695.1	295	196	0	0
XR_004602696.1	1851	1752	0	0
XR_004602697.1	662	563	0	0
XR_004602698.1	686	587	0	0
XR_004602699.1	1857	1758	1.83426	1.22077
XR_004602700.1	1247	1148	0	0
XR_004602701.1	778	679	6.00722	10.3513
XR_004602702.1	637	538	2	4.34949
XR_004602703.1	432	333	0	0
XR_004602704.1	474	375	3.92729	12.2533
XR_004602705.1	289	190	0	0
XR_004602706.1	298	199	0.332309	1.9538
XR_004602707.1	214	115	0	0
XR_004602708.1	393	294	0	0
XR_004602709.1	1312	1213	9.84083	9.49209
XR_004602710.1	1526	1427	0	0
XR_004602711.1	1318	1219	0.0301581	0.0289462
XR_004602712.1	1245	1146	5.12901	5.23648
XR_004602713.1	400	301	1	3.88709
XR_004602714.1	4281	4182	4.91809e-05	1.37595e-05
XR_004602715.1	3059	2960	0	0
XR_004602716.1	4241	4142	3.87098	1.09346
XR_004602717.1	2098	1999	15.3706	8.99641
XR_004602718.1	431	332	0	0
XR_004602719.1	2764	2665	3	1.31709
XR_004602720.1	884	785	5.72979	8.54004
XR_004602721.1	1536	1437	8.79563	7.16145
XR_004602722.1	2717	2618	0.895833	0.400358
XR_004602723.1	3945	3846	0	0
XR_004602724.1	3942	3843	0	0
XR_004602725.1	2893	2794	0	0
XR_004602726.1	3759	3660	17	5.43449
XR_004602727.1	2503	2404	0	0
XR_004602728.1	1697	1598	0	0
XR_004602729.1	2087	1988	7.17676e-08	4.2238e-08
XR_004602730.1	2057	1958	4	2.39022
XR_004602731.1	759	660	0	0
XR_004602732.1	742	643	53.3877	97.1452
XR_004602733.1	2897	2798	27.3264	11.4268
XR_004602734.1	2891	2792	0	0
XR_004602735.1	2857	2758	0	0
XR_004602736.1	312	213	0	0
XR_004602737.1	2517	2418	0	0
XR_004602738.1	236	137	2.36361e-06	2.01858e-05
XR_004602739.1	895	796	0	0
XR_004602740.1	910	811	0	0
XR_004602741.1	860	761	1	1.53747
XR_004602742.1	1222	1123	0	0
XR_004602743.1	3516	3417	0	0
XR_004602744.1	2164	2065	0	0
XR_004602745.1	1242	1143	0	0
XR_004602746.1	513	414	4	11.3045
XR_004602747.1	4933	4834	1.97387e-08	4.77752e-09
XR_004602748.1	1818	1719	0	0
XR_004602749.1	2648	2549	0	0
XR_004602750.1	1402	1303	0	0
XR_004602751.1	1375	1276	0	0
XR_004602752.1	1295	1196	0	0
XR_004602753.1	1279	1180	0	0
XR_004602754.1	1386	1287	0	0
XR_004602755.1	1225	1126	4	4.15635
XR_004602756.1	1407	1308	0	0
XR_004602757.1	1246	1147	0	0
XR_004602758.1	546	447	0	0
XR_004602759.1	2683	2584	0	0
XR_004602760.1	991	892	0	0
XR_004602761.1	762	663	0	0
XR_004602762.1	661	562	0	0
XR_004602763.1	1904	1805	1	0.648207
XR_004602764.1	414	315	0	0
XR_004602765.1	491	392	0	0
XR_004602766.1	404	305	2	7.67222
XR_004602767.1	2652	2553	0	0
XR_004602768.1	836	737	1	1.58754
XR_004602769.1	1124	1025	0	0
XR_004602770.1	1474	1375	0	0
XR_004602771.1	292	193	0	0
XR_004602772.1	1103	1004	24.9098	29.0287
XR_004602773.1	1736	1637	6	4.28838
XR_004602774.1	1245	1146	0	0
XR_004602775.1	622	523	0	0
XR_004602776.1	681	582	8	16.0827
XR_004602777.1	961	862	1	1.35732
XR_004602778.1	1256	1157	2.79936	2.83084
XR_004602779.1	474	375	0	0
XR_004602780.1	2963	2864	9.0485	3.69653
XR_004602781.1	1055	956	0	0
XR_004602782.1	345	246	0	0
XR_004602783.1	633	534	8.51168	18.6494
XR_004602784.1	990	891	2	2.62629
XR_004602785.1	3192	3093	0	0
XR_004602786.1	3068	2969	0	0
XR_004602787.1	3559	3460	0.0967328	0.0327106
XR_004602788.1	3554	3455	0.527561	0.178655
XR_004602789.1	3600	3501	9.64921e-08	3.22471e-08
XR_004602790.1	4129	4030	0	0
XR_004602791.1	3555	3456	0.375706	0.127194
XR_004602792.1	4108	4009	0	0
XR_004602793.1	1108	1009	0	0
XR_004602794.1	1726	1627	0	0
XR_004602795.1	434	335	0	0
XR_004602796.1	416	317	0	0
XR_004602797.1	4653	4554	0	0
XR_004602798.1	4579	4480	0	0
XR_004602799.1	4547	4448	0	0
XR_004602800.1	4439	4340	0	0
XR_004602801.1	419	320	16.9781	62.0769
XR_004602802.1	940	841	0	0
XR_004602803.1	1964	1865	0	0
XR_004602804.1	755	656	0	0
XR_004602805.1	781	682	0	0
XR_004602806.1	948	849	0	0
XR_004602807.1	1371	1272	6.11452	5.62427
XR_004602808.1	2926	2827	2	0.827742
XR_004602809.1	2032	1933	0	0
XR_004602810.1	2614	2515	0	0
XR_004602811.1	2635	2536	1	0.461362
XR_004602812.1	835	736	47	74.7155
XR_004602813.1	264	165	0	0
XR_004602814.1	1766	1667	0	0
XR_004602815.1	544	445	0	0
XR_004602816.1	552	453	0	0
XR_004602817.1	202	103	0	0
XR_004602818.1	1349	1250	0	0
XR_004602819.1	1261	1162	0	0
XR_004602820.1	1974	1875	0	0
XR_004602821.1	1195	1096	2.6064	2.78242
XR_004602822.1	1218	1119	0	0
XR_004602823.1	1224	1125	0	0
XR_004602824.1	3254	3155	11.1652	4.14055
XR_004602825.1	560	461	0	0
XR_004602826.1	491	392	0	0
XR_004602827.1	652	553	0.587174	1.24232
XR_004602828.1	826	727	0	0
XR_004602829.1	891	792	0	0
XR_004602830.1	1169	1070	0	0
XR_004602831.1	380	281	0	0
XR_004602832.1	314	215	0	0
XR_004602833.1	4862	4763	0	0
XR_004602834.1	408	309	0	0
XR_004602835.1	1058	959	0	0
XR_004602836.1	1746	1647	2.63407	1.87122
XR_004602837.1	1132	1033	6	6.79582
XR_004602838.1	361	262	0	0
XR_004602839.1	1613	1514	0	0
XR_004602840.1	2226	2127	392.698	216.014
XR_004602841.1	826	727	1	1.60937
XR_004602842.1	652	553	0	0
XR_004602843.1	652	553	4.51469	9.55198
XR_004602844.1	2275	2176	0	0
XR_004602845.1	1136	1037	11	12.4109
XR_004602846.1	391	292	0	0
XR_004602847.1	213	114	67	687.639
XR_004602848.1	1224	1125	1.04332	1.08507
XR_004602849.1	1310	1211	7.92176	7.65364
XR_004602850.1	430	331	0	0
XR_004602851.1	510	411	0	0
XR_004602852.1	174	75	0	0
XR_004602853.1	401	302	0	0
XR_004602854.1	1491	1392	0	0
XR_004602855.1	3612	3513	15	4.99579
XR_004602856.1	1035	936	1	1.25001
XR_004602857.1	2358	2259	0	0
XR_004602858.1	705	606	0	0
XR_004602859.1	1838	1739	0	0
XR_004602860.1	1171	1072	0	0
XR_004602861.1	1226	1127	0	0
XR_004602862.1	1438	1339	0	0
XR_004602863.1	1429	1330	0	0
XR_004602864.1	1111	1012	0	0
XR_004602865.1	825	726	8.01099	12.9104
XR_004602866.1	1041	942	0	0
XR_004602867.1	585	486	0	0
XR_004602868.1	261	162	0	0
XR_004602869.1	9329	9230	49.6027	6.28773
XR_004602870.1	415	316	0	0
XR_004602871.1	5797	5698	0	0
XR_004602872.1	5794	5695	0	0
XR_004602873.1	4843	4744	21.1179	5.20831
XR_004602874.1	4837	4738	93.1878	23.012
XR_004602875.1	2973	2874	0	0
XR_004602876.1	1693	1594	16	11.7442
XR_004602877.1	673	574	0	0
XR_004602878.1	1649	1550	2	1.50969
XR_004602879.1	390	291	0	0
XR_004602880.1	5059	4960	1.82743e-07	4.31071e-08
XR_004602881.1	4988	4889	4.04336	0.967639
XR_004602882.1	934	835	0	0
XR_004602883.1	2618	2519	0	0
XR_004602884.1	504	405	0	0
XR_004602885.1	1573	1474	88	69.8515
XR_004602886.1	539	440	0	0
XR_004602887.1	1212	1113	0	0
XR_004602888.1	1615	1516	0	0
XR_004602889.1	1043	944	1	1.23942
XR_004602890.1	451	352	0	0
XR_004602891.1	792	693	131.655	222.278
XR_004602892.1	3740	3641	11	3.53478
XR_004602893.1	1745	1646	0	0
XR_004602894.1	1633	1534	0	0
XR_004602895.1	1620	1521	0	0
XR_004602896.1	1507	1408	0	0
XR_004602897.1	1600	1501	0	0
XR_004602898.1	1659	1560	0	0
XR_004602899.1	1393	1294	0	0
XR_004602900.1	1569	1470	0	0
XR_004602901.1	804	705	0	0
XR_004602902.1	650	551	6.61468	14.0459
XR_004602903.1	1091	992	6.87491	8.1086
XR_004602904.1	587	488	0	0
XR_004602905.1	485	386	0	0
XR_004602906.1	1493	1394	0	0
XR_004602907.1	2169	2070	0	0
XR_004602908.1	1854	1755	0	0
XR_004602909.1	783	684	0	0
XR_004602910.1	1427	1328	7.39935	6.51908
XR_004602911.1	1455	1356	0	0
XR_004602912.1	151	52	0	0
XR_004602913.1	334	235	0	0
XR_004602914.1	711	612	0	0
XR_004602915.1	530	431	0	0
XR_004602916.1	1013	914	0	0
XR_004602917.1	608	509	0	0
XR_004602918.1	1516	1417	8.02833	6.62897
XR_004602919.1	1163	1064	6.97167	7.66631
XR_004602920.1	1038	939	0	0
XR_004602921.1	1315	1216	0	0
XR_004602922.1	1300	1201	0	0
XR_004602923.1	2793	2694	18	7.81746
XR_004602924.1	477	378	10	30.9527
XR_004602925.1	1410	1311	0	0
XR_004602926.1	980	881	0	0
XR_004602927.1	450	351	0	0
XR_004602928.1	199	100	0	0
XR_004602929.1	1172	1073	1	1.09041
XR_004602930.1	1382	1283	0	0
XR_004602931.1	1157	1058	1	1.10587
XR_004602932.1	2626	2527	39.3769	18.2317
XR_004602933.1	2649	2550	0.000954024	0.000437734
XR_004602934.1	599	500	8.61157	20.1513
XR_004602935.1	461	362	0	0
XR_004602936.1	684	585	9.97214	19.9445
XR_004602937.1	261	162	0	0
XR_004602938.1	2189	2090	4	2.23926
XR_004602939.1	2839	2740	2	0.854024
XR_004602940.1	3127	3028	2.37059	0.91599
XR_004602941.1	1031	932	1	1.25538
XR_004602942.1	2393	2294	0	0
XR_004602943.1	2659	2560	0	0
XR_004602944.1	728	629	0	0
XR_004602945.1	648	549	0	0
XR_004602946.1	3866	3767	7.04003	2.1866
XR_004602947.1	800	701	0	0
XR_004602948.1	4041	3942	0	0
XR_004602949.1	3844	3745	0	0
XR_004602950.1	3955	3856	10.7703	3.26799
XR_004602951.1	821	722	0	0
XR_004602952.1	1101	1002	0	0
XR_004602953.1	3187	3088	0	0
XR_004602954.1	3508	3409	0	0
XR_004602955.1	10438	10339	0	0
XR_004602956.1	2471	2372	1	0.49326
XR_004602957.1	1139	1040	0	0
XR_004602958.1	3724	3625	0	0
XR_004602959.1	3632	3533	1	0.331167
XR_004602960.1	253	154	0.850591	6.46236
XR_004602961.1	1432	1333	14	12.2882
XR_004602962.1	490	391	0	0
XR_004602963.1	581	482	503	1220.99
XR_004602964.1	2008	1909	0	0
XR_004602965.1	2440	2341	0	0
XR_004602966.1	2454	2355	0	0
XR_004602967.1	2283	2184	1.01196	0.54213
XR_004602968.1	510	411	2.56393	7.29886
XR_004602969.1	2394	2295	4.03944	2.05934
XR_004602970.1	554	455	0	0
XR_004602971.1	214	115	0	0
XR_004602972.1	225	126	0	0
XR_004602973.1	395	296	0	0
XR_004602974.1	995	896	8	10.4465
XR_004602975.1	161	62	0	0
XR_004602976.1	799	700	10	16.7145
XR_004602977.1	1492	1393	109.484	91.9586
XR_004602978.1	619	520	0	0
XR_004602979.1	2534	2435	9	4.32448
XR_004602980.1	756	657	0	0
XR_004602981.1	722	623	0	0
XR_004602982.1	742	643	0	0
XR_004602983.1	6037	5938	1.78653	0.352015
XR_004602984.1	555	456	0	0
XR_004602985.1	744	645	0	0
XR_004602986.1	778	679	50	86.1571
XR_004602987.1	489	390	8.56727	25.7021
XR_004602988.1	488	389	0	0
XR_004602989.1	553	454	0	0
XR_004602990.1	408	309	3.50781	13.2822
XR_004602991.1	1865	1766	0	0
XR_004602992.1	1297	1198	0	0
XR_004602993.1	1276	1177	0	0
XR_004602994.1	1162	1063	0	0
XR_004602995.1	1141	1042	0	0
XR_004602996.1	1028	929	0	0
XR_004602997.1	763	664	0	0
XR_004602998.1	885	786	0	0
XR_004602999.1	947	848	0	0
XR_004603000.1	1096	997	0	0
XR_004603001.1	1100	1001	0	0
XR_004603002.1	859	760	0	0
XR_004603003.1	424	325	0	0
XR_004603004.1	303	204	0	0
XR_004603005.1	721	622	0	0
XR_004603006.1	754	655	0	0
XR_004603007.1	415	316	0	0
XR_004603008.1	739	640	0	0
XR_004603009.1	892	793	2.07919	3.06769
XR_004603010.1	1017	918	11.0224	14.0484
XR_004603011.1	1808	1709	0	0
XR_004603012.1	1725	1626	0	0
XR_004603013.1	1721	1622	0	0
XR_004603014.1	1723	1624	0.00421094	0.00303378
XR_004603015.1	1806	1707	0	0
XR_004603016.1	1712	1613	12.2088	8.85584
XR_004603017.1	1814	1715	0	0
XR_004603018.1	1131	1032	0	0
XR_004603019.1	996	897	0	0
XR_004603020.1	1070	971	0	0
XR_004603021.1	1088	989	0	0
XR_004603022.1	1781	1682	0	0
XR_004603023.1	1647	1548	0	0
XR_004603024.1	1539	1440	0	0
XR_004603025.1	1804	1705	0	0
XR_004603026.1	1700	1601	4.22332	3.08641
XR_004603027.1	445	346	0	0
XR_004603028.1	256	157	0	0
XR_004603029.1	607	508	6	13.8191
XR_004603030.1	2796	2697	3.17272	1.37639
XR_004603031.1	990	891	14	18.384
XR_004603032.1	760	661	0	0
XR_004603033.1	765	666	0	0
XR_004603034.1	770	671	0	0
XR_004603035.1	774	675	0	0
XR_004603036.1	773	674	0	0
XR_004603037.1	1094	995	0	0
XR_004603038.1	2711	2612	0	0
XR_004603039.1	204	105	0	0
XR_004603040.1	2021	1922	3.04598	1.85423
XR_004603041.1	716	617	0	0
XR_004603042.1	569	470	0	0
XR_004603043.1	1314	1215	0	0
XR_004603044.1	651	552	0	0
XR_004603045.1	972	873	2.08467	2.79392
XR_004603046.1	1136	1037	0	0
XR_004603047.1	628	529	0	0
XR_004603048.1	2243	2144	2.49883	1.36365
XR_004603049.1	1385	1286	11.3833	10.3566
XR_004603050.1	2195	2096	2.79891	1.56238
XR_004603051.1	1869	1770	0	0
XR_004603052.1	1311	1212	0	0
XR_004603053.1	832	733	1.1604	1.85223
XR_004603054.1	1916	1817	1.02141	0.657715
XR_004603055.1	1898	1799	1.20055	0.780803
XR_004603056.1	431	332	0	0
XR_004603057.1	550	451	0	0
XR_004603058.1	1163	1064	60.0868	66.0736
XR_004603059.1	946	847	0	0
XR_004603060.1	368	269	0	0
XR_004603061.1	869	770	0	0
XR_004603062.1	1296	1197	21	20.5266
XR_004603063.1	3241	3142	0	0
XR_004603064.1	203	104	0	0
XR_004603065.1	365	266	0	0
XR_004603066.1	716	617	0	0
XR_004603067.1	762	663	1	1.76473
XR_004603068.1	3526	3427	5.32059	1.8165
XR_004603069.1	878	779	0	0
XR_004603070.1	453	354	0	0
XR_004603071.1	1613	1514	0	0
XR_004603072.1	2052	1953	14.2493	8.53653
XR_004603073.1	1038	939	0	0
XR_004603074.1	936	837	0	0
XR_004603075.1	629	530	0	0
XR_004603076.1	635	536	0	0
XR_004603077.1	1293	1194	0	0
XR_004603078.1	848	749	0	0
XR_004603079.1	336	237	0	0
XR_004603080.1	346	247	13.6228	64.5296
XR_004603081.1	662	563	0	0
XR_004603082.1	516	417	0	0
XR_004603083.1	411	312	0	0
XR_004603084.1	620	521	0.898334	2.0174
XR_004603085.1	679	580	0	0
XR_004603086.1	1037	938	0	0
XR_004603087.1	617	518	12	27.1046
XR_004603088.1	1109	1010	0	0
XR_004603089.1	2128	2029	0	0
XR_004603090.1	1828	1729	1.2057	0.815898
XR_004603091.1	843	744	0	0
XR_004603092.1	669	570	0	0
XR_004603093.1	233	134	0	0
XR_004603094.1	331	232	0	0
XR_004603095.1	3241	3142	0	0
XR_004603096.1	3656	3557	0	0
XR_004603097.1	3127	3028	0	0
XR_004603098.1	3546	3447	0	0
XR_004603099.1	2969	2870	0	0
XR_004603100.1	3199	3100	0	0
XR_004603101.1	2813	2714	0	0
XR_004603102.1	2909	2810	0	0
XR_004603103.1	2927	2828	0	0
XR_004603104.1	2861	2762	0	0
XR_004603105.1	2532	2433	4.73739	2.27818
XR_004603106.1	2856	2757	0	0
XR_004603107.1	2744	2645	0	0
XR_004603108.1	2921	2822	0	0
XR_004603109.1	2814	2715	0	0
XR_004603110.1	2422	2323	0	0
XR_004603111.1	2835	2736	0	0
XR_004603112.1	2582	2483	0	0
XR_004603113.1	2562	2463	0	0
XR_004603114.1	2268	2169	0	0
XR_004603115.1	2235	2136	0	0
XR_004603116.1	2454	2355	0	0
XR_004603117.1	2449	2350	0	0
XR_004603118.1	2182	2083	0	0
XR_004603119.1	2407	2308	0	0
XR_004603120.1	1883	1784	0	0
XR_004603121.1	1539	1440	2.03766	1.65562
XR_004603122.1	1265	1166	0	0
XR_004603123.1	1796	1697	0	0
XR_004603124.1	1754	1655	0	0
XR_004603125.1	2076	1977	0	0
XR_004603126.1	1721	1622	0.224952	0.162267
XR_004603127.1	2034	1935	0	0
XR_004603128.1	1246	1147	0	0
XR_004603129.1	598	499	0	0
XR_004603130.1	1142	1043	37	41.5057
XR_004603131.1	5932	5833	0	0
XR_004603132.1	485	386	1	3.03112
XR_004603133.1	929	830	0	0
XR_004603134.1	805	706	4.67745	7.75167
XR_004603135.1	3542	3443	0	0
XR_004603136.1	1764	1665	1	0.702711
XR_004603137.1	678	579	0	0
XR_004603138.1	916	817	1	1.43208
XR_004603139.1	428	329	0	0
XR_004603140.1	887	788	392.47	582.735
XR_004603141.1	1039	940	16.09	20.0271
XR_004603142.1	520	421	1	2.77913
XR_004603143.1	1433	1334	0	0
XR_004603144.1	459	360	0	0
XR_004603145.1	2084	1985	0	0
XR_004603146.1	5046	4947	0	0
XR_004603147.1	5044	4945	0	0
XR_004603148.1	5056	4957	6	1.4162
XR_004603149.1	5002	4903	0	0
XR_004603150.1	710	611	0	0
XR_004603151.1	699	600	0	0
XR_004603152.1	1065	966	2	2.42239
XR_004603153.1	451	352	0	0
XR_004603154.1	1251	1152	130.097	132.131
XR_004603155.1	1881	1782	0	0
XR_004603156.1	4313	4214	62.248	17.2831
XR_004603157.1	880	781	21.7025	32.5124
XR_004603158.1	4325	4226	5.13565	1.42186
XR_004603159.1	605	506	1	2.31228
XR_004603160.1	466	367	0	0
XR_004603161.1	4074	3975	5	1.47171
XR_004603162.1	969	870	0	0
XR_004603163.1	991	892	0	0
XR_004603164.1	521	422	0	0
XR_004603165.1	1198	1099	0	0
XR_004603166.1	1117	1018	4	4.5973
XR_004603167.1	543	444	0	0
XR_004603168.1	445	346	1	3.38154
XR_004603169.1	6626	6527	0	0
XR_004603170.1	1009	910	0	0
XR_004603171.1	2469	2370	15.6786	7.74018
XR_004603172.1	1430	1331	53.9299	47.407
XR_004603173.1	1514	1415	0	0
XR_004603174.1	1684	1585	0	0
XR_004603175.1	1605	1506	0	0
XR_004603176.1	1632	1533	0	0
XR_004603177.1	490	391	0	0
XR_004603178.1	723	624	0	0
XR_004603179.1	815	716	0	0
XR_004603180.1	543	444	0	0
XR_004603181.1	888	789	0	0
XR_004603182.1	5583	5484	45	9.60077
XR_004603183.1	535	436	0	0
XR_004603184.1	842	743	0	0
XR_004603185.1	531	432	0	0
XR_004603186.1	307	208	1	5.62506
XR_004603187.1	539	440	0	0
XR_004603188.1	7736	7637	7.33633	1.12395
XR_004603189.1	2568	2469	1	0.473881
XR_004603190.1	158	59	0	0
XR_004603191.1	794	695	0	0
XR_004603192.1	510	411	0	0
XR_004603193.1	631	532	0	0
XR_004603194.1	381	282	0	0
XR_004603195.1	666	567	6.55989	13.5364
XR_004603196.1	726	627	0	0
XR_004603197.1	495	396	0	0
XR_004603198.1	3822	3723	8.49563	2.66989
XR_004603199.1	868	769	0	0
XR_004603200.1	800	701	54	90.1294
XR_004603201.1	340	241	3	14.5645
XR_004603202.1	828	729	0	0
XR_004603203.1	904	805	0	0
XR_004603204.1	4605	4506	0.0253267	0.00657624
XR_004603205.1	4627	4528	8.36397e-05	2.16121e-05
XR_004603206.1	4635	4536	1.05477e-05	2.72067e-06
XR_004603207.1	4591	4492	0.974579	0.253845
XR_004603208.1	1831	1732	0	0
XR_004603209.1	1457	1358	0	0
XR_004603210.1	1455	1356	0	0
XR_004603211.1	1338	1239	0	0
XR_004603212.1	1375	1276	0	0
XR_004603213.1	1356	1257	0	0
XR_004603214.1	3258	3159	28	10.3705
XR_004603215.1	1215	1116	0	0
XR_004603216.1	708	609	0	0
XR_004603217.1	212	113	0	0
XR_004603218.1	1131	1032	0	0
XR_004603219.1	427	328	1	3.56711
XR_004603220.1	1463	1364	0	0
XR_004603221.1	804	705	0	0
XR_004603222.1	691	592	0	0
XR_004603223.1	686	587	4.2857	8.5423
XR_004603224.1	1911	1812	8	5.16562
XR_004603225.1	1212	1113	0	0
XR_004603226.1	2345	2246	0	0
XR_004603227.1	3956	3857	4.08875	1.24031
XR_004603228.1	1059	960	3.20729	3.90893
XR_004603229.1	274	175	0	0
XR_004603230.1	541	442	0	0
XR_004603231.1	164	65	17	306.004
XR_004603232.1	3217	3118	0	0
XR_004603233.1	499	400	0	0
XR_004603234.1	2875	2776	8.10469	3.41592
XR_004603235.1	1205	1106	0	0
XR_004603236.1	955	856	28	38.2715
XR_004603237.1	581	482	0	0
XR_004603238.1	184	85	7.54126	103.804
XR_004603239.1	1493	1394	47.0529	39.4925
XR_004603240.1	609	510	0	0
XR_004603241.1	699	600	0	0
XR_004603242.1	378	279	4.57053	19.167
XR_004603243.1	424	325	0	0
XR_004603244.1	483	384	0.00218198	0.00664828
XR_004603245.1	2046	1947	0	0
XR_004603246.1	280	181	0	0
XR_004603247.1	610	511	0	0
XR_004603248.1	487	388	0	0
XR_004603249.1	835	736	4	6.35877
XR_004603250.1	581	482	0	0
XR_004603251.1	1064	965	0	0
XR_004603252.1	222	123	0	0
XR_004603253.1	267	168	1	6.96437
XR_004603254.1	464	365	0	0
XR_004603255.1	5186	5087	0.0110597	0.00254373
XR_004603256.1	968	869	1.38567e-05	1.86565e-05
XR_004603257.1	4491	4392	0	0
XR_004603258.1	555	456	7.17517	18.4102
XR_004603259.1	1160	1061	0	0
XR_004603260.1	563	464	1	2.52158
XR_004603261.1	350	251	0	0
XR_004603262.1	564	465	0	0
XR_004603263.1	288	189	0	0
XR_004603264.1	1656	1557	1	0.751454
XR_004603265.1	1955	1856	0	0
XR_004603266.1	6732	6633	9.59249e-05	1.69205e-05
XR_004603267.1	710	611	0	0
XR_004603268.1	2290	2191	6.28716	3.3574
XR_004603269.1	1247	1148	8	8.1534
XR_004603270.1	2063	1964	7	4.17011
XR_004603271.1	916	817	0	0
XR_004603272.1	1575	1476	6	4.75615
XR_004603273.1	1359	1260	0	0
XR_004603274.1	2596	2497	3	1.4057
XR_004603275.1	829	730	2.24226	3.5938
XR_004603276.1	966	867	0	0
XR_004603277.1	972	873	0	0
XR_004603278.1	646	547	0	0
XR_004603279.1	1975	1876	0	0
XR_004603280.1	1955	1856	0.364607	0.229846
XR_004603281.1	1969	1870	5.41478e-05	3.3879e-05
XR_004603282.1	1599	1500	0	0
XR_004603283.1	3885	3786	38	11.7434
XR_004603284.1	584	485	11	26.5364
XR_004603285.1	2701	2602	0	0
XR_004603286.1	313	214	20	109.347
XR_004603287.1	2562	2463	0	0
XR_004603288.1	2487	2388	0	0
XR_004603289.1	707	608	0	0
XR_004603290.1	325	226	0	0
XR_004603291.1	576	477	0	0
XR_004603292.1	2011	1912	4.36338	2.67009
XR_004603293.1	228	129	6.49922	58.9471
XR_004603294.1	1091	992	0	0
XR_004603295.1	1167	1068	0	0
XR_004603296.1	1214	1115	0	0
XR_004603297.1	1175	1076	11	11.9611
XR_004603298.1	921	822	22.9853	32.7166
XR_004603299.1	929	830	71.0147	100.106
XR_004603300.1	917	818	10.1555	14.5257
XR_004603301.1	301	202	0	0
XR_004603302.1	5611	5512	60	12.736
XR_004603303.1	776	677	0	0
XR_004603304.1	885	786	0	0
XR_004603305.1	567	468	0	0
XR_004603306.1	1807	1708	0	0
XR_004603307.1	800	701	0	0
XR_004603308.1	1086	987	0	0
XR_004603309.1	352	253	1	4.62456
XR_004603310.1	796	697	5	8.39321
XR_004603311.1	457	358	0	0
XR_004603312.1	3752	3653	0	0
XR_004603313.1	3624	3525	0.359388	0.119288
XR_004603314.1	1995	1896	17.8119	10.9917
XR_004603315.1	627	528	0.244308	0.54137
XR_004603316.1	1649	1550	0	0
XR_004603317.1	1802	1703	0	0
XR_004603318.1	2551	2452	0	0
XR_004603319.1	352	253	0	0
XR_004603320.1	2075	1976	0	0
XR_004603321.1	1675	1576	1.66079	1.23296
XR_004603322.1	2188	2089	0	0
XR_004603323.1	2192	2093	0	0
XR_004603324.1	1793	1694	0	0
XR_004603325.1	1765	1666	0	0
XR_004603326.1	2013	1914	0	0
XR_004603327.1	1001	902	0	0
XR_004603328.1	877	778	0	0
XR_004603329.1	2354	2255	0	0
XR_004603330.1	596	497	0	0
XR_004603331.1	685	586	0	0
XR_004603332.1	1282	1183	0	0
XR_004603333.1	695	596	0	0
XR_004603334.1	474	375	0	0
XR_004603335.1	357	258	0	0
XR_004603336.1	2756	2657	0	0
XR_004603337.1	2739	2640	2.04876	0.907985
XR_004603338.1	438	339	0	0
XR_004603339.1	935	836	0	0
XR_004603340.1	748	649	0	0
XR_004603341.1	381	282	0	0
XR_004603342.1	1221	1122	3.63569	3.79127
XR_004603343.1	1659	1560	66.0529	49.5403
XR_004603344.1	2905	2806	7	2.91878
XR_004603345.1	1035	936	5	6.25007
XR_004603346.1	778	679	19.6462	33.8531
XR_004603347.1	197	98	0	0
XR_004603348.1	1078	979	0	0
XR_004603349.1	993	894	0	0
XR_004603350.1	1187	1088	0	0
XR_004603351.1	1029	930	0	0
XR_004603352.1	806	707	128	211.827
XR_004603353.1	431	332	0	0
XR_004603354.1	1276	1177	24	23.8575
XR_004603355.1	815	716	0	0
XR_004603356.1	882	783	0	0
XR_004603357.1	5320	5221	0.000356293	7.98443e-05
XR_004603358.1	5270	5171	28.4417	6.43535
XR_004603359.1	1119	1020	6	6.88243
XR_004603360.1	1762	1663	1	0.703556
XR_004603361.1	744	645	0	0
XR_004603362.1	2553	2454	0	0
XR_004603363.1	1575	1476	0	0
XR_004603364.1	1495	1396	0	0
XR_004603365.1	756	657	7.84135	13.9642
XR_004603366.1	1673	1574	0	0
XR_004603367.1	654	555	0	0
XR_004603368.1	446	347	0	0
XR_004603369.1	1553	1454	0	0
XR_004603370.1	416	317	0	0
XR_004603371.1	820	721	0	0
XR_004603372.1	598	499	0	0
XR_004603373.1	1427	1328	0	0
XR_004603374.1	1115	1016	1	1.15159
XR_004603375.1	257	158	0	0
XR_004603376.1	507	408	0	0
XR_004603377.1	1052	953	0	0
XR_004603378.1	1707	1608	3.95292	2.87622
XR_004603379.1	1717	1618	0.00274566	0.00198545
XR_004603380.1	793	694	0	0
XR_004603381.1	1146	1047	8	8.93993
XR_004603382.1	1198	1099	0	0
XR_004603383.1	1458	1359	2.97504	2.56133
XR_004603384.1	1022	923	0	0
XR_004603385.1	1220	1121	0	0
XR_004603386.1	1194	1095	0	0
XR_004603387.1	1885	1786	0	0
XR_004603388.1	2175	2076	0	0
XR_004603389.1	2109	2010	0	0
XR_004603390.1	1898	1799	0	0
XR_004603391.1	1791	1692	0	0
XR_004603392.1	2100	2001	0	0
XR_004603393.1	1766	1667	0	0
XR_004603394.1	2017	1918	0	0
XR_004603395.1	1732	1633	0	0
XR_004603396.1	1782	1683	0	0
XR_004603397.1	1745	1646	0	0
XR_004603398.1	419	320	0	0
XR_004603399.1	1071	972	0	0
XR_004603400.1	2110	2011	1.40853	0.819494
XR_004603401.1	1025	926	0	0
XR_004603402.1	864	765	0	0
XR_004603403.1	1329	1230	0	0
XR_004603404.1	1249	1150	33	33.5743
XR_004603405.1	269	170	9.72366	66.9224
XR_004603406.1	1086	987	10.6848	12.666
XR_004603407.1	423	324	0	0
XR_004603408.1	380	281	0	0
XR_004603409.1	435	336	0	0
XR_004603410.1	612	513	0	0
XR_004603411.1	725	626	0	0
XR_004603412.1	2545	2446	0	0
XR_004603413.1	1899	1800	0	0
XR_004603414.1	2087	1988	0	0
XR_004603415.1	1722	1623	7.4153	5.34566
XR_004603416.1	495	396	0	0
XR_004603417.1	315	216	0	0
XR_004603418.1	2268	2169	1	0.539425
XR_004603419.1	1444	1345	1	0.869898
XR_004603420.1	950	851	0	0
XR_004603421.1	297	198	0	0
XR_004603422.1	596	497	0	0
XR_004603423.1	2200	2101	1	0.556884
XR_004603424.1	550	451	0	0
XR_004603425.1	1719	1620	49	35.3893
XR_004603426.1	378	279	0	0
XR_004603427.1	277	178	0	0
XR_004603428.1	688	589	4.12738	8.1988
XR_004603429.1	584	485	0	0
XR_004603430.1	486	387	0	0
XR_004603431.1	407	308	0	0
XR_004603432.1	1288	1189	0	0
XR_004603433.1	948	849	0	0
XR_004603434.1	573	474	0	0
XR_004603435.1	2414	2315	6.86858	3.47142
XR_004603436.1	2467	2368	0	0
XR_004603437.1	2092	1993	0	0
XR_004603438.1	1337	1238	8	7.56067
XR_004603439.1	1456	1357	0	0
XR_004603440.1	839	740	0	0
XR_004603441.1	585	486	0	0
XR_004603442.1	537	438	0	0
XR_004603443.1	3053	2954	13	5.14901
XR_004603444.1	752	653	7	12.5423
XR_004603445.1	367	268	0	0
XR_004603446.1	2601	2502	0	0
XR_004603447.1	665	566	0	0
XR_004603448.1	753	654	0	0
XR_004603449.1	740	641	0	0
XR_004603450.1	748	649	1	1.80279
XR_004603451.1	341	242	0	0
XR_004603452.1	196	97	0	0
XR_004603453.1	953	854	0	0
XR_004603454.1	705	606	0	0
XR_004603455.1	780	681	7.12122	12.2348
XR_004603456.1	728	629	1	1.86012
XR_004603457.1	2467	2368	0	0
XR_004603458.1	2781	2682	22.4905	9.81142
XR_004603459.1	525	426	0	0
XR_004603460.1	832	733	0	0
XR_004603461.1	461	362	0.0440294	0.142307
XR_004603462.1	962	863	0	0
XR_004603463.1	2112	2013	153.043	88.953
XR_004603464.1	324	225	0	0
XR_004603465.1	3463	3364	0	0
XR_004603466.1	597	498	1	2.34942
XR_004603467.1	517	418	0	0
XR_004603468.1	2960	2861	13.9012	5.68495
XR_004603469.1	1389	1290	715.436	648.892
XR_004603470.1	1390	1291	155.976	141.358
XR_004603471.1	1440	1341	0	0
XR_004603472.1	1767	1668	0	0
XR_004603473.1	74	3.70514	0	0
XR_004603474.1	2579	2480	10.7413	5.06752
XR_004603475.1	2582	2483	2.60127	1.22574
XR_004603476.1	2044	1945	0	0
XR_004603477.1	2029	1930	0	0
XR_004603478.1	819	720	3.85921	6.27128
XR_004603479.1	1826	1727	0	0
XR_004603480.1	1938	1839	0	0
XR_004603481.1	2511	2412	0	0
XR_004603482.1	2325	2226	3.3227	1.74645
XR_004603483.1	1453	1354	0.78334	0.676897
XR_004603484.1	896	797	0	0
XR_004603485.1	204	105	0	0
XR_004603486.1	2375	2276	4	2.05626
XR_004603487.1	2075	1976	0	0
XR_004603488.1	1305	1206	1.51258	1.46744
XR_004603489.1	1578	1479	0	0
XR_004603490.1	1153	1054	0	0
XR_004603491.1	1922	1823	0	0
XR_004603492.1	2407	2308	73.6059	37.3137
XR_004603493.1	2351	2252	0	0
XR_004603494.1	1966	1867	0	0
XR_004603495.1	1951	1852	0	0
XR_004603496.1	1630	1531	0	0
XR_004603497.1	1794	1695	0	0
XR_004603498.1	595	496	0	0
XR_004603499.1	392	293	2	7.98644
XR_004603500.1	949	850	0	0
XR_004603501.1	1576	1477	0	0
XR_004603502.1	1537	1438	0	0
XR_004603503.1	1199	1100	7.69912	8.18915
XR_004603504.1	496	397	1	2.94714
XR_004603505.1	564	465	0	0
XR_004603506.1	543	444	0	0
XR_004603507.1	1664	1565	0	0
XR_004603508.1	1649	1550	0	0
XR_004603509.1	531	432	0	0
XR_004603510.1	581	482	1	2.42741
XR_004603511.1	3812	3713	26.4349	8.32997
XR_004603512.1	1965	1866	1	0.627017
XR_004603513.1	2854	2755	18	7.64437
XR_004603514.1	569	470	0	0
XR_004603515.1	768	669	0	0
XR_004603516.1	3372	3273	2.30132	0.822664
XR_004603517.1	716	617	0	0
XR_004603518.1	1402	1303	43.3278	38.9057
XR_004603519.1	778	679	0	0
XR_004603520.1	1090	991	0	0
XR_004603521.1	894	795	1	1.47171
XR_004603522.1	908	809	2	2.89249
XR_004603523.1	987	888	8	10.5407
XR_004603524.1	712	613	0	0
XR_004603525.1	1128	1029	0	0
XR_004603526.1	1250	1151	30.5363	31.0407
XR_004603527.1	862	763	3	4.60031
XR_004603528.1	399	300	1.73615	6.77105
XR_004603529.1	1180	1081	1.62921e-06	1.76336e-06
XR_004603530.1	1941	1842	0	0
XR_004603531.1	1900	1801	9	5.84682
XR_004603532.1	943	844	6	8.31763
XR_004603533.1	2864	2765	5	2.11576
XR_004603534.1	665	566	0	0
XR_004603535.1	1270	1171	2.64176	2.63954
XR_004603536.1	111	14.3532	0	0
XR_004603537.1	1983	1884	0	0
XR_004603538.1	1599	1500	0	0
XR_004603539.1	1745	1646	0	0
XR_004603540.1	1965	1866	0	0
XR_004603541.1	1849	1750	0	0
XR_004603542.1	1830	1731	0	0
XR_004603543.1	1579	1480	0	0
XR_004603544.1	1690	1591	1.14154	0.839481
XR_004603545.1	849	750	0	0
XR_004603546.1	307	208	0	0
XR_004603547.1	561	462	0	0
XR_004603548.1	516	417	0	0
XR_004603549.1	1696	1597	54.7758	40.1305
XR_004603550.1	322	223	2.80366	14.7099
XR_004603551.1	954	855	1.07747	1.47446
XR_004603552.1	475	376	1.21346	3.77598
XR_004603553.1	2144	2045	155	88.6807
XR_004603554.1	663	564	0	0
XR_004603555.1	984	885	1	1.32205
XR_004603556.1	1119	1020	0	0
XR_004603557.1	1859	1760	1	0.66478
XR_004603558.1	1269	1170	9.16334	9.16344
XR_004603559.1	957	858	15.1338	20.6372
XR_004603560.1	2389	2290	39.8882	20.3798
XR_004603561.1	2396	2297	1.11178	0.566302
XR_004603562.1	1796	1697	2	1.37892
XR_004603563.1	2299	2200	0	0
XR_004603564.1	2167	2068	29	16.4073
XR_004603565.1	1687	1588	13	9.5782
XR_004603566.1	509	410	0	0
XR_004603567.1	3560	3461	0	0
XR_004603568.1	3448	3349	8.66426	3.02696
XR_004603569.1	3012	2913	43.7132	17.5575
XR_004603570.1	311	212	0	0
XR_004603571.1	2443	2344	0	0
XR_004603572.1	2053	1954	0	0
XR_004603573.1	1602	1503	1	0.778452
XR_004603574.1	2898	2799	0	0
XR_004603575.1	247	148	1	7.9055
XR_004603576.1	267	168	0	0
XR_004603577.1	207	108	0	0
XR_004603578.1	1376	1277	1	0.91622
XR_004603579.1	2813	2714	9	3.87993
XR_004603580.1	82	4.5528	0.863426	221.89
XR_004603581.1	687	588	0	0
XR_004603582.1	757	658	0	0
XR_004603583.1	1324	1225	4	3.82045
XR_004603584.1	334	235	0	0
XR_004603585.1	936	837	0	0
XR_004603586.1	4326	4227	0	0
XR_004603587.1	2902	2803	9.67886e-05	4.0401e-05
XR_004603588.1	2880	2781	0.999903	0.420676
XR_004603589.1	476	377	0	0
XR_004603590.1	1821	1722	11	7.47395
XR_004603591.1	722	623	3	5.63409
XR_004603592.1	929	830	0	0
XR_004603593.1	1012	913	0	0
XR_004603594.1	879	780	10	15.0002
XR_004603595.1	628	529	0	0
XR_004603596.1	351	252	0	0
XR_004603597.1	486	387	0	0
XR_004603598.1	556	457	0	0
XR_004603599.1	551	452	0	0
XR_004603600.1	1808	1709	0	0
XR_004603601.1	963	864	2	2.70836
XR_004603602.1	2159	2060	0	0
XR_004603603.1	313	214	0	0
XR_004603604.1	1800	1701	0	0
XR_004603605.1	844	745	0	0
XR_004603606.1	840	741	0	0
XR_004603607.1	365	266	0	0
XR_004603608.1	466	367	0	0
XR_004603609.1	613	514	19	43.2495
XR_004603610.1	1302	1203	25.2948	24.6012
XR_004603611.1	4616	4517	0	0
XR_004603612.1	4199	4100	0	0
XR_004603613.1	3608	3509	4.21832	1.40652
XR_004603614.1	4213	4114	19	5.40356
XR_004603615.1	2878	2779	13.8774	5.84267
XR_004603616.1	1512	1413	0	0
XR_004603617.1	1921	1822	0	0
XR_004603618.1	2700	2601	0	0
XR_004603619.1	2677	2578	0	0
XR_004603620.1	2331	2232	0	0
XR_004603621.1	1025	926	1.83349	2.31663
XR_004603622.1	173	74	17	268.787
XR_004603623.1	1585	1486	0	0
XR_004603624.1	1582	1483	0	0
XR_004603625.1	1509	1410	0	0
XR_004603626.1	1480	1381	0	0
XR_004603627.1	1506	1407	0	0
XR_004603628.1	1648	1549	0	0
XR_004603629.1	1636	1537	0	0
XR_004603630.1	1633	1534	0	0
XR_004603631.1	1556	1457	0	0
XR_004603632.1	1508	1409	0	0
XR_004603633.1	1505	1406	0	0
XR_004603634.1	1532	1433	0	0
XR_004603635.1	1456	1357	0	0
XR_004603636.1	1236	1137	0	0
XR_004603637.1	1257	1158	0	0
XR_004603638.1	4708	4609	0	0
XR_004603639.1	4696	4597	0	0
XR_004603640.1	3830	3731	12.8543	4.03101
XR_004603641.1	3423	3324	0	0
XR_004603642.1	437	338	0	0
XR_004603643.1	378	279	0	0
XR_004603644.1	649	550	140.944	299.83
XR_004603645.1	793	694	0	0
XR_004603646.1	1072	973	0	0
XR_004603647.1	826	727	0	0
XR_004603648.1	711	612	0	0
XR_004603649.1	1864	1765	0	0
XR_004603650.1	1883	1784	0	0
XR_004603651.1	1744	1645	0	0
XR_004603652.1	1717	1618	0	0
XR_004603653.1	1742	1643	0	0
XR_004603654.1	1593	1494	0	0
XR_004603655.1	1622	1523	0	0
XR_004603656.1	1473	1374	0	0
XR_004603657.1	953	854	0	0
XR_004603658.1	1507	1408	0	0
XR_004603659.1	1779	1680	0	0
XR_004603660.1	1688	1589	0	0
XR_004603661.1	1710	1611	0	0
XR_004603662.1	3003	2904	0.731484	0.294713
XR_004603663.1	2817	2718	4.66209	2.00688
XR_004603664.1	5192	5093	7.85469	1.80445
XR_004603665.1	2290	2191	0	0
XR_004603666.1	1727	1628	0	0
XR_004603667.1	2080	1981	0	0
XR_004603668.1	1753	1654	0	0
XR_004603669.1	3381	3282	4.62836	1.64998
XR_004603670.1	1420	1321	0	0
XR_004603671.1	1787	1688	0	0
XR_004603672.1	4375	4276	0.212463	0.0581348
XR_004603673.1	1445	1346	0	0
XR_004603674.1	680	581	184.48	371.504
XR_004603675.1	2759	2660	1	0.439855
XR_004603676.1	2738	2639	0	0
XR_004603677.1	3084	2985	23.9078	9.371
XR_004603678.1	3091	2992	1.53215	0.599143
XR_004603679.1	3133	3034	1.21332e-07	4.67896e-08
XR_004603680.1	924	825	5	7.09099
XR_004603681.1	718	619	0	0
XR_004603682.1	961	862	0	0
XR_004603683.1	705	606	0	0
XR_004603684.1	357	258	0	0
XR_004603685.1	363	264	0	0
XR_004603686.1	2198	2099	7.34537	4.09442
XR_004603687.1	999	900	86.3044	112.197
XR_004603688.1	361	262	230.126	1027.67
XR_004603689.1	3284	3185	5.90127	2.16784
XR_004603690.1	2651	2552	0	0
XR_004603691.1	471	372	0	0
XR_004603692.1	311	212	0	0
XR_004603693.1	302	203	0	0
XR_004603694.1	997	898	2	2.60582
XR_004603695.1	338	239	1	4.89545
XR_004603696.1	1095	996	0	0
XR_004603697.1	1008	909	0	0
XR_004603698.1	1085	986	0	0
XR_004603699.1	658	559	0	0
XR_004603700.1	6672	6573	2.99898	0.533828
XR_004603701.1	1324	1225	0	0
XR_004603702.1	1858	1759	0	0
XR_004603703.1	1088	989	0	0
XR_004603704.1	500	401	0	0
XR_004603705.1	2314	2215	0	0
XR_004603706.1	347	248	0	0
XR_004603707.1	337	238	0.644245	3.16712
XR_004603708.1	1006	907	1.35575	1.7489
XR_004603709.1	508	409	0	0
XR_004603710.1	2749	2650	1	0.441514
XR_004603711.1	2050	1951	2.58638	1.55105
XR_004603712.1	1931	1832	0	0
XR_004603713.1	1245	1146	1.19813	1.22324
XR_004603714.1	4252	4153	0	0
XR_004603715.1	3891	3792	0	0
XR_004603716.1	4258	4159	0	0
XR_004603717.1	508	409	12	34.328
XR_004603718.1	762	663	0	0
XR_004603719.1	1192	1093	1	1.07046
XR_004603720.1	1777	1678	9	6.2754
XR_004603721.1	4097	3998	5.00727	1.46537
XR_004603722.1	4118	4019	0.0107343	0.00312496
XR_004603723.1	1536	1437	1.26385	1.02904
XR_004603724.1	877	778	0	0
XR_004603725.1	2323	2224	74.5681	39.2292
XR_004603726.1	717	618	1	1.89323
XR_004603727.1	687	588	1	1.98982
XR_004603728.1	1986	1887	4	2.48016
XR_004603729.1	1033	934	0	0
XR_004603730.1	5051	4952	22	5.19796
XR_004603731.1	536	437	0	0
XR_004603732.1	504	405	0	0
XR_004603733.1	1251	1152	0	0
XR_004603734.1	1016	917	0	0
XR_004603735.1	2629	2530	0	0
XR_004603736.1	2628	2529	0	0
XR_004603737.1	2231	2132	0	0
XR_004603738.1	1808	1709	11	7.53081
XR_004603739.1	2705	2606	0	0
XR_004603740.1	1590	1491	0	0
XR_004603741.1	2902	2803	78.1631	32.6264
XR_004603742.1	2488	2389	0	0
XR_004603743.1	2591	2492	39.8882	18.7278
XR_004603744.1	1653	1554	5.44716	4.10119
XR_004603745.1	2394	2295	0	0
XR_004603746.1	551	452	1.70931	4.42459
XR_004603747.1	149	50	0	0
XR_004603748.1	2246	2147	13.4475	7.32824
XR_004603749.1	767	668	0	0
XR_004603750.1	1075	976	0	0
XR_004603751.1	2035	1936	5.59674	3.38236
XR_004603752.1	388	289	0	0
XR_004603753.1	464	365	0	0
XR_004603754.1	170	71	0	0
XR_004603755.1	150	51	1	22.9414
XR_004603756.1	75	3.79333	0	0
XR_004603757.1	74	3.70514	0	0
XR_004603758.1	95	7.05304	0	0
XR_004603759.1	118	19.7438	0	0
XR_004603760.1	118	19.7438	0	0
XR_004603761.1	79	4.19342	0	0
XR_004603762.1	77	3.98328	0	0
XR_004603763.1	627	528	0.5	1.10797
XR_004603764.1	627	528	0.5	1.10797
XR_004603765.1	932	833	0	0
XR_004603766.1	1777	1678	1.18194	0.824124
XR_004603767.1	365	266	0	0
XR_004603768.1	2613	2514	2.40124	1.11753
XR_004603769.1	1420	1321	0	0
XR_004603770.1	890	791	5	7.39579
XR_004603771.1	830	731	0	0
XR_004603772.1	260	161	0	0
XR_004603773.1	360	261	0	0
XR_004603774.1	882	783	0	0
XR_004603775.1	748	649	4	7.21118
XR_004603776.1	3132	3033	51.9095	20.0247
XR_004603777.1	595	496	0	0
XR_004603778.1	1450	1351	17.5613	15.2087
XR_004603779.1	925	826	55.3802	78.4449
XR_004603780.1	437	338	4.0274	13.9412
XR_004603781.1	2677	2578	0	0
XR_004603782.1	603	504	0	0
XR_004603783.1	1434	1335	0	0
XR_004603784.1	4047	3948	104	30.821
XR_004603785.1	1680	1581	0	0
XR_004603786.1	1154	1055	0	0
XR_004603787.1	978	879	91.5696	121.886
XR_004603788.1	499	400	2.7216	7.96077
XR_004603789.1	1228	1129	62.9584	65.2455
XR_004603790.1	1103	1004	10.2428	11.9365
XR_004603791.1	2009	1910	14.7572	9.03984
XR_004603792.1	582	483	11	26.6463
XR_004603793.1	901	802	13	18.9653
XR_004603794.1	1150	1051	0	0
XR_004603795.1	1413	1314	0	0
XR_004603796.1	2488	2389	0	0
XR_004603797.1	3695	3596	30.8075	10.0237
XR_004603798.1	2766	2667	31.0852	13.6371
XR_004603799.1	2212	2113	0	0
XR_004603800.1	477	378	0	0
XR_004603801.1	372	273	0	0
XR_004603802.1	2138	2039	1	0.573817
XR_004603803.1	1106	1007	0	0
XR_004603804.1	2485	2386	98	48.0559
XR_004603805.1	2379	2280	3.056	1.56823
XR_004603806.1	2102	2003	0	0
XR_004603807.1	2013	1914	0	0
XR_004603808.1	1351	1252	2.83784	2.652
XR_004603809.1	1261	1162	9.64413	9.71064
XR_004603810.1	4290	4191	0	0
XR_004603811.1	5264	5165	4	0.906109
XR_004603812.1	649	550	0	0
XR_004603813.1	657	558	0	0
XR_004603814.1	2283	2184	13.6969	7.33773
XR_004603815.1	1225	1126	0	0
XR_004603816.1	193	94	0	0
XR_004603817.1	2094	1995	0	0
XR_004603818.1	2090	1991	0	0
XR_004603819.1	2078	1979	0	0
XR_004603820.1	1338	1239	0	0
XR_004603821.1	1435	1336	0	0
XR_004603822.1	994	895	65.6481	85.8202
XR_004603823.1	543	444	1	2.63517
XR_004603824.1	1999	1900	0	0
XR_004603825.1	2677	2578	0	0
XR_004603826.1	305	206	0	0
XR_004603827.1	621	522	0	0
XR_004603828.1	568	469	2.0231	5.04703
XR_004603829.1	1611	1512	0	0
XR_004603830.1	1367	1268	4.47357	4.12787
XR_004603831.1	1139	1040	0	0
XR_004603832.1	2689	2590	33.9856	15.3527
XR_004603833.1	599	500	0	0
XR_004603834.1	2479	2380	1	0.491602
XR_004603835.1	771	672	3	5.22327
XR_004603836.1	332	233	0	0
XR_004603837.1	1817	1718	2.06584	1.40691
XR_004603838.1	297	198	0	0
XR_004603839.1	3332	3233	0	0
XR_004603840.1	3314	3215	0	0
XR_004603841.1	5640	5541	91.2968	19.2778
XR_004603842.1	2230	2131	0	0
XR_004603843.1	194	95	0	0
XR_004603844.1	720	621	0	0
XR_004603845.1	1054	955	6.41385	7.8579
XR_004603846.1	1493	1394	1	0.839321
XR_004603847.1	1090	991	1	1.18064
XR_004603848.1	3510	3411	121	41.5044
XR_004603849.1	1985	1886	12	7.44441
XR_004603850.1	1741	1642	0	0
XR_004603851.1	914	815	0	0
XR_004603852.1	1647	1548	0	0
XR_004603853.1	1950	1851	15.18	9.59522
XR_004603854.1	645	546	0	0
XR_004603855.1	2408	2309	0	0
XR_004603856.1	898	799	0	0
XR_004603857.1	1087	988	0	0
XR_004603858.1	646	547	0.553759	1.18447
XR_004603859.1	310	211	0	0
XR_004603860.1	302	203	3.71864	21.4328
XR_004603861.1	1333	1234	5	4.74074
XR_004603862.1	558	459	0	0
XR_004603863.1	1519	1420	0	0
XR_004603864.1	1212	1113	0	0
XR_004603865.1	1274	1175	0	0
XR_004603866.1	944	845	0	0
XR_004603867.1	2134	2035	0	0
XR_004603868.1	1028	929	0	0
XR_004603869.1	726	627	0	0
XR_004603870.1	689	590	3	5.94922
XR_004603871.1	979	880	9.79838	13.0275
XR_004603872.1	1927	1828	106.548	68.1962
XR_004603873.1	3628	3529	6.62516	2.19652
XR_004603874.1	342	243	0	0
XR_004603875.1	743	644	8.70617	15.8173
XR_004603876.1	1912	1813	6	3.87208
XR_004603877.1	6928	6829	8.71338e-05	1.49286e-05
XR_004603878.1	299	200	0.260367	1.52317
XR_004603879.1	660	561	0	0
XR_004603880.1	728	629	1	1.86012
XR_004603881.1	1379	1280	0	0
XR_004603882.1	2005	1906	0	0
XR_004603883.1	708	609	0	0
XR_004603884.1	2399	2300	0	0
XR_004603885.1	815	716	0	0
XR_004603886.1	1683	1584	28.0933	20.751
XR_004603887.1	1691	1592	6.81129	5.00584
XR_004603888.1	346	247	0	0
XR_004603889.1	715	616	0	0
XR_004603890.1	191	92	0	0
XR_004603891.1	1290	1191	0	0
XR_004603892.1	323	224	0	0
XR_004603893.1	1740	1641	21	14.9727
XR_004603894.1	572	473	34	84.1024
XR_004603895.1	2292	2193	0	0
XR_004603896.1	598	499	0	0
XR_004603897.1	379	280	1	4.17862
XR_004603898.1	1746	1647	0	0
XR_004603899.1	499	400	1	2.92503
XR_004603900.1	1892	1793	0	0
XR_004603901.1	1508	1409	0	0
XR_004603902.1	1487	1388	0	0
XR_004603903.1	1487	1388	0	0
XR_004603904.1	1958	1859	8.99979	5.66427
XR_004603905.1	1670	1571	7.46238	5.55766
XR_004603906.1	1532	1433	0	0
XR_004603907.1	688	589	0	0
XR_004603908.1	1079	980	15.4224	18.4127
XR_004603909.1	531	432	0	0
XR_004603910.1	3109	3010	1.43256	0.55685
XR_004603911.1	613	514	0	0
XR_004603912.1	355	256	0	0
XR_004603913.1	211	112	0	0
XR_004603914.1	910	811	0	0
XR_004603915.1	561	462	10.3719	26.2667
XR_004603916.1	334	235	2	9.95756
XR_004603917.1	2124	2025	1.36196e-05	7.8692e-06
XR_004603918.1	1616	1517	3	2.3138
XR_004603919.1	419	320	3	10.9689
XR_004603920.1	538	439	0	0
XR_004603921.1	2119	2020	1.05289	0.609848
XR_004603922.1	1509	1410	19.136	15.879
XR_004603923.1	2125	2026	14.6599	8.4661
XR_004603924.1	2231	2132	2	1.09757
XR_004603925.1	5846	5747	0	0
XR_004603926.1	637	538	3	6.52424
XR_004603927.1	2054	1955	97.7248	58.4856
XR_004603928.1	379	280	0	0
XR_004603929.1	3435	3336	9.33012	3.27229
XR_004603930.1	1623	1524	0	0
XR_004603931.1	731	632	0	0
XR_004603932.1	1564	1465	0	0
XR_004603933.1	982	883	0	0
XR_004603934.1	1232	1133	5	5.16334
XR_004603935.1	760	661	1	1.77007
XR_004603936.1	1035	936	13	16.2502
XR_004603937.1	481	382	7.12139	21.8118
XR_004603938.1	871	772	0	0
XR_004603939.1	796	697	0	0
XR_004603940.1	544	445	0	0
XR_004603941.1	496	397	0	0
XR_004603942.1	345	246	0	0
XR_004603943.1	121	22.4012	0	0
XR_004603944.1	573	474	0	0
XR_004603945.1	409	310	0	0
XR_004603946.1	379	280	1	4.17862
XR_004603947.1	5161	5062	2.4515	0.566632
XR_004603948.1	566	467	1.48751	3.72678
XR_004603949.1	3150	3051	6.39238	2.45139
XR_004603950.1	1017	918	1	1.27452
XR_004603951.1	1141	1042	0	0
XR_004603952.1	323	224	0	0
XR_004603953.1	5795	5696	0	0
XR_004603954.1	6473	6374	0	0
XR_004603955.1	5499	5400	0	0
XR_004603956.1	5785	5686	0	0
XR_004603957.1	5788	5689	0	0
XR_004603958.1	5788	5689	0	0
XR_004603959.1	6011	5912	0	0
XR_004603960.1	5560	5461	0	0
XR_004603961.1	5796	5697	0	0
XR_004603962.1	6186	6087	0	0
XR_004603963.1	6463	6364	0	0
XR_004603964.1	5507	5408	0	0
XR_004603965.1	5211	5112	0	0
XR_004603966.1	1895	1796	0	0
XR_004603967.1	5214	5115	0	0
XR_004603968.1	6176	6077	0	0
XR_004603969.1	5785	5686	0	0
XR_004603970.1	5229	5130	0	0
XR_004603971.1	1780	1681	1	0.696022
XR_004603972.1	1276	1177	0	0
XR_004603973.1	902	803	0	0
XR_004603974.1	643	544	0	0
XR_004603975.1	1009	910	0	0
XR_004603976.1	1298	1199	69.1688	67.4966
XR_004603977.1	3308	3209	0	0
XR_004603978.1	3972	3873	0	0
XR_004603979.1	3628	3529	0	0
XR_004603980.1	3933	3834	0	0
XR_004603981.1	3924	3825	0	0
XR_004603982.1	1801	1702	0	0
XR_004603983.1	1765	1666	2.83816	1.99321
XR_004603984.1	1570	1471	0	0
XR_004603985.1	1475	1376	0	0
XR_004603986.1	1178	1079	56.1438	60.8796
XR_004603987.1	932	833	0	0
XR_004603988.1	2121	2022	0	0
XR_004603989.1	1015	916	7.30892	9.33573
XR_004603990.1	256	157	2.42249	18.0532
XR_004603991.1	746	647	0	0
XR_004603992.1	3145	3046	0	0
XR_004603993.1	808	709	0	0
XR_004603994.1	881	782	0	0
XR_004603995.1	861	762	1	1.53545
XR_004603996.1	673	574	29	59.1122
XR_004603997.1	2017	1918	0	0
XR_004603998.1	318	219	0	0
XR_004603999.1	383	284	1.34999	5.56166
XR_004604000.1	491	392	0	0
XR_004604001.1	1425	1326	0	0
XR_004604002.1	2957	2858	0	0
XR_004604003.1	2935	2836	0	0
XR_004604004.1	2287	2188	2.99999	1.60422
XR_004604005.1	3601	3502	0	0
XR_004604006.1	3524	3425	1.50634e-06	5.14579e-07
XR_004604007.1	2314	2215	41.224	21.7755
XR_004604008.1	1761	1662	0	0
XR_004604009.1	316	217	0	0
XR_004604010.1	377	278	0	0
XR_004604011.1	626	527	0	0
XR_004604012.1	4828	4729	127.696	31.5937
XR_004604013.1	2383	2284	54.5243	27.9309
XR_004604014.1	360	261	4.74548	21.2731
XR_004604015.1	140	41.0011	0.254522	7.26308
XR_004604016.1	801	702	14	23.3336
XR_004604017.1	289	190	0	0
XR_004604018.1	336	237	0	0
XR_004604019.1	367	268	0	0
XR_004604020.1	725	626	1.99269	3.7244
XR_004604021.1	156	57	0.0777083	1.59508
XR_004604022.1	317	218	0	0
XR_004604023.1	441	342	0	0
XR_004604024.1	5196	5097	0.000351764	8.07471e-05
XR_004604025.1	1790	1691	3.43434	2.37624
XR_004604026.1	3830	3731	4.36548	1.36898
XR_004604027.1	575	476	3	7.37403
XR_004604028.1	723	624	0	0
XR_004604029.1	685	586	31.1816	62.2575
XR_004604030.1	1089	990	134.822	159.337
XR_004604031.1	436	337	0	0
XR_004604032.1	1484	1385	1	0.844775
XR_004604033.1	1531	1432	0	0
XR_004604034.1	2406	2307	0	0
XR_004604035.1	3896	3797	5.96923	1.83937
XR_004604036.1	4321	4222	3	0.831369
XR_004604037.1	327	228	0.534884	2.74483
XR_004604038.1	1274	1175	11.1044	11.0573
XR_004604039.1	3897	3798	11.6084	3.57609
XR_004604040.1	2811	2712	7.11088	3.06778
XR_004604041.1	883	784	0	0
XR_004604042.1	646	547	0	0
XR_004604043.1	1619	1520	0	0
XR_004604044.1	840	741	5.00799	7.90745
XR_004604045.1	1244	1145	0	0
XR_004604046.1	347	248	0	0
XR_004604047.1	353	254	0	0
XR_004604048.1	776	677	0	0
XR_004604049.1	897	798	15.6193	22.9008
XR_004604050.1	998	899	554.398	721.527
XR_004604051.1	1717	1618	0	0
XR_004604052.1	355	256	0	0
XR_004604053.1	871	772	0	0
XR_004604054.1	990	891	0	0
XR_004604055.1	2274	2175	0	0
XR_004604056.1	2262	2163	0	0
XR_004604057.1	2163	2064	0	0
XR_004604058.1	1477	1378	0	0
XR_004604059.1	329	230	6.10076	31.0346
XR_004604060.1	2326	2227	1.76892	0.929349
XR_004604061.1	1660	1561	0	0
XR_004604062.1	1190	1091	1	1.07242
XR_004604063.1	1529	1430	0	0
XR_004604064.1	2073	1974	1	0.592712
XR_004604065.1	1322	1223	0	0
XR_004604066.1	1231	1132	0	0
XR_004604067.1	1346	1247	0	0
XR_004604068.1	1267	1168	3	3.00517
XR_004604069.1	684	585	1	2.00002
XR_004604070.1	900	801	50	73.0345
XR_004604071.1	1930	1831	0	0
XR_004604072.1	2803	2704	0	0
XR_004604073.1	3067	2968	0	0
XR_004604074.1	2649	2550	0	0
XR_004604075.1	2288	2189	0	0
XR_004604076.1	1964	1865	4.24869	2.66543
XR_004604077.1	1806	1707	0	0
XR_004604078.1	2106	2007	0	0
XR_004604079.1	520	421	14	38.9078
XR_004604080.1	11526	11427	3.12932	0.320412
XR_004604081.1	575	476	0	0
XR_004604082.1	3231	3132	6.53978e-07	2.44305e-07
XR_004604083.1	3391	3292	0	0
XR_004604084.1	3355	3256	0	0
XR_004604085.1	2964	2865	0	0
XR_004604086.1	2911	2812	0	0
XR_004604087.1	2718	2619	0	0
XR_004604088.1	3064	2965	22.0131	8.68656
XR_004604089.1	581	482	15.5627	37.777
XR_004604090.1	768	669	0	0
XR_004604091.1	756	657	0	0
XR_004604092.1	1358	1259	0	0
XR_004604093.1	2076	1977	0	0
XR_004604094.1	963	864	1.37038	1.85575
XR_004604095.1	640	541	4	8.65075
XR_004604096.1	815	716	9.2505	15.1162
XR_004604097.1	3753	3654	0	0
XR_004604098.1	3783	3684	0	0
XR_004604099.1	3562	3463	0	0
XR_004604100.1	3491	3392	18	6.2088
XR_004604101.1	1635	1536	1	0.761727
XR_004604102.1	341	242	0	0
XR_004604103.1	1096	997	3	3.5206
XR_004604104.1	235	136	0	0
XR_004604105.1	1314	1215	0	0
XR_004604106.1	529	430	0	0
XR_004604107.1	834	735	3	4.77556
XR_004604108.1	2145	2046	8.35452	4.77757
XR_004604109.1	3174	3075	22.6556	8.62029
XR_004604110.1	2082	1983	1.20508	0.711024
XR_004604111.1	3619	3520	7.91011	2.62924
XR_004604112.1	2095	1996	2	1.17236
XR_004604113.1	2479	2380	0	0
XR_004604114.1	2644	2545	0	0
XR_004604115.1	602	503	0	0
XR_004604116.1	1428	1329	0	0
XR_004604117.1	269	170	1.75685	12.0914
XR_004604118.1	2287	2188	0	0
XR_004604119.1	1993	1894	1	0.617747
XR_004604120.1	946	847	0	0
XR_004604121.1	447	348	19.3896	65.19
XR_004604122.1	2240	2141	9	4.91832
XR_004604123.1	2120	2021	0	0
XR_004604124.1	1022	923	4.28823	5.43584
XR_004604125.1	1485	1386	4	3.37666
XR_004604126.1	1540	1441	0	0
XR_004604127.1	1003	904	0	0
XR_004604128.1	8033	7934	0	0
XR_004604129.1	385	286	0	0
XR_004604130.1	541	442	10.9105	28.8811
XR_004604131.1	3936	3837	37.2104	11.3465
XR_004604132.1	2263	2164	0	0
XR_004604133.1	2022	1923	1	0.608431
XR_004604134.1	651	552	7	14.8371
XR_004604135.1	260	161	4	29.0687
XR_004604136.1	566	467	0	0
XR_004604137.1	1262	1163	0	0
XR_004604138.1	418	319	0	0
XR_004604139.1	1862	1763	0	0
XR_004604140.1	1320	1221	0	0
XR_004604141.1	1368	1269	13	11.986
XR_004604142.1	574	475	2.0764	5.11456
XR_004604143.1	924	825	0	0
XR_004604144.1	3569	3470	0	0
XR_004604145.1	3413	3314	0	0
XR_004604146.1	1156	1057	0	0
XR_004604147.1	776	677	0	0
XR_004604148.1	1400	1301	0	0
XR_004604149.1	950	851	0	0
XR_004604150.1	917	818	0	0
XR_004604151.1	475	376	21.0066	65.3671
XR_004604152.1	842	743	0	0
XR_004604153.1	1622	1523	7.87861	6.05258
XR_004604154.1	3723	3624	0	0
XR_004604155.1	1759	1660	0	0
XR_004604156.1	1693	1594	0	0
XR_004604157.1	1672	1573	0	0
XR_004604158.1	1894	1795	0	0
XR_004604159.1	1591	1492	0	0
XR_004604160.1	1576	1477	2.40321	1.90371
XR_004604161.1	592	493	0	0
XR_004604162.1	2885	2786	0	0
XR_004604163.1	2672	2573	0	0
XR_004604164.1	1123	1024	6.5876	7.52693
XR_004604165.1	224	125	0	0
XR_004604166.1	2688	2589	9	4.06725
XR_004604167.1	2240	2141	0	0
XR_004604168.1	1203	1104	1.04246	1.1048
XR_004604169.1	1022	923	0	0
XR_004604170.1	2488	2389	3.38102	1.65586
XR_004604171.1	1623	1524	0	0
XR_004604172.1	476	377	0	0
XR_004604173.1	1302	1203	0	0
XR_004604174.1	1696	1597	0	0
XR_004604175.1	2323	2224	0	0
XR_004604176.1	5288	5189	5.9982	1.35247
XR_004604177.1	497	398	11	32.3371
XR_004604178.1	1247	1148	0	0
XR_004604179.1	850	751	3	4.67382
XR_004604180.1	279	180	0	0
XR_004604181.1	1100	1001	0	0
XR_004604182.1	1014	915	5.53413	7.07651
XR_004604183.1	537	438	0.20352	0.543656
XR_004604184.1	1386	1287	0	0
XR_004604185.1	315	216	0	0
XR_004604186.1	205	106	0	0
XR_004604187.1	783	684	0	0
XR_004604188.1	189	90	0	0
XR_004604189.1	7411	7312	5.31976	0.85123
XR_004604190.1	1932	1833	0	0
XR_004604191.1	1809	1710	0	0
XR_004604192.1	448	349	4.70923	15.7876
XR_004604193.1	1367	1268	0	0
XR_004604194.1	1016	917	1.47585	1.88306
XR_004604195.1	2058	1959	30.2154	18.0461
XR_004604196.1	1236	1137	0	0
XR_004604197.1	851	752	4	6.22348
XR_004604198.1	2809	2710	0	0
XR_004604199.1	4298	4199	0	0
XR_004604200.1	2155	2056	7	3.98351
XR_004604201.1	1392	1293	0	0
XR_004604202.1	137	38.0035	0	0
XR_004604203.1	1397	1298	33.3249	30.0389
XR_004604204.1	2771	2672	0.0047898	0.00209736
XR_004604205.1	1746	1647	2.53758	1.80267
XR_004604206.1	1029	930	0	0
XR_004604207.1	607	508	5.39257	12.42
XR_004604208.1	257	158	0	0
XR_004604209.1	617	518	0	0
XR_004604210.1	2898	2799	0.5	0.209006
XR_004604211.1	1751	1652	1.22129	0.864969
XR_004604212.1	970	871	0	0
XR_004604213.1	414	315	122	453.148
XR_004604214.1	952	853	401.081	550.141
XR_004604215.1	891	792	0	0
XR_004604216.1	818	719	1	1.62728
XR_004604217.1	3215	3116	0	0
XR_004604218.1	3090	2991	8.56787	3.35156
XR_004604219.1	3093	2994	2.64343	1.03302
XR_004604220.1	3091	2992	5.7887	2.26366
XR_004604221.1	844	745	0	0
XR_004604222.1	1039	940	0	0
XR_004604223.1	966	867	15	20.2424
XR_004604224.1	666	567	0	0
XR_004604225.1	544	445	0	0
XR_004604226.1	609	510	3	6.88243
XR_004604227.1	888	789	0	0
XR_004604228.1	2379	2280	7.02374	3.60433
XR_004604229.1	2969	2870	65	26.4986
XR_004604230.1	1535	1436	4	3.25909
XR_004604231.1	1374	1275	1.26009	1.15633
XR_004604232.1	415	316	5	18.5129
XR_004604233.1	6958	6859	0	0
XR_004604234.1	526	427	0	0
XR_004604235.1	337	238	6	29.4961
XR_004604236.1	1076	977	0	0
XR_004604237.1	774	675	0	0
XR_004604238.1	4331	4232	0	0
XR_004604239.1	995	896	0	0
XR_004604240.1	986	887	0	0
XR_004604241.1	1009	910	12	15.4287
XR_004604242.1	472	373	0	0
XR_004604243.1	4483	4384	13.2169	3.52737
XR_004604244.1	4236	4137	99.5277	28.1481
XR_004604245.1	1622	1523	3	2.30469
XR_004604246.1	1572	1473	3	2.38292
XR_004604247.1	1468	1369	0	0
XR_004604248.1	1043	944	12	14.8731
XR_004604249.1	453	354	0	0
XR_004604250.1	446	347	0	0
XR_004604251.1	480	381	0	0
XR_004604252.1	259	160	0	0
XR_004604253.1	546	447	0	0
XR_004604254.1	406	307	0	0
XR_004604255.1	1351	1252	2	1.86903
XR_004604256.1	1535	1436	0	0
XR_004604257.1	1194	1095	0	0
XR_004604258.1	1508	1409	0	0
XR_004604259.1	1349	1250	0	0
XR_004604260.1	1440	1341	0	0
XR_004604261.1	1280	1181	0	0
XR_004604262.1	1256	1157	0	0
XR_004604263.1	1620	1521	0	0
XR_004604264.1	173	74	0	0
XR_004604265.1	161	62	0	0
XR_004604266.1	233	134	0	0
XR_004604267.1	895	796	4	5.87946
XR_004604268.1	1167	1068	1	1.09552
XR_004604269.1	589	490	1	2.38778
XR_004604270.1	1318	1219	1	0.959814
XR_004604271.1	1335	1236	319.238	302.195
XR_004604272.1	587	488	1	2.39757
XR_004604273.1	445	346	25.9214	87.6542
XR_004604274.1	2883	2784	0	0
XR_004604275.1	1053	954	1.24235	1.52365
XR_004604276.1	2249	2150	74	40.2702
XR_004604277.1	1055	956	0	0
XR_004604278.1	1019	920	0	0
XR_004604279.1	1804	1705	1	0.686225
XR_004604280.1	233	134	0	0
XR_004604281.1	648	549	0	0
XR_004604282.1	1326	1227	0	0
XR_004604283.1	427	328	0	0
XR_004604284.1	1320	1221	0	0
XR_004604285.1	2348	2249	1	0.520237
XR_004604286.1	448	349	0	0
XR_004604287.1	1946	1847	3.31715	2.1013
XR_004604288.1	3437	3338	0	0
XR_004604289.1	1924	1825	2	1.28221
XR_004604290.1	3211	3112	0	0
XR_004604291.1	1461	1362	0	0
XR_004604292.1	839	740	0	0
XR_004604293.1	724	625	1583.9	2965.09
XR_004604294.1	753	654	564.552	1009.99
XR_004604295.1	753	654	564.552	1009.99
XR_004604296.1	1178	1079	64	69.3984
XR_004604297.1	2176	2077	0	0
XR_004604298.1	2092	1993	5.10791	2.99866
XR_004604299.1	1224	1125	15.0748	15.678
XR_004604300.1	6775	6676	86.1058	15.0906
XR_004604301.1	2643	2544	27.7369	12.7565
XR_004604302.1	1296	1197	4.51043	4.40874
XR_004604303.1	4871	4772	0	0
XR_004604304.1	1264	1165	0	0
XR_004604305.1	685	586	0	0
XR_004604306.1	1507	1408	0	0
XR_004604307.1	802	703	0	0
XR_004604308.1	532	433	0	0
XR_004604309.1	790	691	0	0
XR_004604310.1	1142	1043	0	0
XR_004604311.1	576	477	0	0
XR_004604312.1	983	884	0	0
XR_004604313.1	1626	1527	0	0
XR_004604314.1	1640	1541	8	6.07405
XR_004604315.1	1301	1202	0	0
XR_004604316.1	841	742	0	0
XR_004604317.1	895	796	0.262627	0.386026
XR_004604318.1	9919	9820	0	0
XR_004604319.1	9947	9848	0	0
XR_004604320.1	9726	9627	0	0
XR_004604321.1	9850	9751	0	0
XR_004604322.1	9850	9751	0	0
XR_004604323.1	9850	9751	0	0
XR_004604324.1	9850	9751	0	0
XR_004604325.1	9692	9593	0	0
XR_004604326.1	9726	9627	0	0
XR_004604327.1	9909	9810	0	0
XR_004604328.1	9698	9599	0	0
XR_004604329.1	9726	9627	0	0
XR_004604330.1	9726	9627	0	0
XR_004604331.1	9909	9810	0	0
XR_004604332.1	9909	9810	0	0
XR_004604333.1	9909	9810	0	0
XR_004604334.1	9909	9810	0	0
XR_004604335.1	9909	9810	0	0
XR_004604336.1	9937	9838	0	0
XR_004604337.1	9422	9323	0	0
XR_004604338.1	9909	9810	0	0
XR_004604339.1	9909	9810	0	0
XR_004604340.1	9909	9810	0	0
XR_004604341.1	9909	9810	0	0
XR_004604342.1	9909	9810	0	0
XR_004604343.1	9623	9524	0	0
XR_004604344.1	9840	9741	0	0
XR_004604345.1	9840	9741	0	0
XR_004604346.1	9840	9741	0	0
XR_004604347.1	9840	9741	0	0
XR_004604348.1	9682	9583	0	0
XR_004604349.1	9623	9524	0	0
XR_004604350.1	9426	9327	0	0
XR_004604351.1	9635	9536	0	0
XR_004604352.1	9909	9810	0	0
XR_004604353.1	9554	9455	0	0
XR_004604354.1	9142	9043	0	0
XR_004604355.1	8946	8847	0	0
XR_004604356.1	8566	8467	0	0
XR_004604357.1	9258	9159	0	0
XR_004604358.1	8935	8836	0	0
XR_004604359.1	8563	8464	0	0
XR_004604360.1	8830	8731	0	0
XR_004604361.1	7646	7547	2	0.310061
XR_004604362.1	8064	7965	0	0
XR_004604363.1	7775	7676	0	0
XR_004604364.1	8556	8457	0	0
XR_004604365.1	8238	8139	0	0
XR_004604366.1	850	751	2	3.11588
XR_004604367.1	1104	1005	1	1.16419
XR_004604368.1	1129	1030	0	0
XR_004604369.1	984	885	0	0
XR_004604370.1	1053	954	0	0
XR_004604371.1	597	498	4	9.3977
XR_004604372.1	3249	3150	14.9143	5.53966
XR_004604373.1	1388	1289	0	0
XR_004604374.1	720	621	19.5428	36.8201
XR_004604375.1	455	356	3	9.85966
XR_004604376.1	1778	1679	0	0
XR_004604377.1	513	414	0	0
XR_004604378.1	2150	2051	3	1.71138
XR_004604379.1	3352	3253	0	0
XR_004604380.1	1791	1692	0	0
XR_004604381.1	1694	1595	3	2.20065
XR_004604382.1	970	871	0	0
XR_004604383.1	574	475	0	0
XR_004604384.1	2577	2478	10	4.7216
XR_004604385.1	2960	2861	1	0.408953
XR_004604386.1	1952	1853	2	1.26283
XR_004604387.1	2254	2155	8.18591	4.44437
XR_004604388.1	530	431	0	0
XR_004604389.1	570	471	0	0
XR_004604390.1	359	260	0	0
XR_004604391.1	448	349	0	0
XR_004604392.1	1358	1259	0	0
XR_004604393.1	697	598	0	0
XR_004604394.1	680	581	0	0
XR_004604395.1	565	466	0	0
XR_004604396.1	2250	2151	14.0832	7.6604
XR_004604397.1	573	474	0	0
XR_004604398.1	1393	1294	0	0
XR_004604399.1	2486	2387	0	0
XR_004604400.1	400	301	1	3.88709
XR_004604401.1	516	417	0	0
XR_004604402.1	387	288	0	0
XR_004604403.1	417	318	0	0
XR_004604404.1	308	209	0	0
XR_004604405.1	331	232	0	0
XR_004604406.1	838	739	0	0
XR_004604407.1	788	689	0	0
XR_004604408.1	1460	1361	0	0
XR_004604409.1	2331	2232	0	0
XR_004604410.1	547	448	0	0
XR_004604411.1	1057	958	0	0
XR_004604412.1	1110	1011	0	0
XR_004604413.1	365	266	0	0
XR_004604414.1	475	376	0	0
XR_898221.2	694	595	15	29.4961
XR_898222.3	1090	991	0	0
XR_898232.3	566	467	2	5.01076
XR_898256.3	458	359	18	58.6636
XR_898259.3	1066	967	0	0
XR_898264.3	3514	3415	151.98	52.0698
XR_898287.3	520	421	0	0
XR_898331.3	863	764	0.0190177	0.0291243
XR_898349.3	2233	2134	0	0
XR_898363.3	478	379	45.9592	141.881
XR_898366.3	486	387	1	3.02329
XR_898367.3	801	702	0	0
XR_898375.2	139	40.0016	0	0
XR_898376.2	564	465	0	0
XR_898393.3	2190	2091	22.8735	12.7988
XR_898411.3	670	571	0	0
XR_898413.3	201	102	0	0
XR_898421.3	402	303	0	0
XR_898475.3	542	443	0	0
XR_898477.3	409	310	0	0
XR_898483.3	3665	3566	4	1.31241
XR_898504.3	1626	1527	0	0
XR_898511.3	866	767	1.15879	1.76766
XR_898516.3	905	806	15.0102	21.7893
XR_898520.3	1018	919	2.42536	3.08782
XR_898526.3	936	837	0	0
XR_898535.3	645	546	0	0
XR_898536.3	546	447	0	0
XR_898539.3	577	478	0	0
XR_898540.3	2372	2273	0	0
XR_898545.3	1708	1609	0	0
XR_898548.3	1797	1698	0	0
XR_898549.3	1750	1651	0	0
XR_898558.3	843	744	0	0
XR_898559.3	336	237	1	4.93677
XR_898579.3	3701	3602	0	0
XR_898580.3	1250	1151	0	0
XR_898581.3	1253	1154	0	0
XR_898602.3	2529	2430	0	0
XR_898611.3	1000	901	0	0
XR_898633.3	659	560	1.45962	3.04961
XR_898634.3	1401	1302	1	0.898628
XR_898666.3	579	480	89	216.94
XR_898674.3	1389	1290	0.00108478	0.00098388
XR_898678.3	873	774	0	0
XR_898707.3	706	607	10	19.2753
XR_898721.3	575	476	32.5248	79.9463
XR_898753.3	2503	2404	0	0
XR_898755.3	627	528	0	0
XR_898765.2	536	437	0	0
XR_898796.3	1085	986	5.60337	6.6491
XR_898798.3	810	711	1	1.64559
XR_898819.3	2081	1982	0	0
XR_898827.3	724	625	0	0
XR_898835.3	594	495	12	28.364
XR_898844.3	485	386	4	12.1245
XR_898853.3	849	750	1	1.56002
XR_898869.3	2228	2129	5.77994	3.17643
XR_898874.3	2233	2134	0	0
XR_898885.3	2188	2089	0	0
XR_898906.3	401	302	0	0
XR_898907.3	405	306	0	0
XR_898933.3	717	618	5	9.46613
XR_898944.3	988	889	10	13.161
XR_898949.3	887	788	0	0
XR_898950.3	324	225	1	5.20006
XR_898952.3	1290	1191	2	1.96476
XR_898953.3	1428	1329	0	0
XR_898980.3	454	355	35	115.353
XR_898982.3	733	634	4	7.38179
XR_898983.3	530	431	4	10.8586
XR_898989.3	2287	2188	0	0
XR_898992.3	1477	1378	3146	2671.16
XR_899000.3	1027	928	0	0
XR_899001.3	894	795	0	0
XR_899024.3	604	505	0	0
XR_899025.3	681	582	0	0
XR_899036.3	356	257	0	0
XR_899042.3	575	476	0	0
XR_899058.3	662	563	1	2.07818
XR_899068.3	2036	1937	0	0
XR_899070.3	1636	1537	13.786	10.4943
XR_899091.3	3938	3839	0.999982	0.304765
XR_899132.3	2820	2721	157.208	67.5986
XR_899145.3	403	304	0	0
XR_899172.3	872	773	0	0
XR_899205.3	696	597	0	0
XR_899209.3	670	571	156	319.653
XR_899222.3	2059	1960	19.0495	11.3715
XR_899225.3	351	252	10	46.4291
XR_899232.3	513	414	15	42.3918
XR_899236.3	402	303	2	7.72286
XR_899237.3	545	446	0	0
XR_899239.3	430	331	20	70.6957
XR_899255.3	957	858	1	1.36365
XR_899260.3	675	576	0	0
XR_899336.3	952	853	0	0
XR_899337.3	2348	2249	293	152.429
XR_899345.3	470	371	0	0
XR_899421.2	248	149	0	0
XR_899478.3	2237	2138	0	0
XR_899479.3	2270	2171	0	0
XR_899480.3	824	725	2	3.22762
XR_899484.3	510	411	0	0
XR_899504.3	4024	3925	0	0
XR_899509.3	1861	1762	1	0.664026
XR_899536.3	1499	1400	14.7326	12.3124
XR_899538.3	547	448	0	0
XR_899582.3	2107	2008	0	0
XR_899584.3	792	693	1	1.68833
XR_899587.3	1019	920	1.12918	1.43603
XR_899588.3	807	708	2.79768	4.62333
XR_899589.3	794	695	0	0
XR_899591.3	1123	1024	10.1324	11.5772
XR_899592.3	823	724	96.9312	156.645
XR_899593.2	719	620	0	0
XR_899599.3	794	695	0	0
XR_899603.3	411	312	1	3.75004
XR_899604.3	360	261	0	0
XR_899613.3	419	320	2	7.31258
XR_899623.3	794	695	0	0
XR_899624.3	782	683	0	0
XR_899628.3	712	613	16	30.5387
XR_899652.3	396	297	0	0
XR_899653.3	356	257	0	0
XR_899654.3	418	319	0	0
XR_899664.3	576	477	5	12.2643
XR_899668.3	1862	1763	0	0
XR_899672.3	428	329	0	0
XR_899709.3	1773	1674	3.80903	2.66225
XR_899712.3	1136	1037	0	0
XR_899723.3	2305	2206	15.9988	8.48543
XR_899729.3	1204	1105	0	0
XR_899730.3	1102	1003	117.136	136.641
XR_899735.3	403	304	127	488.788
XR_899738.3	508	409	109	311.813
XR_899755.3	309	210	0	0
XR_899774.3	482	383	1.49727	4.57395
XR_899777.3	1306	1207	0	0
XR_899779.3	2114	2015	0	0
XR_899781.3	452	353	0	0
XR_899791.3	823	724	1.44011	2.32728
XR_899794.3	539	440	5	13.2956
XR_899795.3	775	676	0	0
XR_899809.3	1024	925	15	18.9732
XR_899810.3	1027	928	0	0
XR_899827.3	519	420	0	0
XR_899831.3	231	132	1	8.86374
XR_899835.3	495	396	44	130.001
XR_899837.3	936	837	0.965173	1.34918
XR_899856.3	699	600	22	42.9005
XR_899864.3	1521	1422	67	55.1272
XR_899879.3	799	700	0	0
XR_899882.3	897	798	2.79546	4.09866
XR_899900.3	8660	8561	0.0191473	0.00261682
XR_899901.3	8613	8514	12.2061	1.67739
XR_899915.3	1334	1235	0	0
XR_899916.3	633	534	11	24.1014
XR_899966.3	711	612	1.12638	2.1534
XR_899967.3	973	874	0	0
XR_899968.3	570	471	0	0
XR_899995.3	1197	1098	0	0
XR_900006.3	1878	1779	0	0
XR_900009.3	2942	2843	0	0
XR_900030.3	2006	1907	0	0
XR_900032.3	1126	1027	0	0
XR_900035.3	502	403	0	0
XR_900040.3	465	366	0	0
XR_900041.3	1071	972	20	24.0744
XR_900045.3	428	329	0	0
XR_900048.3	635	536	12	26.1943
XR_900057.3	684	585	0	0
XR_900064.3	1038	939	1	1.24602
XR_900068.3	1652	1553	1	0.753389
XR_900079.2	2695	2596	123	55.4359
XR_900080.3	753	654	101	180.69
XR_900084.3	1711	1612	127.382	92.4555
XR_900107.3	502	403	0	0
XR_900108.3	462	363	6	19.3391
XR_900109.3	1986	1887	5.16671	3.20356
XR_900118.3	1075	976	0	0
XR_900129.3	598	499	0	0
XR_900134.3	1046	947	3.48302	4.30325
XR_900136.3	768	669	0	0
XR_900160.3	491	392	24	71.6335
XR_900186.3	623	524	0	0
XR_900232.3	1085	986	0	0
XR_900233.3	725	626	1	1.86903
XR_900258.3	1908	1809	31	20.05
XR_900259.3	1863	1764	7.00695	4.64752
XR_900311.3	568	469	0	0
XR_900314.3	410	311	0	0
XR_900375.3	2411	2312	0	0
XR_900392.3	734	635	4	7.37016
XR_900400.3	402	303	17	65.6443
XR_900401.3	3756	3657	0	0
XR_900405.3	779	680	15	25.8091
XR_900407.3	388	289	0	0
XR_900409.3	1553	1454	7.98901	6.42865
XR_900415.3	1679	1580	0	0
XR_900417.3	866	767	0	0
XR_900418.3	1578	1479	4	3.16434
XR_900451.3	200	101	0	0
XR_900454.3	1755	1656	0	0
XR_900455.3	1831	1732	0	0
XR_900456.3	2106	2007	0	0
XR_900457.3	2020	1921	0	0
XR_900459.3	1613	1514	2	1.54559
XR_900467.2	916	817	7	10.0246
XR_900468.3	819	720	3	4.87506
XR_900473.3	2076	1977	0	0
XR_900519.3	1279	1180	17	16.8561
XR_900520.3	456	357	0	0
XR_900525.3	867	768	6.91984	10.5421
XR_900534.3	1024	925	0	0
XR_900538.3	7787	7688	0	0
XR_900539.3	1324	1225	0	0
XR_900565.3	1115	1016	0	0
XR_900569.3	660	561	0	0
XR_900570.3	439	340	1	3.44122
XR_900601.3	8355	8256	44	6.23554
XR_900602.3	8469	8370	0	0
XR_900604.3	1011	912	1	1.28291
XR_900612.3	2554	2455	6	2.8595
XR_900619.3	921	822	0	0
XR_900628.3	689	590	8	15.8646
XR_900633.3	551	452	0	0
XR_900637.3	848	749	0	0
XR_900655.3	591	492	0	0
XR_900657.3	641	542	178	384.248
XR_900662.3	716	617	0	0
XR_900665.3	866	767	0	0
XR_900674.2	1823	1724	6	4.07197
XR_900679.3	715	616	0	0
XR_900684.3	551	452	0	0
XR_900689.3	504	405	0	0
XR_900699.3	2199	2100	2.69901	1.50375
XR_900701.2	440	341	0	0
XR_900702.3	455	356	38	124.889
XR_900703.3	587	488	0	0
XR_900714.3	703	604	0	0
XR_900715.3	708	609	2	3.84241
XR_900725.3	1743	1644	0	0
XR_900726.3	1738	1639	0	0
XR_900730.3	1136	1037	1	1.12827
XR_900732.3	621	522	2	4.48281
XR_900745.3	382	283	0	0
XR_900755.3	428	329	1	3.55627
XR_900758.2	429	330	14	49.6369
XR_900761.3	395	296	0	0
XR_900764.3	1276	1177	0	0
XR_900787.3	474	375	0	0
XR_900788.3	2114	2015	5	2.90326
XR_900805.2	882	783	0	0
XR_900811.3	1093	994	9	10.5937
XR_900826.3	989	890	0	0
XR_900838.3	1314	1215	4	3.8519
XR_900841.3	330	231	0	0
XR_900842.3	1442	1343	5.60352	4.88176
XR_900846.2	1800	1701	167	114.869
XR_900855.3	1288	1189	9.58927	9.43614
XR_900865.3	1442	1343	0	0
XR_900876.3	737	638	0	0
XR_900916.3	5468	5369	0	0
XR_900928.3	873	774	2	3.02329
XR_900938.3	606	507	13	30.0003
XR_900942.3	143	44.0003	0	0
XR_900945.3	1260	1161	3.55441	3.582
XR_900949.3	2627	2528	9	4.1654
XR_900965.3	516	417	0	0
XR_900979.3	818	719	0	0
XR_901000.3	2287	2188	1	0.534741
XR_901021.3	859	760	0	0
XR_901022.3	820	721	0	0
XR_901023.3	897	798	0	0
XR_901050.3	424	325	37	133.202
XR_901052.3	425	326	4.7492	17.0449
XR_901053.3	493	394	4	11.8783
XR_901056.3	1579	1480	12.775	10.0993
XR_901067.3	436	337	0	0
XR_901070.3	389	290	0	0
XR_901080.3	519	420	1	2.78575
XR_901087.3	717	618	1	1.89323
XR_901092.3	1196	1097	0	0
XR_901100.3	431	332	0	0
XR_901128.3	2250	2151	4.31318	2.34611
XR_901143.3	1489	1390	0	0
XR_901148.3	592	493	33	78.3173
XR_901153.3	633	534	0	0
XR_901190.2	220	121	0	0
XR_901208.3	901	802	27	39.3895
XR_901216.3	1040	941	3	3.73012
XR_901218.3	1009	910	0	0
XR_901225.3	719	620	1.27026	2.39713
XR_901230.3	3132	3033	6	2.31457
XR_901234.3	232	133	0	0
XR_901245.3	2901	2802	5.54166e-08	2.314e-08
XR_901246.3	2327	2228	0	0
XR_901261.3	2325	2226	1	0.525612
XR_901271.3	550	451	37	95.9878
XR_901276.3	1467	1368	3	2.56582
XR_901305.3	1286	1187	0	0
XR_901311.3	764	665	0	0
XR_901312.3	762	663	0	0
XR_901321.3	870	771	0	0
XR_901328.3	2892	2793	0	0
XR_901330.3	903	804	0	0
XR_901344.3	1665	1566	1	0.747135
XR_901354.3	737	638	0	0
XR_901371.3	523	424	1.14475	3.15891
XR_901381.3	529	430	0	0
XR_901386.3	644	545	0	0
XR_901402.3	2959	2860	0	0
XR_901403.3	775	676	0	0
XR_901404.3	376	277	0	0
XR_901413.3	1074	975	0	0
XR_901414.3	3818	3719	6	1.88763
XR_901425.3	3001	2902	3	1.20952
XR_901457.3	5977	5878	0	0
XR_901458.3	4147	4048	0	0
XR_901461.3	539	440	0	0
XR_901474.3	2813	2714	0	0
XR_901488.3	524	425	1	2.75297
XR_901493.3	567	468	0	0
XR_901494.3	1545	1446	51	41.266
XR_901525.3	623	524	38	84.8483
XR_901526.3	451	352	13	43.2107
XR_901527.3	710	611	2.68682	5.14502
XR_901535.3	369	270	1	4.33338
XR_901538.3	147	48	0	0
XR_901568.3	731	632	0	0
XR_901575.3	1180	1081	3	3.24703
XR_901579.3	999	900	0	0
XR_901604.3	482	383	35	106.92
XR_901608.3	770	671	1	1.74369
XR_901623.3	607	508	11	25.3349
XR_901627.3	6703	6604	0.00214499	0.000380022
XR_901628.3	6701	6602	118.838	21.0605
XR_901629.3	729	630	8	14.8573
XR_901661.3	578	479	3	7.32785
XR_901664.2	708	609	0	0
XR_901665.3	3317	3218	12	4.36301
XR_901687.3	746	647	0.00427113	0.00772376
XR_901689.3	743	644	0.995729	1.80903
XR_901691.3	690	591	1	1.97972
XR_901694.3	578	479	0	0
XR_901715.3	588	489	0	0
XR_901722.3	5441	5342	240.616	52.7001
XR_901741.3	394	295	0	0
XR_901746.3	344	245	1	4.77556
XR_901756.3	644	545	0	0
XR_901773.3	829	730	1	1.60276
XR_901778.3	762	663	3	5.29418
XR_901796.3	580	481	0	0
XR_901801.3	176	77	7.98429	121.321
XR_901803.3	677	578	1755	3552.55
XR_901809.3	2718	2619	5	2.2337
XR_901811.3	341	242	30	145.043
XR_901823.3	503	404	0	0
XR_901829.3	824	725	3	4.84143
XR_901842.3	652	553	0	0
XR_901847.3	1162	1063	4	4.40268
XR_901855.3	582	483	2	4.84478
XR_901856.3	627	528	1	2.21593
XR_901882.3	553	454	109	280.906
XR_901903.3	2834	2735	0	0
XR_901905.3	624	525	139.535	310.967
XR_901922.3	796	697	0	0
XR_901923.3	972	873	5	6.70111
XR_901991.3	507	408	0	0
XR_901992.3	1893	1794	20.9905	13.6896
XR_901993.3	783	684	0	0
XR_901995.3	493	394	0	0
XR_901996.3	631	532	0	0
XR_902030.3	320	221	125	661.772
XR_902058.2	2221	2122	7	3.85961
XR_902071.3	398	299	0	0
XR_902085.3	2064	1965	0	0
XR_902086.3	2055	1956	0	0
XR_902101.3	885	786	4	5.95427
XR_902102.3	1713	1614	1	0.724915
XR_902108.3	2130	2031	8	4.60862
XR_902109.3	2783	2684	0	0
XR_902118.3	152	53	0	0
XR_902124.3	473	374	19	59.4392
XR_902136.3	599	500	6	14.0402
XR_902138.3	523	424	0	0
XR_902153.3	1185	1086	1	1.07736
XR_902174.3	389	290	64	258.21
XR_902175.3	766	667	52	91.2154
XR_902186.3	1901	1802	19.1055	12.405
XR_902187.3	712	613	6	11.452
XR_902197.3	610	511	38	87.0069
XR_902200.3	385	286	1.5895	6.50258
XR_902208.3	738	639	0	0
XR_902210.3	342	243	19	91.4825
XR_902214.2	505	406	0	0
XR_902215.3	4412	4313	5.96481	1.61811
XR_902258.3	338	239	0	0
XR_902259.3	379	280	0	0
XR_902260.3	344	245	0	0
XR_902262.3	330	231	0	0
XR_902263.2	418	319	0	0
XR_902264.3	333	234	0	0
XR_902267.3	312	213	0	0
XR_902276.3	662	563	3	6.23453
XR_902280.3	1551	1452	2	1.61159
XR_902295.3	468	369	0	0
XR_902313.3	3567	3468	0	0
XR_902325.3	602	503	0	0
XR_902327.3	760	661	0	0
XR_902328.3	697	598	22	43.044
XR_902330.3	1142	1043	30.5665	34.2889
XR_902338.3	2392	2293	5.99997	3.06151
XR_902339.3	740	641	0	0
XR_902340.3	724	625	0	0
XR_902353.3	344	245	0	0
XR_902370.3	436	337	40	138.874
XR_902371.3	490	391	31	92.7632
XR_902373.3	1055	956	0	0
XR_902380.3	654	555	0	0
XR_902389.3	1579	1480	0	0
XR_902390.3	1190	1091	0	0
XR_902399.3	1220	1121	8.34212	8.70686
XR_902404.3	1471	1372	0	0
XR_902407.3	1417	1318	0	0
XR_902408.3	471	372	0	0
XR_902409.3	561	462	0	0
XR_902410.3	7952	7853	3.70556	0.55209
XR_902425.3	945	846	2	2.76599
XR_902442.3	478	379	0	0
XR_902452.3	1515	1416	0	0
XR_902454.3	513	414	0	0
XR_902464.3	574	475	3	7.38956
XR_902468.3	1417	1318	0	0
XR_902476.3	471	372	3	9.43559
XR_902477.3	472	373	0	0
XR_902479.3	777	678	0	0
XR_902480.3	2018	1919	0	0
XR_902494.3	2270	2171	18	9.70071
XR_902498.3	768	669	0	0
XR_902502.3	218	119	0	0
XR_902504.3	2033	1934	26	15.7292
XR_902543.3	855	756	51	78.9295
XR_902559.3	3123	3024	1.8738	0.724989
XR_902567.3	732	633	0	0
XR_902575.3	979	880	13	17.2843
XR_902582.3	1437	1338	30	26.2335
XR_902604.3	459	360	0	0
XR_902627.3	2309	2210	0	0
XR_902628.3	1486	1387	0	0
XR_902639.3	283	184	0	0
XR_902640.3	992	893	0	0
XR_902642.3	631	532	0	0
XR_902646.3	664	565	18	37.2748
XR_902651.3	4136	4037	0	0
XR_902659.3	345	246	17	80.8546
XR_902664.3	1109	1010	0	0
XR_902669.2	673	574	11	22.4219
XR_902676.3	1881	1782	20	13.1315
XR_902696.3	418	319	0	0
XR_902736.3	464	365	151	484.033
XR_902771.3	1957	1858	3.20146	2.01601
XR_902772.3	716	617	0	0
XR_902773.3	643	544	0	0
XR_902776.3	1932	1833	12.7622	8.14619
XR_902801.3	445	346	0	0
XR_902811.3	2652	2553	0	0
XR_902812.3	1376	1277	0	0
XR_902816.3	675	576	0	0
XR_902817.3	1849	1750	5	3.3429
XR_902819.3	1938	1839	0	0
XR_902823.3	614	515	0	0
XR_902828.3	564	465	0	0
XR_902840.3	425	326	0	0
XR_902845.3	759	660	0	0
XR_902846.3	734	635	0	0
XR_902856.3	817	718	1	1.62955
XR_902862.3	761	662	2	3.53478
XR_902864.3	599	500	0	0
XR_902869.3	522	423	84	232.343
XR_902870.3	542	443	12	31.6934
XR_902880.3	545	446	0	0
XR_902881.3	736	637	0	0
XR_902895.3	825	726	0	0
XR_902896.3	1331	1232	93.8655	89.1428
XR_902899.3	2700	2601	5	2.24916
XR_902904.3	1818	1719	0	0
XR_902905.3	1965	1866	0	0
XR_902906.3	1750	1651	0	0
XR_902907.3	1963	1864	0	0
XR_902909.3	1720	1621	8.99999	6.49606
XR_902935.3	2384	2285	0	0
XR_902940.3	1808	1709	40	27.3847
XR_902941.3	224	125	2	18.7202
XR_902945.3	451	352	0	0
XR_902946.3	486	387	8	24.1863
XR_902947.3	494	395	1	2.96206
XR_902952.3	429	330	0	0
XR_902974.3	412	313	0	0
XR_902975.3	491	392	0	0
XR_902977.3	1144	1045	0	0
XR_902978.3	1196	1097	0	0
XR_902984.3	366	267	29	127.08
XR_902988.3	441	342	6	20.5266
XR_903020.3	518	419	0	0
XR_903021.3	455	356	0	0
XR_903022.3	503	404	3	8.68822
XR_903023.3	287	188	0	0
XR_903028.3	722	623	34	63.8531
XR_903030.3	652	553	0	0
XR_903031.3	724	625	12.9529	24.2481
XR_903041.3	460	361	0	0
XR_903092.3	1859	1760	62.8536	41.7838
XR_903098.2	614	515	0	0
XR_903118.3	844	745	1	1.57049
XR_903120.3	308	209	0	0
XR_903123.3	1136	1037	0	0
XR_903129.3	734	635	0	0
XR_903132.3	1610	1511	0	0
XR_903154.3	458	359	4	13.0364
XR_903156.3	1565	1466	0	0
XR_903158.3	470	371	1	3.15367
XR_903161.3	1147	1048	2	2.23285
XR_903187.3	552	453	0	0
XR_903189.3	416	317	3.51869	12.9871
XR_903222.3	457	358	0	0
XR_903223.3	675	576	0	0
XR_903225.3	668	569	1	2.05626
XR_903265.3	927	828	10	14.1306
XR_903276.3	547	448	59.8275	156.248
XR_903277.3	464	365	2.07215	6.64233
XR_903296.3	699	600	0.148244	0.28908
XR_903299.3	690	591	1	1.97972
XR_903305.3	854	755	0	0
XR_903325.3	3892	3793	11	3.39313
XR_903337.2	560	461	0	0
XR_903341.3	367	268	0	0
XR_903349.3	697	598	0	0
XR_903365.3	172	73	0	0
XR_903380.3	1134	1035	2	2.2609
XR_903381.3	395	296	0	0
XR_903382.3	458	359	0	0
XR_903399.3	3218	3119	23.5143	8.82078
XR_903408.3	456	357	0	0
XR_903422.3	453	354	10	33.0512
XR_903435.3	783	684	0	0
XR_903438.3	796	697	2	3.35728
XR_903447.3	317	218	0	0
XR_903454.3	437	338	4	13.8463
XR_903463.3	1622	1523	2	1.53646
XR_903464.3	1211	1112	2.64302	2.78091
XR_903468.3	942	843	0	0
XR_903478.2	197	98	5	59.6946
XR_903498.3	2124	2025	25	14.4446
XR_903504.3	674	575	9	18.3133
XR_903506.3	1188	1089	0	0
XR_903514.3	527	428	0	0
XR_903518.3	2187	2088	0	0
XR_903523.3	590	491	0	0
XR_903526.3	601	502	1	2.3307
XR_903527.3	538	439	0	0
XR_903533.2	195	96	0	0
XR_903541.3	1626	1527	65	49.8041
XR_903570.3	2767	2668	0	0
XR_903572.3	2820	2721	0	0
XR_903604.3	1567	1468	0	0
XR_903614.3	458	359	0	0
XR_903615.3	560	461	0	0
XR_903616.3	373	274	0	0
XR_903617.3	337	238	0	0
XR_903618.3	331	232	0	0
XR_903619.3	339	240	0	0
XR_903623.3	304	205	0	0
XR_903668.3	952	853	0	0
XR_903704.3	682	583	5	10.0344
XR_903734.3	950	851	0	0
XR_903739.3	1592	1493	0	0
